"S21 Phase"
"Frequency (Hz)","Deg",
3500000000, -1.453597e+002,
3501250000, -1.458626e+002,
3502500000, -1.479975e+002,
3503750000, -1.517332e+002,
3505000000, -1.542417e+002,
3506250000, -1.547114e+002,
3507500000, -1.559999e+002,
3508750000, -1.570625e+002,
3510000000, -1.594708e+002,
3511250000, -1.630857e+002,
3512500000, -1.653600e+002,
3513750000, -1.657579e+002,
3515000000, -1.645761e+002,
3516250000, -1.668156e+002,
3517500000, -1.702900e+002,
3518750000, -1.739147e+002,
3520000000, -1.769062e+002,
3521250000, -1.759928e+002,
3522500000, -1.747023e+002,
3523750000, -1.761346e+002,
3525000000, 1.790486e+002,
3526250000, 1.749809e+002,
3527500000, 1.733753e+002,
3528750000, 1.739077e+002,
3530000000, 1.744657e+002,
3531250000, 1.724466e+002,
3532500000, 1.691961e+002,
3533750000, 1.654838e+002,
3535000000, 1.637158e+002,
3536250000, 1.636081e+002,
3537500000, 1.639739e+002,
3538750000, 1.628275e+002,
3540000000, 1.592720e+002,
3541250000, 1.561207e+002,
3542500000, 1.530128e+002,
3543750000, 1.521251e+002,
3545000000, 1.539823e+002,
3546250000, 1.538702e+002,
3547500000, 1.489656e+002,
3548750000, 1.447436e+002,
3550000000, 1.424091e+002,
3551250000, 1.431700e+002,
3552500000, 1.431537e+002,
3553750000, 1.423688e+002,
3555000000, 1.399676e+002,
3556250000, 1.368028e+002,
3557500000, 1.345775e+002,
3558750000, 1.338797e+002,
3560000000, 1.322452e+002,
3561250000, 1.308966e+002,
3562500000, 1.302744e+002,
3563750000, 1.285830e+002,
3565000000, 1.252923e+002,
3566250000, 1.237900e+002,
3567500000, 1.237087e+002,
3568750000, 1.244095e+002,
3570000000, 1.216296e+002,
3571250000, 1.177692e+002,
3572500000, 1.141325e+002,
3573750000, 1.128688e+002,
3575000000, 1.133598e+002,
3576250000, 1.147817e+002,
3577500000, 1.139493e+002,
3578750000, 1.110457e+002,
3580000000, 1.074568e+002,
3581250000, 1.054451e+002,
3582500000, 1.051382e+002,
3583750000, 1.049358e+002,
3585000000, 1.034510e+002,
3586250000, 1.031629e+002,
3587500000, 1.008622e+002,
3588750000, 9.787807e+001,
3590000000, 9.607271e+001,
3591250000, 9.581697e+001,
3592500000, 9.656239e+001,
3593750000, 9.613058e+001,
3595000000, 9.330074e+001,
3596250000, 8.955426e+001,
3597500000, 8.564151e+001,
3598750000, 8.459961e+001,
3600000000, 8.472854e+001,
3601250000, 8.596979e+001,
3602500000, 8.561406e+001,
3603750000, 8.388714e+001,
3605000000, 8.066043e+001,
3606250000, 7.788501e+001,
3607500000, 7.630969e+001,
3608750000, 7.552820e+001,
3610000000, 7.428844e+001,
3611250000, 7.281339e+001,
3612500000, 7.245620e+001,
3613750000, 7.075191e+001,
3615000000, 6.857743e+001,
3616250000, 6.650481e+001,
3617500000, 6.521343e+001,
3618750000, 6.354277e+001,
3620000000, 6.180931e+001,
3621250000, 6.118460e+001,
3622500000, 5.905112e+001,
3623750000, 5.689263e+001,
3625000000, 5.409287e+001,
3626250000, 5.242716e+001,
3627500000, 5.189367e+001,
3628750000, 5.148653e+001,
3630000000, 5.079167e+001,
3631250000, 4.826617e+001,
3632500000, 4.682093e+001,
3633750000, 4.561398e+001,
3635000000, 4.342649e+001,
3636250000, 3.989945e+001,
3637500000, 3.733042e+001,
3638750000, 3.784308e+001,
3640000000, 3.794119e+001,
3641250000, 3.703357e+001,
3642500000, 3.430327e+001,
3643750000, 3.126888e+001,
3645000000, 2.964293e+001,
3646250000, 2.941514e+001,
3647500000, 2.840113e+001,
3648750000, 2.578482e+001,
3650000000, 2.231597e+001,
3651250000, 1.972901e+001,
3652500000, 1.937214e+001,
3653750000, 1.923590e+001,
3655000000, 1.896434e+001,
3656250000, 1.585401e+001,
3657500000, 1.209203e+001,
3658750000, 1.021097e+001,
3660000000, 1.168288e+001,
3661250000, 1.055995e+001,
3662500000, 6.273548e+000,
3663750000, 3.947704e+000,
3665000000, 3.829579e+000,
3666250000, 2.448402e+000,
3667500000, 4.954849e-001,
3668750000, -1.673460e+000,
3670000000, -2.927082e+000,
3671250000, -4.107592e+000,
3672500000, -6.350271e+000,
3673750000, -7.812954e+000,
3675000000, -7.891558e+000,
3676250000, -1.092927e+001,
3677500000, -1.513369e+001,
3678750000, -1.940663e+001,
3680000000, -2.080009e+001,
3681250000, -1.751173e+001,
3682500000, -1.598223e+001,
3683750000, -1.871990e+001,
3685000000, -2.190834e+001,
3686250000, -2.591194e+001,
3687500000, -2.928800e+001,
3688750000, -3.119963e+001,
3690000000, -3.249905e+001,
3691250000, -3.237355e+001,
3692500000, -3.014985e+001,
3693750000, -3.011981e+001,
3695000000, -3.373153e+001,
3696250000, -3.851670e+001,
3697500000, -4.105504e+001,
3698750000, -4.328774e+001,
3700000000, -4.553951e+001,
3701250000, -4.591099e+001,
3702500000, -4.370225e+001,
3703750000, -4.265707e+001,
3705000000, -4.668035e+001,
3706250000, -5.033818e+001,
3707500000, -5.520424e+001,
3708750000, -5.840160e+001,
3710000000, -5.753553e+001,
3711250000, -5.422281e+001,
3712500000, -5.297285e+001,
3713750000, -5.553071e+001,
3715000000, -5.928053e+001,
3716250000, -6.155359e+001,
3717500000, -6.355768e+001,
3718750000, -6.682505e+001,
3720000000, -6.929918e+001,
3721250000, -6.475973e+001,
3722500000, -6.292982e+001,
3723750000, -6.711758e+001,
3725000000, -7.151906e+001,
3726250000, -7.324265e+001,
3727500000, -7.637362e+001,
3728750000, -7.914955e+001,
3730000000, -8.030521e+001,
3731250000, -7.771791e+001,
3732500000, -7.730942e+001,
3733750000, -7.839619e+001,
3735000000, -8.384906e+001,
3736250000, -8.968572e+001,
3737500000, -9.212220e+001,
3738750000, -9.098404e+001,
3740000000, -8.835980e+001,
3741250000, -8.701224e+001,
3742500000, -8.863049e+001,
3743750000, -9.314656e+001,
3745000000, -9.951045e+001,
3746250000, -1.035938e+002,
3747500000, -1.012324e+002,
3748750000, -9.917041e+001,
3750000000, -9.957770e+001,
3751250000, -9.860641e+001,
3752500000, -1.010315e+002,
3753750000, -1.078712e+002,
3755000000, -1.135715e+002,
3756250000, -1.138186e+002,
3757500000, -1.127512e+002,
3758750000, -1.139984e+002,
3760000000, -1.140351e+002,
3761250000, -1.147259e+002,
3762500000, -1.161498e+002,
3763750000, -1.198662e+002,
3765000000, -1.238717e+002,
3766250000, -1.292548e+002,
3767500000, -1.332046e+002,
3768750000, -1.308742e+002,
3770000000, -1.222002e+002,
3771250000, -1.221526e+002,
3772500000, -1.267314e+002,
3773750000, -1.328302e+002,
3775000000, -1.390059e+002,
3776250000, -1.454117e+002,
3777500000, -1.488731e+002,
3778750000, -1.450792e+002,
3780000000, -1.399190e+002,
3781250000, -1.356494e+002,
3782500000, -1.350020e+002,
3783750000, -1.410022e+002,
3785000000, -1.505223e+002,
3786250000, -1.581630e+002,
3787500000, -1.605683e+002,
3788750000, -1.570222e+002,
3790000000, -1.555278e+002,
3791250000, -1.544778e+002,
3792500000, -1.550459e+002,
3793750000, -1.589511e+002,
3795000000, -1.652205e+002,
3796250000, -1.694451e+002,
3797500000, -1.724107e+002,
3798750000, -1.769485e+002,
3800000000, -1.778123e+002,
3801250000, -1.699072e+002,
3802500000, -1.646664e+002,
3803750000, -1.639500e+002,
3805000000, -1.705828e+002,
3806250000, 1.791826e+002,
3807500000, 1.701095e+002,
3808750000, 1.656317e+002,
3810000000, 1.670709e+002,
3811250000, 1.678427e+002,
3812500000, 1.752926e+002,
3813750000, -1.727199e+002,
3815000000, -1.752445e+002,
3816250000, 1.732138e+002,
3817500000, 1.621859e+002,
3818750000, 1.537278e+002,
3820000000, 1.525915e+002,
3821250000, 1.581617e+002,
3822500000, 1.596963e+002,
3823750000, 1.611006e+002,
3825000000, 1.602347e+002,
3826250000, 1.583471e+002,
3827500000, 1.559691e+002,
3828750000, 1.514351e+002,
3830000000, 1.453684e+002,
3831250000, 1.383181e+002,
3832500000, 1.355750e+002,
3833750000, 1.414733e+002,
3835000000, 1.492056e+002,
3836250000, 1.543290e+002,
3837500000, 1.503222e+002,
3838750000, 1.424041e+002,
3840000000, 1.349879e+002,
3841250000, 1.337005e+002,
3842500000, 1.356224e+002,
3843750000, 1.338878e+002,
3845000000, 1.270884e+002,
3846250000, 1.254375e+002,
3847500000, 1.325888e+002,
3848750000, 1.417371e+002,
3850000000, 1.384903e+002,
3851250000, 1.283838e+002,
3852500000, 1.162894e+002,
3853750000, 1.122750e+002,
3855000000, 1.159433e+002,
3856250000, 1.217976e+002,
3857500000, 1.256948e+002,
3858750000, 1.224043e+002,
3860000000, 1.176370e+002,
3861250000, 1.126766e+002,
3862500000, 1.082840e+002,
3863750000, 1.048948e+002,
3865000000, 1.029016e+002,
3866250000, 1.040458e+002,
3867500000, 1.068644e+002,
3868750000, 1.116933e+002,
3870000000, 1.152185e+002,
3871250000, 1.159013e+002,
3872500000, 1.057128e+002,
3873750000, 9.363795e+001,
3875000000, 8.909547e+001,
3876250000, 9.176169e+001,
3877500000, 9.078616e+001,
3878750000, 9.364952e+001,
3880000000, 9.541181e+001,
3881250000, 9.850727e+001,
3882500000, 1.050941e+002,
3883750000, 1.071302e+002,
3885000000, 1.002499e+002,
3886250000, 9.083831e+001,
3887500000, 7.849746e+001,
3888750000, 6.894502e+001,
3890000000, 6.150915e+001,
3891250000, 6.593721e+001,
3892500000, 8.724809e+001,
3893750000, 9.434358e+001,
3895000000, 9.083424e+001,
3896250000, 8.640364e+001,
3897500000, 8.117079e+001,
3898750000, 7.442276e+001,
3900000000, 6.725836e+001,
3901250000, 5.990881e+001,
3902500000, 5.992184e+001,
3903750000, 6.565074e+001,
3905000000, 6.929925e+001,
3906250000, 7.840141e+001,
3907500000, 7.878574e+001,
3908750000, 6.927340e+001,
3910000000, 5.839282e+001,
3911250000, 5.184640e+001,
3912500000, 5.090698e+001,
3913750000, 5.424470e+001,
3915000000, 5.711301e+001,
3916250000, 6.037489e+001,
3917500000, 6.988973e+001,
3918750000, 6.769454e+001,
3920000000, 5.763234e+001,
3921250000, 5.282444e+001,
3922500000, 5.031610e+001,
3923750000, 4.545934e+001,
3925000000, 3.856138e+001,
3926250000, 2.969883e+001,
3927500000, 2.596209e+001,
3928750000, 3.692191e+001,
3930000000, 5.562543e+001,
3931250000, 5.265436e+001,
3932500000, 4.254810e+001,
3933750000, 2.931989e+001,
3935000000, 1.947419e+001,
3936250000, 2.260574e+001,
3937500000, 3.586738e+001,
3938750000, 3.976314e+001,
3940000000, 3.588246e+001,
3941250000, 3.336780e+001,
3942500000, 3.338127e+001,
3943750000, 3.028124e+001,
3945000000, 2.271250e+001,
3946250000, 9.262228e+000,
3947500000, -6.190791e+000,
3948750000, -9.719731e+000,
3950000000, 4.748607e+000,
3951250000, 1.757192e+001,
3952500000, 2.691471e+001,
3953750000, 3.636228e+001,
3955000000, 3.426026e+001,
3956250000, 2.495951e+001,
3957500000, 1.208847e+001,
3958750000, -2.220775e+000,
3960000000, -1.496460e+001,
3961250000, -2.529112e+001,
3962500000, -2.032012e+001,
3963750000, -6.572478e+000,
3965000000, -3.312522e+000,
3966250000, -2.107280e+000,
3967500000, 1.055347e+000,
3968750000, 1.404175e+000,
3970000000, 3.131418e-001,
3971250000, -1.095069e+001,
3972500000, -2.804995e+001,
3973750000, -4.325314e+001,
3975000000, -3.605031e+001,
3976250000, -1.859595e+001,
3977500000, -1.547236e+001,
3978750000, -1.142870e+001,
3980000000, -1.305380e+001,
3981250000, -1.121554e+001,
3982500000, -1.531326e+001,
3983750000, -2.854257e+001,
3985000000, -4.519293e+001,
3986250000, -5.559010e+001,
3987500000, -5.390598e+001,
3988750000, -4.092856e+001,
3990000000, -2.809433e+001,
3991250000, -2.996480e+001,
3992500000, -3.341967e+001,
3993750000, -3.104842e+001,
3995000000, -2.379069e+001,
3996250000, -2.726481e+001,
3997500000, -3.652824e+001,
3998750000, -4.870642e+001,
4000000000, -6.252255e+001,
4001250000, -8.184204e+001,
4002500000, -9.862954e+001,
4003750000, -1.025405e+002,
4005000000, -4.207945e+001,
4006250000, -3.294436e+001,
4007500000, -3.539543e+001,
4008750000, -3.976489e+001,
4010000000, -4.981919e+001,
4011250000, -6.174629e+001,
4012500000, -8.002670e+001,
4013750000, -9.382813e+001,
4015000000, -9.029609e+001,
4016250000, -7.014168e+001,
4017500000, -6.921059e+001,
4018750000, -8.330367e+001,
4020000000, -9.467525e+001,
4021250000, -9.829540e+001,
4022500000, -7.748772e+001,
4023750000, -5.176225e+001,
4025000000, -5.965650e+001,
4026250000, -7.117110e+001,
4027500000, -8.216711e+001,
4028750000, -9.401692e+001,
4030000000, -1.041207e+002,
4031250000, -8.785437e+001,
4032500000, -6.992953e+001,
4033750000, -7.980724e+001,
4035000000, -8.996373e+001,
4036250000, -8.595002e+001,
4037500000, -8.041711e+001,
4038750000, -8.983654e+001,
4040000000, -1.069694e+002,
4041250000, -1.278201e+002,
4042500000, -1.467271e+002,
4043750000, -1.569894e+002,
4045000000, -1.306762e+002,
4046250000, -8.299074e+001,
4047500000, -8.136922e+001,
4048750000, -8.501086e+001,
4050000000, -9.937031e+001,
4051250000, -1.133032e+002,
4052500000, -1.172698e+002,
4053750000, -1.059442e+002,
4055000000, -1.124786e+002,
4056250000, -1.265143e+002,
4057500000, -1.368313e+002,
4058750000, -1.420274e+002,
4060000000, -1.479819e+002,
4061250000, -1.518456e+002,
4062500000, -1.524064e+002,
4063750000, -1.597899e+002,
4065000000, -1.720143e+002,
4066250000, -4.778088e+001,
4067500000, -6.355109e+001,
4068750000, -8.808042e+001,
4070000000, -1.101686e+002,
4071250000, -1.270556e+002,
4072500000, -1.399203e+002,
4073750000, -1.543060e+002,
4075000000, -1.609705e+002,
4076250000, -1.517182e+002,
4077500000, -1.243778e+002,
4078750000, -1.338735e+002,
4080000000, -1.477033e+002,
4081250000, -1.636889e+002,
4082500000, 1.777717e+002,
4083750000, 1.787449e+002,
4085000000, -1.541360e+002,
4086250000, -1.656862e+002,
4087500000, 1.754120e+002,
4088750000, 1.712756e+002,
4090000000, 1.772655e+002,
4091250000, -1.527859e+002,
4092500000, -1.600048e+002,
4093750000, -1.688956e+002,
4095000000, -1.613410e+002,
4096250000, -1.481582e+002,
4097500000, -1.462328e+002,
4098750000, -1.425880e+002,
4100000000, -1.371506e+002,
4101250000, -1.448219e+002,
4102500000, -1.609464e+002,
4103750000, -1.786210e+002,
4105000000, 1.720505e+002,
4106250000, 1.607606e+002,
4107500000, 1.467330e+002,
4108750000, 1.381387e+002,
4110000000, 1.300002e+002,
4111250000, 1.034496e+002,
4112500000, 6.182669e+001,
4113750000, -1.888330e+001,
4115000000, -8.499436e+001,
4116250000, -1.155294e+002,
4117500000, -1.295326e+002,
4118750000, -1.357281e+002,
4120000000, -1.380479e+002,
4121250000, -1.507546e+002,
4122500000, -1.716420e+002,
4123750000, 1.734790e+002,
4125000000, 1.686278e+002,
4126250000, 1.595685e+002,
4127500000, 1.384003e+002,
4128750000, 1.100227e+002,
4130000000, 8.010401e+001,
4131250000, 5.635201e+001,
4132500000, 4.084005e+001,
4133750000, 2.828816e+001,
4135000000, -7.945578e+000,
4136250000, -6.005522e+001,
4137500000, -1.054621e+002,
4138750000, -1.460866e+002,
4140000000, 1.799137e+002,
4141250000, 1.550346e+002,
4142500000, 1.390483e+002,
4143750000, 1.243383e+002,
4145000000, 1.066056e+002,
4146250000, 8.315503e+001,
4147500000, 3.709934e+001,
4148750000, -7.908353e+001,
4150000000, -1.312472e+002,
4151250000, -1.553677e+002,
4152500000, -1.760476e+002,
4153750000, 1.691272e+002,
4155000000, 1.597079e+002,
4156250000, 1.525123e+002,
4157500000, 1.418107e+002,
4158750000, 1.173702e+002,
4160000000, 8.632047e+001,
4161250000, 5.803848e+001,
4162500000, 2.850576e+001,
4163750000, 1.819950e+001,
4165000000, 6.313939e+001,
4166250000, 3.205590e+001,
4167500000, -2.306543e+001,
4168750000, -7.602777e+001,
4170000000, -1.114656e+002,
4171250000, -1.451722e+002,
4172500000, -1.729993e+002,
4173750000, 1.660913e+002,
4175000000, 1.515438e+002,
4176250000, 1.355282e+002,
4177500000, 1.153858e+002,
4178750000, 9.368905e+001,
4180000000, 7.802135e+001,
4181250000, 8.011384e+001,
4182500000, 7.650298e+001,
4183750000, 6.275884e+001,
4185000000, 3.796793e+001,
4186250000, 1.627935e+001,
4187500000, -7.217299e+000,
4188750000, -4.662220e+001,
4190000000, -1.523360e+002,
4191250000, 1.077272e+002,
4192500000, 5.704434e+001,
4193750000, 1.052843e+002,
4195000000, 1.064518e+002,
4196250000, 6.988246e+001,
4197500000, 2.204256e+001,
4198750000, -2.812288e+001,
4200000000, -7.465665e+001,
4201250000, -1.136308e+002,
4202500000, -1.431142e+002,
4203750000, -1.629225e+002,
4205000000, 1.794584e+002,
4206250000, 1.623361e+002,
4207500000, 1.406445e+002,
4208750000, 1.180818e+002,
4210000000, 1.008678e+002,
4211250000, 8.812196e+001,
4212500000, 7.186703e+001,
4213750000, 5.301905e+001,
4215000000, 3.395027e+001,
4216250000, 1.422556e+001,
4217500000, -1.838508e+000,
4218750000, -1.819021e+001,
4220000000, -4.068206e+001,
4221250000, -6.505929e+001,
4222500000, -8.792319e+001,
4223750000, -1.110055e+002,
4225000000, -1.414825e+002,
4226250000, -1.739028e+002,
4227500000, 1.599348e+002,
4228750000, 1.495767e+002,
4230000000, 1.556911e+002,
4231250000, 1.711274e+002,
4232500000, 1.493523e+002,
4233750000, 1.255239e+002,
4235000000, 1.152342e+002,
4236250000, 1.068929e+002,
4237500000, 9.039535e+001,
4238750000, 6.688800e+001,
4240000000, 4.082314e+001,
4241250000, 1.122534e+001,
4242500000, -1.684115e+001,
4243750000, -3.308589e+001,
4245000000, 3.736460e-001,
4246250000, 1.282274e+001,
4247500000, -1.157990e+001,
4248750000, -4.370757e+001,
4250000000, -7.446509e+001,
4251250000, -9.628230e+001,
4252500000, -1.050606e+002,
4253750000, -1.073336e+002,
4255000000, -1.154202e+002,
4256250000, -1.321663e+002,
4257500000, -1.531986e+002,
4258750000, -1.657872e+002,
4260000000, 1.776067e+002,
4261250000, 1.568734e+002,
4262500000, 1.386299e+002,
4263750000, 1.242471e+002,
4265000000, 1.071042e+002,
4266250000, 8.499458e+001,
4267500000, 6.174828e+001,
4268750000, 3.668619e+001,
4270000000, 1.191590e+001,
4271250000, -9.017963e+000,
4272500000, -2.741702e+001,
4273750000, -4.292699e+001,
4275000000, -5.532347e+001,
4276250000, -6.463277e+001,
4277500000, -7.834806e+001,
4278750000, -9.487312e+001,
4280000000, -1.124935e+002,
4281250000, -1.305183e+002,
4282500000, -1.535403e+002,
4283750000, -1.783953e+002,
4285000000, 1.586477e+002,
4286250000, 1.406171e+002,
4287500000, 1.265349e+002,
4288750000, 1.074957e+002,
4290000000, 1.004698e+002,
4291250000, 1.304512e+002,
4292500000, 1.324176e+002,
4293750000, 1.131081e+002,
4295000000, 8.651889e+001,
4296250000, 6.045869e+001,
4297500000, 4.281820e+001,
4298750000, 2.350230e+001,
4300000000, 1.959626e-001,
4301250000, -2.162072e+001,
4302500000, -4.246439e+001,
4303750000, -6.071006e+001,
4305000000, -7.611063e+001,
4306250000, -8.683461e+001,
4307500000, -9.440407e+001,
4308750000, -1.063566e+002,
4310000000, -1.053005e+002,
4311250000, -1.165339e+002,
4312500000, -1.323937e+002,
4313750000, -1.484398e+002,
4315000000, -1.684735e+002,
4316250000, 1.673265e+002,
4317500000, 1.464632e+002,
4318750000, 1.349289e+002,
4320000000, 1.440266e+002,
4321250000, 1.464312e+002,
4322500000, 1.311316e+002,
4323750000, 1.175587e+002,
4325000000, 1.033981e+002,
4326250000, 8.587198e+001,
4327500000, 6.380838e+001,
4328750000, 4.170605e+001,
4330000000, 2.243440e+001,
4331250000, 1.113462e+001,
4332500000, -4.223465e+000,
4333750000, -2.530389e+001,
4335000000, -4.069151e+001,
4336250000, -5.524455e+001,
4337500000, -7.319702e+001,
4338750000, -9.350717e+001,
4340000000, -1.114757e+002,
4341250000, -1.265070e+002,
4342500000, -1.421247e+002,
4343750000, -1.598152e+002,
4345000000, -1.652604e+002,
4346250000, -1.597257e+002,
4347500000, -1.726229e+002,
4348750000, 1.705896e+002,
4350000000, 1.552634e+002,
4351250000, 1.405127e+002,
4352500000, 1.232761e+002,
4353750000, 1.017313e+002,
4355000000, 8.135572e+001,
4356250000, 6.144336e+001,
4357500000, 4.401993e+001,
4358750000, 2.886880e+001,
4360000000, 1.526408e+001,
4361250000, -1.758529e-001,
4362500000, -1.003592e+001,
4363750000, -4.405585e+000,
4365000000, 8.868100e-001,
4366250000, -1.536619e+001,
4367500000, -3.973698e+001,
4368750000, -6.100256e+001,
4370000000, -8.006889e+001,
4371250000, -6.786456e+001,
4372500000, -4.136531e+001,
4373750000, -6.014471e+001,
4375000000, -7.967104e+001,
4376250000, -9.940989e+001,
4377500000, -1.205063e+002,
4378750000, -1.419809e+002,
4380000000, -1.616627e+002,
4381250000, -1.796147e+002,
4382500000, 1.623462e+002,
4383750000, 1.462108e+002,
4385000000, 1.328359e+002,
4386250000, 1.214982e+002,
4387500000, 1.044996e+002,
4388750000, 8.070005e+001,
4390000000, 7.023350e+001,
4391250000, 1.001446e+002,
4392500000, 1.121727e+002,
4393750000, 9.755548e+001,
4395000000, 6.876716e+001,
4396250000, 3.893313e+001,
4397500000, 1.403771e+001,
4398750000, -5.053743e+000,
4400000000, -2.075789e+001,
4401250000, -3.272282e+001,
4402500000, -4.650965e+001,
4403750000, -6.140535e+001,
4405000000, -7.646342e+001,
4406250000, -7.669903e+001,
4407500000, -3.890256e+001,
4408750000, -4.360039e+001,
4410000000, -7.402785e+001,
4411250000, -1.085896e+002,
4412500000, -1.356655e+002,
4413750000, -1.565013e+002,
4415000000, -1.710164e+002,
4416250000, 1.784235e+002,
4417500000, 1.686698e+002,
4418750000, 1.639404e+002,
4420000000, 1.594263e+002,
4421250000, 1.626867e+002,
4422500000, -1.601617e+002,
4423750000, -1.539974e+002,
4425000000, 1.770476e+002,
4426250000, 1.380264e+002,
4427500000, 9.746026e+001,
4428750000, 6.523480e+001,
4430000000, 3.533472e+001,
4431250000, -5.866428e+001,
4432500000, -1.519547e+002,
4433750000, 1.755820e+002,
4435000000, 1.439780e+002,
4436250000, 1.013991e+002,
4437500000, 5.989884e+001,
4438750000, 3.458626e+001,
4440000000, 1.582146e+001,
4441250000, 3.108391e+000,
4442500000, -2.144507e+001,
4443750000, -5.162396e+001,
4445000000, -8.524586e+001,
4446250000, -1.153188e+002,
4447500000, -1.394085e+002,
4448750000, -1.632399e+002,
4450000000, 1.723032e+002,
4451250000, 1.565081e+002,
4452500000, 1.448445e+002,
4453750000, 1.471717e+002,
4455000000, 1.754378e+002,
4456250000, -1.575698e+002,
4457500000, -1.657702e+002,
4458750000, 1.651571e+002,
4460000000, 1.334718e+002,
4461250000, 1.104920e+002,
4462500000, 9.889766e+001,
4463750000, 8.790736e+001,
4465000000, 7.575106e+001,
4466250000, 6.960565e+001,
4467500000, 5.900194e+001,
4468750000, 5.170863e+001,
4470000000, 4.603589e+001,
4471250000, 3.621151e+001,
4472500000, 2.641783e+001,
4473750000, 2.451070e+001,
4475000000, 1.683292e+001,
4476250000, 5.552677e+000,
4477500000, -1.164762e+001,
4478750000, -2.683826e+001,
4480000000, -4.707657e+001,
4481250000, -6.172874e+001,
4482500000, -7.425167e+001,
4483750000, -9.123347e+001,
4485000000, -1.056535e+002,
4486250000, -1.174389e+002,
4487500000, -1.246698e+002,
4488750000, -1.309082e+002,
4490000000, -1.399733e+002,
4491250000, -1.490566e+002,
4492500000, -1.599685e+002,
4493750000, -1.721488e+002,
4495000000, 1.772874e+002,
4496250000, 1.630514e+002,
4497500000, 1.480948e+002,
4498750000, 1.432466e+002,
4500000000, 1.382397e+002,
4501250000, 1.186903e+002,
4502500000, 9.906912e+001,
4503750000, 8.217317e+001,
4505000000, 6.638743e+001,
4506250000, 5.242102e+001,
4507500000, 4.125992e+001,
4508750000, 3.205650e+001,
4510000000, 2.286569e+001,
4511250000, 1.189750e+001,
4512500000, -6.358238e-001,
4513750000, -1.511240e+001,
4515000000, -2.985598e+001,
4516250000, -3.911177e+001,
4517500000, -3.652787e+001,
4518750000, -3.782000e+001,
4520000000, -5.342886e+001,
4521250000, -7.401743e+001,
4522500000, -9.343874e+001,
4523750000, -1.095955e+002,
4525000000, -1.230451e+002,
4526250000, -1.352008e+002,
4527500000, -1.474190e+002,
4528750000, -1.605158e+002,
4530000000, -1.749081e+002,
4531250000, 1.686644e+002,
4532500000, 1.510751e+002,
4533750000, 1.362684e+002,
4535000000, 1.344184e+002,
4536250000, 1.438202e+002,
4537500000, 1.381725e+002,
4538750000, 1.208401e+002,
4540000000, 1.020140e+002,
4541250000, 8.542996e+001,
4542500000, 7.103347e+001,
4543750000, 5.786159e+001,
4545000000, 4.492253e+001,
4546250000, 3.151468e+001,
4547500000, 1.693592e+001,
4548750000, 1.497781e+000,
4550000000, -1.392023e+001,
4551250000, -2.544271e+001,
4552500000, -2.821533e+001,
4553750000, -2.923309e+001,
4555000000, -3.880056e+001,
4556250000, -5.115394e+001,
4557500000, -6.371964e+001,
4558750000, -7.660251e+001,
4560000000, -9.039311e+001,
4561250000, -1.050828e+002,
4562500000, -1.198582e+002,
4563750000, -1.350400e+002,
4565000000, -1.503525e+002,
4566250000, -1.653068e+002,
4567500000, -1.787726e+002,
4568750000, 1.715713e+002,
4570000000, 1.625011e+002,
4571250000, 1.543685e+002,
4572500000, 1.498063e+002,
4573750000, 1.412271e+002,
4575000000, 1.264374e+002,
4576250000, 1.104648e+002,
4577500000, 9.545067e+001,
4578750000, 8.143938e+001,
4580000000, 6.833491e+001,
4581250000, 5.547119e+001,
4582500000, 4.234927e+001,
4583750000, 2.775808e+001,
4585000000, 1.231223e+001,
4586250000, -2.010040e+000,
4587500000, -1.356301e+001,
4588750000, -2.180639e+001,
4590000000, -2.908377e+001,
4591250000, -3.929293e+001,
4592500000, -5.304142e+001,
4593750000, -6.791716e+001,
4595000000, -8.185525e+001,
4596250000, -9.396257e+001,
4597500000, -1.061425e+002,
4598750000, -1.197227e+002,
4600000000, -1.336988e+002,
4601250000, -1.478524e+002,
4602500000, -1.626407e+002,
4603750000, -1.756883e+002,
4605000000, 1.779359e+002,
4606250000, 1.782973e+002,
4607500000, 1.701884e+002,
4608750000, 1.525153e+002,
4610000000, 1.338518e+002,
4611250000, 1.170864e+002,
4612500000, 1.016660e+002,
4613750000, 8.724216e+001,
4615000000, 7.446775e+001,
4616250000, 6.236335e+001,
4617500000, 5.014378e+001,
4618750000, 3.933457e+001,
4620000000, 3.340173e+001,
4621250000, 3.247302e+001,
4622500000, 2.629920e+001,
4623750000, 1.050878e+001,
4625000000, -8.216433e+000,
4626250000, -2.555947e+001,
4627500000, -4.069889e+001,
4628750000, -5.357602e+001,
4630000000, -6.440611e+001,
4631250000, -7.624842e+001,
4632500000, -8.879290e+001,
4633750000, -9.835782e+001,
4635000000, -1.012075e+002,
4636250000, -1.038395e+002,
4637500000, -1.159780e+002,
4638750000, -1.345063e+002,
4640000000, -1.539698e+002,
4641250000, -1.718167e+002,
4642500000, 1.730573e+002,
4643750000, 1.607954e+002,
4645000000, 1.500910e+002,
4646250000, 1.385195e+002,
4647500000, 1.248284e+002,
4648750000, 1.105945e+002,
4650000000, 9.840387e+001,
4651250000, 8.487936e+001,
4652500000, 6.755623e+001,
4653750000, 4.862408e+001,
4655000000, 3.095129e+001,
4656250000, 1.635941e+001,
4657500000, 4.979454e+000,
4658750000, -4.394045e+000,
4660000000, -1.483737e+001,
4661250000, -2.946903e+001,
4662500000, -4.762080e+001,
4663750000, -6.625495e+001,
4665000000, -8.342190e+001,
4666250000, -9.984314e+001,
4667500000, -1.161710e+002,
4668750000, -1.316027e+002,
4670000000, -1.453440e+002,
4671250000, -1.570954e+002,
4672500000, -1.672928e+002,
4673750000, -1.781330e+002,
4675000000, 1.682370e+002,
4676250000, 1.514668e+002,
4677500000, 1.324731e+002,
4678750000, 1.128328e+002,
4680000000, 9.400708e+001,
4681250000, 7.675264e+001,
4682500000, 6.113052e+001,
4683750000, 4.682486e+001,
4685000000, 3.430935e+001,
4686250000, 2.403260e+001,
4687500000, 1.362720e+001,
4688750000, 1.265316e-001,
4690000000, -1.724629e+001,
4691250000, -3.766049e+001,
4692500000, -5.933557e+001,
4693750000, -8.005502e+001,
4695000000, -9.770056e+001,
4696250000, -1.117446e+002,
4697500000, -1.226719e+002,
4698750000, -1.308440e+002,
4700000000, -1.377775e+002,
4701250000, -1.475185e+002,
4702500000, -1.627264e+002,
4703750000, 1.772435e+002,
4705000000, 1.543783e+002,
4706250000, 1.312692e+002,
4707500000, 1.111591e+002,
4708750000, 9.720026e+001,
4710000000, 8.900262e+001,
4711250000, 8.363980e+001,
4712500000, 7.697839e+001,
4713750000, 6.417844e+001,
4715000000, 4.502197e+001,
4716250000, 2.264006e+001,
4717500000, 6.867517e-002,
4718750000, -2.111388e+001,
4720000000, -3.944122e+001,
4721250000, -5.256051e+001,
4722500000, -6.012199e+001,
4723750000, -6.801176e+001,
4725000000, -8.157226e+001,
4726250000, -1.006532e+002,
4727500000, -1.226385e+002,
4728750000, -1.443169e+002,
4730000000, -1.637308e+002,
4731250000, 1.782836e+002,
4732500000, 1.629743e+002,
4733750000, 1.531168e+002,
4735000000, 1.438559e+002,
4736250000, 1.305452e+002,
4737500000, 1.135522e+002,
4738750000, 9.422009e+001,
4740000000, 7.471707e+001,
4741250000, 5.637082e+001,
4742500000, 3.739555e+001,
4743750000, 1.806843e+001,
4745000000, 3.018668e+000,
4746250000, -7.655495e+000,
4747500000, -1.978420e+001,
4748750000, -3.515452e+001,
4750000000, -5.285190e+001,
4751250000, -7.174080e+001,
4752500000, -9.217628e+001,
4753750000, -1.149833e+002,
4755000000, -1.379778e+002,
4756250000, -1.564990e+002,
4757500000, -1.678125e+002,
4758750000, -1.771075e+002,
4760000000, 1.704389e+002,
4761250000, 1.549335e+002,
4762500000, 1.374509e+002,
4763750000, 1.176924e+002,
4765000000, 9.645243e+001,
4766250000, 7.637158e+001,
4767500000, 6.073095e+001,
4768750000, 5.001527e+001,
4770000000, 3.991480e+001,
4771250000, 2.678021e+001,
4772500000, 9.924610e+000,
4773750000, -9.929316e+000,
4775000000, -3.146117e+001,
4776250000, -5.209861e+001,
4777500000, -6.927711e+001,
4778750000, -8.280661e+001,
4780000000, -9.695130e+001,
4781250000, -1.145893e+002,
4782500000, -1.353083e+002,
4783750000, -1.575922e+002,
4785000000, -1.795424e+002,
4786250000, 1.609025e+002,
4787500000, 1.442412e+002,
4788750000, 1.286107e+002,
4790000000, 1.116502e+002,
4791250000, 9.224169e+001,
4792500000, 7.155787e+001,
4793750000, 5.106097e+001,
4795000000, 3.210844e+001,
4796250000, 1.486602e+001,
4797500000, -2.068450e+000,
4798750000, -2.050717e+001,
4800000000, -4.022914e+001,
4801250000, -6.090289e+001,
4802500000, -8.181311e+001,
4803750000, -1.028576e+002,
4805000000, -1.237955e+002,
4806250000, -1.443731e+002,
4807500000, -1.649544e+002,
4808750000, 1.746939e+002,
4810000000, 1.549385e+002,
4811250000, 1.354767e+002,
4812500000, 1.156679e+002,
4813750000, 9.523980e+001,
4815000000, 7.429327e+001,
4816250000, 5.341649e+001,
4817500000, 3.342846e+001,
4818750000, 1.478471e+001,
4820000000, -3.297303e+000,
4821250000, -2.149860e+001,
4822500000, -4.043765e+001,
4823750000, -6.043168e+001,
4825000000, -8.126244e+001,
4826250000, -1.017460e+002,
4827500000, -1.218195e+002,
4828750000, -1.417170e+002,
4830000000, -1.614908e+002,
4831250000, 1.784140e+002,
4832500000, 1.577135e+002,
4833750000, 1.364588e+002,
4835000000, 1.148999e+002,
4836250000, 9.326429e+001,
4837500000, 7.185744e+001,
4838750000, 5.090839e+001,
4840000000, 3.056017e+001,
4841250000, 1.071412e+001,
4842500000, -9.266502e+000,
4843750000, -2.994610e+001,
4845000000, -5.101565e+001,
4846250000, -7.202869e+001,
4847500000, -9.275992e+001,
4848750000, -1.133240e+002,
4850000000, -1.339118e+002,
4851250000, -1.547966e+002,
4852500000, -1.762255e+002,
4853750000, 1.615894e+002,
4855000000, 1.390784e+002,
4856250000, 1.162688e+002,
4857500000, 9.403179e+001,
4858750000, 7.223014e+001,
4860000000, 5.043613e+001,
4861250000, 2.840210e+001,
4862500000, 5.786503e+000,
4863750000, -1.726901e+001,
4865000000, -4.035881e+001,
4866250000, -6.295139e+001,
4867500000, -8.438350e+001,
4868750000, -1.049805e+002,
4870000000, -1.259689e+002,
4871250000, -1.480978e+002,
4872500000, -1.712145e+002,
4873750000, 1.651220e+002,
4875000000, 1.415777e+002,
4876250000, 1.184661e+002,
4877500000, 9.561807e+001,
4878750000, 7.263637e+001,
4880000000, 4.944950e+001,
4881250000, 2.604478e+001,
4882500000, 2.242615e+000,
4883750000, -2.192721e+001,
4885000000, -4.589537e+001,
4886250000, -6.918885e+001,
4887500000, -9.195626e+001,
4888750000, -1.143336e+002,
4890000000, -1.365149e+002,
4891250000, -1.590814e+002,
4892500000, 1.770752e+002,
4893750000, 1.516459e+002,
4895000000, 1.262284e+002,
4896250000, 1.014587e+002,
4897500000, 7.757566e+001,
4898750000, 5.393913e+001,
4900000000, 2.979419e+001,
4901250000, 5.445597e+000,
4902500000, -1.926111e+001,
4903750000, -4.422837e+001,
4905000000, -6.933710e+001,
4906250000, -9.373318e+001,
4907500000, -1.169773e+002,
4908750000, -1.398890e+002,
4910000000, -1.635984e+002,
4911250000, 1.715759e+002,
4912500000, 1.463933e+002,
4913750000, 1.208605e+002,
4915000000, 9.470585e+001,
4916250000, 6.809423e+001,
4917500000, 4.109861e+001,
4918750000, 1.376334e+001,
4920000000, -1.372514e+001,
4921250000, -4.082233e+001,
4922500000, -6.705290e+001,
4923750000, -9.203740e+001,
4925000000, -1.162679e+002,
4926250000, -1.407835e+002,
4927500000, -1.663766e+002,
4928750000, 1.667815e+002,
4930000000, 1.392958e+002,
4931250000, 1.117861e+002,
4932500000, 8.457756e+001,
4933750000, 5.711336e+001,
4935000000, 2.808449e+001,
4936250000, -3.063575e+000,
4937500000, -3.392905e+001,
4938750000, -6.325313e+001,
4940000000, -9.139656e+001,
4941250000, -1.190610e+002,
4942500000, -1.469880e+002,
4943750000, -1.753901e+002,
4945000000, 1.558496e+002,
4946250000, 1.265181e+002,
4947500000, 9.630414e+001,
4948750000, 6.490233e+001,
4950000000, 3.278361e+001,
4951250000, 4.518505e-001,
4952500000, -3.197762e+001,
4953750000, -6.398317e+001,
4955000000, -9.508472e+001,
4956250000, -1.251602e+002,
4957500000, -1.545985e+002,
4958750000, 1.761275e+002,
4960000000, 1.467735e+002,
4961250000, 1.170223e+002,
4962500000, 8.635392e+001,
4963750000, 5.462424e+001,
4965000000, 2.190886e+001,
4966250000, -1.174113e+001,
4967500000, -4.548132e+001,
4968750000, -7.854265e+001,
4970000000, -1.107655e+002,
4971250000, -1.416457e+002,
4972500000, -1.709829e+002,
4973750000, 1.602086e+002,
4975000000, 1.305931e+002,
4976250000, 9.985622e+001,
4977500000, 6.790678e+001,
4978750000, 3.489017e+001,
4980000000, 8.309766e-001,
4981250000, -3.438916e+001,
4982500000, -7.014258e+001,
4983750000, -1.054856e+002,
4985000000, -1.390111e+002,
4986250000, -1.704778e+002,
4987500000, 1.592448e+002,
4988750000, 1.289710e+002,
4990000000, 9.788286e+001,
4991250000, 6.559191e+001,
4992500000, 3.137716e+001,
4993750000, -5.506076e+000,
4995000000, -4.521825e+001,
4996250000, -8.601329e+001,
4997500000, -1.260502e+002,
4998750000, -1.642905e+002,
5000000000, 1.593915e+002,
5001250000, 1.244819e+002,
5002500000, 9.039318e+001,
5003750000, 5.621886e+001,
5005000000, 2.019524e+001,
5006250000, -1.937120e+001,
5007500000, -6.307995e+001,
5008750000, -1.088197e+002,
5010000000, -1.536494e+002,
5011250000, 1.645902e+002,
5012500000, 1.260088e+002,
5013750000, 8.971448e+001,
5015000000, 5.579310e+001,
5016250000, 2.518015e+001,
5017500000, 1.766621e-002,
5018750000, -2.167804e+001,
5020000000, -8.609499e+001,
5021250000, 1.236705e+002,
5022500000, 9.600467e+001,
5023750000, 8.483723e+001,
5025000000, 1.676449e+002,
5026250000, 1.483071e+002,
5027500000, 1.184455e+002,
5028750000, 8.825664e+001,
5030000000, 5.852669e+001,
5031250000, 2.925916e+001,
5032500000, -3.099367e+000,
5033750000, -4.464388e+001,
5035000000, -1.022383e+002,
5036250000, -1.633348e+002,
5037500000, 1.505191e+002,
5038750000, 1.138602e+002,
5040000000, 7.908518e+001,
5041250000, 4.321599e+001,
5042500000, 3.512857e+000,
5043750000, -4.189323e+001,
5045000000, -9.689496e+001,
5046250000, -1.595336e+002,
5047500000, 1.442832e+002,
5048750000, 9.915662e+001,
5050000000, 6.082358e+001,
5051250000, 2.564615e+001,
5052500000, -8.387184e+000,
5053750000, -4.298292e+001,
5055000000, -8.584640e+001,
5056250000, -1.443894e+002,
5057500000, 1.564081e+002,
5058750000, 1.087193e+002,
5060000000, 6.660512e+001,
5061250000, 2.436321e+001,
5062500000, -2.091764e+001,
5063750000, -7.252324e+001,
5065000000, -1.339028e+002,
5066250000, 1.596278e+002,
5067500000, 1.013805e+002,
5068750000, 5.220771e+001,
5070000000, 6.856765e+000,
5071250000, -3.958028e+001,
5072500000, -9.247961e+001,
5073750000, -1.591848e+002,
5075000000, 1.288696e+002,
5076250000, 7.187147e+001,
5077500000, 2.736743e+001,
5078750000, -1.252594e+001,
5080000000, -5.396231e+001,
5081250000, -1.044682e+002,
5082500000, -1.788788e+002,
5083750000, 1.027013e+002,
5085000000, 4.556089e+001,
5086250000, -1.668395e+000,
5087500000, -4.699089e+001,
5088750000, -9.616211e+001,
5090000000, -1.685643e+002,
5091250000, 9.060342e+001,
5092500000, 3.944002e+001,
5093750000, 6.341848e-001,
5095000000, -3.802807e+001,
5096250000, -7.906722e+001,
5097500000, -1.267331e+002,
5098750000, 1.009659e+002,
5100000000, 4.001565e+001,
5101250000, -8.784205e-001,
5102500000, -4.622190e+001,
5103750000, -9.937244e+001,
5105000000, 1.787192e+002,
5106250000, 6.565766e+001,
5107500000, 3.620892e-001,
5108750000, -5.367979e+001,
5110000000, -1.095653e+002,
5111250000, 1.613715e+002,
5112500000, 3.420056e+001,
5113750000, -2.241994e+001,
5115000000, -6.333657e+001,
5116250000, -9.924707e+001,
5117500000, -1.545800e+002,
5118750000, 1.726528e+001,
5120000000, -3.349201e+001,
5121250000, -7.941116e+001,
5122500000, -1.230381e+002,
5123750000, -3.677175e+000,
5125000000, -3.310248e+001,
5126250000, -6.998188e+001,
5127500000, -1.005189e+002,
5128750000, -9.021448e+001,
5130000000, -4.915398e+001,
5131250000, -7.113796e+001,
5132500000, -9.275974e+001,
5133750000, -9.651381e+001,
5135000000, -6.964306e+001,
5136250000, -8.004430e+001,
5137500000, -9.707739e+001,
5138750000, -9.522909e+001,
5140000000, -9.015796e+001,
5141250000, -8.876192e+001,
5142500000, -1.001024e+002,
5143750000, -1.065280e+002,
5145000000, -9.470676e+001,
5146250000, -9.978259e+001,
5147500000, -1.125893e+002,
5148750000, -1.063524e+002,
5150000000, -1.052031e+002,
5151250000, -1.146234e+002,
5152500000, -1.143001e+002,
5153750000, -1.128609e+002,
5155000000, -1.189002e+002,
5156250000, -1.207301e+002,
5157500000, -1.192282e+002,
5158750000, -1.239067e+002,
5160000000, -1.260477e+002,
5161250000, -1.246639e+002,
5162500000, -1.307649e+002,
5163750000, -1.300284e+002,
5165000000, -1.327517e+002,
5166250000, -1.354834e+002,
5167500000, -1.362900e+002,
5168750000, -1.395680e+002,
5170000000, -1.403415e+002,
5171250000, -1.429303e+002,
5172500000, -1.439681e+002,
5173750000, -1.460446e+002,
5175000000, -1.479367e+002,
5176250000, -1.502694e+002,
5177500000, -1.515202e+002,
5178750000, -1.538518e+002,
5180000000, -1.556233e+002,
5181250000, -1.572523e+002,
5182500000, -1.590451e+002,
5183750000, -1.612267e+002,
5185000000, -1.625866e+002,
5186250000, -1.645007e+002,
5187500000, -1.662675e+002,
5188750000, -1.682349e+002,
5190000000, -1.702588e+002,
5191250000, -1.719281e+002,
5192500000, -1.736227e+002,
5193750000, -1.754306e+002,
5195000000, -1.772383e+002,
5196250000, -1.790912e+002,
5197500000, 1.787902e+002,
5198750000, 1.768367e+002,
5200000000, 1.753768e+002,
5201250000, 1.732059e+002,
5202500000, 1.718536e+002,
5203750000, 1.697875e+002,
5205000000, 1.687177e+002,
5206250000, 1.662135e+002,
5207500000, 1.650824e+002,
5208750000, 1.638286e+002,
5210000000, 1.619789e+002,
5211250000, 1.609989e+002,
5212500000, 1.584456e+002,
5213750000, 1.566063e+002,
5215000000, 1.556776e+002,
5216250000, 1.536393e+002,
5217500000, 1.522965e+002,
5218750000, 1.502816e+002,
5220000000, 1.481988e+002,
5221250000, 1.473276e+002,
5222500000, 1.456894e+002,
5223750000, 1.442336e+002,
5225000000, 1.417856e+002,
5226250000, 1.401434e+002,
5227500000, 1.384409e+002,
5228750000, 1.366046e+002,
5230000000, 1.351284e+002,
5231250000, 1.336601e+002,
5232500000, 1.316798e+002,
5233750000, 1.300196e+002,
5235000000, 1.285415e+002,
5236250000, 1.265277e+002,
5237500000, 1.249669e+002,
5238750000, 1.227309e+002,
5240000000, 1.213496e+002,
5241250000, 1.194649e+002,
5242500000, 1.179115e+002,
5243750000, 1.158127e+002,
5245000000, 1.142724e+002,
5246250000, 1.126602e+002,
5247500000, 1.107457e+002,
5248750000, 1.086670e+002,
5250000000, 1.076085e+002,
5251250000, 1.056740e+002,
5252500000, 1.040342e+002,
5253750000, 1.025103e+002,
5255000000, 1.009913e+002,
5256250000, 9.867846e+001,
5257500000, 9.683515e+001,
5258750000, 9.568305e+001,
5260000000, 9.359270e+001,
5261250000, 9.185411e+001,
5262500000, 9.038881e+001,
5263750000, 8.863635e+001,
5265000000, 8.663494e+001,
5266250000, 8.515996e+001,
5267500000, 8.321357e+001,
5268750000, 8.084443e+001,
5270000000, 7.830158e+001,
5271250000, 7.679160e+001,
5272500000, 7.491418e+001,
5273750000, 7.333425e+001,
5275000000, 7.108722e+001,
5276250000, 6.923595e+001,
5277500000, 6.754839e+001,
5278750000, 6.580948e+001,
5280000000, 6.364040e+001,
5281250000, 6.156819e+001,
5282500000, 5.994418e+001,
5283750000, 5.893286e+001,
5285000000, 5.681044e+001,
5286250000, 5.522481e+001,
5287500000, 5.316584e+001,
5288750000, 5.205676e+001,
5290000000, 4.979322e+001,
5291250000, 4.789248e+001,
5292500000, 4.594817e+001,
5293750000, 4.412213e+001,
5295000000, 4.206807e+001,
5296250000, 3.997563e+001,
5297500000, 3.854416e+001,
5298750000, 3.634107e+001,
5300000000, 3.414099e+001,
5301250000, 3.280526e+001,
5302500000, 3.079027e+001,
5303750000, 2.877180e+001,
5305000000, 2.706258e+001,
5306250000, 2.518025e+001,
5307500000, 2.328900e+001,
5308750000, 2.190118e+001,
5310000000, 1.985337e+001,
5311250000, 1.818288e+001,
5312500000, 1.632971e+001,
5313750000, 1.548678e+001,
5315000000, 1.389318e+001,
5316250000, 1.155647e+001,
5317500000, 1.029978e+001,
5318750000, 7.846782e+000,
5320000000, 6.075427e+000,
5321250000, 4.674550e+000,
5322500000, 2.974550e+000,
5323750000, 1.538893e+000,
5325000000, 9.090709e-002,
5326250000, -2.443085e+000,
5327500000, -4.224139e+000,
5328750000, -5.181606e+000,
5330000000, -6.907962e+000,
5331250000, -8.681655e+000,
5332500000, -1.049811e+001,
5333750000, -1.196941e+001,
5335000000, -1.327471e+001,
5336250000, -1.515184e+001,
5337500000, -1.635858e+001,
5338750000, -1.871938e+001,
5340000000, -1.987891e+001,
5341250000, -2.163771e+001,
5342500000, -2.360973e+001,
5343750000, -2.562772e+001,
5345000000, -2.788540e+001,
5346250000, -2.964647e+001,
5347500000, -3.082694e+001,
5348750000, -3.222444e+001,
5350000000, -3.443663e+001,
5351250000, -3.678520e+001,
5352500000, -3.887824e+001,
5353750000, -4.077146e+001,
5355000000, -4.241731e+001,
5356250000, -4.445983e+001,
5357500000, -4.684802e+001,
5358750000, -4.759646e+001,
5360000000, -5.016010e+001,
5361250000, -5.099763e+001,
5362500000, -5.277338e+001,
5363750000, -5.443557e+001,
5365000000, -5.581076e+001,
5366250000, -5.773385e+001,
5367500000, -5.950320e+001,
5368750000, -6.166841e+001,
5370000000, -6.320290e+001,
5371250000, -6.466331e+001,
5372500000, -6.672111e+001,
5373750000, -6.908445e+001,
5375000000, -7.083896e+001,
5376250000, -7.266803e+001,
5377500000, -7.534882e+001,
5378750000, -7.676545e+001,
5380000000, -7.944311e+001,
5381250000, -8.124471e+001,
5382500000, -8.327108e+001,
5383750000, -8.474394e+001,
5385000000, -8.655447e+001,
5386250000, -8.913875e+001,
5387500000, -9.035984e+001,
5388750000, -9.269724e+001,
5390000000, -9.450511e+001,
5391250000, -9.591318e+001,
5392500000, -9.770652e+001,
5393750000, -9.928976e+001,
5395000000, -1.011548e+002,
5396250000, -1.031996e+002,
5397500000, -1.052402e+002,
5398750000, -1.063548e+002,
5400000000, -1.079811e+002,
5401250000, -1.098794e+002,
5402500000, -1.117070e+002,
5403750000, -1.132965e+002,
5405000000, -1.155182e+002,
5406250000, -1.172088e+002,
5407500000, -1.190095e+002,
5408750000, -1.209756e+002,
5410000000, -1.229333e+002,
5411250000, -1.247591e+002,
5412500000, -1.266040e+002,
5413750000, -1.292319e+002,
5415000000, -1.306698e+002,
5416250000, -1.326462e+002,
5417500000, -1.342850e+002,
5418750000, -1.368100e+002,
5420000000, -1.389657e+002,
5421250000, -1.409157e+002,
5422500000, -1.427719e+002,
5423750000, -1.446013e+002,
5425000000, -1.469363e+002,
5426250000, -1.485442e+002,
5427500000, -1.504008e+002,
5428750000, -1.527449e+002,
5430000000, -1.542816e+002,
5431250000, -1.560074e+002,
5432500000, -1.573148e+002,
5433750000, -1.596078e+002,
5435000000, -1.613877e+002,
5436250000, -1.629921e+002,
5437500000, -1.651954e+002,
5438750000, -1.670474e+002,
5440000000, -1.693263e+002,
5441250000, -1.711502e+002,
5442500000, -1.732067e+002,
5443750000, -1.754936e+002,
5445000000, -1.775209e+002,
5446250000, -1.797013e+002,
5447500000, 1.782301e+002,
5448750000, 1.760758e+002,
5450000000, 1.741913e+002,
5451250000, 1.719132e+002,
5452500000, 1.693999e+002,
5453750000, 1.676305e+002,
5455000000, 1.654952e+002,
5456250000, 1.641364e+002,
5457500000, 1.610674e+002,
5458750000, 1.593256e+002,
5460000000, 1.578452e+002,
5461250000, 1.550184e+002,
5462500000, 1.535210e+002,
5463750000, 1.518249e+002,
5465000000, 1.501449e+002,
5466250000, 1.484125e+002,
5467500000, 1.468775e+002,
5468750000, 1.445960e+002,
5470000000, 1.426836e+002,
5471250000, 1.410425e+002,
5472500000, 1.387831e+002,
5473750000, 1.374815e+002,
5475000000, 1.356509e+002,
5476250000, 1.332827e+002,
5477500000, 1.307332e+002,
5478750000, 1.293829e+002,
5480000000, 1.275776e+002,
5481250000, 1.259693e+002,
5482500000, 1.235681e+002,
5483750000, 1.218043e+002,
5485000000, 1.205852e+002,
5486250000, 1.188224e+002,
5487500000, 1.167474e+002,
5488750000, 1.153014e+002,
5490000000, 1.132562e+002,
5491250000, 1.119679e+002,
5492500000, 1.099023e+002,
5493750000, 1.082948e+002,
5495000000, 1.072282e+002,
5496250000, 1.051417e+002,
5497500000, 1.029237e+002,
5498750000, 1.015027e+002,
5500000000, 9.993780e+001,
