"S12 Log Mag"
"Frequency (Hz)","dB",
3000000000, -5.025514e+001,
3001375000, -5.019360e+001,
3002750000, -5.007485e+001,
3004125000, -5.006876e+001,
3005500000, -5.005641e+001,
3006875000, -5.002677e+001,
3008250000, -4.993339e+001,
3009625000, -4.999119e+001,
3011000000, -4.990685e+001,
3012375000, -4.988023e+001,
3013750000, -4.985472e+001,
3015125000, -4.981334e+001,
3016500000, -4.982628e+001,
3017875000, -4.970049e+001,
3019250000, -4.966784e+001,
3020625000, -4.961846e+001,
3022000000, -4.962945e+001,
3023375000, -4.953572e+001,
3024750000, -4.950200e+001,
3026125000, -4.941192e+001,
3027500000, -4.935567e+001,
3028875000, -4.932510e+001,
3030250000, -4.926832e+001,
3031625000, -4.921336e+001,
3033000000, -4.918905e+001,
3034375000, -4.915024e+001,
3035750000, -4.912743e+001,
3037125000, -4.908597e+001,
3038500000, -4.906448e+001,
3039875000, -4.898111e+001,
3041250000, -4.893750e+001,
3042625000, -4.893116e+001,
3044000000, -4.882846e+001,
3045375000, -4.882499e+001,
3046750000, -4.876003e+001,
3048125000, -4.874195e+001,
3049500000, -4.870004e+001,
3050875000, -4.864443e+001,
3052250000, -4.863610e+001,
3053625000, -4.860651e+001,
3055000000, -4.855813e+001,
3056375000, -4.852896e+001,
3057750000, -4.848901e+001,
3059125000, -4.848513e+001,
3060500000, -4.845342e+001,
3061875000, -4.842348e+001,
3063250000, -4.839522e+001,
3064625000, -4.839384e+001,
3066000000, -4.834364e+001,
3067375000, -4.835941e+001,
3068750000, -4.831250e+001,
3070125000, -4.827789e+001,
3071500000, -4.825019e+001,
3072875000, -4.827353e+001,
3074250000, -4.823792e+001,
3075625000, -4.816801e+001,
3077000000, -4.814406e+001,
3078375000, -4.818666e+001,
3079750000, -4.813422e+001,
3081125000, -4.810732e+001,
3082500000, -4.807870e+001,
3083875000, -4.809190e+001,
3085250000, -4.806586e+001,
3086625000, -4.807442e+001,
3088000000, -4.804108e+001,
3089375000, -4.800026e+001,
3090750000, -4.798055e+001,
3092125000, -4.798286e+001,
3093500000, -4.792077e+001,
3094875000, -4.795750e+001,
3096250000, -4.786346e+001,
3097625000, -4.781750e+001,
3099000000, -4.788943e+001,
3100375000, -4.781857e+001,
3101750000, -4.780639e+001,
3103125000, -4.780247e+001,
3104500000, -4.773852e+001,
3105875000, -4.773251e+001,
3107250000, -4.776048e+001,
3108625000, -4.766858e+001,
3110000000, -4.768410e+001,
3111375000, -4.765958e+001,
3112750000, -4.764576e+001,
3114125000, -4.759318e+001,
3115500000, -4.758997e+001,
3116875000, -4.754072e+001,
3118250000, -4.754272e+001,
3119625000, -4.751100e+001,
3121000000, -4.745663e+001,
3122375000, -4.744270e+001,
3123750000, -4.742614e+001,
3125125000, -4.734039e+001,
3126500000, -4.732665e+001,
3127875000, -4.735876e+001,
3129250000, -4.730094e+001,
3130625000, -4.729716e+001,
3132000000, -4.724432e+001,
3133375000, -4.723407e+001,
3134750000, -4.718824e+001,
3136125000, -4.715493e+001,
3137500000, -4.716942e+001,
3138875000, -4.716478e+001,
3140250000, -4.718397e+001,
3141625000, -4.714755e+001,
3143000000, -4.713739e+001,
3144375000, -4.702065e+001,
3145750000, -4.710048e+001,
3147125000, -4.704556e+001,
3148500000, -4.702192e+001,
3149875000, -4.695405e+001,
3151250000, -4.695175e+001,
3152625000, -4.695817e+001,
3154000000, -4.697224e+001,
3155375000, -4.693301e+001,
3156750000, -4.688036e+001,
3158125000, -4.689220e+001,
3159500000, -4.687669e+001,
3160875000, -4.683738e+001,
3162250000, -4.682015e+001,
3163625000, -4.687237e+001,
3165000000, -4.688233e+001,
3166375000, -4.688261e+001,
3167750000, -4.685486e+001,
3169125000, -4.689523e+001,
3170500000, -4.688631e+001,
3171875000, -4.690565e+001,
3173250000, -4.690269e+001,
3174625000, -4.695998e+001,
3176000000, -4.693123e+001,
3177375000, -4.698888e+001,
3178750000, -4.699115e+001,
3180125000, -4.697965e+001,
3181500000, -4.698660e+001,
3182875000, -4.703126e+001,
3184250000, -4.703712e+001,
3185625000, -4.708037e+001,
3187000000, -4.707476e+001,
3188375000, -4.709132e+001,
3189750000, -4.709175e+001,
3191125000, -4.710256e+001,
3192500000, -4.718720e+001,
3193875000, -4.715993e+001,
3195250000, -4.719037e+001,
3196625000, -4.724748e+001,
3198000000, -4.727123e+001,
3199375000, -4.729664e+001,
3200750000, -4.731532e+001,
3202125000, -4.735575e+001,
3203500000, -4.738389e+001,
3204875000, -4.744085e+001,
3206250000, -4.743710e+001,
3207625000, -4.745874e+001,
3209000000, -4.747389e+001,
3210375000, -4.754140e+001,
3211750000, -4.754214e+001,
3213125000, -4.762042e+001,
3214500000, -4.766556e+001,
3215875000, -4.770842e+001,
3217250000, -4.772155e+001,
3218625000, -4.774654e+001,
3220000000, -4.781202e+001,
3221375000, -4.786647e+001,
3222750000, -4.790908e+001,
3224125000, -4.796195e+001,
3225500000, -4.796180e+001,
3226875000, -4.803221e+001,
3228250000, -4.814780e+001,
3229625000, -4.812507e+001,
3231000000, -4.811258e+001,
3232375000, -4.825943e+001,
3233750000, -4.833058e+001,
3235125000, -4.830526e+001,
3236500000, -4.836868e+001,
3237875000, -4.837600e+001,
3239250000, -4.837461e+001,
3240625000, -4.843789e+001,
3242000000, -4.849784e+001,
3243375000, -4.853858e+001,
3244750000, -4.859534e+001,
3246125000, -4.864728e+001,
3247500000, -4.864073e+001,
3248875000, -4.871076e+001,
3250250000, -4.875555e+001,
3251625000, -4.880201e+001,
3253000000, -4.884573e+001,
3254375000, -4.879810e+001,
3255750000, -4.883044e+001,
3257125000, -4.884943e+001,
3258500000, -4.888316e+001,
3259875000, -4.887882e+001,
3261250000, -4.892070e+001,
3262625000, -4.888615e+001,
3264000000, -4.885221e+001,
3265375000, -4.885781e+001,
3266750000, -4.885949e+001,
3268125000, -4.891508e+001,
3269500000, -4.889935e+001,
3270875000, -4.888805e+001,
3272250000, -4.888648e+001,
3273625000, -4.892291e+001,
3275000000, -4.890508e+001,
3276375000, -4.893438e+001,
3277750000, -4.894156e+001,
3279125000, -4.889496e+001,
3280500000, -4.890192e+001,
3281875000, -4.889838e+001,
3283250000, -4.881849e+001,
3284625000, -4.883956e+001,
3286000000, -4.879772e+001,
3287375000, -4.879612e+001,
3288750000, -4.875645e+001,
3290125000, -4.873248e+001,
3291500000, -4.868824e+001,
3292875000, -4.867889e+001,
3294250000, -4.862932e+001,
3295625000, -4.863573e+001,
3297000000, -4.853966e+001,
3298375000, -4.856162e+001,
3299750000, -4.850544e+001,
3301125000, -4.849380e+001,
3302500000, -4.845181e+001,
3303875000, -4.839213e+001,
3305250000, -4.829812e+001,
3306625000, -4.829811e+001,
3308000000, -4.819954e+001,
3309375000, -4.821429e+001,
3310750000, -4.814636e+001,
3312125000, -4.812123e+001,
3313500000, -4.805304e+001,
3314875000, -4.802844e+001,
3316250000, -4.802883e+001,
3317625000, -4.800881e+001,
3319000000, -4.790070e+001,
3320375000, -4.790692e+001,
3321750000, -4.784192e+001,
3323125000, -4.784383e+001,
3324500000, -4.779685e+001,
3325875000, -4.775594e+001,
3327250000, -4.774090e+001,
3328625000, -4.767371e+001,
3330000000, -4.765348e+001,
3331375000, -4.757109e+001,
3332750000, -4.753373e+001,
3334125000, -4.751237e+001,
3335500000, -4.750609e+001,
3336875000, -4.745781e+001,
3338250000, -4.740726e+001,
3339625000, -4.740943e+001,
3341000000, -4.737179e+001,
3342375000, -4.735990e+001,
3343750000, -4.730539e+001,
3345125000, -4.731940e+001,
3346500000, -4.730270e+001,
3347875000, -4.723724e+001,
3349250000, -4.726773e+001,
3350625000, -4.723794e+001,
3352000000, -4.724743e+001,
3353375000, -4.725312e+001,
3354750000, -4.725567e+001,
3356125000, -4.726080e+001,
3357500000, -4.725616e+001,
3358875000, -4.726928e+001,
3360250000, -4.725943e+001,
3361625000, -4.729068e+001,
3363000000, -4.731865e+001,
3364375000, -4.730870e+001,
3365750000, -4.738498e+001,
3367125000, -4.735783e+001,
3368500000, -4.737686e+001,
3369875000, -4.738389e+001,
3371250000, -4.741157e+001,
3372625000, -4.744384e+001,
3374000000, -4.747024e+001,
3375375000, -4.746016e+001,
3376750000, -4.748523e+001,
3378125000, -4.755206e+001,
3379500000, -4.758666e+001,
3380875000, -4.761168e+001,
3382250000, -4.763620e+001,
3383625000, -4.766924e+001,
3385000000, -4.766637e+001,
3386375000, -4.774308e+001,
3387750000, -4.772012e+001,
3389125000, -4.776870e+001,
3390500000, -4.781186e+001,
3391875000, -4.782137e+001,
3393250000, -4.786867e+001,
3394625000, -4.787967e+001,
3396000000, -4.791617e+001,
3397375000, -4.792688e+001,
3398750000, -4.799724e+001,
3400125000, -4.800769e+001,
3401500000, -4.803952e+001,
3402875000, -4.806806e+001,
3404250000, -4.812370e+001,
3405625000, -4.813170e+001,
3407000000, -4.817194e+001,
3408375000, -4.820343e+001,
3409750000, -4.820019e+001,
3411125000, -4.822729e+001,
3412500000, -4.826746e+001,
3413875000, -4.830672e+001,
3415250000, -4.826801e+001,
3416625000, -4.829182e+001,
3418000000, -4.826233e+001,
3419375000, -4.836102e+001,
3420750000, -4.834129e+001,
3422125000, -4.832979e+001,
3423500000, -4.833775e+001,
3424875000, -4.829436e+001,
3426250000, -4.831802e+001,
3427625000, -4.838013e+001,
3429000000, -4.839420e+001,
3430375000, -4.835384e+001,
3431750000, -4.833035e+001,
3433125000, -4.833495e+001,
3434500000, -4.833548e+001,
3435875000, -4.833088e+001,
3437250000, -4.832791e+001,
3438625000, -4.832006e+001,
3440000000, -4.828688e+001,
3441375000, -4.831954e+001,
3442750000, -4.833598e+001,
3444125000, -4.833709e+001,
3445500000, -4.832249e+001,
3446875000, -4.825157e+001,
3448250000, -4.830324e+001,
3449625000, -4.832177e+001,
3451000000, -4.830451e+001,
3452375000, -4.833673e+001,
3453750000, -4.835280e+001,
3455125000, -4.829230e+001,
3456500000, -4.834534e+001,
3457875000, -4.832656e+001,
3459250000, -4.830832e+001,
3460625000, -4.826571e+001,
3462000000, -4.833420e+001,
3463375000, -4.829286e+001,
3464750000, -4.829606e+001,
3466125000, -4.829169e+001,
3467500000, -4.825323e+001,
3468875000, -4.824960e+001,
3470250000, -4.822297e+001,
3471625000, -4.821508e+001,
3473000000, -4.824415e+001,
3474375000, -4.822314e+001,
3475750000, -4.819682e+001,
3477125000, -4.824096e+001,
3478500000, -4.821230e+001,
3479875000, -4.820016e+001,
3481250000, -4.822055e+001,
3482625000, -4.823683e+001,
3484000000, -4.822923e+001,
3485375000, -4.820658e+001,
3486750000, -4.818213e+001,
3488125000, -4.821804e+001,
3489500000, -4.821845e+001,
3490875000, -4.819018e+001,
3492250000, -4.814405e+001,
3493625000, -4.816492e+001,
3495000000, -4.817077e+001,
3496375000, -4.816231e+001,
3497750000, -4.815121e+001,
3499125000, -4.816968e+001,
3500500000, -4.817483e+001,
3501875000, -4.819110e+001,
3503250000, -4.819537e+001,
3504625000, -4.820591e+001,
3506000000, -4.824549e+001,
3507375000, -4.822372e+001,
3508750000, -4.823134e+001,
3510125000, -4.826951e+001,
3511500000, -4.826620e+001,
3512875000, -4.825505e+001,
3514250000, -4.823869e+001,
3515625000, -4.823988e+001,
3517000000, -4.828350e+001,
3518375000, -4.833267e+001,
3519750000, -4.837986e+001,
3521125000, -4.832971e+001,
3522500000, -4.839648e+001,
3523875000, -4.837624e+001,
3525250000, -4.843359e+001,
3526625000, -4.839247e+001,
3528000000, -4.841945e+001,
3529375000, -4.846441e+001,
3530750000, -4.851530e+001,
3532125000, -4.850570e+001,
3533500000, -4.854232e+001,
3534875000, -4.858971e+001,
3536250000, -4.864182e+001,
3537625000, -4.865151e+001,
3539000000, -4.865759e+001,
3540375000, -4.876559e+001,
3541750000, -4.874224e+001,
3543125000, -4.880006e+001,
3544500000, -4.884198e+001,
3545875000, -4.885846e+001,
3547250000, -4.888827e+001,
3548625000, -4.890174e+001,
3550000000, -4.897043e+001,
3551375000, -4.899862e+001,
3552750000, -4.897561e+001,
3554125000, -4.905048e+001,
3555500000, -4.910204e+001,
3556875000, -4.916707e+001,
3558250000, -4.918156e+001,
3559625000, -4.919040e+001,
3561000000, -4.920679e+001,
3562375000, -4.924669e+001,
3563750000, -4.927475e+001,
3565125000, -4.937175e+001,
3566500000, -4.931881e+001,
3567875000, -4.935210e+001,
3569250000, -4.934850e+001,
3570625000, -4.940565e+001,
3572000000, -4.941254e+001,
3573375000, -4.948490e+001,
3574750000, -4.942612e+001,
3576125000, -4.946235e+001,
3577500000, -4.948210e+001,
3578875000, -4.945202e+001,
3580250000, -4.953326e+001,
3581625000, -4.952388e+001,
3583000000, -4.941413e+001,
3584375000, -4.949486e+001,
3585750000, -4.953128e+001,
3587125000, -4.954132e+001,
3588500000, -4.946318e+001,
3589875000, -4.949559e+001,
3591250000, -4.951136e+001,
3592625000, -4.948408e+001,
3594000000, -4.951540e+001,
3595375000, -4.951046e+001,
3596750000, -4.952016e+001,
3598125000, -4.950813e+001,
3599500000, -4.946601e+001,
3600875000, -4.946834e+001,
3602250000, -4.942981e+001,
3603625000, -4.940473e+001,
3605000000, -4.934660e+001,
3606375000, -4.941574e+001,
3607750000, -4.929199e+001,
3609125000, -4.935979e+001,
3610500000, -4.929934e+001,
3611875000, -4.930701e+001,
3613250000, -4.927287e+001,
3614625000, -4.925587e+001,
3616000000, -4.926663e+001,
3617375000, -4.924541e+001,
3618750000, -4.929972e+001,
3620125000, -4.926458e+001,
3621500000, -4.930910e+001,
3622875000, -4.929360e+001,
3624250000, -4.929427e+001,
3625625000, -4.933313e+001,
3627000000, -4.934093e+001,
3628375000, -4.932366e+001,
3629750000, -4.933757e+001,
3631125000, -4.931524e+001,
3632500000, -4.938874e+001,
3633875000, -4.930050e+001,
3635250000, -4.931637e+001,
3636625000, -4.930260e+001,
3638000000, -4.932463e+001,
3639375000, -4.927454e+001,
3640750000, -4.929376e+001,
3642125000, -4.931478e+001,
3643500000, -4.925702e+001,
3644875000, -4.924768e+001,
3646250000, -4.930713e+001,
3647625000, -4.929717e+001,
3649000000, -4.926387e+001,
3650375000, -4.932813e+001,
3651750000, -4.927345e+001,
3653125000, -4.933395e+001,
3654500000, -4.931060e+001,
3655875000, -4.931869e+001,
3657250000, -4.934055e+001,
3658625000, -4.929815e+001,
3660000000, -4.932968e+001,
3661375000, -4.931593e+001,
3662750000, -4.931740e+001,
3664125000, -4.936760e+001,
3665500000, -4.936360e+001,
3666875000, -4.937635e+001,
3668250000, -4.941469e+001,
3669625000, -4.941022e+001,
3671000000, -4.947629e+001,
3672375000, -4.948140e+001,
3673750000, -4.949581e+001,
3675125000, -4.950662e+001,
3676500000, -4.953263e+001,
3677875000, -4.957078e+001,
3679250000, -4.958585e+001,
3680625000, -4.957677e+001,
3682000000, -4.961176e+001,
3683375000, -4.963211e+001,
3684750000, -4.963787e+001,
3686125000, -4.968277e+001,
3687500000, -4.965777e+001,
3688875000, -4.970026e+001,
3690250000, -4.975916e+001,
3691625000, -4.972565e+001,
3693000000, -4.976322e+001,
3694375000, -4.972330e+001,
3695750000, -4.977740e+001,
3697125000, -4.982360e+001,
3698500000, -4.984669e+001,
3699875000, -4.978120e+001,
3701250000, -4.990186e+001,
3702625000, -4.985205e+001,
3704000000, -4.982187e+001,
3705375000, -4.988337e+001,
3706750000, -4.983206e+001,
3708125000, -4.981649e+001,
3709500000, -4.986240e+001,
3710875000, -4.994991e+001,
3712250000, -4.989524e+001,
3713625000, -4.987527e+001,
3715000000, -4.986800e+001,
3716375000, -4.992688e+001,
3717750000, -4.986385e+001,
3719125000, -4.986667e+001,
3720500000, -4.984061e+001,
3721875000, -4.990002e+001,
3723250000, -4.989533e+001,
3724625000, -4.988136e+001,
3726000000, -4.983235e+001,
3727375000, -4.985354e+001,
3728750000, -4.985206e+001,
3730125000, -4.984158e+001,
3731500000, -4.982716e+001,
3732875000, -4.978563e+001,
3734250000, -4.974887e+001,
3735625000, -4.975862e+001,
3737000000, -4.965997e+001,
3738375000, -4.968228e+001,
3739750000, -4.960788e+001,
3741125000, -4.960088e+001,
3742500000, -4.959319e+001,
3743875000, -4.952440e+001,
3745250000, -4.949731e+001,
3746625000, -4.944929e+001,
3748000000, -4.939553e+001,
3749375000, -4.937804e+001,
3750750000, -4.924348e+001,
3752125000, -4.924977e+001,
3753500000, -4.919896e+001,
3754875000, -4.915683e+001,
3756250000, -4.909774e+001,
3757625000, -4.904282e+001,
3759000000, -4.904547e+001,
3760375000, -4.901654e+001,
3761750000, -4.897528e+001,
3763125000, -4.887360e+001,
3764500000, -4.886567e+001,
3765875000, -4.877861e+001,
3767250000, -4.875591e+001,
3768625000, -4.875464e+001,
3770000000, -4.872752e+001,
3771375000, -4.867719e+001,
3772750000, -4.865834e+001,
3774125000, -4.863306e+001,
3775500000, -4.862233e+001,
3776875000, -4.857005e+001,
3778250000, -4.855008e+001,
3779625000, -4.852704e+001,
3781000000, -4.850399e+001,
3782375000, -4.853974e+001,
3783750000, -4.852987e+001,
3785125000, -4.850927e+001,
3786500000, -4.851963e+001,
3787875000, -4.850190e+001,
3789250000, -4.852002e+001,
3790625000, -4.854350e+001,
3792000000, -4.848877e+001,
3793375000, -4.855422e+001,
3794750000, -4.860135e+001,
3796125000, -4.857333e+001,
3797500000, -4.857194e+001,
3798875000, -4.857356e+001,
3800250000, -4.860168e+001,
3801625000, -4.870921e+001,
3803000000, -4.868462e+001,
3804375000, -4.864512e+001,
3805750000, -4.871377e+001,
3807125000, -4.869034e+001,
3808500000, -4.873714e+001,
3809875000, -4.874264e+001,
3811250000, -4.876072e+001,
3812625000, -4.878513e+001,
3814000000, -4.886349e+001,
3815375000, -4.890925e+001,
3816750000, -4.882510e+001,
3818125000, -4.891693e+001,
3819500000, -4.899620e+001,
3820875000, -4.899913e+001,
3822250000, -4.902239e+001,
3823625000, -4.906424e+001,
3825000000, -4.915875e+001,
3826375000, -4.918362e+001,
3827750000, -4.920515e+001,
3829125000, -4.925633e+001,
3830500000, -4.927469e+001,
3831875000, -4.931363e+001,
3833250000, -4.937176e+001,
3834625000, -4.939590e+001,
3836000000, -4.938055e+001,
3837375000, -4.950946e+001,
3838750000, -4.947060e+001,
3840125000, -4.953797e+001,
3841500000, -4.963711e+001,
3842875000, -4.966437e+001,
3844250000, -4.967755e+001,
3845625000, -4.968181e+001,
3847000000, -4.979537e+001,
3848375000, -4.980984e+001,
3849750000, -4.979676e+001,
3851125000, -4.986396e+001,
3852500000, -4.993761e+001,
3853875000, -4.993022e+001,
3855250000, -4.994378e+001,
3856625000, -5.001389e+001,
3858000000, -5.002147e+001,
3859375000, -5.002873e+001,
3860750000, -5.008130e+001,
3862125000, -5.012506e+001,
3863500000, -5.013629e+001,
3864875000, -5.017445e+001,
3866250000, -5.026141e+001,
3867625000, -5.021520e+001,
3869000000, -5.027785e+001,
3870375000, -5.027315e+001,
3871750000, -5.034833e+001,
3873125000, -5.036916e+001,
3874500000, -5.035100e+001,
3875875000, -5.040761e+001,
3877250000, -5.042672e+001,
3878625000, -5.046652e+001,
3880000000, -5.045037e+001,
3881375000, -5.047803e+001,
3882750000, -5.047723e+001,
3884125000, -5.054568e+001,
3885500000, -5.055225e+001,
3886875000, -5.059324e+001,
3888250000, -5.061375e+001,
3889625000, -5.065255e+001,
3891000000, -5.057909e+001,
3892375000, -5.065373e+001,
3893750000, -5.068757e+001,
3895125000, -5.061778e+001,
3896500000, -5.065697e+001,
3897875000, -5.060058e+001,
3899250000, -5.058166e+001,
3900625000, -5.067052e+001,
3902000000, -5.062843e+001,
3903375000, -5.063044e+001,
3904750000, -5.060816e+001,
3906125000, -5.056547e+001,
3907500000, -5.057843e+001,
3908875000, -5.057217e+001,
3910250000, -5.056371e+001,
3911625000, -5.053690e+001,
3913000000, -5.059552e+001,
3914375000, -5.053138e+001,
3915750000, -5.053965e+001,
3917125000, -5.050361e+001,
3918500000, -5.056722e+001,
3919875000, -5.052098e+001,
3921250000, -5.049519e+001,
3922625000, -5.047929e+001,
3924000000, -5.049159e+001,
3925375000, -5.049025e+001,
3926750000, -5.054530e+001,
3928125000, -5.044226e+001,
3929500000, -5.044986e+001,
3930875000, -5.047492e+001,
3932250000, -5.044408e+001,
3933625000, -5.042887e+001,
3935000000, -5.045480e+001,
3936375000, -5.045686e+001,
3937750000, -5.046136e+001,
3939125000, -5.043321e+001,
3940500000, -5.043885e+001,
3941875000, -5.044118e+001,
3943250000, -5.048641e+001,
3944625000, -5.043291e+001,
3946000000, -5.041041e+001,
3947375000, -5.047441e+001,
3948750000, -5.035130e+001,
3950125000, -5.045972e+001,
3951500000, -5.034822e+001,
3952875000, -5.035755e+001,
3954250000, -5.033374e+001,
3955625000, -5.034093e+001,
3957000000, -5.031194e+001,
3958375000, -5.032858e+001,
3959750000, -5.035940e+001,
3961125000, -5.035688e+001,
3962500000, -5.033271e+001,
3963875000, -5.030305e+001,
3965250000, -5.037471e+001,
3966625000, -5.032975e+001,
3968000000, -5.032523e+001,
3969375000, -5.035550e+001,
3970750000, -5.030925e+001,
3972125000, -5.033042e+001,
3973500000, -5.033761e+001,
3974875000, -5.033490e+001,
3976250000, -5.027571e+001,
3977625000, -5.025765e+001,
3979000000, -5.031938e+001,
3980375000, -5.033355e+001,
3981750000, -5.032499e+001,
3983125000, -5.036819e+001,
3984500000, -5.035112e+001,
3985875000, -5.032893e+001,
3987250000, -5.034890e+001,
3988625000, -5.033418e+001,
3990000000, -5.031509e+001,
3991375000, -5.041731e+001,
3992750000, -5.040319e+001,
3994125000, -5.040701e+001,
3995500000, -5.038464e+001,
3996875000, -5.036738e+001,
3998250000, -5.046193e+001,
3999625000, -5.036589e+001,
4001000000, -5.041434e+001,
4002375000, -5.038238e+001,
4003750000, -5.051139e+001,
4005125000, -5.044162e+001,
4006500000, -5.042992e+001,
4007875000, -5.047405e+001,
4009250000, -5.048541e+001,
4010625000, -5.045086e+001,
4012000000, -5.034913e+001,
4013375000, -5.042606e+001,
4014750000, -5.048002e+001,
4016125000, -5.047130e+001,
4017500000, -5.049080e+001,
4018875000, -5.045041e+001,
4020250000, -5.046659e+001,
4021625000, -5.048775e+001,
4023000000, -5.051238e+001,
4024375000, -5.054779e+001,
4025750000, -5.059360e+001,
4027125000, -5.055478e+001,
4028500000, -5.058214e+001,
4029875000, -5.057381e+001,
4031250000, -5.054318e+001,
4032625000, -5.058427e+001,
4034000000, -5.064185e+001,
4035375000, -5.058674e+001,
4036750000, -5.061223e+001,
4038125000, -5.060916e+001,
4039500000, -5.065028e+001,
4040875000, -5.068962e+001,
4042250000, -5.066930e+001,
4043625000, -5.068417e+001,
4045000000, -5.066206e+001,
4046375000, -5.069099e+001,
4047750000, -5.065515e+001,
4049125000, -5.070285e+001,
4050500000, -5.069251e+001,
4051875000, -5.076643e+001,
4053250000, -5.074132e+001,
4054625000, -5.078746e+001,
4056000000, -5.077086e+001,
4057375000, -5.080267e+001,
4058750000, -5.082582e+001,
4060125000, -5.080024e+001,
4061500000, -5.083321e+001,
4062875000, -5.083227e+001,
4064250000, -5.084641e+001,
4065625000, -5.095094e+001,
4067000000, -5.097990e+001,
4068375000, -5.098264e+001,
4069750000, -5.104392e+001,
4071125000, -5.101383e+001,
4072500000, -5.103584e+001,
4073875000, -5.111454e+001,
4075250000, -5.110330e+001,
4076625000, -5.115528e+001,
4078000000, -5.117732e+001,
4079375000, -5.119366e+001,
4080750000, -5.126406e+001,
4082125000, -5.137476e+001,
4083500000, -5.143231e+001,
4084875000, -5.147840e+001,
4086250000, -5.150484e+001,
4087625000, -5.159704e+001,
4089000000, -5.165700e+001,
4090375000, -5.158768e+001,
4091750000, -5.171304e+001,
4093125000, -5.174002e+001,
4094500000, -5.177217e+001,
4095875000, -5.183432e+001,
4097250000, -5.193908e+001,
4098625000, -5.200583e+001,
4100000000, -5.202689e+001,
4101375000, -5.215675e+001,
4102750000, -5.214872e+001,
4104125000, -5.212136e+001,
4105500000, -5.224246e+001,
4106875000, -5.228951e+001,
4108250000, -5.231029e+001,
4109625000, -5.238814e+001,
4111000000, -5.247679e+001,
4112375000, -5.253140e+001,
4113750000, -5.275369e+001,
4115125000, -5.284539e+001,
4116500000, -5.280693e+001,
4117875000, -5.293660e+001,
4119250000, -5.300116e+001,
4120625000, -5.303715e+001,
4122000000, -5.308340e+001,
4123375000, -5.321506e+001,
4124750000, -5.320120e+001,
4126125000, -5.332648e+001,
4127500000, -5.342749e+001,
4128875000, -5.350256e+001,
4130250000, -5.353430e+001,
4131625000, -5.367249e+001,
4133000000, -5.373326e+001,
4134375000, -5.368026e+001,
4135750000, -5.376314e+001,
4137125000, -5.385423e+001,
4138500000, -5.396034e+001,
4139875000, -5.392394e+001,
4141250000, -5.403471e+001,
4142625000, -5.409459e+001,
4144000000, -5.417769e+001,
4145375000, -5.422861e+001,
4146750000, -5.431219e+001,
4148125000, -5.448067e+001,
4149500000, -5.442046e+001,
4150875000, -5.460315e+001,
4152250000, -5.436058e+001,
4153625000, -5.463810e+001,
4155000000, -5.459661e+001,
4156375000, -5.473712e+001,
4157750000, -5.467632e+001,
4159125000, -5.466128e+001,
4160500000, -5.465157e+001,
4161875000, -5.497421e+001,
4163250000, -5.494870e+001,
4164625000, -5.483321e+001,
4166000000, -5.504890e+001,
4167375000, -5.479560e+001,
4168750000, -5.500534e+001,
4170125000, -5.501583e+001,
4171500000, -5.498631e+001,
4172875000, -5.502109e+001,
4174250000, -5.508871e+001,
4175625000, -5.510118e+001,
4177000000, -5.507310e+001,
4178375000, -5.516129e+001,
4179750000, -5.520457e+001,
4181125000, -5.528740e+001,
4182500000, -5.518161e+001,
4183875000, -5.535357e+001,
4185250000, -5.521805e+001,
4186625000, -5.527362e+001,
4188000000, -5.534738e+001,
4189375000, -5.543059e+001,
4190750000, -5.560250e+001,
4192125000, -5.516594e+001,
4193500000, -5.540745e+001,
4194875000, -5.538620e+001,
4196250000, -5.528828e+001,
4197625000, -5.542845e+001,
4199000000, -5.517442e+001,
4200375000, -5.547620e+001,
4201750000, -5.501842e+001,
4203125000, -5.531705e+001,
4204500000, -5.536131e+001,
4205875000, -5.523995e+001,
4207250000, -5.546118e+001,
4208625000, -5.505241e+001,
4210000000, -5.545602e+001,
4211375000, -5.535769e+001,
4212750000, -5.498877e+001,
4214125000, -5.526398e+001,
4215500000, -5.524313e+001,
4216875000, -5.524427e+001,
4218250000, -5.500356e+001,
4219625000, -5.482937e+001,
4221000000, -5.523317e+001,
4222375000, -5.485647e+001,
4223750000, -5.480839e+001,
4225125000, -5.518370e+001,
4226500000, -5.490384e+001,
4227875000, -5.514400e+001,
4229250000, -5.439978e+001,
4230625000, -5.487730e+001,
4232000000, -5.523278e+001,
4233375000, -5.468597e+001,
4234750000, -5.410658e+001,
4236125000, -5.516295e+001,
4237500000, -5.430680e+001,
4238875000, -5.490263e+001,
4240250000, -5.398533e+001,
4241625000, -5.413567e+001,
4243000000, -5.446474e+001,
4244375000, -5.448438e+001,
4245750000, -5.389852e+001,
4247125000, -5.430954e+001,
4248500000, -5.417565e+001,
4249875000, -5.430886e+001,
4251250000, -5.407803e+001,
4252625000, -5.374691e+001,
4254000000, -5.465110e+001,
4255375000, -5.444607e+001,
4256750000, -5.365970e+001,
4258125000, -5.333843e+001,
4259500000, -5.466681e+001,
4260875000, -5.329628e+001,
4262250000, -5.355141e+001,
4263625000, -5.417027e+001,
4265000000, -5.297638e+001,
4266375000, -5.373822e+001,
4267750000, -5.383326e+001,
4269125000, -5.365056e+001,
4270500000, -5.311649e+001,
4271875000, -5.380298e+001,
4273250000, -5.348387e+001,
4274625000, -5.343077e+001,
4276000000, -5.426112e+001,
4277375000, -5.309592e+001,
4278750000, -5.374548e+001,
4280125000, -5.416154e+001,
4281500000, -5.427896e+001,
4282875000, -5.289907e+001,
4284250000, -5.226149e+001,
4285625000, -5.463025e+001,
4287000000, -5.274853e+001,
4288375000, -5.159836e+001,
4289750000, -5.460573e+001,
4291125000, -5.203248e+001,
4292500000, -5.296602e+001,
4293875000, -5.282568e+001,
4295250000, -5.272114e+001,
4296625000, -5.424455e+001,
4298000000, -5.215947e+001,
4299375000, -5.196717e+001,
4300750000, -5.404004e+001,
4302125000, -5.247652e+001,
4303500000, -5.205866e+001,
4304875000, -5.457396e+001,
4306250000, -5.201075e+001,
4307625000, -5.289587e+001,
4309000000, -5.358941e+001,
4310375000, -5.317408e+001,
4311750000, -5.434611e+001,
4313125000, -5.436288e+001,
4314500000, -5.176832e+001,
4315875000, -5.089312e+001,
4317250000, -5.423422e+001,
4318625000, -5.118341e+001,
4320000000, -5.126764e+001,
4321375000, -4.932550e+001,
4322750000, -5.716036e+001,
4324125000, -4.884604e+001,
4325500000, -5.320952e+001,
4326875000, -5.276537e+001,
4328250000, -4.938923e+001,
4329625000, -5.162426e+001,
4331000000, -5.766986e+001,
4332375000, -5.254658e+001,
4333750000, -4.903593e+001,
4335125000, -4.968344e+001,
4336500000, -5.181775e+001,
4337875000, -5.653036e+001,
4339250000, -5.123351e+001,
4340625000, -4.897006e+001,
4342000000, -5.307669e+001,
4343375000, -5.369755e+001,
4344750000, -5.079030e+001,
4346125000, -5.219418e+001,
4347500000, -5.454728e+001,
4348875000, -5.271600e+001,
4350250000, -5.177534e+001,
4351625000, -5.361867e+001,
4353000000, -5.596801e+001,
4354375000, -5.617146e+001,
4355750000, -5.459443e+001,
4357125000, -5.505450e+001,
4358500000, -5.732640e+001,
4359875000, -5.732290e+001,
4361250000, -5.093482e+001,
4362625000, -3.595660e+001,
4364000000, -3.340961e+001,
4365375000, -3.429575e+001,
4366750000, -3.714653e+001,
4368125000, -3.707075e+001,
4369500000, -3.651441e+001,
4370875000, -3.718696e+001,
4372250000, -4.249444e+001,
4373625000, -5.350711e+001,
4375000000, -4.594542e+001,
4376375000, -4.446046e+001,
4377750000, -4.620441e+001,
4379125000, -5.613610e+001,
4380500000, -5.230976e+001,
4381875000, -4.599722e+001,
4383250000, -4.331008e+001,
4384625000, -4.381530e+001,
4386000000, -4.791350e+001,
4387375000, -5.089807e+001,
4388750000, -4.350541e+001,
4390125000, -4.197859e+001,
4391500000, -4.063902e+001,
4392875000, -4.300342e+001,
4394250000, -5.294813e+001,
4395625000, -5.252003e+001,
4397000000, -4.491453e+001,
4398375000, -4.576832e+001,
4399750000, -4.682465e+001,
4401125000, -5.015202e+001,
4402500000, -5.456330e+001,
4403875000, -5.222659e+001,
4405250000, -5.015676e+001,
4406625000, -4.990634e+001,
4408000000, -5.070560e+001,
4409375000, -5.124877e+001,
4410750000, -5.101419e+001,
4412125000, -5.081356e+001,
4413500000, -5.087141e+001,
4414875000, -5.101696e+001,
4416250000, -5.103826e+001,
4417625000, -5.107710e+001,
4419000000, -5.118452e+001,
4420375000, -5.121606e+001,
4421750000, -5.112890e+001,
4423125000, -5.104955e+001,
4424500000, -5.113495e+001,
4425875000, -5.133945e+001,
4427250000, -5.140774e+001,
4428625000, -5.132815e+001,
4430000000, -5.123899e+001,
4431375000, -5.132493e+001,
4432750000, -5.141101e+001,
4434125000, -5.153111e+001,
4435500000, -5.142962e+001,
4436875000, -5.130329e+001,
4438250000, -5.139505e+001,
4439625000, -5.156768e+001,
4441000000, -5.158625e+001,
4442375000, -5.153597e+001,
4443750000, -5.141642e+001,
4445125000, -5.154169e+001,
4446500000, -5.162182e+001,
4447875000, -5.162589e+001,
4449250000, -5.155910e+001,
4450625000, -5.157440e+001,
4452000000, -5.158620e+001,
4453375000, -5.165261e+001,
4454750000, -5.175065e+001,
4456125000, -5.160289e+001,
4457500000, -5.159752e+001,
4458875000, -5.162342e+001,
4460250000, -5.164339e+001,
4461625000, -5.172511e+001,
4463000000, -5.167020e+001,
4464375000, -5.166925e+001,
4465750000, -5.160522e+001,
4467125000, -5.154117e+001,
4468500000, -5.166075e+001,
4469875000, -5.163449e+001,
4471250000, -5.167038e+001,
4472625000, -5.165628e+001,
4474000000, -5.154112e+001,
4475375000, -5.163832e+001,
4476750000, -5.156860e+001,
4478125000, -5.159166e+001,
4479500000, -5.159639e+001,
4480875000, -5.149386e+001,
4482250000, -5.146904e+001,
4483625000, -5.152760e+001,
4485000000, -5.148873e+001,
4486375000, -5.144971e+001,
4487750000, -5.140179e+001,
4489125000, -5.138026e+001,
4490500000, -5.138178e+001,
4491875000, -5.130607e+001,
4493250000, -5.124426e+001,
4494625000, -5.127190e+001,
4496000000, -5.121349e+001,
4497375000, -5.118617e+001,
4498750000, -5.119161e+001,
4500125000, -5.116037e+001,
4501500000, -5.121274e+001,
4502875000, -5.107919e+001,
4504250000, -5.111658e+001,
4505625000, -5.104617e+001,
4507000000, -5.098626e+001,
4508375000, -5.091580e+001,
4509750000, -5.090467e+001,
4511125000, -5.087593e+001,
4512500000, -5.085384e+001,
4513875000, -5.081560e+001,
4515250000, -5.079252e+001,
4516625000, -5.073827e+001,
4518000000, -5.070089e+001,
4519375000, -5.068924e+001,
4520750000, -5.068154e+001,
4522125000, -5.061701e+001,
4523500000, -5.058722e+001,
4524875000, -5.056389e+001,
4526250000, -5.049200e+001,
4527625000, -5.045903e+001,
4529000000, -5.046962e+001,
4530375000, -5.037980e+001,
4531750000, -5.036569e+001,
4533125000, -5.034442e+001,
4534500000, -5.028896e+001,
4535875000, -5.028918e+001,
4537250000, -5.026680e+001,
4538625000, -5.021630e+001,
4540000000, -5.020046e+001,
4541375000, -5.017275e+001,
4542750000, -5.014824e+001,
4544125000, -5.015751e+001,
4545500000, -5.011878e+001,
4546875000, -5.006924e+001,
4548250000, -5.005997e+001,
4549625000, -5.000763e+001,
4551000000, -5.004017e+001,
4552375000, -4.999377e+001,
4553750000, -4.997200e+001,
4555125000, -4.995673e+001,
4556500000, -4.994060e+001,
4557875000, -4.991077e+001,
4559250000, -4.996350e+001,
4560625000, -4.991797e+001,
4562000000, -4.995858e+001,
4563375000, -4.986289e+001,
4564750000, -4.994266e+001,
4566125000, -4.991060e+001,
4567500000, -4.987968e+001,
4568875000, -4.984305e+001,
4570250000, -4.988195e+001,
4571625000, -4.986917e+001,
4573000000, -4.988590e+001,
4574375000, -4.982763e+001,
4575750000, -4.993523e+001,
4577125000, -4.988385e+001,
4578500000, -4.987790e+001,
4579875000, -4.988724e+001,
4581250000, -4.988660e+001,
4582625000, -4.992206e+001,
4584000000, -4.989983e+001,
4585375000, -4.993753e+001,
4586750000, -4.994717e+001,
4588125000, -4.992508e+001,
4589500000, -4.990145e+001,
4590875000, -4.988797e+001,
4592250000, -4.998552e+001,
4593625000, -4.996352e+001,
4595000000, -5.000356e+001,
4596375000, -4.998009e+001,
4597750000, -4.997564e+001,
4599125000, -4.999338e+001,
4600500000, -4.999465e+001,
4601875000, -5.001894e+001,
4603250000, -5.004528e+001,
4604625000, -5.005774e+001,
4606000000, -5.004342e+001,
4607375000, -5.004800e+001,
4608750000, -5.010852e+001,
4610125000, -5.013195e+001,
4611500000, -5.009945e+001,
4612875000, -5.008932e+001,
4614250000, -5.013388e+001,
4615625000, -5.018649e+001,
4617000000, -5.016606e+001,
4618375000, -5.019664e+001,
4619750000, -5.013858e+001,
4621125000, -5.016496e+001,
4622500000, -5.015518e+001,
4623875000, -5.023018e+001,
4625250000, -5.016672e+001,
4626625000, -5.021370e+001,
4628000000, -5.020662e+001,
4629375000, -5.023880e+001,
4630750000, -5.023874e+001,
4632125000, -5.019595e+001,
4633500000, -5.028476e+001,
4634875000, -5.028304e+001,
4636250000, -5.027361e+001,
4637625000, -5.033339e+001,
4639000000, -5.029250e+001,
4640375000, -5.032057e+001,
4641750000, -5.032234e+001,
4643125000, -5.033532e+001,
4644500000, -5.036771e+001,
4645875000, -5.038042e+001,
4647250000, -5.039197e+001,
4648625000, -5.035800e+001,
4650000000, -5.040324e+001,
4651375000, -5.041582e+001,
4652750000, -5.044382e+001,
4654125000, -5.044081e+001,
4655500000, -5.044942e+001,
4656875000, -5.048369e+001,
4658250000, -5.045663e+001,
4659625000, -5.042737e+001,
4661000000, -5.049839e+001,
4662375000, -5.050341e+001,
4663750000, -5.048930e+001,
4665125000, -5.048766e+001,
4666500000, -5.051099e+001,
4667875000, -5.054434e+001,
4669250000, -5.061916e+001,
4670625000, -5.057809e+001,
4672000000, -5.060261e+001,
4673375000, -5.061618e+001,
4674750000, -5.065313e+001,
4676125000, -5.067230e+001,
4677500000, -5.069567e+001,
4678875000, -5.073119e+001,
4680250000, -5.072006e+001,
4681625000, -5.073724e+001,
4683000000, -5.076102e+001,
4684375000, -5.079594e+001,
4685750000, -5.080626e+001,
4687125000, -5.083981e+001,
4688500000, -5.085784e+001,
4689875000, -5.085033e+001,
4691250000, -5.092809e+001,
4692625000, -5.094986e+001,
4694000000, -5.098199e+001,
4695375000, -5.098657e+001,
4696750000, -5.100145e+001,
4698125000, -5.107150e+001,
4699500000, -5.111163e+001,
4700875000, -5.111235e+001,
4702250000, -5.115713e+001,
4703625000, -5.116008e+001,
4705000000, -5.123508e+001,
4706375000, -5.119333e+001,
4707750000, -5.131281e+001,
4709125000, -5.130797e+001,
4710500000, -5.129027e+001,
4711875000, -5.146333e+001,
4713250000, -5.134686e+001,
4714625000, -5.139624e+001,
4716000000, -5.148579e+001,
4717375000, -5.141837e+001,
4718750000, -5.153421e+001,
4720125000, -5.153608e+001,
4721500000, -5.161199e+001,
4722875000, -5.158401e+001,
4724250000, -5.162178e+001,
4725625000, -5.163375e+001,
4727000000, -5.171101e+001,
4728375000, -5.167245e+001,
4729750000, -5.171440e+001,
4731125000, -5.174556e+001,
4732500000, -5.180632e+001,
4733875000, -5.179423e+001,
4735250000, -5.182473e+001,
4736625000, -5.182918e+001,
4738000000, -5.181606e+001,
4739375000, -5.187693e+001,
4740750000, -5.183555e+001,
4742125000, -5.191306e+001,
4743500000, -5.196147e+001,
4744875000, -5.192596e+001,
4746250000, -5.188930e+001,
4747625000, -5.193675e+001,
4749000000, -5.191266e+001,
4750375000, -5.190969e+001,
4751750000, -5.196804e+001,
4753125000, -5.193206e+001,
4754500000, -5.197530e+001,
4755875000, -5.197283e+001,
4757250000, -5.192677e+001,
4758625000, -5.194186e+001,
4760000000, -5.190057e+001,
4761375000, -5.191561e+001,
4762750000, -5.197875e+001,
4764125000, -5.189591e+001,
4765500000, -5.194571e+001,
4766875000, -5.179259e+001,
4768250000, -5.188618e+001,
4769625000, -5.190482e+001,
4771000000, -5.187545e+001,
4772375000, -5.177998e+001,
4773750000, -5.181644e+001,
4775125000, -5.179663e+001,
4776500000, -5.183184e+001,
4777875000, -5.175454e+001,
4779250000, -5.175648e+001,
4780625000, -5.171593e+001,
4782000000, -5.169912e+001,
4783375000, -5.164241e+001,
4784750000, -5.163465e+001,
4786125000, -5.160719e+001,
4787500000, -5.160477e+001,
4788875000, -5.160028e+001,
4790250000, -5.153283e+001,
4791625000, -5.148955e+001,
4793000000, -5.148097e+001,
4794375000, -5.141331e+001,
4795750000, -5.140917e+001,
4797125000, -5.136883e+001,
4798500000, -5.134280e+001,
4799875000, -5.135123e+001,
4801250000, -5.133531e+001,
4802625000, -5.125120e+001,
4804000000, -5.128408e+001,
4805375000, -5.115499e+001,
4806750000, -5.113100e+001,
4808125000, -5.115327e+001,
4809500000, -5.115484e+001,
4810875000, -5.105868e+001,
4812250000, -5.103978e+001,
4813625000, -5.101989e+001,
4815000000, -5.103307e+001,
4816375000, -5.097318e+001,
4817750000, -5.091707e+001,
4819125000, -5.093701e+001,
4820500000, -5.091396e+001,
4821875000, -5.088901e+001,
4823250000, -5.088276e+001,
4824625000, -5.081896e+001,
4826000000, -5.081549e+001,
4827375000, -5.078265e+001,
4828750000, -5.080943e+001,
4830125000, -5.079709e+001,
4831500000, -5.081301e+001,
4832875000, -5.081569e+001,
4834250000, -5.073158e+001,
4835625000, -5.075319e+001,
4837000000, -5.078600e+001,
4838375000, -5.075051e+001,
4839750000, -5.073521e+001,
4841125000, -5.072853e+001,
4842500000, -5.080665e+001,
4843875000, -5.082650e+001,
4845250000, -5.080990e+001,
4846625000, -5.082819e+001,
4848000000, -5.081754e+001,
4849375000, -5.083149e+001,
4850750000, -5.084128e+001,
4852125000, -5.087241e+001,
4853500000, -5.090996e+001,
4854875000, -5.095129e+001,
4856250000, -5.094457e+001,
4857625000, -5.096283e+001,
4859000000, -5.101765e+001,
4860375000, -5.110707e+001,
4861750000, -5.108389e+001,
4863125000, -5.108344e+001,
4864500000, -5.111641e+001,
4865875000, -5.118176e+001,
4867250000, -5.122725e+001,
4868625000, -5.127631e+001,
4870000000, -5.126946e+001,
4871375000, -5.139682e+001,
4872750000, -5.143890e+001,
4874125000, -5.142230e+001,
4875500000, -5.149662e+001,
4876875000, -5.156728e+001,
4878250000, -5.151369e+001,
4879625000, -5.159151e+001,
4881000000, -5.161143e+001,
4882375000, -5.173783e+001,
4883750000, -5.171885e+001,
4885125000, -5.173986e+001,
4886500000, -5.180803e+001,
4887875000, -5.181854e+001,
4889250000, -5.188210e+001,
4890625000, -5.195317e+001,
4892000000, -5.199992e+001,
4893375000, -5.209995e+001,
4894750000, -5.210903e+001,
4896125000, -5.216086e+001,
4897500000, -5.218372e+001,
4898875000, -5.222515e+001,
4900250000, -5.226777e+001,
4901625000, -5.232911e+001,
4903000000, -5.242285e+001,
4904375000, -5.239929e+001,
4905750000, -5.244557e+001,
4907125000, -5.240747e+001,
4908500000, -5.249675e+001,
4909875000, -5.250836e+001,
4911250000, -5.261149e+001,
4912625000, -5.254527e+001,
4914000000, -5.260418e+001,
4915375000, -5.258781e+001,
4916750000, -5.263486e+001,
4918125000, -5.271273e+001,
4919500000, -5.272530e+001,
4920875000, -5.274770e+001,
4922250000, -5.271253e+001,
4923625000, -5.274767e+001,
4925000000, -5.270845e+001,
4926375000, -5.271613e+001,
4927750000, -5.278262e+001,
4929125000, -5.276280e+001,
4930500000, -5.287689e+001,
4931875000, -5.279063e+001,
4933250000, -5.278561e+001,
4934625000, -5.288245e+001,
4936000000, -5.286574e+001,
4937375000, -5.292360e+001,
4938750000, -5.286900e+001,
4940125000, -5.290115e+001,
4941500000, -5.291623e+001,
4942875000, -5.291093e+001,
4944250000, -5.291803e+001,
4945625000, -5.283387e+001,
4947000000, -5.286522e+001,
4948375000, -5.281743e+001,
4949750000, -5.285043e+001,
4951125000, -5.289204e+001,
4952500000, -5.289062e+001,
4953875000, -5.284385e+001,
4955250000, -5.290245e+001,
4956625000, -5.288667e+001,
4958000000, -5.290055e+001,
4959375000, -5.290883e+001,
4960750000, -5.288153e+001,
4962125000, -5.291614e+001,
4963500000, -5.288282e+001,
4964875000, -5.293724e+001,
4966250000, -5.292274e+001,
4967625000, -5.289025e+001,
4969000000, -5.292970e+001,
4970375000, -5.299191e+001,
4971750000, -5.295304e+001,
4973125000, -5.296849e+001,
4974500000, -5.295123e+001,
4975875000, -5.298341e+001,
4977250000, -5.292585e+001,
4978625000, -5.290870e+001,
4980000000, -5.293296e+001,
4981375000, -5.289656e+001,
4982750000, -5.287175e+001,
4984125000, -5.294038e+001,
4985500000, -5.289453e+001,
4986875000, -5.287697e+001,
4988250000, -5.286438e+001,
4989625000, -5.290991e+001,
4991000000, -5.283262e+001,
4992375000, -5.286141e+001,
4993750000, -5.285129e+001,
4995125000, -5.290822e+001,
4996500000, -5.285720e+001,
4997875000, -5.286272e+001,
4999250000, -5.284536e+001,
5000625000, -5.285154e+001,
5002000000, -5.278787e+001,
5003375000, -5.280147e+001,
5004750000, -5.280873e+001,
5006125000, -5.286078e+001,
5007500000, -5.284151e+001,
5008875000, -5.282579e+001,
5010250000, -5.280767e+001,
5011625000, -5.281868e+001,
5013000000, -5.284650e+001,
5014375000, -5.279277e+001,
5015750000, -5.278687e+001,
5017125000, -5.276510e+001,
5018500000, -5.276848e+001,
5019875000, -5.283860e+001,
5021250000, -5.280354e+001,
5022625000, -5.276442e+001,
5024000000, -5.282531e+001,
5025375000, -5.276814e+001,
5026750000, -5.276788e+001,
5028125000, -5.273235e+001,
5029500000, -5.279480e+001,
5030875000, -5.277771e+001,
5032250000, -5.277122e+001,
5033625000, -5.275306e+001,
5035000000, -5.271666e+001,
5036375000, -5.269840e+001,
5037750000, -5.264505e+001,
5039125000, -5.266367e+001,
5040500000, -5.268189e+001,
5041875000, -5.262956e+001,
5043250000, -5.261886e+001,
5044625000, -5.265601e+001,
5046000000, -5.259896e+001,
5047375000, -5.257564e+001,
5048750000, -5.264130e+001,
5050125000, -5.259686e+001,
5051500000, -5.249682e+001,
5052875000, -5.257281e+001,
5054250000, -5.256353e+001,
5055625000, -5.251030e+001,
5057000000, -5.254749e+001,
5058375000, -5.244506e+001,
5059750000, -5.249203e+001,
5061125000, -5.242009e+001,
5062500000, -5.240807e+001,
5063875000, -5.241392e+001,
5065250000, -5.239954e+001,
5066625000, -5.240676e+001,
5068000000, -5.235163e+001,
5069375000, -5.229261e+001,
5070750000, -5.230426e+001,
5072125000, -5.222738e+001,
5073500000, -5.219898e+001,
5074875000, -5.217903e+001,
5076250000, -5.218818e+001,
5077625000, -5.211277e+001,
5079000000, -5.209269e+001,
5080375000, -5.205227e+001,
5081750000, -5.196486e+001,
5083125000, -5.191419e+001,
5084500000, -5.194490e+001,
5085875000, -5.185551e+001,
5087250000, -5.178895e+001,
5088625000, -5.178839e+001,
5090000000, -5.177004e+001,
5091375000, -5.172508e+001,
5092750000, -5.176300e+001,
5094125000, -5.168993e+001,
5095500000, -5.165327e+001,
5096875000, -5.165462e+001,
5098250000, -5.159658e+001,
5099625000, -5.155578e+001,
5101000000, -5.151891e+001,
5102375000, -5.150698e+001,
5103750000, -5.144314e+001,
5105125000, -5.144938e+001,
5106500000, -5.144382e+001,
5107875000, -5.142551e+001,
5109250000, -5.140541e+001,
5110625000, -5.139899e+001,
5112000000, -5.142474e+001,
5113375000, -5.139964e+001,
5114750000, -5.142185e+001,
5116125000, -5.142112e+001,
5117500000, -5.144086e+001,
5118875000, -5.142447e+001,
5120250000, -5.143224e+001,
5121625000, -5.140064e+001,
5123000000, -5.138723e+001,
5124375000, -5.140168e+001,
5125750000, -5.141506e+001,
5127125000, -5.144119e+001,
5128500000, -5.139877e+001,
5129875000, -5.138824e+001,
5131250000, -5.142528e+001,
5132625000, -5.147923e+001,
5134000000, -5.140322e+001,
5135375000, -5.142197e+001,
5136750000, -5.143958e+001,
5138125000, -5.147269e+001,
5139500000, -5.141602e+001,
5140875000, -5.149864e+001,
5142250000, -5.153251e+001,
5143625000, -5.154933e+001,
5145000000, -5.160423e+001,
5146375000, -5.164271e+001,
5147750000, -5.164828e+001,
5149125000, -5.171564e+001,
5150500000, -5.175658e+001,
5151875000, -5.182510e+001,
5153250000, -5.181612e+001,
5154625000, -5.188565e+001,
5156000000, -5.190771e+001,
5157375000, -5.196986e+001,
5158750000, -5.203627e+001,
5160125000, -5.209491e+001,
5161500000, -5.204225e+001,
5162875000, -5.209374e+001,
5164250000, -5.218348e+001,
5165625000, -5.221583e+001,
5167000000, -5.227271e+001,
5168375000, -5.234135e+001,
5169750000, -5.239492e+001,
5171125000, -5.238706e+001,
5172500000, -5.238775e+001,
5173875000, -5.253902e+001,
5175250000, -5.252190e+001,
5176625000, -5.258731e+001,
5178000000, -5.259955e+001,
5179375000, -5.265416e+001,
5180750000, -5.275921e+001,
5182125000, -5.275346e+001,
5183500000, -5.274338e+001,
5184875000, -5.282381e+001,
5186250000, -5.282076e+001,
5187625000, -5.285571e+001,
5189000000, -5.277151e+001,
5190375000, -5.285723e+001,
5191750000, -5.286075e+001,
5193125000, -5.288195e+001,
5194500000, -5.281770e+001,
5195875000, -5.285680e+001,
5197250000, -5.278392e+001,
5198625000, -5.291486e+001,
5200000000, -5.287873e+001,
