"S21 Log Mag"
"Frequency (Hz)","dB",
3000000000, -5.067160e+001,
3001375000, -5.065221e+001,
3002750000, -5.061441e+001,
3004125000, -5.058518e+001,
3005500000, -5.061985e+001,
3006875000, -5.053728e+001,
3008250000, -5.047052e+001,
3009625000, -5.043467e+001,
3011000000, -5.042140e+001,
3012375000, -5.032484e+001,
3013750000, -5.031247e+001,
3015125000, -5.033161e+001,
3016500000, -5.027077e+001,
3017875000, -5.022809e+001,
3019250000, -5.020827e+001,
3020625000, -5.012093e+001,
3022000000, -5.009765e+001,
3023375000, -5.001115e+001,
3024750000, -4.998968e+001,
3026125000, -4.995325e+001,
3027500000, -4.987310e+001,
3028875000, -4.985075e+001,
3030250000, -4.983068e+001,
3031625000, -4.979587e+001,
3033000000, -4.975494e+001,
3034375000, -4.974680e+001,
3035750000, -4.963605e+001,
3037125000, -4.958355e+001,
3038500000, -4.953600e+001,
3039875000, -4.951364e+001,
3041250000, -4.945232e+001,
3042625000, -4.942268e+001,
3044000000, -4.937383e+001,
3045375000, -4.934798e+001,
3046750000, -4.929738e+001,
3048125000, -4.927337e+001,
3049500000, -4.919459e+001,
3050875000, -4.921066e+001,
3052250000, -4.913018e+001,
3053625000, -4.909659e+001,
3055000000, -4.911853e+001,
3056375000, -4.906043e+001,
3057750000, -4.903694e+001,
3059125000, -4.894922e+001,
3060500000, -4.888137e+001,
3061875000, -4.890021e+001,
3063250000, -4.886089e+001,
3064625000, -4.885316e+001,
3066000000, -4.874966e+001,
3067375000, -4.872239e+001,
3068750000, -4.877477e+001,
3070125000, -4.868664e+001,
3071500000, -4.865512e+001,
3072875000, -4.864345e+001,
3074250000, -4.858508e+001,
3075625000, -4.853003e+001,
3077000000, -4.851109e+001,
3078375000, -4.851786e+001,
3079750000, -4.849167e+001,
3081125000, -4.845831e+001,
3082500000, -4.845422e+001,
3083875000, -4.836893e+001,
3085250000, -4.834805e+001,
3086625000, -4.835613e+001,
3088000000, -4.832829e+001,
3089375000, -4.824575e+001,
3090750000, -4.828235e+001,
3092125000, -4.824520e+001,
3093500000, -4.816819e+001,
3094875000, -4.819661e+001,
3096250000, -4.812572e+001,
3097625000, -4.811102e+001,
3099000000, -4.809510e+001,
3100375000, -4.802668e+001,
3101750000, -4.806286e+001,
3103125000, -4.796880e+001,
3104500000, -4.798055e+001,
3105875000, -4.797807e+001,
3107250000, -4.795699e+001,
3108625000, -4.791527e+001,
3110000000, -4.790828e+001,
3111375000, -4.787688e+001,
3112750000, -4.789651e+001,
3114125000, -4.783355e+001,
3115500000, -4.778537e+001,
3116875000, -4.781829e+001,
3118250000, -4.776464e+001,
3119625000, -4.773987e+001,
3121000000, -4.773340e+001,
3122375000, -4.770828e+001,
3123750000, -4.776822e+001,
3125125000, -4.768490e+001,
3126500000, -4.769845e+001,
3127875000, -4.771898e+001,
3129250000, -4.764277e+001,
3130625000, -4.763393e+001,
3132000000, -4.760405e+001,
3133375000, -4.759114e+001,
3134750000, -4.764625e+001,
3136125000, -4.763579e+001,
3137500000, -4.764402e+001,
3138875000, -4.761262e+001,
3140250000, -4.762966e+001,
3141625000, -4.755589e+001,
3143000000, -4.750812e+001,
3144375000, -4.752619e+001,
3145750000, -4.756594e+001,
3147125000, -4.753296e+001,
3148500000, -4.748124e+001,
3149875000, -4.749212e+001,
3151250000, -4.754245e+001,
3152625000, -4.746336e+001,
3154000000, -4.750950e+001,
3155375000, -4.748565e+001,
3156750000, -4.750173e+001,
3158125000, -4.754535e+001,
3159500000, -4.745235e+001,
3160875000, -4.753699e+001,
3162250000, -4.754634e+001,
3163625000, -4.751893e+001,
3165000000, -4.751630e+001,
3166375000, -4.751505e+001,
3167750000, -4.756219e+001,
3169125000, -4.755365e+001,
3170500000, -4.759843e+001,
3171875000, -4.755953e+001,
3173250000, -4.755176e+001,
3174625000, -4.760564e+001,
3176000000, -4.756535e+001,
3177375000, -4.760640e+001,
3178750000, -4.762524e+001,
3180125000, -4.761202e+001,
3181500000, -4.766029e+001,
3182875000, -4.763212e+001,
3184250000, -4.766748e+001,
3185625000, -4.770762e+001,
3187000000, -4.771583e+001,
3188375000, -4.767114e+001,
3189750000, -4.773425e+001,
3191125000, -4.775999e+001,
3192500000, -4.774669e+001,
3193875000, -4.779183e+001,
3195250000, -4.784321e+001,
3196625000, -4.789825e+001,
3198000000, -4.785714e+001,
3199375000, -4.795776e+001,
3200750000, -4.797709e+001,
3202125000, -4.802784e+001,
3203500000, -4.802854e+001,
3204875000, -4.806280e+001,
3206250000, -4.812219e+001,
3207625000, -4.814013e+001,
3209000000, -4.815891e+001,
3210375000, -4.820205e+001,
3211750000, -4.826326e+001,
3213125000, -4.825699e+001,
3214500000, -4.833461e+001,
3215875000, -4.837939e+001,
3217250000, -4.837942e+001,
3218625000, -4.847592e+001,
3220000000, -4.847849e+001,
3221375000, -4.854076e+001,
3222750000, -4.858111e+001,
3224125000, -4.860057e+001,
3225500000, -4.875317e+001,
3226875000, -4.874017e+001,
3228250000, -4.872520e+001,
3229625000, -4.877468e+001,
3231000000, -4.883057e+001,
3232375000, -4.894634e+001,
3233750000, -4.895283e+001,
3235125000, -4.905278e+001,
3236500000, -4.904898e+001,
3237875000, -4.902648e+001,
3239250000, -4.911449e+001,
3240625000, -4.921283e+001,
3242000000, -4.919843e+001,
3243375000, -4.924300e+001,
3244750000, -4.926376e+001,
3246125000, -4.934403e+001,
3247500000, -4.935802e+001,
3248875000, -4.937587e+001,
3250250000, -4.942677e+001,
3251625000, -4.944766e+001,
3253000000, -4.944873e+001,
3254375000, -4.949719e+001,
3255750000, -4.946757e+001,
3257125000, -4.954290e+001,
3258500000, -4.951542e+001,
3259875000, -4.953577e+001,
3261250000, -4.959100e+001,
3262625000, -4.955262e+001,
3264000000, -4.947894e+001,
3265375000, -4.952632e+001,
3266750000, -4.951018e+001,
3268125000, -4.954761e+001,
3269500000, -4.954102e+001,
3270875000, -4.953340e+001,
3272250000, -4.953789e+001,
3273625000, -4.948985e+001,
3275000000, -4.957870e+001,
3276375000, -4.950147e+001,
3277750000, -4.947428e+001,
3279125000, -4.944710e+001,
3280500000, -4.952274e+001,
3281875000, -4.947476e+001,
3283250000, -4.937056e+001,
3284625000, -4.942894e+001,
3286000000, -4.938010e+001,
3287375000, -4.947063e+001,
3288750000, -4.937285e+001,
3290125000, -4.931477e+001,
3291500000, -4.930125e+001,
3292875000, -4.925148e+001,
3294250000, -4.927386e+001,
3295625000, -4.927013e+001,
3297000000, -4.919724e+001,
3298375000, -4.914457e+001,
3299750000, -4.909692e+001,
3301125000, -4.908854e+001,
3302500000, -4.903899e+001,
3303875000, -4.900375e+001,
3305250000, -4.899850e+001,
3306625000, -4.891581e+001,
3308000000, -4.887239e+001,
3309375000, -4.889747e+001,
3310750000, -4.884558e+001,
3312125000, -4.880379e+001,
3313500000, -4.874314e+001,
3314875000, -4.873650e+001,
3316250000, -4.869201e+001,
3317625000, -4.864744e+001,
3319000000, -4.863030e+001,
3320375000, -4.858840e+001,
3321750000, -4.853772e+001,
3323125000, -4.853638e+001,
3324500000, -4.846747e+001,
3325875000, -4.843312e+001,
3327250000, -4.835923e+001,
3328625000, -4.838226e+001,
3330000000, -4.830014e+001,
3331375000, -4.824311e+001,
3332750000, -4.824602e+001,
3334125000, -4.818085e+001,
3335500000, -4.813617e+001,
3336875000, -4.809699e+001,
3338250000, -4.807955e+001,
3339625000, -4.803418e+001,
3341000000, -4.793358e+001,
3342375000, -4.794940e+001,
3343750000, -4.796909e+001,
3345125000, -4.790713e+001,
3346500000, -4.791687e+001,
3347875000, -4.793567e+001,
3349250000, -4.790175e+001,
3350625000, -4.784197e+001,
3352000000, -4.786670e+001,
3353375000, -4.782880e+001,
3354750000, -4.783438e+001,
3356125000, -4.782962e+001,
3357500000, -4.779210e+001,
3358875000, -4.781322e+001,
3360250000, -4.780449e+001,
3361625000, -4.777627e+001,
3363000000, -4.780987e+001,
3364375000, -4.780980e+001,
3365750000, -4.779636e+001,
3367125000, -4.786027e+001,
3368500000, -4.781342e+001,
3369875000, -4.785011e+001,
3371250000, -4.790437e+001,
3372625000, -4.785012e+001,
3374000000, -4.788848e+001,
3375375000, -4.791063e+001,
3376750000, -4.794225e+001,
3378125000, -4.796387e+001,
3379500000, -4.795276e+001,
3380875000, -4.802377e+001,
3382250000, -4.804804e+001,
3383625000, -4.808193e+001,
3385000000, -4.803587e+001,
3386375000, -4.804865e+001,
3387750000, -4.805367e+001,
3389125000, -4.808617e+001,
3390500000, -4.818959e+001,
3391875000, -4.812773e+001,
3393250000, -4.819688e+001,
3394625000, -4.822945e+001,
3396000000, -4.826976e+001,
3397375000, -4.826488e+001,
3398750000, -4.824140e+001,
3400125000, -4.832324e+001,
3401500000, -4.841381e+001,
3402875000, -4.833310e+001,
3404250000, -4.837984e+001,
3405625000, -4.844376e+001,
3407000000, -4.845024e+001,
3408375000, -4.842857e+001,
3409750000, -4.846901e+001,
3411125000, -4.850052e+001,
3412500000, -4.851537e+001,
3413875000, -4.856868e+001,
3415250000, -4.852235e+001,
3416625000, -4.849928e+001,
3418000000, -4.860862e+001,
3419375000, -4.858775e+001,
3420750000, -4.861562e+001,
3422125000, -4.861588e+001,
3423500000, -4.859230e+001,
3424875000, -4.864233e+001,
3426250000, -4.862967e+001,
3427625000, -4.863020e+001,
3429000000, -4.864049e+001,
3430375000, -4.859946e+001,
3431750000, -4.861842e+001,
3433125000, -4.864592e+001,
3434500000, -4.867390e+001,
3435875000, -4.868997e+001,
3437250000, -4.872607e+001,
3438625000, -4.861963e+001,
3440000000, -4.866518e+001,
3441375000, -4.871449e+001,
3442750000, -4.864877e+001,
3444125000, -4.868249e+001,
3445500000, -4.869337e+001,
3446875000, -4.871448e+001,
3448250000, -4.868908e+001,
3449625000, -4.870169e+001,
3451000000, -4.874734e+001,
3452375000, -4.871180e+001,
3453750000, -4.868602e+001,
3455125000, -4.872663e+001,
3456500000, -4.877699e+001,
3457875000, -4.870092e+001,
3459250000, -4.874710e+001,
3460625000, -4.868633e+001,
3462000000, -4.873021e+001,
3463375000, -4.866734e+001,
3464750000, -4.870449e+001,
3466125000, -4.866377e+001,
3467500000, -4.865196e+001,
3468875000, -4.867290e+001,
3470250000, -4.863904e+001,
3471625000, -4.871995e+001,
3473000000, -4.865384e+001,
3474375000, -4.865360e+001,
3475750000, -4.868477e+001,
3477125000, -4.867103e+001,
3478500000, -4.865686e+001,
3479875000, -4.865125e+001,
3481250000, -4.868075e+001,
3482625000, -4.875305e+001,
3484000000, -4.872834e+001,
3485375000, -4.867604e+001,
3486750000, -4.870736e+001,
3488125000, -4.871458e+001,
3489500000, -4.871848e+001,
3490875000, -4.874450e+001,
3492250000, -4.879548e+001,
3493625000, -4.876044e+001,
3495000000, -4.876506e+001,
3496375000, -4.872826e+001,
3497750000, -4.876572e+001,
3499125000, -4.875425e+001,
3500500000, -4.874084e+001,
3501875000, -4.877691e+001,
3503250000, -4.880024e+001,
3504625000, -4.881348e+001,
3506000000, -4.878350e+001,
3507375000, -4.874751e+001,
3508750000, -4.882900e+001,
3510125000, -4.883278e+001,
3511500000, -4.883103e+001,
3512875000, -4.884052e+001,
3514250000, -4.885184e+001,
3515625000, -4.886239e+001,
3517000000, -4.883944e+001,
3518375000, -4.886720e+001,
3519750000, -4.891386e+001,
3521125000, -4.896235e+001,
3522500000, -4.895110e+001,
3523875000, -4.894403e+001,
3525250000, -4.900994e+001,
3526625000, -4.904665e+001,
3528000000, -4.901188e+001,
3529375000, -4.907234e+001,
3530750000, -4.916061e+001,
3532125000, -4.909804e+001,
3533500000, -4.913621e+001,
3534875000, -4.924781e+001,
3536250000, -4.928564e+001,
3537625000, -4.930130e+001,
3539000000, -4.939511e+001,
3540375000, -4.932824e+001,
3541750000, -4.947825e+001,
3543125000, -4.949846e+001,
3544500000, -4.945230e+001,
3545875000, -4.946740e+001,
3547250000, -4.960811e+001,
3548625000, -4.966800e+001,
3550000000, -4.972489e+001,
3551375000, -4.962853e+001,
3552750000, -4.978593e+001,
3554125000, -4.978220e+001,
3555500000, -4.983660e+001,
3556875000, -4.989214e+001,
3558250000, -4.999667e+001,
3559625000, -4.997738e+001,
3561000000, -5.003784e+001,
3562375000, -4.999864e+001,
3563750000, -5.006092e+001,
3565125000, -5.007029e+001,
3566500000, -5.009720e+001,
3567875000, -5.012495e+001,
3569250000, -5.025646e+001,
3570625000, -5.021384e+001,
3572000000, -5.026054e+001,
3573375000, -5.022899e+001,
3574750000, -5.018855e+001,
3576125000, -5.023837e+001,
3577500000, -5.021435e+001,
3578875000, -5.025971e+001,
3580250000, -5.025690e+001,
3581625000, -5.029088e+001,
3583000000, -5.025872e+001,
3584375000, -5.030296e+001,
3585750000, -5.029484e+001,
3587125000, -5.024856e+001,
3588500000, -5.035429e+001,
3589875000, -5.032531e+001,
3591250000, -5.029087e+001,
3592625000, -5.026535e+001,
3594000000, -5.031474e+001,
3595375000, -5.031144e+001,
3596750000, -5.034123e+001,
3598125000, -5.029844e+001,
3599500000, -5.029516e+001,
3600875000, -5.037297e+001,
3602250000, -5.032906e+001,
3603625000, -5.030250e+001,
3605000000, -5.024449e+001,
3606375000, -5.031355e+001,
3607750000, -5.026770e+001,
3609125000, -5.027417e+001,
3610500000, -5.027286e+001,
3611875000, -5.032338e+001,
3613250000, -5.027141e+001,
3614625000, -5.032359e+001,
3616000000, -5.032180e+001,
3617375000, -5.030195e+001,
3618750000, -5.028968e+001,
3620125000, -5.024683e+001,
3621500000, -5.027270e+001,
3622875000, -5.026200e+001,
3624250000, -5.025492e+001,
3625625000, -5.026769e+001,
3627000000, -5.027623e+001,
3628375000, -5.028849e+001,
3629750000, -5.025338e+001,
3631125000, -5.022947e+001,
3632500000, -5.020735e+001,
3633875000, -5.012193e+001,
3635250000, -5.017346e+001,
3636625000, -5.017751e+001,
3638000000, -5.018537e+001,
3639375000, -5.016258e+001,
3640750000, -5.013513e+001,
3642125000, -5.018671e+001,
3643500000, -5.010701e+001,
3644875000, -5.006026e+001,
3646250000, -5.010736e+001,
3647625000, -5.005066e+001,
3649000000, -5.007478e+001,
3650375000, -5.012682e+001,
3651750000, -5.007529e+001,
3653125000, -5.014788e+001,
3654500000, -5.012032e+001,
3655875000, -5.006119e+001,
3657250000, -5.016298e+001,
3658625000, -5.014350e+001,
3660000000, -5.018380e+001,
3661375000, -5.020061e+001,
3662750000, -5.014723e+001,
3664125000, -5.011715e+001,
3665500000, -5.018161e+001,
3666875000, -5.021822e+001,
3668250000, -5.019451e+001,
3669625000, -5.019356e+001,
3671000000, -5.023138e+001,
3672375000, -5.023748e+001,
3673750000, -5.019821e+001,
3675125000, -5.024734e+001,
3676500000, -5.025013e+001,
3677875000, -5.027610e+001,
3679250000, -5.023738e+001,
3680625000, -5.030083e+001,
3682000000, -5.034097e+001,
3683375000, -5.028365e+001,
3684750000, -5.031649e+001,
3686125000, -5.035611e+001,
3687500000, -5.036740e+001,
3688875000, -5.039673e+001,
3690250000, -5.039634e+001,
3691625000, -5.037833e+001,
3693000000, -5.046558e+001,
3694375000, -5.047398e+001,
3695750000, -5.045445e+001,
3697125000, -5.044912e+001,
3698500000, -5.046320e+001,
3699875000, -5.045378e+001,
3701250000, -5.052361e+001,
3702625000, -5.055304e+001,
3704000000, -5.050972e+001,
3705375000, -5.051713e+001,
3706750000, -5.046412e+001,
3708125000, -5.059814e+001,
3709500000, -5.053270e+001,
3710875000, -5.058122e+001,
3712250000, -5.056241e+001,
3713625000, -5.054237e+001,
3715000000, -5.052174e+001,
3716375000, -5.057904e+001,
3717750000, -5.045019e+001,
3719125000, -5.057008e+001,
3720500000, -5.055382e+001,
3721875000, -5.043820e+001,
3723250000, -5.050512e+001,
3724625000, -5.042529e+001,
3726000000, -5.041004e+001,
3727375000, -5.043080e+001,
3728750000, -5.039412e+001,
3730125000, -5.030444e+001,
3731500000, -5.032513e+001,
3732875000, -5.026331e+001,
3734250000, -5.025406e+001,
3735625000, -5.024847e+001,
3737000000, -5.020992e+001,
3738375000, -5.019057e+001,
3739750000, -5.013251e+001,
3741125000, -5.013376e+001,
3742500000, -5.004473e+001,
3743875000, -5.000492e+001,
3745250000, -5.004075e+001,
3746625000, -4.990591e+001,
3748000000, -4.981995e+001,
3749375000, -4.982913e+001,
3750750000, -4.979118e+001,
3752125000, -4.965211e+001,
3753500000, -4.965337e+001,
3754875000, -4.966747e+001,
3756250000, -4.959074e+001,
3757625000, -4.955098e+001,
3759000000, -4.948192e+001,
3760375000, -4.944601e+001,
3761750000, -4.942585e+001,
3763125000, -4.941037e+001,
3764500000, -4.939164e+001,
3765875000, -4.932381e+001,
3767250000, -4.934107e+001,
3768625000, -4.927554e+001,
3770000000, -4.923265e+001,
3771375000, -4.922636e+001,
3772750000, -4.917105e+001,
3774125000, -4.908950e+001,
3775500000, -4.913900e+001,
3776875000, -4.907882e+001,
3778250000, -4.908541e+001,
3779625000, -4.909062e+001,
3781000000, -4.901670e+001,
3782375000, -4.899153e+001,
3783750000, -4.899017e+001,
3785125000, -4.898580e+001,
3786500000, -4.897087e+001,
3787875000, -4.897107e+001,
3789250000, -4.894118e+001,
3790625000, -4.897579e+001,
3792000000, -4.895935e+001,
3793375000, -4.892128e+001,
3794750000, -4.903329e+001,
3796125000, -4.896980e+001,
3797500000, -4.895976e+001,
3798875000, -4.895096e+001,
3800250000, -4.898882e+001,
3801625000, -4.897359e+001,
3803000000, -4.907335e+001,
3804375000, -4.904771e+001,
3805750000, -4.899842e+001,
3807125000, -4.905060e+001,
3808500000, -4.910859e+001,
3809875000, -4.911821e+001,
3811250000, -4.910715e+001,
3812625000, -4.918795e+001,
3814000000, -4.922131e+001,
3815375000, -4.921005e+001,
3816750000, -4.928155e+001,
3818125000, -4.933751e+001,
3819500000, -4.937879e+001,
3820875000, -4.941263e+001,
3822250000, -4.944178e+001,
3823625000, -4.943344e+001,
3825000000, -4.948981e+001,
3826375000, -4.954014e+001,
3827750000, -4.951684e+001,
3829125000, -4.965664e+001,
3830500000, -4.968137e+001,
3831875000, -4.973366e+001,
3833250000, -4.972101e+001,
3834625000, -4.980648e+001,
3836000000, -4.982452e+001,
3837375000, -4.989170e+001,
3838750000, -4.994574e+001,
3840125000, -4.997655e+001,
3841500000, -4.996662e+001,
3842875000, -5.011205e+001,
3844250000, -5.013986e+001,
3845625000, -5.014232e+001,
3847000000, -5.017960e+001,
3848375000, -5.029628e+001,
3849750000, -5.024458e+001,
3851125000, -5.026423e+001,
3852500000, -5.031802e+001,
3853875000, -5.046244e+001,
3855250000, -5.047544e+001,
3856625000, -5.047047e+001,
3858000000, -5.053843e+001,
3859375000, -5.048022e+001,
3860750000, -5.064371e+001,
3862125000, -5.054752e+001,
3863500000, -5.072043e+001,
3864875000, -5.069741e+001,
3866250000, -5.076166e+001,
3867625000, -5.082729e+001,
3869000000, -5.076167e+001,
3870375000, -5.087122e+001,
3871750000, -5.090617e+001,
3873125000, -5.097781e+001,
3874500000, -5.098361e+001,
3875875000, -5.095539e+001,
3877250000, -5.104569e+001,
3878625000, -5.104737e+001,
3880000000, -5.100507e+001,
3881375000, -5.115279e+001,
3882750000, -5.110286e+001,
3884125000, -5.109863e+001,
3885500000, -5.110472e+001,
3886875000, -5.126854e+001,
3888250000, -5.116958e+001,
3889625000, -5.118430e+001,
3891000000, -5.115652e+001,
3892375000, -5.119487e+001,
3893750000, -5.112198e+001,
3895125000, -5.118444e+001,
3896500000, -5.124189e+001,
3897875000, -5.118991e+001,
3899250000, -5.115686e+001,
3900625000, -5.126827e+001,
3902000000, -5.122192e+001,
3903375000, -5.123055e+001,
3904750000, -5.125701e+001,
3906125000, -5.114839e+001,
3907500000, -5.109661e+001,
3908875000, -5.122429e+001,
3910250000, -5.112474e+001,
3911625000, -5.112002e+001,
3913000000, -5.112308e+001,
3914375000, -5.109493e+001,
3915750000, -5.115075e+001,
3917125000, -5.113648e+001,
3918500000, -5.105869e+001,
3919875000, -5.106397e+001,
3921250000, -5.103703e+001,
3922625000, -5.102915e+001,
3924000000, -5.099599e+001,
3925375000, -5.090546e+001,
3926750000, -5.095850e+001,
3928125000, -5.097322e+001,
3929500000, -5.095788e+001,
3930875000, -5.094551e+001,
3932250000, -5.084938e+001,
3933625000, -5.091666e+001,
3935000000, -5.085789e+001,
3936375000, -5.074874e+001,
3937750000, -5.082527e+001,
3939125000, -5.081428e+001,
3940500000, -5.072499e+001,
3941875000, -5.070100e+001,
3943250000, -5.073447e+001,
3944625000, -5.076712e+001,
3946000000, -5.073442e+001,
3947375000, -5.058530e+001,
3948750000, -5.062306e+001,
3950125000, -5.061185e+001,
3951500000, -5.049897e+001,
3952875000, -5.051445e+001,
3954250000, -5.059959e+001,
3955625000, -5.054653e+001,
3957000000, -5.044493e+001,
3958375000, -5.051829e+001,
3959750000, -5.049249e+001,
3961125000, -5.049937e+001,
3962500000, -5.050689e+001,
3963875000, -5.031270e+001,
3965250000, -5.032015e+001,
3966625000, -5.030519e+001,
3968000000, -5.041944e+001,
3969375000, -5.034994e+001,
3970750000, -5.030134e+001,
3972125000, -5.036277e+001,
3973500000, -5.038971e+001,
3974875000, -5.038131e+001,
3976250000, -5.031668e+001,
3977625000, -5.021825e+001,
3979000000, -5.042740e+001,
3980375000, -5.031511e+001,
3981750000, -5.024091e+001,
3983125000, -5.028520e+001,
3984500000, -5.048476e+001,
3985875000, -5.034329e+001,
3987250000, -5.036233e+001,
3988625000, -5.039854e+001,
3990000000, -5.036401e+001,
3991375000, -5.062333e+001,
3992750000, -5.043566e+001,
3994125000, -5.020274e+001,
3995500000, -5.059486e+001,
3996875000, -5.038430e+001,
3998250000, -5.037539e+001,
3999625000, -5.033795e+001,
4001000000, -5.052962e+001,
4002375000, -5.053358e+001,
4003750000, -5.066090e+001,
4005125000, -5.041056e+001,
4006500000, -5.034632e+001,
4007875000, -5.088760e+001,
4009250000, -5.038102e+001,
4010625000, -5.024380e+001,
4012000000, -5.062339e+001,
4013375000, -5.040172e+001,
4014750000, -5.048587e+001,
4016125000, -5.050743e+001,
4017500000, -5.042749e+001,
4018875000, -5.043524e+001,
4020250000, -5.104354e+001,
4021625000, -5.046611e+001,
4023000000, -5.006286e+001,
4024375000, -5.082299e+001,
4025750000, -5.055302e+001,
4027125000, -5.040008e+001,
4028500000, -5.083528e+001,
4029875000, -5.032543e+001,
4031250000, -5.047858e+001,
4032625000, -5.087577e+001,
4034000000, -5.056971e+001,
4035375000, -5.038540e+001,
4036750000, -5.100962e+001,
4038125000, -5.080286e+001,
4039500000, -5.058072e+001,
4040875000, -5.057730e+001,
4042250000, -5.056350e+001,
4043625000, -5.042633e+001,
4045000000, -5.102993e+001,
4046375000, -5.070465e+001,
4047750000, -5.017981e+001,
4049125000, -5.079730e+001,
4050500000, -5.095193e+001,
4051875000, -5.044320e+001,
4053250000, -5.110080e+001,
4054625000, -5.049114e+001,
4056000000, -5.058641e+001,
4057375000, -5.112828e+001,
4058750000, -5.080703e+001,
4060125000, -5.024948e+001,
4061500000, -5.056979e+001,
4062875000, -5.112129e+001,
4064250000, -5.088098e+001,
4065625000, -5.127076e+001,
4067000000, -5.069851e+001,
4068375000, -5.046255e+001,
4069750000, -5.143415e+001,
4071125000, -5.158569e+001,
4072500000, -5.006448e+001,
4073875000, -5.141589e+001,
4075250000, -5.093212e+001,
4076625000, -5.123309e+001,
4078000000, -5.165665e+001,
4079375000, -5.101562e+001,
4080750000, -5.054723e+001,
4082125000, -5.175557e+001,
4083500000, -5.264526e+001,
4084875000, -5.100172e+001,
4086250000, -5.110109e+001,
4087625000, -5.278282e+001,
4089000000, -5.120886e+001,
4090375000, -5.117514e+001,
4091750000, -5.328534e+001,
4093125000, -5.028813e+001,
4094500000, -5.102829e+001,
4095875000, -5.486962e+001,
4097250000, -5.193210e+001,
4098625000, -5.041701e+001,
4100000000, -5.233254e+001,
4101375000, -5.379012e+001,
4102750000, -5.224907e+001,
4104125000, -5.336090e+001,
4105500000, -5.375283e+001,
4106875000, -5.024075e+001,
4108250000, -5.295298e+001,
4109625000, -5.599628e+001,
4111000000, -5.143983e+001,
4112375000, -5.013360e+001,
4113750000, -5.630455e+001,
4115125000, -5.435970e+001,
4116500000, -5.137726e+001,
4117875000, -5.452149e+001,
4119250000, -5.315331e+001,
4120625000, -5.207936e+001,
4122000000, -6.089094e+001,
4123375000, -5.302071e+001,
4124750000, -4.979637e+001,
4126125000, -5.245444e+001,
4127500000, -6.092585e+001,
4128875000, -5.381168e+001,
4130250000, -5.104447e+001,
4131625000, -5.571281e+001,
4133000000, -5.591933e+001,
4134375000, -5.286547e+001,
4135750000, -5.677593e+001,
4137125000, -5.760338e+001,
4138500000, -5.045581e+001,
4139875000, -5.118288e+001,
4141250000, -5.583969e+001,
4142625000, -4.755506e+001,
4144000000, -4.928331e+001,
4145375000, -6.176136e+001,
4146750000, -5.777155e+001,
4148125000, -5.523936e+001,
4149500000, -5.326405e+001,
4150875000, -6.514094e+001,
4152250000, -5.150228e+001,
4153625000, -5.168356e+001,
4155000000, -6.634422e+001,
4156375000, -5.225676e+001,
4157750000, -5.132132e+001,
4159125000, -5.622231e+001,
4160500000, -5.748969e+001,
4161875000, -4.857518e+001,
4163250000, -4.898357e+001,
4164625000, -5.783624e+001,
4166000000, -6.114072e+001,
4167375000, -5.901603e+001,
4168750000, -6.407155e+001,
4170125000, -5.571385e+001,
4171500000, -4.782462e+001,
4172875000, -4.838781e+001,
4174250000, -5.335277e+001,
4175625000, -4.959213e+001,
4177000000, -4.943881e+001,
4178375000, -5.403607e+001,
4179750000, -5.619626e+001,
4181125000, -4.964563e+001,
4182500000, -5.299608e+001,
4183875000, -5.579940e+001,
4185250000, -5.404524e+001,
4186625000, -5.067669e+001,
4188000000, -5.298548e+001,
4189375000, -5.277909e+001,
4190750000, -4.657418e+001,
4192125000, -4.524180e+001,
4193500000, -4.668423e+001,
4194875000, -5.254759e+001,
4196250000, -5.045428e+001,
4197625000, -4.813151e+001,
4199000000, -5.318309e+001,
4200375000, -6.686126e+001,
4201750000, -5.179554e+001,
4203125000, -5.461203e+001,
4204500000, -6.396896e+001,
4205875000, -5.117529e+001,
4207250000, -4.517516e+001,
4208625000, -4.373228e+001,
4210000000, -4.709468e+001,
4211375000, -4.951390e+001,
4212750000, -4.751755e+001,
4214125000, -4.750877e+001,
4215500000, -4.969613e+001,
4216875000, -6.503830e+001,
4218250000, -5.546686e+001,
4219625000, -6.420000e+001,
4221000000, -5.264533e+001,
4222375000, -4.424615e+001,
4223750000, -4.251704e+001,
4225125000, -4.419631e+001,
4226500000, -4.827754e+001,
4227875000, -5.334768e+001,
4229250000, -4.645089e+001,
4230625000, -4.255137e+001,
4232000000, -4.600766e+001,
4233375000, -5.436330e+001,
4234750000, -4.966035e+001,
4236125000, -4.853930e+001,
4237500000, -4.896099e+001,
4238875000, -6.016906e+001,
4240250000, -4.922057e+001,
4241625000, -4.179076e+001,
4243000000, -3.999125e+001,
4244375000, -4.068985e+001,
4245750000, -4.089491e+001,
4247125000, -4.278227e+001,
4248500000, -4.244695e+001,
4249875000, -4.482507e+001,
4251250000, -5.299299e+001,
4252625000, -5.133241e+001,
4254000000, -4.483722e+001,
4255375000, -4.651126e+001,
4256750000, -5.190280e+001,
4258125000, -4.560404e+001,
4259500000, -4.276316e+001,
4260875000, -4.234610e+001,
4262250000, -4.601433e+001,
4263625000, -4.576606e+001,
4265000000, -4.036464e+001,
4266375000, -3.579431e+001,
4267750000, -3.373943e+001,
4269125000, -3.380343e+001,
4270500000, -3.662214e+001,
4271875000, -3.977901e+001,
4273250000, -4.129539e+001,
4274625000, -4.882963e+001,
4276000000, -5.161155e+001,
4277375000, -4.647724e+001,
4278750000, -4.183606e+001,
4280125000, -4.301657e+001,
4281500000, -4.993671e+001,
4282875000, -3.926227e+001,
4284250000, -3.287698e+001,
4285625000, -3.342540e+001,
4287000000, -3.273710e+001,
4288375000, -3.363010e+001,
4289750000, -3.542382e+001,
4291125000, -3.396947e+001,
4292500000, -3.539232e+001,
4293875000, -3.758519e+001,
4295250000, -3.841282e+001,
4296625000, -3.999501e+001,
4298000000, -4.370013e+001,
4299375000, -4.266879e+001,
4300750000, -3.545143e+001,
4302125000, -3.173800e+001,
4303500000, -2.799921e+001,
4304875000, -2.725971e+001,
4306250000, -2.804302e+001,
4307625000, -2.683721e+001,
4309000000, -2.468935e+001,
4310375000, -2.432952e+001,
4311750000, -2.669366e+001,
4313125000, -2.766286e+001,
4314500000, -2.536259e+001,
4315875000, -2.483870e+001,
4317250000, -2.725438e+001,
4318625000, -2.720270e+001,
4320000000, -2.448515e+001,
4321375000, -2.338477e+001,
4322750000, -2.341193e+001,
4324125000, -2.234929e+001,
4325500000, -2.097585e+001,
4326875000, -1.985113e+001,
4328250000, -1.910925e+001,
4329625000, -1.735569e+001,
4331000000, -1.654730e+001,
4332375000, -1.667007e+001,
4333750000, -1.585374e+001,
4335125000, -1.568360e+001,
4336500000, -1.620226e+001,
4337875000, -1.577778e+001,
4339250000, -1.535467e+001,
4340625000, -1.593161e+001,
4342000000, -1.611194e+001,
4343375000, -1.551369e+001,
4344750000, -1.612804e+001,
4346125000, -1.658930e+001,
4347500000, -1.568479e+001,
4348875000, -1.690865e+001,
4350250000, -1.750016e+001,
4351625000, -1.575543e+001,
4353000000, -1.660169e+001,
4354375000, -1.769599e+001,
4355750000, -1.647762e+001,
4357125000, -1.704884e+001,
4358500000, -1.780552e+001,
4359875000, -1.654697e+001,
4361250000, -1.726188e+001,
4362625000, -1.834240e+001,
4364000000, -1.710670e+001,
4365375000, -1.741386e+001,
4366750000, -1.819721e+001,
4368125000, -1.726227e+001,
4369500000, -1.834333e+001,
4370875000, -1.901048e+001,
4372250000, -1.836040e+001,
4373625000, -1.922910e+001,
4375000000, -1.931855e+001,
4376375000, -1.833245e+001,
4377750000, -1.905861e+001,
4379125000, -1.925027e+001,
4380500000, -1.873818e+001,
4381875000, -2.054439e+001,
4383250000, -2.122171e+001,
4384625000, -2.041784e+001,
4386000000, -2.202378e+001,
4387375000, -2.224052e+001,
4388750000, -2.161442e+001,
4390125000, -2.394508e+001,
4391500000, -2.430078e+001,
4392875000, -2.397984e+001,
4394250000, -2.567253e+001,
4395625000, -2.482600e+001,
4397000000, -2.417111e+001,
4398375000, -2.441694e+001,
4399750000, -2.306661e+001,
4401125000, -2.311602e+001,
4402500000, -2.339820e+001,
4403875000, -2.333828e+001,
4405250000, -2.418986e+001,
4406625000, -2.390912e+001,
4408000000, -2.398066e+001,
4409375000, -2.474063e+001,
4410750000, -2.480965e+001,
4412125000, -2.606302e+001,
4413500000, -2.754239e+001,
4414875000, -2.805638e+001,
4416250000, -2.948302e+001,
4417625000, -2.980240e+001,
4419000000, -2.892319e+001,
4420375000, -2.992527e+001,
4421750000, -3.006720e+001,
4423125000, -3.086712e+001,
4424500000, -3.236024e+001,
4425875000, -3.164183e+001,
4427250000, -3.141995e+001,
4428625000, -3.072038e+001,
4430000000, -2.994471e+001,
4431375000, -3.060150e+001,
4432750000, -3.129196e+001,
4434125000, -3.274189e+001,
4435500000, -3.366568e+001,
4436875000, -3.354586e+001,
4438250000, -3.302272e+001,
4439625000, -3.305984e+001,
4441000000, -3.387574e+001,
4442375000, -3.511770e+001,
4443750000, -3.680684e+001,
4445125000, -3.780653e+001,
4446500000, -3.688023e+001,
4447875000, -3.592566e+001,
4449250000, -3.536711e+001,
4450625000, -3.576975e+001,
4452000000, -3.774821e+001,
4453375000, -3.978193e+001,
4454750000, -4.083198e+001,
4456125000, -3.912746e+001,
4457500000, -3.764031e+001,
4458875000, -3.767844e+001,
4460250000, -3.905123e+001,
4461625000, -4.250848e+001,
4463000000, -4.654088e+001,
4464375000, -4.504853e+001,
4465750000, -4.200292e+001,
4467125000, -4.068041e+001,
4468500000, -4.082467e+001,
4469875000, -4.310406e+001,
4471250000, -4.786008e+001,
4472625000, -5.201168e+001,
4474000000, -4.666875e+001,
4475375000, -4.326229e+001,
4476750000, -4.226892e+001,
4478125000, -4.333055e+001,
4479500000, -4.688606e+001,
4480875000, -5.609354e+001,
4482250000, -5.231815e+001,
4483625000, -4.543032e+001,
4485000000, -4.321969e+001,
4486375000, -4.330872e+001,
4487750000, -4.631553e+001,
4489125000, -5.451933e+001,
4490500000, -5.390758e+001,
4491875000, -4.613867e+001,
4493250000, -4.384692e+001,
4494625000, -4.470546e+001,
4496000000, -4.832685e+001,
4497375000, -5.827467e+001,
4498750000, -5.334343e+001,
4500125000, -4.772568e+001,
4501500000, -4.631774e+001,
4502875000, -4.696750e+001,
4504250000, -4.931475e+001,
4505625000, -5.215350e+001,
4507000000, -5.231010e+001,
4508375000, -4.975360e+001,
4509750000, -4.797582e+001,
4511125000, -4.748442e+001,
4512500000, -4.836223e+001,
4513875000, -5.060848e+001,
4515250000, -5.174955e+001,
4516625000, -4.974094e+001,
4518000000, -4.789696e+001,
4519375000, -4.730299e+001,
4520750000, -4.825048e+001,
4522125000, -5.049751e+001,
4523500000, -5.144974e+001,
4524875000, -4.906344e+001,
4526250000, -4.722111e+001,
4527625000, -4.739112e+001,
4529000000, -4.938359e+001,
4530375000, -5.078562e+001,
4531750000, -4.897993e+001,
4533125000, -4.777362e+001,
4534500000, -4.830948e+001,
4535875000, -4.931876e+001,
4537250000, -4.889074e+001,
4538625000, -4.799203e+001,
4540000000, -4.833291e+001,
4541375000, -4.933636e+001,
4542750000, -4.902192e+001,
4544125000, -4.770911e+001,
4545500000, -4.755477e+001,
4546875000, -4.887887e+001,
4548250000, -4.983140e+001,
4549625000, -4.852253e+001,
4551000000, -4.712513e+001,
4552375000, -4.743988e+001,
4553750000, -4.907409e+001,
4555125000, -4.961628e+001,
4556500000, -4.814437e+001,
4557875000, -4.726653e+001,
4559250000, -4.792561e+001,
4560625000, -4.899870e+001,
4562000000, -4.859333e+001,
4563375000, -4.781902e+001,
4564750000, -4.802589e+001,
4566125000, -4.853009e+001,
4567500000, -4.824312e+001,
4568875000, -4.794630e+001,
4570250000, -4.845428e+001,
4571625000, -4.882271e+001,
4573000000, -4.796396e+001,
4574375000, -4.743340e+001,
4575750000, -4.827048e+001,
4577125000, -4.936655e+001,
4578500000, -4.852517e+001,
4579875000, -4.732189e+001,
4581250000, -4.763942e+001,
4582625000, -4.927587e+001,
4584000000, -4.905944e+001,
4585375000, -4.760484e+001,
4586750000, -4.756767e+001,
4588125000, -4.887721e+001,
4589500000, -4.897436e+001,
4590875000, -4.802644e+001,
4592250000, -4.802322e+001,
4593625000, -4.869129e+001,
4595000000, -4.862161e+001,
4596375000, -4.823127e+001,
4597750000, -4.848612e+001,
4599125000, -4.879932e+001,
4600500000, -4.832568e+001,
4601875000, -4.814385e+001,
4603250000, -4.880080e+001,
4604625000, -4.897346e+001,
4606000000, -4.820013e+001,
4607375000, -4.815004e+001,
4608750000, -4.898147e+001,
4610125000, -4.900666e+001,
4611500000, -4.823348e+001,
4612875000, -4.827022e+001,
4614250000, -4.905895e+001,
4615625000, -4.893474e+001,
4617000000, -4.828334e+001,
4618375000, -4.845418e+001,
4619750000, -4.905104e+001,
4621125000, -4.886451e+001,
4622500000, -4.846712e+001,
4623875000, -4.875541e+001,
4625250000, -4.891500e+001,
4626625000, -4.867165e+001,
4628000000, -4.876617e+001,
4629375000, -4.894264e+001,
4630750000, -4.872057e+001,
4632125000, -4.865966e+001,
4633500000, -4.904297e+001,
4634875000, -4.897201e+001,
4636250000, -4.852818e+001,
4637625000, -4.876205e+001,
4639000000, -4.920228e+001,
4640375000, -4.880994e+001,
4641750000, -4.855297e+001,
4643125000, -4.909539e+001,
4644500000, -4.913119e+001,
4645875000, -4.856193e+001,
4647250000, -4.878139e+001,
4648625000, -4.917437e+001,
4650000000, -4.887135e+001,
4651375000, -4.884208e+001,
4652750000, -4.907597e+001,
4654125000, -4.895210e+001,
4655500000, -4.891914e+001,
4656875000, -4.902358e+001,
4658250000, -4.885513e+001,
4659625000, -4.896643e+001,
4661000000, -4.916235e+001,
4662375000, -4.899562e+001,
4663750000, -4.886366e+001,
4665125000, -4.915904e+001,
4666500000, -4.919765e+001,
4667875000, -4.883286e+001,
4669250000, -4.911087e+001,
4670625000, -4.934075e+001,
4672000000, -4.893583e+001,
4673375000, -4.911298e+001,
4674750000, -4.935355e+001,
4676125000, -4.907727e+001,
4677500000, -4.915675e+001,
4678875000, -4.930569e+001,
4680250000, -4.915706e+001,
4681625000, -4.929806e+001,
4683000000, -4.928958e+001,
4684375000, -4.923668e+001,
4685750000, -4.946625e+001,
4687125000, -4.937948e+001,
4688500000, -4.922982e+001,
4689875000, -4.954795e+001,
4691250000, -4.947171e+001,
4692625000, -4.933462e+001,
4694000000, -4.962521e+001,
4695375000, -4.951576e+001,
4696750000, -4.950207e+001,
4698125000, -4.969692e+001,
4699500000, -4.957511e+001,
4700875000, -4.965398e+001,
4702250000, -4.974845e+001,
4703625000, -4.973650e+001,
4705000000, -4.982962e+001,
4706375000, -4.975028e+001,
4707750000, -4.986792e+001,
4709125000, -5.001774e+001,
4710500000, -4.987220e+001,
4711875000, -4.998296e+001,
4713250000, -5.009835e+001,
4714625000, -5.000994e+001,
4716000000, -5.012668e+001,
4717375000, -5.013885e+001,
4718750000, -5.011275e+001,
4720125000, -5.024667e+001,
4721500000, -5.019563e+001,
4722875000, -5.033497e+001,
4724250000, -5.027238e+001,
4725625000, -5.040786e+001,
4727000000, -5.041386e+001,
4728375000, -5.040537e+001,
4729750000, -5.058040e+001,
4731125000, -5.048270e+001,
4732500000, -5.056054e+001,
4733875000, -5.058522e+001,
4735250000, -5.056001e+001,
4736625000, -5.061800e+001,
4738000000, -5.066583e+001,
4739375000, -5.069146e+001,
4740750000, -5.064235e+001,
4742125000, -5.073879e+001,
4743500000, -5.067702e+001,
4744875000, -5.086943e+001,
4746250000, -5.078567e+001,
4747625000, -5.079856e+001,
4749000000, -5.086822e+001,
4750375000, -5.086203e+001,
4751750000, -5.087188e+001,
4753125000, -5.077055e+001,
4754500000, -5.092891e+001,
4755875000, -5.085015e+001,
4757250000, -5.090525e+001,
4758625000, -5.089962e+001,
4760000000, -5.093899e+001,
4761375000, -5.091288e+001,
4762750000, -5.093659e+001,
4764125000, -5.092936e+001,
4765500000, -5.089649e+001,
4766875000, -5.088673e+001,
4768250000, -5.088452e+001,
4769625000, -5.087087e+001,
4771000000, -5.086108e+001,
4772375000, -5.082446e+001,
4773750000, -5.079930e+001,
4775125000, -5.074334e+001,
4776500000, -5.081959e+001,
4777875000, -5.082728e+001,
4779250000, -5.077213e+001,
4780625000, -5.081388e+001,
4782000000, -5.073156e+001,
4783375000, -5.068600e+001,
4784750000, -5.060548e+001,
4786125000, -5.060705e+001,
4787500000, -5.055391e+001,
4788875000, -5.062621e+001,
4790250000, -5.054321e+001,
4791625000, -5.042844e+001,
4793000000, -5.049601e+001,
4794375000, -5.045628e+001,
4795750000, -5.035682e+001,
4797125000, -5.040498e+001,
4798500000, -5.032707e+001,
4799875000, -5.033657e+001,
4801250000, -5.031017e+001,
4802625000, -5.022982e+001,
4804000000, -5.022229e+001,
4805375000, -5.019287e+001,
4806750000, -5.016577e+001,
4808125000, -5.010116e+001,
4809500000, -5.005912e+001,
4810875000, -5.000981e+001,
4812250000, -4.998523e+001,
4813625000, -5.001379e+001,
4815000000, -4.998693e+001,
4816375000, -4.994098e+001,
4817750000, -4.991226e+001,
4819125000, -4.985727e+001,
4820500000, -4.983615e+001,
4821875000, -4.982342e+001,
4823250000, -4.980552e+001,
4824625000, -4.978116e+001,
4826000000, -4.976569e+001,
4827375000, -4.973291e+001,
4828750000, -4.970582e+001,
4830125000, -4.971754e+001,
4831500000, -4.967273e+001,
4832875000, -4.962914e+001,
4834250000, -4.966089e+001,
4835625000, -4.970231e+001,
4837000000, -4.959609e+001,
4838375000, -4.960694e+001,
4839750000, -4.960622e+001,
4841125000, -4.963611e+001,
4842500000, -4.963674e+001,
4843875000, -4.961298e+001,
4845250000, -4.960289e+001,
4846625000, -4.966439e+001,
4848000000, -4.963369e+001,
4849375000, -4.968535e+001,
4850750000, -4.967125e+001,
4852125000, -4.969132e+001,
4853500000, -4.970626e+001,
4854875000, -4.974599e+001,
4856250000, -4.978387e+001,
4857625000, -4.977067e+001,
4859000000, -4.985360e+001,
4860375000, -4.988652e+001,
4861750000, -4.989356e+001,
4863125000, -4.993076e+001,
4864500000, -5.002124e+001,
4865875000, -5.005418e+001,
4867250000, -5.008154e+001,
4868625000, -5.016354e+001,
4870000000, -5.020099e+001,
4871375000, -5.013581e+001,
4872750000, -5.024802e+001,
4874125000, -5.031939e+001,
4875500000, -5.030701e+001,
4876875000, -5.033299e+001,
4878250000, -5.043026e+001,
4879625000, -5.056014e+001,
4881000000, -5.050523e+001,
4882375000, -5.059831e+001,
4883750000, -5.059864e+001,
4885125000, -5.069263e+001,
4886500000, -5.075180e+001,
4887875000, -5.071706e+001,
4889250000, -5.080761e+001,
4890625000, -5.088841e+001,
4892000000, -5.099612e+001,
4893375000, -5.094893e+001,
4894750000, -5.107425e+001,
4896125000, -5.110284e+001,
4897500000, -5.123406e+001,
4898875000, -5.118326e+001,
4900250000, -5.123192e+001,
4901625000, -5.129669e+001,
4903000000, -5.133213e+001,
4904375000, -5.149327e+001,
4905750000, -5.144742e+001,
4907125000, -5.141698e+001,
4908500000, -5.146216e+001,
4909875000, -5.150567e+001,
4911250000, -5.151599e+001,
4912625000, -5.166211e+001,
4914000000, -5.162299e+001,
4915375000, -5.167279e+001,
4916750000, -5.167350e+001,
4918125000, -5.178141e+001,
4919500000, -5.177278e+001,
4920875000, -5.177098e+001,
4922250000, -5.185065e+001,
4923625000, -5.179181e+001,
4925000000, -5.185987e+001,
4926375000, -5.188169e+001,
4927750000, -5.191760e+001,
4929125000, -5.189231e+001,
4930500000, -5.191075e+001,
4931875000, -5.201393e+001,
4933250000, -5.199488e+001,
4934625000, -5.208612e+001,
4936000000, -5.206574e+001,
4937375000, -5.204369e+001,
4938750000, -5.206874e+001,
4940125000, -5.210699e+001,
4941500000, -5.209222e+001,
4942875000, -5.216845e+001,
4944250000, -5.211814e+001,
4945625000, -5.214867e+001,
4947000000, -5.218565e+001,
4948375000, -5.215962e+001,
4949750000, -5.218209e+001,
4951125000, -5.222828e+001,
4952500000, -5.221779e+001,
4953875000, -5.219965e+001,
4955250000, -5.223149e+001,
4956625000, -5.224850e+001,
4958000000, -5.229339e+001,
4959375000, -5.218158e+001,
4960750000, -5.228310e+001,
4962125000, -5.230193e+001,
4963500000, -5.226228e+001,
4964875000, -5.227686e+001,
4966250000, -5.227789e+001,
4967625000, -5.226463e+001,
4969000000, -5.227673e+001,
4970375000, -5.225468e+001,
4971750000, -5.231305e+001,
4973125000, -5.221952e+001,
4974500000, -5.227884e+001,
4975875000, -5.232265e+001,
4977250000, -5.223268e+001,
4978625000, -5.232874e+001,
4980000000, -5.225952e+001,
4981375000, -5.221951e+001,
4982750000, -5.224863e+001,
4984125000, -5.223985e+001,
4985500000, -5.227201e+001,
4986875000, -5.223475e+001,
4988250000, -5.224932e+001,
4989625000, -5.228801e+001,
4991000000, -5.225064e+001,
4992375000, -5.223386e+001,
4993750000, -5.222398e+001,
4995125000, -5.224340e+001,
4996500000, -5.230012e+001,
4997875000, -5.223289e+001,
4999250000, -5.233753e+001,
5000625000, -5.234157e+001,
5002000000, -5.229667e+001,
5003375000, -5.228102e+001,
5004750000, -5.231812e+001,
5006125000, -5.223210e+001,
5007500000, -5.223110e+001,
5008875000, -5.222394e+001,
5010250000, -5.229820e+001,
5011625000, -5.225505e+001,
5013000000, -5.219803e+001,
5014375000, -5.228205e+001,
5015750000, -5.225797e+001,
5017125000, -5.231037e+001,
5018500000, -5.222307e+001,
5019875000, -5.227162e+001,
5021250000, -5.224377e+001,
5022625000, -5.225046e+001,
5024000000, -5.219379e+001,
5025375000, -5.230276e+001,
5026750000, -5.222078e+001,
5028125000, -5.220575e+001,
5029500000, -5.213998e+001,
5030875000, -5.212468e+001,
5032250000, -5.214180e+001,
5033625000, -5.223698e+001,
5035000000, -5.216594e+001,
5036375000, -5.218720e+001,
5037750000, -5.223837e+001,
5039125000, -5.216929e+001,
5040500000, -5.218031e+001,
5041875000, -5.212033e+001,
5043250000, -5.217275e+001,
5044625000, -5.214064e+001,
5046000000, -5.208960e+001,
5047375000, -5.215887e+001,
5048750000, -5.209636e+001,
5050125000, -5.205951e+001,
5051500000, -5.207962e+001,
5052875000, -5.209295e+001,
5054250000, -5.203874e+001,
5055625000, -5.210951e+001,
5057000000, -5.208653e+001,
5058375000, -5.196901e+001,
5059750000, -5.196080e+001,
5061125000, -5.201122e+001,
5062500000, -5.197719e+001,
5063875000, -5.194004e+001,
5065250000, -5.190508e+001,
5066625000, -5.190152e+001,
5068000000, -5.188150e+001,
5069375000, -5.188932e+001,
5070750000, -5.181997e+001,
5072125000, -5.176853e+001,
5073500000, -5.177310e+001,
5074875000, -5.168686e+001,
5076250000, -5.170174e+001,
5077625000, -5.162878e+001,
5079000000, -5.154659e+001,
5080375000, -5.156227e+001,
5081750000, -5.144718e+001,
5083125000, -5.140668e+001,
5084500000, -5.144333e+001,
5085875000, -5.144940e+001,
5087250000, -5.136848e+001,
5088625000, -5.130169e+001,
5090000000, -5.128853e+001,
5091375000, -5.122213e+001,
5092750000, -5.121881e+001,
5094125000, -5.124643e+001,
5095500000, -5.113180e+001,
5096875000, -5.120290e+001,
5098250000, -5.116137e+001,
5099625000, -5.114082e+001,
5101000000, -5.107237e+001,
5102375000, -5.102008e+001,
5103750000, -5.100070e+001,
5105125000, -5.101496e+001,
5106500000, -5.098391e+001,
5107875000, -5.096017e+001,
5109250000, -5.098545e+001,
5110625000, -5.096098e+001,
5112000000, -5.095394e+001,
5113375000, -5.090726e+001,
5114750000, -5.095962e+001,
5116125000, -5.086895e+001,
5117500000, -5.090028e+001,
5118875000, -5.091983e+001,
5120250000, -5.094696e+001,
5121625000, -5.095129e+001,
5123000000, -5.094786e+001,
5124375000, -5.089746e+001,
5125750000, -5.088892e+001,
5127125000, -5.095676e+001,
5128500000, -5.089576e+001,
5129875000, -5.092935e+001,
5131250000, -5.087743e+001,
5132625000, -5.097110e+001,
5134000000, -5.092657e+001,
5135375000, -5.099508e+001,
5136750000, -5.098953e+001,
5138125000, -5.103846e+001,
5139500000, -5.101019e+001,
5140875000, -5.101308e+001,
5142250000, -5.107524e+001,
5143625000, -5.113829e+001,
5145000000, -5.113846e+001,
5146375000, -5.115368e+001,
5147750000, -5.120014e+001,
5149125000, -5.120161e+001,
5150500000, -5.126384e+001,
5151875000, -5.133297e+001,
5153250000, -5.137230e+001,
5154625000, -5.143855e+001,
5156000000, -5.143610e+001,
5157375000, -5.144950e+001,
5158750000, -5.150043e+001,
5160125000, -5.154950e+001,
5161500000, -5.164020e+001,
5162875000, -5.164739e+001,
5164250000, -5.166363e+001,
5165625000, -5.169581e+001,
5167000000, -5.175064e+001,
5168375000, -5.178825e+001,
5169750000, -5.181903e+001,
5171125000, -5.189048e+001,
5172500000, -5.195058e+001,
5173875000, -5.198544e+001,
5175250000, -5.202175e+001,
5176625000, -5.208455e+001,
5178000000, -5.219457e+001,
5179375000, -5.216753e+001,
5180750000, -5.224863e+001,
5182125000, -5.233968e+001,
5183500000, -5.234609e+001,
5184875000, -5.235176e+001,
5186250000, -5.238651e+001,
5187625000, -5.247440e+001,
5189000000, -5.254346e+001,
5190375000, -5.255585e+001,
5191750000, -5.256624e+001,
5193125000, -5.246354e+001,
5194500000, -5.259623e+001,
5195875000, -5.258926e+001,
5197250000, -5.258953e+001,
5198625000, -5.262333e+001,
5200000000, -5.263474e+001,
