"S21 Log Mag"
"Frequency (Hz)","dB",
3000000000, -5.003535e+001,
3001375000, -4.995173e+001,
3002750000, -4.991133e+001,
3004125000, -4.985315e+001,
3005500000, -4.977540e+001,
3006875000, -4.979345e+001,
3008250000, -4.977405e+001,
3009625000, -4.971424e+001,
3011000000, -4.968713e+001,
3012375000, -4.967978e+001,
3013750000, -4.959021e+001,
3015125000, -4.960632e+001,
3016500000, -4.956130e+001,
3017875000, -4.950640e+001,
3019250000, -4.945330e+001,
3020625000, -4.939660e+001,
3022000000, -4.941396e+001,
3023375000, -4.933176e+001,
3024750000, -4.928802e+001,
3026125000, -4.929768e+001,
3027500000, -4.923807e+001,
3028875000, -4.915532e+001,
3030250000, -4.911848e+001,
3031625000, -4.911093e+001,
3033000000, -4.910857e+001,
3034375000, -4.904641e+001,
3035750000, -4.901225e+001,
3037125000, -4.894497e+001,
3038500000, -4.887709e+001,
3039875000, -4.894078e+001,
3041250000, -4.879270e+001,
3042625000, -4.878601e+001,
3044000000, -4.877209e+001,
3045375000, -4.870800e+001,
3046750000, -4.866695e+001,
3048125000, -4.862029e+001,
3049500000, -4.857084e+001,
3050875000, -4.855186e+001,
3052250000, -4.847274e+001,
3053625000, -4.847974e+001,
3055000000, -4.845025e+001,
3056375000, -4.841589e+001,
3057750000, -4.836991e+001,
3059125000, -4.831351e+001,
3060500000, -4.833780e+001,
3061875000, -4.831849e+001,
3063250000, -4.825559e+001,
3064625000, -4.820374e+001,
3066000000, -4.819951e+001,
3067375000, -4.814040e+001,
3068750000, -4.813598e+001,
3070125000, -4.811272e+001,
3071500000, -4.811942e+001,
3072875000, -4.803043e+001,
3074250000, -4.804712e+001,
3075625000, -4.800346e+001,
3077000000, -4.803049e+001,
3078375000, -4.797690e+001,
3079750000, -4.794086e+001,
3081125000, -4.793514e+001,
3082500000, -4.791574e+001,
3083875000, -4.784720e+001,
3085250000, -4.782755e+001,
3086625000, -4.779592e+001,
3088000000, -4.783174e+001,
3089375000, -4.778981e+001,
3090750000, -4.775739e+001,
3092125000, -4.777285e+001,
3093500000, -4.773746e+001,
3094875000, -4.774924e+001,
3096250000, -4.766964e+001,
3097625000, -4.767970e+001,
3099000000, -4.765612e+001,
3100375000, -4.761887e+001,
3101750000, -4.762632e+001,
3103125000, -4.757079e+001,
3104500000, -4.759556e+001,
3105875000, -4.758820e+001,
3107250000, -4.759040e+001,
3108625000, -4.756473e+001,
3110000000, -4.750816e+001,
3111375000, -4.749002e+001,
3112750000, -4.749952e+001,
3114125000, -4.747851e+001,
3115500000, -4.745033e+001,
3116875000, -4.741891e+001,
3118250000, -4.742554e+001,
3119625000, -4.735435e+001,
3121000000, -4.730758e+001,
3122375000, -4.735708e+001,
3123750000, -4.732512e+001,
3125125000, -4.727239e+001,
3126500000, -4.731115e+001,
3127875000, -4.722604e+001,
3129250000, -4.722454e+001,
3130625000, -4.721859e+001,
3132000000, -4.721012e+001,
3133375000, -4.716466e+001,
3134750000, -4.718328e+001,
3136125000, -4.713396e+001,
3137500000, -4.714145e+001,
3138875000, -4.716748e+001,
3140250000, -4.709602e+001,
3141625000, -4.708355e+001,
3143000000, -4.711626e+001,
3144375000, -4.704786e+001,
3145750000, -4.704586e+001,
3147125000, -4.711167e+001,
3148500000, -4.709160e+001,
3149875000, -4.711726e+001,
3151250000, -4.705776e+001,
3152625000, -4.709813e+001,
3154000000, -4.709713e+001,
3155375000, -4.706213e+001,
3156750000, -4.708910e+001,
3158125000, -4.707286e+001,
3159500000, -4.707739e+001,
3160875000, -4.710552e+001,
3162250000, -4.712719e+001,
3163625000, -4.712158e+001,
3165000000, -4.708760e+001,
3166375000, -4.716520e+001,
3167750000, -4.718882e+001,
3169125000, -4.717040e+001,
3170500000, -4.713503e+001,
3171875000, -4.719684e+001,
3173250000, -4.723841e+001,
3174625000, -4.721146e+001,
3176000000, -4.721883e+001,
3177375000, -4.727365e+001,
3178750000, -4.726056e+001,
3180125000, -4.730425e+001,
3181500000, -4.726237e+001,
3182875000, -4.729055e+001,
3184250000, -4.728960e+001,
3185625000, -4.731694e+001,
3187000000, -4.736265e+001,
3188375000, -4.741265e+001,
3189750000, -4.739662e+001,
3191125000, -4.739954e+001,
3192500000, -4.742641e+001,
3193875000, -4.747281e+001,
3195250000, -4.752509e+001,
3196625000, -4.756389e+001,
3198000000, -4.754759e+001,
3199375000, -4.761272e+001,
3200750000, -4.764990e+001,
3202125000, -4.763079e+001,
3203500000, -4.770816e+001,
3204875000, -4.774648e+001,
3206250000, -4.779263e+001,
3207625000, -4.780139e+001,
3209000000, -4.783095e+001,
3210375000, -4.785493e+001,
3211750000, -4.788998e+001,
3213125000, -4.789281e+001,
3214500000, -4.795485e+001,
3215875000, -4.798685e+001,
3217250000, -4.804069e+001,
3218625000, -4.805639e+001,
3220000000, -4.808017e+001,
3221375000, -4.812688e+001,
3222750000, -4.817828e+001,
3224125000, -4.826780e+001,
3225500000, -4.831683e+001,
3226875000, -4.836819e+001,
3228250000, -4.830546e+001,
3229625000, -4.836540e+001,
3231000000, -4.842390e+001,
3232375000, -4.842939e+001,
3233750000, -4.849986e+001,
3235125000, -4.848168e+001,
3236500000, -4.857436e+001,
3237875000, -4.856488e+001,
3239250000, -4.864121e+001,
3240625000, -4.867323e+001,
3242000000, -4.873302e+001,
3243375000, -4.870716e+001,
3244750000, -4.878360e+001,
3246125000, -4.881048e+001,
3247500000, -4.888795e+001,
3248875000, -4.881965e+001,
3250250000, -4.885637e+001,
3251625000, -4.892596e+001,
3253000000, -4.890252e+001,
3254375000, -4.888594e+001,
3255750000, -4.888870e+001,
3257125000, -4.890808e+001,
3258500000, -4.894922e+001,
3259875000, -4.897697e+001,
3261250000, -4.897084e+001,
3262625000, -4.894384e+001,
3264000000, -4.902853e+001,
3265375000, -4.889833e+001,
3266750000, -4.899310e+001,
3268125000, -4.893264e+001,
3269500000, -4.892798e+001,
3270875000, -4.895161e+001,
3272250000, -4.891438e+001,
3273625000, -4.896581e+001,
3275000000, -4.892760e+001,
3276375000, -4.889623e+001,
3277750000, -4.891957e+001,
3279125000, -4.880611e+001,
3280500000, -4.883207e+001,
3281875000, -4.885363e+001,
3283250000, -4.885665e+001,
3284625000, -4.881009e+001,
3286000000, -4.877386e+001,
3287375000, -4.875996e+001,
3288750000, -4.872849e+001,
3290125000, -4.865916e+001,
3291500000, -4.862575e+001,
3292875000, -4.868886e+001,
3294250000, -4.857583e+001,
3295625000, -4.857040e+001,
3297000000, -4.855262e+001,
3298375000, -4.849640e+001,
3299750000, -4.851388e+001,
3301125000, -4.846483e+001,
3302500000, -4.838540e+001,
3303875000, -4.832007e+001,
3305250000, -4.831815e+001,
3306625000, -4.826865e+001,
3308000000, -4.821877e+001,
3309375000, -4.818159e+001,
3310750000, -4.811725e+001,
3312125000, -4.808250e+001,
3313500000, -4.803684e+001,
3314875000, -4.802215e+001,
3316250000, -4.791441e+001,
3317625000, -4.789939e+001,
3319000000, -4.787080e+001,
3320375000, -4.784784e+001,
3321750000, -4.778605e+001,
3323125000, -4.775780e+001,
3324500000, -4.773487e+001,
3325875000, -4.764452e+001,
3327250000, -4.760259e+001,
3328625000, -4.757584e+001,
3330000000, -4.754678e+001,
3331375000, -4.749740e+001,
3332750000, -4.742194e+001,
3334125000, -4.743173e+001,
3335500000, -4.740606e+001,
3336875000, -4.734301e+001,
3338250000, -4.730781e+001,
3339625000, -4.730923e+001,
3341000000, -4.726387e+001,
3342375000, -4.724726e+001,
3343750000, -4.717916e+001,
3345125000, -4.719462e+001,
3346500000, -4.716373e+001,
3347875000, -4.716612e+001,
3349250000, -4.714774e+001,
3350625000, -4.714541e+001,
3352000000, -4.703416e+001,
3353375000, -4.705114e+001,
3354750000, -4.705804e+001,
3356125000, -4.706792e+001,
3357500000, -4.706397e+001,
3358875000, -4.705104e+001,
3360250000, -4.703265e+001,
3361625000, -4.705760e+001,
3363000000, -4.706810e+001,
3364375000, -4.706826e+001,
3365750000, -4.704127e+001,
3367125000, -4.705182e+001,
3368500000, -4.704837e+001,
3369875000, -4.709873e+001,
3371250000, -4.712764e+001,
3372625000, -4.715344e+001,
3374000000, -4.714197e+001,
3375375000, -4.716947e+001,
3376750000, -4.715974e+001,
3378125000, -4.717445e+001,
3379500000, -4.721098e+001,
3380875000, -4.722969e+001,
3382250000, -4.727232e+001,
3383625000, -4.725953e+001,
3385000000, -4.728034e+001,
3386375000, -4.730770e+001,
3387750000, -4.731528e+001,
3389125000, -4.735406e+001,
3390500000, -4.734398e+001,
3391875000, -4.738152e+001,
3393250000, -4.745708e+001,
3394625000, -4.746017e+001,
3396000000, -4.745368e+001,
3397375000, -4.749812e+001,
3398750000, -4.746046e+001,
3400125000, -4.750193e+001,
3401500000, -4.753358e+001,
3402875000, -4.753812e+001,
3404250000, -4.758411e+001,
3405625000, -4.757588e+001,
3407000000, -4.759663e+001,
3408375000, -4.758990e+001,
3409750000, -4.761541e+001,
3411125000, -4.760836e+001,
3412500000, -4.762743e+001,
3413875000, -4.772779e+001,
3415250000, -4.766946e+001,
3416625000, -4.773899e+001,
3418000000, -4.769386e+001,
3419375000, -4.771063e+001,
3420750000, -4.773833e+001,
3422125000, -4.779477e+001,
3423500000, -4.770575e+001,
3424875000, -4.772484e+001,
3426250000, -4.771023e+001,
3427625000, -4.775486e+001,
3429000000, -4.774839e+001,
3430375000, -4.776706e+001,
3431750000, -4.772020e+001,
3433125000, -4.768203e+001,
3434500000, -4.775727e+001,
3435875000, -4.771080e+001,
3437250000, -4.771358e+001,
3438625000, -4.762611e+001,
3440000000, -4.768074e+001,
3441375000, -4.764845e+001,
3442750000, -4.765450e+001,
3444125000, -4.758055e+001,
3445500000, -4.763839e+001,
3446875000, -4.758617e+001,
3448250000, -4.760779e+001,
3449625000, -4.758971e+001,
3451000000, -4.762105e+001,
3452375000, -4.762681e+001,
3453750000, -4.762598e+001,
3455125000, -4.757077e+001,
3456500000, -4.759298e+001,
3457875000, -4.750811e+001,
3459250000, -4.751723e+001,
3460625000, -4.749854e+001,
3462000000, -4.748243e+001,
3463375000, -4.748745e+001,
3464750000, -4.747032e+001,
3466125000, -4.746417e+001,
3467500000, -4.746851e+001,
3468875000, -4.745010e+001,
3470250000, -4.743919e+001,
3471625000, -4.743337e+001,
3473000000, -4.744025e+001,
3474375000, -4.741805e+001,
3475750000, -4.741391e+001,
3477125000, -4.738899e+001,
3478500000, -4.736297e+001,
3479875000, -4.736626e+001,
3481250000, -4.735455e+001,
3482625000, -4.738464e+001,
3484000000, -4.735391e+001,
3485375000, -4.733051e+001,
3486750000, -4.731715e+001,
3488125000, -4.732832e+001,
3489500000, -4.734715e+001,
3490875000, -4.735979e+001,
3492250000, -4.731894e+001,
3493625000, -4.730828e+001,
3495000000, -4.729572e+001,
3496375000, -4.727720e+001,
3497750000, -4.731188e+001,
3499125000, -4.728676e+001,
3500500000, -4.732181e+001,
3501875000, -4.724759e+001,
3503250000, -4.735865e+001,
3504625000, -4.731586e+001,
3506000000, -4.736742e+001,
3507375000, -4.731499e+001,
3508750000, -4.731189e+001,
3510125000, -4.732314e+001,
3511500000, -4.735974e+001,
3512875000, -4.742326e+001,
3514250000, -4.740559e+001,
3515625000, -4.747694e+001,
3517000000, -4.743940e+001,
3518375000, -4.748888e+001,
3519750000, -4.747223e+001,
3521125000, -4.752658e+001,
3522500000, -4.753329e+001,
3523875000, -4.751899e+001,
3525250000, -4.758786e+001,
3526625000, -4.759192e+001,
3528000000, -4.764309e+001,
3529375000, -4.764075e+001,
3530750000, -4.771440e+001,
3532125000, -4.779362e+001,
3533500000, -4.772645e+001,
3534875000, -4.776457e+001,
3536250000, -4.780970e+001,
3537625000, -4.790929e+001,
3539000000, -4.789134e+001,
3540375000, -4.794854e+001,
3541750000, -4.798957e+001,
3543125000, -4.801938e+001,
3544500000, -4.807819e+001,
3545875000, -4.809021e+001,
3547250000, -4.809532e+001,
3548625000, -4.812545e+001,
3550000000, -4.819495e+001,
3551375000, -4.827095e+001,
3552750000, -4.827734e+001,
3554125000, -4.834755e+001,
3555500000, -4.832540e+001,
3556875000, -4.839409e+001,
3558250000, -4.841036e+001,
3559625000, -4.848581e+001,
3561000000, -4.851274e+001,
3562375000, -4.856289e+001,
3563750000, -4.860349e+001,
3565125000, -4.862488e+001,
3566500000, -4.865597e+001,
3567875000, -4.869270e+001,
3569250000, -4.868372e+001,
3570625000, -4.869455e+001,
3572000000, -4.880152e+001,
3573375000, -4.874889e+001,
3574750000, -4.884993e+001,
3576125000, -4.878192e+001,
3577500000, -4.888649e+001,
3578875000, -4.887498e+001,
3580250000, -4.887952e+001,
3581625000, -4.885621e+001,
3583000000, -4.890730e+001,
3584375000, -4.888549e+001,
3585750000, -4.895163e+001,
3587125000, -4.893767e+001,
3588500000, -4.892541e+001,
3589875000, -4.893224e+001,
3591250000, -4.897553e+001,
3592625000, -4.900958e+001,
3594000000, -4.903083e+001,
3595375000, -4.898335e+001,
3596750000, -4.897008e+001,
3598125000, -4.894705e+001,
3599500000, -4.891129e+001,
3600875000, -4.901041e+001,
3602250000, -4.898355e+001,
3603625000, -4.898483e+001,
3605000000, -4.895487e+001,
3606375000, -4.896811e+001,
3607750000, -4.893917e+001,
3609125000, -4.894979e+001,
3610500000, -4.890235e+001,
3611875000, -4.895222e+001,
3613250000, -4.887270e+001,
3614625000, -4.891425e+001,
3616000000, -4.891986e+001,
3617375000, -4.892203e+001,
3618750000, -4.889629e+001,
3620125000, -4.889259e+001,
3621500000, -4.894846e+001,
3622875000, -4.893561e+001,
3624250000, -4.892063e+001,
3625625000, -4.892619e+001,
3627000000, -4.891766e+001,
3628375000, -4.886104e+001,
3629750000, -4.884998e+001,
3631125000, -4.892401e+001,
3632500000, -4.888585e+001,
3633875000, -4.885535e+001,
3635250000, -4.888391e+001,
3636625000, -4.887457e+001,
3638000000, -4.888188e+001,
3639375000, -4.887948e+001,
3640750000, -4.884666e+001,
3642125000, -4.882963e+001,
3643500000, -4.888535e+001,
3644875000, -4.882182e+001,
3646250000, -4.887838e+001,
3647625000, -4.888572e+001,
3649000000, -4.882162e+001,
3650375000, -4.889243e+001,
3651750000, -4.886190e+001,
3653125000, -4.884685e+001,
3654500000, -4.887112e+001,
3655875000, -4.886326e+001,
3657250000, -4.886877e+001,
3658625000, -4.884457e+001,
3660000000, -4.889439e+001,
3661375000, -4.886176e+001,
3662750000, -4.887652e+001,
3664125000, -4.887817e+001,
3665500000, -4.889603e+001,
3666875000, -4.891184e+001,
3668250000, -4.890833e+001,
3669625000, -4.892652e+001,
3671000000, -4.886747e+001,
3672375000, -4.898292e+001,
3673750000, -4.896961e+001,
3675125000, -4.900834e+001,
3676500000, -4.895625e+001,
3677875000, -4.902896e+001,
3679250000, -4.898328e+001,
3680625000, -4.902293e+001,
3682000000, -4.907056e+001,
3683375000, -4.920876e+001,
3684750000, -4.910262e+001,
3686125000, -4.917463e+001,
3687500000, -4.922910e+001,
3688875000, -4.922863e+001,
3690250000, -4.934766e+001,
3691625000, -4.932235e+001,
3693000000, -4.931971e+001,
3694375000, -4.935047e+001,
3695750000, -4.942564e+001,
3697125000, -4.939714e+001,
3698500000, -4.937592e+001,
3699875000, -4.942449e+001,
3701250000, -4.948110e+001,
3702625000, -4.948964e+001,
3704000000, -4.946174e+001,
3705375000, -4.952114e+001,
3706750000, -4.951887e+001,
3708125000, -4.954834e+001,
3709500000, -4.955719e+001,
3710875000, -4.957269e+001,
3712250000, -4.959129e+001,
3713625000, -4.955988e+001,
3715000000, -4.963535e+001,
3716375000, -4.959016e+001,
3717750000, -4.959080e+001,
3719125000, -4.956165e+001,
3720500000, -4.955048e+001,
3721875000, -4.964157e+001,
3723250000, -4.959882e+001,
3724625000, -4.955796e+001,
3726000000, -4.963442e+001,
3727375000, -4.948552e+001,
3728750000, -4.959805e+001,
3730125000, -4.953900e+001,
3731500000, -4.958958e+001,
3732875000, -4.952700e+001,
3734250000, -4.954287e+001,
3735625000, -4.949099e+001,
3737000000, -4.944285e+001,
3738375000, -4.946761e+001,
3739750000, -4.941707e+001,
3741125000, -4.943543e+001,
3742500000, -4.938774e+001,
3743875000, -4.943874e+001,
3745250000, -4.945237e+001,
3746625000, -4.936667e+001,
3748000000, -4.933437e+001,
3749375000, -4.931519e+001,
3750750000, -4.911896e+001,
3752125000, -4.912934e+001,
3753500000, -4.911341e+001,
3754875000, -4.907099e+001,
3756250000, -4.905947e+001,
3757625000, -4.898400e+001,
3759000000, -4.890908e+001,
3760375000, -4.892619e+001,
3761750000, -4.890231e+001,
3763125000, -4.884261e+001,
3764500000, -4.880439e+001,
3765875000, -4.877905e+001,
3767250000, -4.876924e+001,
3768625000, -4.867103e+001,
3770000000, -4.863960e+001,
3771375000, -4.861442e+001,
3772750000, -4.857624e+001,
3774125000, -4.853593e+001,
3775500000, -4.847941e+001,
3776875000, -4.854551e+001,
3778250000, -4.836573e+001,
3779625000, -4.841616e+001,
3781000000, -4.843658e+001,
3782375000, -4.839965e+001,
3783750000, -4.839826e+001,
3785125000, -4.834011e+001,
3786500000, -4.832407e+001,
3787875000, -4.833554e+001,
3789250000, -4.829008e+001,
3790625000, -4.836523e+001,
3792000000, -4.837538e+001,
3793375000, -4.835353e+001,
3794750000, -4.841020e+001,
3796125000, -4.838922e+001,
3797500000, -4.844431e+001,
3798875000, -4.842282e+001,
3800250000, -4.840509e+001,
3801625000, -4.844525e+001,
3803000000, -4.847120e+001,
3804375000, -4.848721e+001,
3805750000, -4.848970e+001,
3807125000, -4.846963e+001,
3808500000, -4.851906e+001,
3809875000, -4.855820e+001,
3811250000, -4.856063e+001,
3812625000, -4.862217e+001,
3814000000, -4.866368e+001,
3815375000, -4.862978e+001,
3816750000, -4.864158e+001,
3818125000, -4.871515e+001,
3819500000, -4.875164e+001,
3820875000, -4.877515e+001,
3822250000, -4.880256e+001,
3823625000, -4.888855e+001,
3825000000, -4.892485e+001,
3826375000, -4.898098e+001,
3827750000, -4.902108e+001,
3829125000, -4.904540e+001,
3830500000, -4.909203e+001,
3831875000, -4.917127e+001,
3833250000, -4.920462e+001,
3834625000, -4.920290e+001,
3836000000, -4.926624e+001,
3837375000, -4.931917e+001,
3838750000, -4.932479e+001,
3840125000, -4.946370e+001,
3841500000, -4.944923e+001,
3842875000, -4.955378e+001,
3844250000, -4.953092e+001,
3845625000, -4.963696e+001,
3847000000, -4.973391e+001,
3848375000, -4.965267e+001,
3849750000, -4.978279e+001,
3851125000, -4.981492e+001,
3852500000, -4.989695e+001,
3853875000, -4.990703e+001,
3855250000, -4.997757e+001,
3856625000, -5.000852e+001,
3858000000, -5.005745e+001,
3859375000, -5.005389e+001,
3860750000, -5.005157e+001,
3862125000, -5.016265e+001,
3863500000, -5.016724e+001,
3864875000, -5.020762e+001,
3866250000, -5.020301e+001,
3867625000, -5.029548e+001,
3869000000, -5.019914e+001,
3870375000, -5.028715e+001,
3871750000, -5.031136e+001,
3873125000, -5.036909e+001,
3874500000, -5.046946e+001,
3875875000, -5.034265e+001,
3877250000, -5.051919e+001,
3878625000, -5.046792e+001,
3880000000, -5.053785e+001,
3881375000, -5.051381e+001,
3882750000, -5.054279e+001,
3884125000, -5.056850e+001,
3885500000, -5.063689e+001,
3886875000, -5.052151e+001,
3888250000, -5.072468e+001,
3889625000, -5.062135e+001,
3891000000, -5.062914e+001,
3892375000, -5.069152e+001,
3893750000, -5.058345e+001,
3895125000, -5.067221e+001,
3896500000, -5.070671e+001,
3897875000, -5.064809e+001,
3899250000, -5.070393e+001,
3900625000, -5.068651e+001,
3902000000, -5.058863e+001,
3903375000, -5.074711e+001,
3904750000, -5.061677e+001,
3906125000, -5.062875e+001,
3907500000, -5.076426e+001,
3908875000, -5.065167e+001,
3910250000, -5.057484e+001,
3911625000, -5.064316e+001,
3913000000, -5.068145e+001,
3914375000, -5.058939e+001,
3915750000, -5.067860e+001,
3917125000, -5.039934e+001,
3918500000, -5.067650e+001,
3919875000, -5.070676e+001,
3921250000, -5.046255e+001,
3922625000, -5.057092e+001,
3924000000, -5.063267e+001,
3925375000, -5.050016e+001,
3926750000, -5.058297e+001,
3928125000, -5.051850e+001,
3929500000, -5.029582e+001,
3930875000, -5.063954e+001,
3932250000, -5.037248e+001,
3933625000, -5.024616e+001,
3935000000, -5.054044e+001,
3936375000, -5.038623e+001,
3937750000, -5.024746e+001,
3939125000, -5.040605e+001,
3940500000, -5.032693e+001,
3941875000, -5.027349e+001,
3943250000, -5.035907e+001,
3944625000, -5.029537e+001,
3946000000, -5.014137e+001,
3947375000, -5.035061e+001,
3948750000, -5.008392e+001,
3950125000, -5.005872e+001,
3951500000, -5.027428e+001,
3952875000, -5.016465e+001,
3954250000, -5.022453e+001,
3955625000, -5.008891e+001,
3957000000, -5.023005e+001,
3958375000, -5.007140e+001,
3959750000, -5.029452e+001,
3961125000, -4.996659e+001,
3962500000, -5.001194e+001,
3963875000, -5.026891e+001,
3965250000, -4.999248e+001,
3966625000, -5.001849e+001,
3968000000, -5.019424e+001,
3969375000, -5.010929e+001,
3970750000, -5.008594e+001,
3972125000, -5.013707e+001,
3973500000, -5.019159e+001,
3974875000, -5.004166e+001,
3976250000, -5.031600e+001,
3977625000, -5.008931e+001,
3979000000, -5.003606e+001,
3980375000, -5.024524e+001,
3981750000, -5.011474e+001,
3983125000, -5.010172e+001,
3984500000, -5.038203e+001,
3985875000, -5.018710e+001,
3987250000, -5.007066e+001,
3988625000, -5.021201e+001,
3990000000, -5.041613e+001,
3991375000, -5.023135e+001,
3992750000, -5.054308e+001,
3994125000, -4.978762e+001,
3995500000, -5.048328e+001,
3996875000, -5.060511e+001,
3998250000, -5.011149e+001,
3999625000, -5.001926e+001,
4001000000, -5.053439e+001,
4002375000, -5.054892e+001,
4003750000, -5.025002e+001,
4005125000, -5.031427e+001,
4006500000, -5.028185e+001,
4007875000, -4.992464e+001,
4009250000, -5.117131e+001,
4010625000, -5.038937e+001,
4012000000, -4.982114e+001,
4013375000, -5.075445e+001,
4014750000, -5.061593e+001,
4016125000, -5.045000e+001,
4017500000, -5.048898e+001,
4018875000, -5.049548e+001,
4020250000, -5.028157e+001,
4021625000, -5.060929e+001,
4023000000, -5.130165e+001,
4024375000, -4.980729e+001,
4025750000, -5.014596e+001,
4027125000, -5.182095e+001,
4028500000, -4.997073e+001,
4029875000, -5.032787e+001,
4031250000, -5.140931e+001,
4032625000, -5.058266e+001,
4034000000, -5.020332e+001,
4035375000, -5.125859e+001,
4036750000, -5.059877e+001,
4038125000, -4.999602e+001,
4039500000, -5.087458e+001,
4040875000, -5.183181e+001,
4042250000, -4.930790e+001,
4043625000, -5.070596e+001,
4045000000, -5.236887e+001,
4046375000, -4.966389e+001,
4047750000, -5.043673e+001,
4049125000, -5.191599e+001,
4050500000, -5.075290e+001,
4051875000, -5.013305e+001,
4053250000, -5.155741e+001,
4054625000, -5.113308e+001,
4056000000, -4.913524e+001,
4057375000, -5.207555e+001,
4058750000, -5.193794e+001,
4060125000, -4.919807e+001,
4061500000, -5.067987e+001,
4062875000, -5.317340e+001,
4064250000, -4.988129e+001,
4065625000, -5.083694e+001,
4067000000, -5.088770e+001,
4068375000, -5.123059e+001,
4069750000, -5.125007e+001,
4071125000, -5.235476e+001,
4072500000, -5.014054e+001,
4073875000, -4.927840e+001,
4075250000, -5.305251e+001,
4076625000, -5.172325e+001,
4078000000, -5.084522e+001,
4079375000, -5.094402e+001,
4080750000, -5.107460e+001,
4082125000, -5.125027e+001,
4083500000, -5.429417e+001,
4084875000, -5.055740e+001,
4086250000, -4.975680e+001,
4087625000, -4.991960e+001,
4089000000, -5.545905e+001,
4090375000, -5.180655e+001,
4091750000, -4.945430e+001,
4093125000, -5.355079e+001,
4094500000, -4.998846e+001,
4095875000, -5.095759e+001,
4097250000, -5.852192e+001,
4098625000, -5.016420e+001,
4100000000, -4.881644e+001,
4101375000, -5.219260e+001,
4102750000, -5.673851e+001,
4104125000, -5.163742e+001,
4105500000, -4.876436e+001,
4106875000, -5.225579e+001,
4108250000, -5.254326e+001,
4109625000, -5.155762e+001,
4111000000, -5.714503e+001,
4112375000, -5.155620e+001,
4113750000, -4.840616e+001,
4115125000, -5.382768e+001,
4116500000, -5.588341e+001,
4117875000, -5.096510e+001,
4119250000, -5.093614e+001,
4120625000, -5.336463e+001,
4122000000, -5.356474e+001,
4123375000, -5.343208e+001,
4124750000, -5.174239e+001,
4126125000, -5.592962e+001,
4127500000, -4.705021e+001,
4128875000, -5.201337e+001,
4130250000, -5.371870e+001,
4131625000, -4.749935e+001,
4133000000, -4.708654e+001,
4134375000, -5.317155e+001,
4135750000, -4.978061e+001,
4137125000, -4.712385e+001,
4138500000, -5.006657e+001,
4139875000, -5.313061e+001,
4141250000, -5.785612e+001,
4142625000, -5.642526e+001,
4144000000, -5.820741e+001,
4145375000, -4.625275e+001,
4146750000, -4.449140e+001,
4148125000, -4.740999e+001,
4149500000, -4.766700e+001,
4150875000, -4.286037e+001,
4152250000, -4.209435e+001,
4153625000, -4.438781e+001,
4155000000, -4.556153e+001,
4156375000, -4.515458e+001,
4157750000, -4.192281e+001,
4159125000, -4.164492e+001,
4160500000, -4.445163e+001,
4161875000, -4.396851e+001,
4163250000, -4.084280e+001,
4164625000, -3.803005e+001,
4166000000, -3.638245e+001,
4167375000, -3.734246e+001,
4168750000, -3.950273e+001,
4170125000, -4.049785e+001,
4171500000, -3.826866e+001,
4172875000, -3.780257e+001,
4174250000, -3.712038e+001,
4175625000, -3.981239e+001,
4177000000, -4.159124e+001,
4178375000, -3.961710e+001,
4179750000, -3.740338e+001,
4181125000, -3.544939e+001,
4182500000, -3.468615e+001,
4183875000, -3.125408e+001,
4185250000, -3.063026e+001,
4186625000, -3.045801e+001,
4188000000, -3.087668e+001,
4189375000, -3.055785e+001,
4190750000, -3.219792e+001,
4192125000, -3.194780e+001,
4193500000, -3.185548e+001,
4194875000, -3.288389e+001,
4196250000, -3.161154e+001,
4197625000, -3.147682e+001,
4199000000, -3.135677e+001,
4200375000, -3.027734e+001,
4201750000, -3.110180e+001,
4203125000, -3.204744e+001,
4204500000, -3.147820e+001,
4205875000, -3.151787e+001,
4207250000, -3.139940e+001,
4208625000, -2.915703e+001,
4210000000, -2.805559e+001,
4211375000, -2.801463e+001,
4212750000, -2.488096e+001,
4214125000, -2.292082e+001,
4215500000, -2.183671e+001,
4216875000, -2.215089e+001,
4218250000, -2.227478e+001,
4219625000, -2.318887e+001,
4221000000, -2.284262e+001,
4222375000, -2.050637e+001,
4223750000, -1.940022e+001,
4225125000, -1.839317e+001,
4226500000, -1.770687e+001,
4227875000, -1.665846e+001,
4229250000, -1.659368e+001,
4230625000, -1.625167e+001,
4232000000, -1.490185e+001,
4233375000, -1.600127e+001,
4234750000, -1.595559e+001,
4236125000, -1.401373e+001,
4237500000, -1.412662e+001,
4238875000, -1.438724e+001,
4240250000, -1.312895e+001,
4241625000, -1.280673e+001,
4243000000, -1.285035e+001,
4244375000, -1.244530e+001,
4245750000, -1.225032e+001,
4247125000, -1.276807e+001,
4248500000, -1.247618e+001,
4249875000, -1.216196e+001,
4251250000, -1.365561e+001,
4252625000, -1.426312e+001,
4254000000, -1.366813e+001,
4255375000, -1.430419e+001,
4256750000, -1.510076e+001,
4258125000, -1.497912e+001,
4259500000, -1.479839e+001,
4260875000, -1.446065e+001,
4262250000, -1.397585e+001,
4263625000, -1.389422e+001,
4265000000, -1.428376e+001,
4266375000, -1.415255e+001,
4267750000, -1.453129e+001,
4269125000, -1.592441e+001,
4270500000, -1.651335e+001,
4271875000, -1.689615e+001,
4273250000, -1.843674e+001,
4274625000, -1.892231e+001,
4276000000, -1.926741e+001,
4277375000, -1.930742e+001,
4278750000, -1.997375e+001,
4280125000, -1.960114e+001,
4281500000, -2.077560e+001,
4282875000, -2.129446e+001,
4284250000, -1.989329e+001,
4285625000, -2.031893e+001,
4287000000, -2.004351e+001,
4288375000, -1.856413e+001,
4289750000, -1.875450e+001,
4291125000, -1.889419e+001,
4292500000, -1.881243e+001,
4293875000, -1.984141e+001,
4295250000, -1.952486e+001,
4296625000, -1.980040e+001,
4298000000, -2.025920e+001,
4299375000, -2.044021e+001,
4300750000, -2.087293e+001,
4302125000, -2.244547e+001,
4303500000, -2.259004e+001,
4304875000, -2.318213e+001,
4306250000, -2.454737e+001,
4307625000, -2.391008e+001,
4309000000, -2.363917e+001,
4310375000, -2.423583e+001,
4311750000, -2.395572e+001,
4313125000, -2.486225e+001,
4314500000, -2.621396e+001,
4315875000, -2.551501e+001,
4317250000, -2.620343e+001,
4318625000, -2.649771e+001,
4320000000, -2.583148e+001,
4321375000, -2.655275e+001,
4322750000, -2.692807e+001,
4324125000, -2.688258e+001,
4325500000, -2.835961e+001,
4326875000, -2.835665e+001,
4328250000, -2.815496e+001,
4329625000, -2.778313e+001,
4331000000, -2.627318e+001,
4332375000, -2.597982e+001,
4333750000, -2.610556e+001,
4335125000, -2.712299e+001,
4336500000, -2.861141e+001,
4337875000, -2.839426e+001,
4339250000, -2.818028e+001,
4340625000, -2.836747e+001,
4342000000, -2.840323e+001,
4343375000, -2.963400e+001,
4344750000, -3.120682e+001,
4346125000, -3.224669e+001,
4347500000, -3.324070e+001,
4348875000, -3.194904e+001,
4350250000, -3.129981e+001,
4351625000, -3.197442e+001,
4353000000, -3.234382e+001,
4354375000, -3.441609e+001,
4355750000, -3.559479e+001,
4357125000, -3.523110e+001,
4358500000, -3.413255e+001,
4359875000, -3.288263e+001,
4361250000, -3.336758e+001,
4362625000, -3.470290e+001,
4364000000, -3.657256e+001,
4365375000, -3.825615e+001,
4366750000, -3.769005e+001,
4368125000, -3.650249e+001,
4369500000, -3.557938e+001,
4370875000, -3.578751e+001,
4372250000, -3.625112e+001,
4373625000, -3.761289e+001,
4375000000, -4.059452e+001,
4376375000, -3.950266e+001,
4377750000, -3.736306e+001,
4379125000, -3.678336e+001,
4380500000, -3.678127e+001,
4381875000, -3.924134e+001,
4383250000, -4.278924e+001,
4384625000, -4.532904e+001,
4386000000, -4.256730e+001,
4387375000, -3.973748e+001,
4388750000, -3.916820e+001,
4390125000, -4.018716e+001,
4391500000, -4.400545e+001,
4392875000, -5.153784e+001,
4394250000, -4.917339e+001,
4395625000, -4.374316e+001,
4397000000, -4.151497e+001,
4398375000, -4.165827e+001,
4399750000, -4.411169e+001,
4401125000, -5.071878e+001,
4402500000, -6.597272e+001,
4403875000, -4.798847e+001,
4405250000, -4.406281e+001,
4406625000, -4.278709e+001,
4408000000, -4.415300e+001,
4409375000, -4.823292e+001,
4410750000, -6.455047e+001,
4412125000, -5.108425e+001,
4413500000, -4.554199e+001,
4414875000, -4.438088e+001,
4416250000, -4.525027e+001,
4417625000, -4.895487e+001,
4419000000, -5.656501e+001,
4420375000, -5.161518e+001,
4421750000, -4.715913e+001,
4423125000, -4.597678e+001,
4424500000, -4.708394e+001,
4425875000, -5.008626e+001,
4427250000, -5.212518e+001,
4428625000, -5.048242e+001,
4430000000, -4.872672e+001,
4431375000, -4.812780e+001,
4432750000, -4.859298e+001,
4434125000, -4.946448e+001,
4435500000, -5.002206e+001,
4436875000, -5.013059e+001,
4438250000, -4.995876e+001,
4439625000, -4.934041e+001,
4441000000, -4.863747e+001,
4442375000, -4.895446e+001,
4443750000, -5.015465e+001,
4445125000, -5.079048e+001,
4446500000, -4.980537e+001,
4447875000, -4.894283e+001,
4449250000, -4.909887e+001,
4450625000, -4.984967e+001,
4452000000, -5.025556e+001,
4453375000, -4.962602e+001,
4454750000, -4.958191e+001,
4456125000, -5.007085e+001,
4457500000, -5.005773e+001,
4458875000, -4.932526e+001,
4460250000, -4.903949e+001,
4461625000, -4.982282e+001,
4463000000, -5.085231e+001,
4464375000, -5.022770e+001,
4465750000, -4.888644e+001,
4467125000, -4.871446e+001,
4468500000, -4.974256e+001,
4469875000, -5.094733e+001,
4471250000, -5.023249e+001,
4472625000, -4.901308e+001,
4474000000, -4.872870e+001,
4475375000, -4.944090e+001,
4476750000, -5.058973e+001,
4478125000, -5.019177e+001,
4479500000, -4.932169e+001,
4480875000, -4.898201e+001,
4482250000, -4.921250e+001,
4483625000, -4.963519e+001,
4485000000, -5.005864e+001,
4486375000, -4.994300e+001,
4487750000, -4.911595e+001,
4489125000, -4.862320e+001,
4490500000, -4.916331e+001,
4491875000, -5.018111e+001,
4493250000, -5.005982e+001,
4494625000, -4.881050e+001,
4496000000, -4.823748e+001,
4497375000, -4.915496e+001,
4498750000, -5.031853e+001,
4500125000, -4.957541e+001,
4501500000, -4.835468e+001,
4502875000, -4.831858e+001,
4504250000, -4.938687e+001,
4505625000, -4.983627e+001,
4507000000, -4.901180e+001,
4508375000, -4.839570e+001,
4509750000, -4.864178e+001,
4511125000, -4.906392e+001,
4512500000, -4.914622e+001,
4513875000, -4.885402e+001,
4515250000, -4.851421e+001,
4516625000, -4.837277e+001,
4518000000, -4.867239e+001,
4519375000, -4.902094e+001,
4520750000, -4.866726e+001,
4522125000, -4.815241e+001,
4523500000, -4.809561e+001,
4524875000, -4.860901e+001,
4526250000, -4.885954e+001,
4527625000, -4.825705e+001,
4529000000, -4.780672e+001,
4530375000, -4.811810e+001,
4531750000, -4.867561e+001,
4533125000, -4.831892e+001,
4534500000, -4.774361e+001,
4535875000, -4.782074e+001,
4537250000, -4.838166e+001,
4538625000, -4.831184e+001,
4540000000, -4.783437e+001,
4541375000, -4.770249e+001,
4542750000, -4.805391e+001,
4544125000, -4.817908e+001,
4545500000, -4.786124e+001,
4546875000, -4.762814e+001,
4548250000, -4.785649e+001,
4549625000, -4.800313e+001,
4551000000, -4.782972e+001,
4552375000, -4.772018e+001,
4553750000, -4.767462e+001,
4555125000, -4.778656e+001,
4556500000, -4.784594e+001,
4557875000, -4.769832e+001,
4559250000, -4.759053e+001,
4560625000, -4.773048e+001,
4562000000, -4.783410e+001,
4563375000, -4.765999e+001,
4564750000, -4.763634e+001,
4566125000, -4.773114e+001,
4567500000, -4.771895e+001,
4568875000, -4.768406e+001,
4570250000, -4.767508e+001,
4571625000, -4.771908e+001,
4573000000, -4.776011e+001,
4574375000, -4.774142e+001,
4575750000, -4.770294e+001,
4577125000, -4.776713e+001,
4578500000, -4.779025e+001,
4579875000, -4.775952e+001,
4581250000, -4.779910e+001,
4582625000, -4.780254e+001,
4584000000, -4.779007e+001,
4585375000, -4.786203e+001,
4586750000, -4.787410e+001,
4588125000, -4.786597e+001,
4589500000, -4.803008e+001,
4590875000, -4.794745e+001,
4592250000, -4.785351e+001,
4593625000, -4.796159e+001,
4595000000, -4.800045e+001,
4596375000, -4.788689e+001,
4597750000, -4.801199e+001,
4599125000, -4.808357e+001,
4600500000, -4.796438e+001,
4601875000, -4.809299e+001,
4603250000, -4.820145e+001,
4604625000, -4.800579e+001,
4606000000, -4.817983e+001,
4607375000, -4.822298e+001,
4608750000, -4.811153e+001,
4610125000, -4.826094e+001,
4611500000, -4.824096e+001,
4612875000, -4.819193e+001,
4614250000, -4.834510e+001,
4615625000, -4.827374e+001,
4617000000, -4.824780e+001,
4618375000, -4.832619e+001,
4619750000, -4.831623e+001,
4621125000, -4.829222e+001,
4622500000, -4.836615e+001,
4623875000, -4.833048e+001,
4625250000, -4.839149e+001,
4626625000, -4.842424e+001,
4628000000, -4.838734e+001,
4629375000, -4.842810e+001,
4630750000, -4.844425e+001,
4632125000, -4.839126e+001,
4633500000, -4.849702e+001,
4634875000, -4.843413e+001,
4636250000, -4.851603e+001,
4637625000, -4.854960e+001,
4639000000, -4.849502e+001,
4640375000, -4.856223e+001,
4641750000, -4.855593e+001,
4643125000, -4.854589e+001,
4644500000, -4.857182e+001,
4645875000, -4.854160e+001,
4647250000, -4.857564e+001,
4648625000, -4.861625e+001,
4650000000, -4.859277e+001,
4651375000, -4.857146e+001,
4652750000, -4.859156e+001,
4654125000, -4.858204e+001,
4655500000, -4.866758e+001,
4656875000, -4.865749e+001,
4658250000, -4.865631e+001,
4659625000, -4.872094e+001,
4661000000, -4.872598e+001,
4662375000, -4.870302e+001,
4663750000, -4.871052e+001,
4665125000, -4.873210e+001,
4666500000, -4.874413e+001,
4667875000, -4.875212e+001,
4669250000, -4.881599e+001,
4670625000, -4.878835e+001,
4672000000, -4.882885e+001,
4673375000, -4.881784e+001,
4674750000, -4.881639e+001,
4676125000, -4.885592e+001,
4677500000, -4.886225e+001,
4678875000, -4.887461e+001,
4680250000, -4.890699e+001,
4681625000, -4.891618e+001,
4683000000, -4.890066e+001,
4684375000, -4.892553e+001,
4685750000, -4.894687e+001,
4687125000, -4.898765e+001,
4688500000, -4.903751e+001,
4689875000, -4.903385e+001,
4691250000, -4.909425e+001,
4692625000, -4.907372e+001,
4694000000, -4.907344e+001,
4695375000, -4.910912e+001,
4696750000, -4.917397e+001,
4698125000, -4.917427e+001,
4699500000, -4.922399e+001,
4700875000, -4.924265e+001,
4702250000, -4.925938e+001,
4703625000, -4.924764e+001,
4705000000, -4.925649e+001,
4706375000, -4.933121e+001,
4707750000, -4.938414e+001,
4709125000, -4.944892e+001,
4710500000, -4.941726e+001,
4711875000, -4.951331e+001,
4713250000, -4.946730e+001,
4714625000, -4.953231e+001,
4716000000, -4.953767e+001,
4717375000, -4.956808e+001,
4718750000, -4.961860e+001,
4720125000, -4.956630e+001,
4721500000, -4.961980e+001,
4722875000, -4.968563e+001,
4724250000, -4.970223e+001,
4725625000, -4.973416e+001,
4727000000, -4.974069e+001,
4728375000, -4.973500e+001,
4729750000, -4.982079e+001,
4731125000, -4.979728e+001,
4732500000, -4.979978e+001,
4733875000, -4.985015e+001,
4735250000, -4.988922e+001,
4736625000, -4.982933e+001,
4738000000, -4.987635e+001,
4739375000, -4.990117e+001,
4740750000, -4.992384e+001,
4742125000, -5.001547e+001,
4743500000, -5.000080e+001,
4744875000, -4.997361e+001,
4746250000, -4.998563e+001,
4747625000, -4.995388e+001,
4749000000, -4.995802e+001,
4750375000, -4.997774e+001,
4751750000, -4.999644e+001,
4753125000, -5.002316e+001,
4754500000, -4.994990e+001,
4755875000, -4.992422e+001,
4757250000, -5.003245e+001,
4758625000, -4.996352e+001,
4760000000, -4.995420e+001,
4761375000, -4.995124e+001,
4762750000, -4.991333e+001,
4764125000, -4.995589e+001,
4765500000, -4.993961e+001,
4766875000, -4.986536e+001,
4768250000, -4.992627e+001,
4769625000, -4.982190e+001,
4771000000, -4.977074e+001,
4772375000, -4.979201e+001,
4773750000, -4.980449e+001,
4775125000, -4.977335e+001,
4776500000, -4.971190e+001,
4777875000, -4.965483e+001,
4779250000, -4.971174e+001,
4780625000, -4.965622e+001,
4782000000, -4.958113e+001,
4783375000, -4.951597e+001,
4784750000, -4.949550e+001,
4786125000, -4.950742e+001,
4787500000, -4.946047e+001,
4788875000, -4.948087e+001,
4790250000, -4.938455e+001,
4791625000, -4.939007e+001,
4793000000, -4.935268e+001,
4794375000, -4.929691e+001,
4795750000, -4.928456e+001,
4797125000, -4.927660e+001,
4798500000, -4.923519e+001,
4799875000, -4.916299e+001,
4801250000, -4.913980e+001,
4802625000, -4.906389e+001,
4804000000, -4.904787e+001,
4805375000, -4.900034e+001,
4806750000, -4.891346e+001,
4808125000, -4.895993e+001,
4809500000, -4.888478e+001,
4810875000, -4.885023e+001,
4812250000, -4.879681e+001,
4813625000, -4.880354e+001,
4815000000, -4.872240e+001,
4816375000, -4.869620e+001,
4817750000, -4.870573e+001,
4819125000, -4.862309e+001,
4820500000, -4.860459e+001,
4821875000, -4.858847e+001,
4823250000, -4.857552e+001,
4824625000, -4.855764e+001,
4826000000, -4.852568e+001,
4827375000, -4.850154e+001,
4828750000, -4.848413e+001,
4830125000, -4.847485e+001,
4831500000, -4.840965e+001,
4832875000, -4.841733e+001,
4834250000, -4.839335e+001,
4835625000, -4.844939e+001,
4837000000, -4.838804e+001,
4838375000, -4.837418e+001,
4839750000, -4.839259e+001,
4841125000, -4.842565e+001,
4842500000, -4.837969e+001,
4843875000, -4.837392e+001,
4845250000, -4.839599e+001,
4846625000, -4.839247e+001,
4848000000, -4.840038e+001,
4849375000, -4.840845e+001,
4850750000, -4.848972e+001,
4852125000, -4.847364e+001,
4853500000, -4.847430e+001,
4854875000, -4.852180e+001,
4856250000, -4.853421e+001,
4857625000, -4.858312e+001,
4859000000, -4.859113e+001,
4860375000, -4.863226e+001,
4861750000, -4.867555e+001,
4863125000, -4.866830e+001,
4864500000, -4.869954e+001,
4865875000, -4.874957e+001,
4867250000, -4.876307e+001,
4868625000, -4.886424e+001,
4870000000, -4.891286e+001,
4871375000, -4.894311e+001,
4872750000, -4.898058e+001,
4874125000, -4.901215e+001,
4875500000, -4.904993e+001,
4876875000, -4.907056e+001,
4878250000, -4.913676e+001,
4879625000, -4.922072e+001,
4881000000, -4.923756e+001,
4882375000, -4.925592e+001,
4883750000, -4.929944e+001,
4885125000, -4.932460e+001,
4886500000, -4.940585e+001,
4887875000, -4.944844e+001,
4889250000, -4.949406e+001,
4890625000, -4.957247e+001,
4892000000, -4.960849e+001,
4893375000, -4.961376e+001,
4894750000, -4.967912e+001,
4896125000, -4.979426e+001,
4897500000, -4.977838e+001,
4898875000, -4.994227e+001,
4900250000, -4.985609e+001,
4901625000, -4.997445e+001,
4903000000, -5.001029e+001,
4904375000, -5.004911e+001,
4905750000, -5.006169e+001,
4907125000, -5.010123e+001,
4908500000, -5.016694e+001,
4909875000, -5.015851e+001,
4911250000, -5.019081e+001,
4912625000, -5.032010e+001,
4914000000, -5.027848e+001,
4915375000, -5.031596e+001,
4916750000, -5.038134e+001,
4918125000, -5.040794e+001,
4919500000, -5.036137e+001,
4920875000, -5.040401e+001,
4922250000, -5.047975e+001,
4923625000, -5.051683e+001,
4925000000, -5.054078e+001,
4926375000, -5.057723e+001,
4927750000, -5.062887e+001,
4929125000, -5.060989e+001,
4930500000, -5.063280e+001,
4931875000, -5.063686e+001,
4933250000, -5.068559e+001,
4934625000, -5.064907e+001,
4936000000, -5.068195e+001,
4937375000, -5.064762e+001,
4938750000, -5.070668e+001,
4940125000, -5.069015e+001,
4941500000, -5.072759e+001,
4942875000, -5.080059e+001,
4944250000, -5.079409e+001,
4945625000, -5.082072e+001,
4947000000, -5.081806e+001,
4948375000, -5.076067e+001,
4949750000, -5.081565e+001,
4951125000, -5.077294e+001,
4952500000, -5.074249e+001,
4953875000, -5.079905e+001,
4955250000, -5.078686e+001,
4956625000, -5.080186e+001,
4958000000, -5.081735e+001,
4959375000, -5.082612e+001,
4960750000, -5.086024e+001,
4962125000, -5.082641e+001,
4963500000, -5.088974e+001,
4964875000, -5.091213e+001,
4966250000, -5.091635e+001,
4967625000, -5.092641e+001,
4969000000, -5.089824e+001,
4970375000, -5.088799e+001,
4971750000, -5.088371e+001,
4973125000, -5.091510e+001,
4974500000, -5.090565e+001,
4975875000, -5.093468e+001,
4977250000, -5.087852e+001,
4978625000, -5.091021e+001,
4980000000, -5.092111e+001,
4981375000, -5.096133e+001,
4982750000, -5.093124e+001,
4984125000, -5.093629e+001,
4985500000, -5.104993e+001,
4986875000, -5.097383e+001,
4988250000, -5.100108e+001,
4989625000, -5.095567e+001,
4991000000, -5.099867e+001,
4992375000, -5.100779e+001,
4993750000, -5.102121e+001,
4995125000, -5.095491e+001,
4996500000, -5.100897e+001,
4997875000, -5.098104e+001,
4999250000, -5.101309e+001,
5000625000, -5.102681e+001,
5002000000, -5.106448e+001,
5003375000, -5.104551e+001,
5004750000, -5.110101e+001,
5006125000, -5.106448e+001,
5007500000, -5.101812e+001,
5008875000, -5.098886e+001,
5010250000, -5.110164e+001,
5011625000, -5.108123e+001,
5013000000, -5.102432e+001,
5014375000, -5.107123e+001,
5015750000, -5.109864e+001,
5017125000, -5.099363e+001,
5018500000, -5.106379e+001,
5019875000, -5.113122e+001,
5021250000, -5.111299e+001,
5022625000, -5.111055e+001,
5024000000, -5.111365e+001,
5025375000, -5.109903e+001,
5026750000, -5.112146e+001,
5028125000, -5.110271e+001,
5029500000, -5.109966e+001,
5030875000, -5.115231e+001,
5032250000, -5.115799e+001,
5033625000, -5.113852e+001,
5035000000, -5.105182e+001,
5036375000, -5.119633e+001,
5037750000, -5.114016e+001,
5039125000, -5.106601e+001,
5040500000, -5.114698e+001,
5041875000, -5.109842e+001,
5043250000, -5.109274e+001,
5044625000, -5.115096e+001,
5046000000, -5.116482e+001,
5047375000, -5.112781e+001,
5048750000, -5.109677e+001,
5050125000, -5.108333e+001,
5051500000, -5.105849e+001,
5052875000, -5.107705e+001,
5054250000, -5.115795e+001,
5055625000, -5.105071e+001,
5057000000, -5.110856e+001,
5058375000, -5.108636e+001,
5059750000, -5.102391e+001,
5061125000, -5.099681e+001,
5062500000, -5.096995e+001,
5063875000, -5.099224e+001,
5065250000, -5.096266e+001,
5066625000, -5.099248e+001,
5068000000, -5.084581e+001,
5069375000, -5.076633e+001,
5070750000, -5.083592e+001,
5072125000, -5.080621e+001,
5073500000, -5.077831e+001,
5074875000, -5.083382e+001,
5076250000, -5.077946e+001,
5077625000, -5.074821e+001,
5079000000, -5.075924e+001,
5080375000, -5.077439e+001,
5081750000, -5.067589e+001,
5083125000, -5.071669e+001,
5084500000, -5.069217e+001,
5085875000, -5.065912e+001,
5087250000, -5.067599e+001,
5088625000, -5.063540e+001,
5090000000, -5.060874e+001,
5091375000, -5.062458e+001,
5092750000, -5.059274e+001,
5094125000, -5.056223e+001,
5095500000, -5.048990e+001,
5096875000, -5.054299e+001,
5098250000, -5.050667e+001,
5099625000, -5.046854e+001,
5101000000, -5.044077e+001,
5102375000, -5.044490e+001,
5103750000, -5.041791e+001,
5105125000, -5.040086e+001,
5106500000, -5.042728e+001,
5107875000, -5.043877e+001,
5109250000, -5.044072e+001,
5110625000, -5.042075e+001,
5112000000, -5.045906e+001,
5113375000, -5.051223e+001,
5114750000, -5.046242e+001,
5116125000, -5.042031e+001,
5117500000, -5.044070e+001,
5118875000, -5.045101e+001,
5120250000, -5.049141e+001,
5121625000, -5.045793e+001,
5123000000, -5.047485e+001,
5124375000, -5.052036e+001,
5125750000, -5.048528e+001,
5127125000, -5.050992e+001,
5128500000, -5.053720e+001,
5129875000, -5.057865e+001,
5131250000, -5.056716e+001,
5132625000, -5.058085e+001,
5134000000, -5.060778e+001,
5135375000, -5.060506e+001,
5136750000, -5.066361e+001,
5138125000, -5.068002e+001,
5139500000, -5.069070e+001,
5140875000, -5.072501e+001,
5142250000, -5.078556e+001,
5143625000, -5.081112e+001,
5145000000, -5.085961e+001,
5146375000, -5.091922e+001,
5147750000, -5.094558e+001,
5149125000, -5.097071e+001,
5150500000, -5.098676e+001,
5151875000, -5.103400e+001,
5153250000, -5.105157e+001,
5154625000, -5.109764e+001,
5156000000, -5.118406e+001,
5157375000, -5.121796e+001,
5158750000, -5.126135e+001,
5160125000, -5.127212e+001,
5161500000, -5.132531e+001,
5162875000, -5.141591e+001,
5164250000, -5.139638e+001,
5165625000, -5.153337e+001,
5167000000, -5.152488e+001,
5168375000, -5.163020e+001,
5169750000, -5.156650e+001,
5171125000, -5.164776e+001,
5172500000, -5.172706e+001,
5173875000, -5.176202e+001,
5175250000, -5.182699e+001,
5176625000, -5.185162e+001,
5178000000, -5.191904e+001,
5179375000, -5.190667e+001,
5180750000, -5.196682e+001,
5182125000, -5.203951e+001,
5183500000, -5.205302e+001,
5184875000, -5.212735e+001,
5186250000, -5.211305e+001,
5187625000, -5.213901e+001,
5189000000, -5.217283e+001,
5190375000, -5.228996e+001,
5191750000, -5.216048e+001,
5193125000, -5.230887e+001,
5194500000, -5.233616e+001,
5195875000, -5.236170e+001,
5197250000, -5.241544e+001,
5198625000, -5.233702e+001,
5200000000, -5.242082e+001,
