"S21 Log Mag"
"Frequency (Hz)","dB",
3500000000, -4.514221e+001,
3501250000, -4.517280e+001,
3502500000, -4.498425e+001,
3503750000, -4.487808e+001,
3505000000, -4.495176e+001,
3506250000, -4.526035e+001,
3507500000, -4.511082e+001,
3508750000, -4.498388e+001,
3510000000, -4.506113e+001,
3511250000, -4.499943e+001,
3512500000, -4.499984e+001,
3513750000, -4.503044e+001,
3515000000, -4.511664e+001,
3516250000, -4.528927e+001,
3517500000, -4.526936e+001,
3518750000, -4.511444e+001,
3520000000, -4.510314e+001,
3521250000, -4.531209e+001,
3522500000, -4.539136e+001,
3523750000, -4.520944e+001,
3525000000, -4.505225e+001,
3526250000, -4.531151e+001,
3527500000, -4.553124e+001,
3528750000, -4.544584e+001,
3530000000, -4.540434e+001,
3531250000, -4.540628e+001,
3532500000, -4.538040e+001,
3533750000, -4.540400e+001,
3535000000, -4.543480e+001,
3536250000, -4.553516e+001,
3537500000, -4.569493e+001,
3538750000, -4.576924e+001,
3540000000, -4.568272e+001,
3541250000, -4.552368e+001,
3542500000, -4.562263e+001,
3543750000, -4.597842e+001,
3545000000, -4.582571e+001,
3546250000, -4.568394e+001,
3547500000, -4.568060e+001,
3548750000, -4.592270e+001,
3550000000, -4.599748e+001,
3551250000, -4.593304e+001,
3552500000, -4.607501e+001,
3553750000, -4.598899e+001,
3555000000, -4.588291e+001,
3556250000, -4.594497e+001,
3557500000, -4.596711e+001,
3558750000, -4.612170e+001,
3560000000, -4.626649e+001,
3561250000, -4.648430e+001,
3562500000, -4.626638e+001,
3563750000, -4.602504e+001,
3565000000, -4.612746e+001,
3566250000, -4.649858e+001,
3567500000, -4.652550e+001,
3568750000, -4.622172e+001,
3570000000, -4.611385e+001,
3571250000, -4.639146e+001,
3572500000, -4.650536e+001,
3573750000, -4.637461e+001,
3575000000, -4.656415e+001,
3576250000, -4.656278e+001,
3577500000, -4.638176e+001,
3578750000, -4.637861e+001,
3580000000, -4.628001e+001,
3581250000, -4.636519e+001,
3582500000, -4.654052e+001,
3583750000, -4.679218e+001,
3585000000, -4.686459e+001,
3586250000, -4.647024e+001,
3587500000, -4.609377e+001,
3588750000, -4.642324e+001,
3590000000, -4.688010e+001,
3591250000, -4.677650e+001,
3592500000, -4.643522e+001,
3593750000, -4.641012e+001,
3595000000, -4.665087e+001,
3596250000, -4.663737e+001,
3597500000, -4.648867e+001,
3598750000, -4.668712e+001,
3600000000, -4.676331e+001,
3601250000, -4.663668e+001,
3602500000, -4.649811e+001,
3603750000, -4.644138e+001,
3605000000, -4.639481e+001,
3606250000, -4.639237e+001,
3607500000, -4.682785e+001,
3608750000, -4.705727e+001,
3610000000, -4.664192e+001,
3611250000, -4.608140e+001,
3612500000, -4.607691e+001,
3613750000, -4.650426e+001,
3615000000, -4.671883e+001,
3616250000, -4.653856e+001,
3617500000, -4.635096e+001,
3618750000, -4.638539e+001,
3620000000, -4.625374e+001,
3621250000, -4.629967e+001,
3622500000, -4.645103e+001,
3623750000, -4.642030e+001,
3625000000, -4.640029e+001,
3626250000, -4.646128e+001,
3627500000, -4.630704e+001,
3628750000, -4.614838e+001,
3630000000, -4.605814e+001,
3631250000, -4.621038e+001,
3632500000, -4.651034e+001,
3633750000, -4.686163e+001,
3635000000, -4.651031e+001,
3636250000, -4.595178e+001,
3637500000, -4.593349e+001,
3638750000, -4.624115e+001,
3640000000, -4.624270e+001,
3641250000, -4.645035e+001,
3642500000, -4.634547e+001,
3643750000, -4.609379e+001,
3645000000, -4.590987e+001,
3646250000, -4.622192e+001,
3647500000, -4.636837e+001,
3648750000, -4.615341e+001,
3650000000, -4.616480e+001,
3651250000, -4.649883e+001,
3652500000, -4.627458e+001,
3653750000, -4.610680e+001,
3655000000, -4.605846e+001,
3656250000, -4.599061e+001,
3657500000, -4.617761e+001,
3658750000, -4.637142e+001,
3660000000, -4.650932e+001,
3661250000, -4.640625e+001,
3662500000, -4.615375e+001,
3663750000, -4.583768e+001,
3665000000, -4.589839e+001,
3666250000, -4.625047e+001,
3667500000, -4.673604e+001,
3668750000, -4.615953e+001,
3670000000, -4.583561e+001,
3671250000, -4.612000e+001,
3672500000, -4.647553e+001,
3673750000, -4.640979e+001,
3675000000, -4.618694e+001,
3676250000, -4.614647e+001,
3677500000, -4.649920e+001,
3678750000, -4.635766e+001,
3680000000, -4.633203e+001,
3681250000, -4.635961e+001,
3682500000, -4.617938e+001,
3683750000, -4.629265e+001,
3685000000, -4.654988e+001,
3686250000, -4.643751e+001,
3687500000, -4.662646e+001,
3688750000, -4.671974e+001,
3690000000, -4.644528e+001,
3691250000, -4.593143e+001,
3692500000, -4.622537e+001,
3693750000, -4.704226e+001,
3695000000, -4.715094e+001,
3696250000, -4.604281e+001,
3697500000, -4.596866e+001,
3698750000, -4.696973e+001,
3700000000, -4.683527e+001,
3701250000, -4.673470e+001,
3702500000, -4.674974e+001,
3703750000, -4.688083e+001,
3705000000, -4.666433e+001,
3706250000, -4.643743e+001,
3707500000, -4.663685e+001,
3708750000, -4.689689e+001,
3710000000, -4.698698e+001,
3711250000, -4.665480e+001,
3712500000, -4.676376e+001,
3713750000, -4.669218e+001,
3715000000, -4.658865e+001,
3716250000, -4.713873e+001,
3717500000, -4.730740e+001,
3718750000, -4.629337e+001,
3720000000, -4.592815e+001,
3721250000, -4.691808e+001,
3722500000, -4.773122e+001,
3723750000, -4.667336e+001,
3725000000, -4.601080e+001,
3726250000, -4.657972e+001,
3727500000, -4.676109e+001,
3728750000, -4.653704e+001,
3730000000, -4.668918e+001,
3731250000, -4.738044e+001,
3732500000, -4.714615e+001,
3733750000, -4.608480e+001,
3735000000, -4.604293e+001,
3736250000, -4.651299e+001,
3737500000, -4.677134e+001,
3738750000, -4.692318e+001,
3740000000, -4.665596e+001,
3741250000, -4.663873e+001,
3742500000, -4.653786e+001,
3743750000, -4.622382e+001,
3745000000, -4.673910e+001,
3746250000, -4.717562e+001,
3747500000, -4.622609e+001,
3748750000, -4.556430e+001,
3750000000, -4.649934e+001,
3751250000, -4.735080e+001,
3752500000, -4.648906e+001,
3753750000, -4.637646e+001,
3755000000, -4.624135e+001,
3756250000, -4.602515e+001,
3757500000, -4.609254e+001,
3758750000, -4.610020e+001,
3760000000, -4.715182e+001,
3761250000, -4.783150e+001,
3762500000, -4.620070e+001,
3763750000, -4.558178e+001,
3765000000, -4.583405e+001,
3766250000, -4.621883e+001,
3767500000, -4.661162e+001,
3768750000, -4.644722e+001,
3770000000, -4.616894e+001,
3771250000, -4.653035e+001,
3772500000, -4.661731e+001,
3773750000, -4.633610e+001,
3775000000, -4.659265e+001,
3776250000, -4.638766e+001,
3777500000, -4.554255e+001,
3778750000, -4.577364e+001,
3780000000, -4.679847e+001,
3781250000, -4.655143e+001,
3782500000, -4.619251e+001,
3783750000, -4.706947e+001,
3785000000, -4.679512e+001,
3786250000, -4.594563e+001,
3787500000, -4.553371e+001,
3788750000, -4.559916e+001,
3790000000, -4.697203e+001,
3791250000, -4.819476e+001,
3792500000, -4.718861e+001,
3793750000, -4.607632e+001,
3795000000, -4.564715e+001,
3796250000, -4.610126e+001,
3797500000, -4.686368e+001,
3798750000, -4.674408e+001,
3800000000, -4.572539e+001,
3801250000, -4.586485e+001,
3802500000, -4.691689e+001,
3803750000, -4.784887e+001,
3805000000, -4.777424e+001,
3806250000, -4.686964e+001,
3807500000, -4.576060e+001,
3808750000, -4.530288e+001,
3810000000, -4.635910e+001,
3811250000, -4.735590e+001,
3812500000, -4.708244e+001,
3813750000, -4.723320e+001,
3815000000, -4.796287e+001,
3816250000, -4.750950e+001,
3817500000, -4.647691e+001,
3818750000, -4.594144e+001,
3820000000, -4.611411e+001,
3821250000, -4.744252e+001,
3822500000, -4.877284e+001,
3823750000, -4.819958e+001,
3825000000, -4.756347e+001,
3826250000, -4.709794e+001,
3827500000, -4.719856e+001,
3828750000, -4.740938e+001,
3830000000, -4.744120e+001,
3831250000, -4.681266e+001,
3832500000, -4.642344e+001,
3833750000, -4.702599e+001,
3835000000, -4.834496e+001,
3836250000, -4.931726e+001,
3837500000, -4.930777e+001,
3838750000, -4.824519e+001,
3840000000, -4.677370e+001,
3841250000, -4.600919e+001,
3842500000, -4.690340e+001,
3843750000, -4.798351e+001,
3845000000, -4.830723e+001,
3846250000, -4.926402e+001,
3847500000, -4.954184e+001,
3848750000, -4.824653e+001,
3850000000, -4.736907e+001,
3851250000, -4.698153e+001,
3852500000, -4.741880e+001,
3853750000, -4.859462e+001,
3855000000, -4.908470e+001,
3856250000, -4.901228e+001,
3857500000, -4.840877e+001,
3858750000, -4.850357e+001,
3860000000, -4.883305e+001,
3861250000, -4.858585e+001,
3862500000, -4.878746e+001,
3863750000, -4.770760e+001,
3865000000, -4.692731e+001,
3866250000, -4.718422e+001,
3867500000, -4.797276e+001,
3868750000, -4.900106e+001,
3870000000, -5.014470e+001,
3871250000, -5.131307e+001,
3872500000, -4.971609e+001,
3873750000, -4.750527e+001,
3875000000, -4.636346e+001,
3876250000, -4.705399e+001,
3877500000, -4.862904e+001,
3878750000, -4.875184e+001,
3880000000, -5.036299e+001,
3881250000, -5.099531e+001,
3882500000, -4.897250e+001,
3883750000, -4.788195e+001,
3885000000, -4.772390e+001,
3886250000, -4.805203e+001,
3887500000, -4.938461e+001,
3888750000, -5.001933e+001,
3890000000, -4.911280e+001,
3891250000, -4.838092e+001,
3892500000, -4.815730e+001,
3893750000, -4.878376e+001,
3895000000, -4.964907e+001,
3896250000, -5.032082e+001,
3897500000, -4.952654e+001,
3898750000, -4.771348e+001,
3900000000, -4.675136e+001,
3901250000, -4.707692e+001,
3902500000, -4.758398e+001,
3903750000, -4.799183e+001,
3905000000, -5.126760e+001,
3906250000, -5.424481e+001,
3907500000, -4.878999e+001,
3908750000, -4.602213e+001,
3910000000, -4.645119e+001,
3911250000, -4.795589e+001,
3912500000, -4.885723e+001,
3913750000, -4.904526e+001,
3915000000, -5.084197e+001,
3916250000, -4.998428e+001,
3917500000, -4.783532e+001,
3918750000, -4.716019e+001,
3920000000, -4.745344e+001,
3921250000, -4.806319e+001,
3922500000, -4.968295e+001,
3923750000, -5.034933e+001,
3925000000, -4.884527e+001,
3926250000, -4.733111e+001,
3927500000, -4.688355e+001,
3928750000, -4.765119e+001,
3930000000, -4.908857e+001,
3931250000, -4.932951e+001,
3932500000, -4.961740e+001,
3933750000, -4.861677e+001,
3935000000, -4.701914e+001,
3936250000, -4.632492e+001,
3937500000, -4.555209e+001,
3938750000, -4.549202e+001,
3940000000, -4.804835e+001,
3941250000, -5.466971e+001,
3942500000, -5.197674e+001,
3943750000, -4.655772e+001,
3945000000, -4.473883e+001,
3946250000, -4.561875e+001,
3947500000, -4.712639e+001,
3948750000, -4.780673e+001,
3950000000, -4.933585e+001,
3951250000, -5.177351e+001,
3952500000, -4.854445e+001,
3953750000, -4.629074e+001,
3955000000, -4.610786e+001,
3956250000, -4.629672e+001,
3957500000, -4.708574e+001,
3958750000, -4.880073e+001,
3960000000, -5.018165e+001,
3961250000, -4.901304e+001,
3962500000, -4.712304e+001,
3963750000, -4.634365e+001,
3965000000, -4.612209e+001,
3966250000, -4.657661e+001,
3967500000, -4.752202e+001,
3968750000, -4.960838e+001,
3970000000, -5.015103e+001,
3971250000, -4.907390e+001,
3972500000, -4.625185e+001,
3973750000, -4.434037e+001,
3975000000, -4.317926e+001,
3976250000, -4.426196e+001,
3977500000, -4.750428e+001,
3978750000, -5.678794e+001,
3980000000, -5.172617e+001,
3981250000, -4.499848e+001,
3982500000, -4.367247e+001,
3983750000, -4.459274e+001,
3985000000, -4.579175e+001,
3986250000, -4.657206e+001,
3987500000, -5.040231e+001,
3988750000, -5.353409e+001,
3990000000, -4.865891e+001,
3991250000, -4.568792e+001,
3992500000, -4.512917e+001,
3993750000, -4.484535e+001,
3995000000, -4.581767e+001,
3996250000, -4.827322e+001,
3997500000, -5.135950e+001,
3998750000, -5.158611e+001,
4000000000, -4.870068e+001,
4001250000, -4.567081e+001,
4002500000, -4.509324e+001,
4003750000, -4.510527e+001,
4005000000, -4.495949e+001,
4006250000, -4.702645e+001,
4007500000, -5.096463e+001,
4008750000, -5.355053e+001,
4010000000, -5.078375e+001,
4011250000, -4.459182e+001,
4012500000, -4.247569e+001,
4013750000, -4.320212e+001,
4015000000, -4.591765e+001,
4016250000, -4.926377e+001,
4017500000, -6.064741e+001,
4018750000, -4.900408e+001,
4020000000, -4.519514e+001,
4021250000, -4.359457e+001,
4022500000, -4.501260e+001,
4023750000, -4.582420e+001,
4025000000, -4.745671e+001,
4026250000, -5.080837e+001,
4027500000, -5.591117e+001,
4028750000, -5.335220e+001,
4030000000, -4.679896e+001,
4031250000, -4.352055e+001,
4032500000, -4.266636e+001,
4033750000, -4.331038e+001,
4035000000, -4.470607e+001,
4036250000, -4.694022e+001,
4037500000, -5.004673e+001,
4038750000, -6.115782e+001,
4040000000, -5.166854e+001,
4041250000, -4.625225e+001,
4042500000, -4.429266e+001,
4043750000, -4.291775e+001,
4045000000, -4.426372e+001,
4046250000, -4.701212e+001,
4047500000, -4.900547e+001,
4048750000, -5.270919e+001,
4050000000, -5.299836e+001,
4051250000, -4.357144e+001,
4052500000, -4.131481e+001,
4053750000, -4.290989e+001,
4055000000, -4.729919e+001,
4056250000, -5.319189e+001,
4057500000, -6.521318e+001,
4058750000, -5.026007e+001,
4060000000, -4.370467e+001,
4061250000, -4.185974e+001,
4062500000, -4.209799e+001,
4063750000, -4.259154e+001,
4065000000, -4.325991e+001,
4066250000, -4.541651e+001,
4067500000, -5.067787e+001,
4068750000, -6.842542e+001,
4070000000, -5.501597e+001,
4071250000, -4.996317e+001,
4072500000, -4.602345e+001,
4073750000, -4.417228e+001,
4075000000, -4.249538e+001,
4076250000, -4.277620e+001,
4077500000, -4.444201e+001,
4078750000, -4.578067e+001,
4080000000, -4.722637e+001,
4081250000, -5.369403e+001,
4082500000, -5.643283e+001,
4083750000, -5.071868e+001,
4085000000, -4.629496e+001,
4086250000, -4.465098e+001,
4087500000, -4.656311e+001,
4088750000, -5.054023e+001,
4090000000, -6.166229e+001,
4091250000, -4.498676e+001,
4092500000, -4.114407e+001,
4093750000, -3.970055e+001,
4095000000, -3.988752e+001,
4096250000, -4.187242e+001,
4097500000, -4.377092e+001,
4098750000, -4.654382e+001,
4100000000, -4.804714e+001,
4101250000, -4.459392e+001,
4102500000, -4.150401e+001,
4103750000, -3.981080e+001,
4105000000, -3.960626e+001,
4106250000, -4.053518e+001,
4107500000, -4.234733e+001,
4108750000, -4.345458e+001,
4110000000, -4.538490e+001,
4111250000, -5.037733e+001,
4112500000, -6.469151e+001,
4113750000, -5.611249e+001,
4115000000, -4.963755e+001,
4116250000, -4.772960e+001,
4117500000, -4.802968e+001,
4118750000, -4.681203e+001,
4120000000, -4.493496e+001,
4121250000, -4.485910e+001,
4122500000, -4.545891e+001,
4123750000, -4.797570e+001,
4125000000, -5.146210e+001,
4126250000, -5.043219e+001,
4127500000, -4.679555e+001,
4128750000, -4.638956e+001,
4130000000, -4.949010e+001,
4131250000, -5.979433e+001,
4132500000, -6.394667e+001,
4133750000, -4.863272e+001,
4135000000, -4.135210e+001,
4136250000, -3.936516e+001,
4137500000, -3.844469e+001,
4138750000, -3.827479e+001,
4140000000, -3.882735e+001,
4141250000, -3.980708e+001,
4142500000, -4.204078e+001,
4143750000, -4.454987e+001,
4145000000, -4.698957e+001,
4146250000, -4.674174e+001,
4147500000, -4.480926e+001,
4148750000, -4.213947e+001,
4150000000, -4.055145e+001,
4151250000, -4.108406e+001,
4152500000, -4.346922e+001,
4153750000, -4.414701e+001,
4155000000, -4.460460e+001,
4156250000, -4.657873e+001,
4157500000, -4.999736e+001,
4158750000, -5.566333e+001,
4160000000, -5.812840e+001,
4161250000, -5.020671e+001,
4162500000, -4.784352e+001,
4163750000, -4.731731e+001,
4165000000, -4.623019e+001,
4166250000, -4.400927e+001,
4167500000, -4.355808e+001,
4168750000, -4.528816e+001,
4170000000, -4.846055e+001,
4171250000, -4.506617e+001,
4172500000, -4.277682e+001,
4173750000, -4.160661e+001,
4175000000, -4.174758e+001,
4176250000, -4.509683e+001,
4177500000, -4.679792e+001,
4178750000, -4.359171e+001,
4180000000, -4.029763e+001,
4181250000, -3.835715e+001,
4182500000, -3.699911e+001,
4183750000, -3.606434e+001,
4185000000, -3.692598e+001,
4186250000, -3.979548e+001,
4187500000, -4.177474e+001,
4188750000, -4.301282e+001,
4190000000, -4.280514e+001,
4191250000, -4.461926e+001,
4192500000, -4.755189e+001,
4193750000, -4.684708e+001,
4195000000, -4.518728e+001,
4196250000, -4.377343e+001,
4197500000, -4.475945e+001,
4198750000, -4.555771e+001,
4200000000, -4.338921e+001,
4201250000, -4.303680e+001,
4202500000, -4.515248e+001,
4203750000, -4.989081e+001,
4205000000, -6.415159e+001,
4206250000, -5.756173e+001,
4207500000, -5.324760e+001,
4208750000, -5.464576e+001,
4210000000, -5.384865e+001,
4211250000, -4.681535e+001,
4212500000, -4.313323e+001,
4213750000, -4.151992e+001,
4215000000, -4.119583e+001,
4216250000, -4.104971e+001,
4217500000, -3.911494e+001,
4218750000, -3.655858e+001,
4220000000, -3.685913e+001,
4221250000, -3.668618e+001,
4222500000, -3.585259e+001,
4223750000, -3.666961e+001,
4225000000, -3.899681e+001,
4226250000, -3.909330e+001,
4227500000, -3.859407e+001,
4228750000, -4.009150e+001,
4230000000, -4.148949e+001,
4231250000, -3.965160e+001,
4232500000, -3.785998e+001,
4233750000, -3.673685e+001,
4235000000, -3.684202e+001,
4236250000, -3.718731e+001,
4237500000, -3.809240e+001,
4238750000, -3.942245e+001,
4240000000, -4.046233e+001,
4241250000, -4.094347e+001,
4242500000, -3.987373e+001,
4243750000, -3.992849e+001,
4245000000, -3.809256e+001,
4246250000, -3.593577e+001,
4247500000, -3.553270e+001,
4248750000, -3.517259e+001,
4250000000, -3.499978e+001,
4251250000, -3.494210e+001,
4252500000, -3.541528e+001,
4253750000, -3.757653e+001,
4255000000, -3.896003e+001,
4256250000, -3.927878e+001,
4257500000, -4.034901e+001,
4258750000, -4.400197e+001,
4260000000, -4.573054e+001,
4261250000, -4.239441e+001,
4262500000, -3.981139e+001,
4263750000, -3.729581e+001,
4265000000, -3.562252e+001,
4266250000, -3.426036e+001,
4267500000, -3.274991e+001,
4268750000, -3.237616e+001,
4270000000, -3.270593e+001,
4271250000, -3.158802e+001,
4272500000, -3.159922e+001,
4273750000, -3.473497e+001,
4275000000, -3.844409e+001,
4276250000, -3.744288e+001,
4277500000, -3.629102e+001,
4278750000, -3.806202e+001,
4280000000, -4.106529e+001,
4281250000, -3.980599e+001,
4282500000, -3.919702e+001,
4283750000, -4.105947e+001,
4285000000, -4.329691e+001,
4286250000, -3.996498e+001,
4287500000, -3.524654e+001,
4288750000, -3.289936e+001,
4290000000, -3.179280e+001,
4291250000, -3.237061e+001,
4292500000, -3.327959e+001,
4293750000, -3.379959e+001,
4295000000, -3.263485e+001,
4296250000, -3.128766e+001,
4297500000, -3.030197e+001,
4298750000, -3.019700e+001,
4300000000, -3.016659e+001,
4301250000, -3.144718e+001,
4302500000, -3.348379e+001,
4303750000, -3.303625e+001,
4305000000, -3.122809e+001,
4306250000, -2.970567e+001,
4307500000, -2.988647e+001,
4308750000, -3.133537e+001,
4310000000, -3.246465e+001,
4311250000, -3.254699e+001,
4312500000, -3.143141e+001,
4313750000, -3.043994e+001,
4315000000, -3.074071e+001,
4316250000, -3.202844e+001,
4317500000, -3.158044e+001,
4318750000, -3.199273e+001,
4320000000, -3.256092e+001,
4321250000, -3.214945e+001,
4322500000, -3.119121e+001,
4323750000, -3.295022e+001,
4325000000, -3.722306e+001,
4326250000, -3.488414e+001,
4327500000, -3.333562e+001,
4328750000, -3.465580e+001,
4330000000, -3.624652e+001,
4331250000, -3.438131e+001,
4332500000, -3.147114e+001,
4333750000, -3.133261e+001,
4335000000, -3.307946e+001,
4336250000, -3.370082e+001,
4337500000, -3.250497e+001,
4338750000, -3.011646e+001,
4340000000, -2.742155e+001,
4341250000, -2.582259e+001,
4342500000, -2.581831e+001,
4343750000, -2.699777e+001,
4345000000, -2.789922e+001,
4346250000, -2.779795e+001,
4347500000, -2.742339e+001,
4348750000, -2.684597e+001,
4350000000, -2.609614e+001,
4351250000, -2.634227e+001,
4352500000, -2.652271e+001,
4353750000, -2.655733e+001,
4355000000, -2.708187e+001,
4356250000, -2.718608e+001,
4357500000, -2.709827e+001,
4358750000, -2.683729e+001,
4360000000, -2.649882e+001,
4361250000, -2.589277e+001,
4362500000, -2.547562e+001,
4363750000, -2.583776e+001,
4365000000, -2.690117e+001,
4366250000, -2.687133e+001,
4367500000, -2.588681e+001,
4368750000, -2.509455e+001,
4370000000, -2.502205e+001,
4371250000, -2.531177e+001,
4372500000, -2.538953e+001,
4373750000, -2.525554e+001,
4375000000, -2.493731e+001,
4376250000, -2.477634e+001,
4377500000, -2.467746e+001,
4378750000, -2.497319e+001,
4380000000, -2.534198e+001,
4381250000, -2.545865e+001,
4382500000, -2.578714e+001,
4383750000, -2.675973e+001,
4385000000, -2.741128e+001,
4386250000, -2.794212e+001,
4387500000, -2.948286e+001,
4388750000, -3.564007e+001,
4390000000, -3.876997e+001,
4391250000, -3.820937e+001,
4392500000, -4.075597e+001,
4393750000, -4.130188e+001,
4395000000, -2.927823e+001,
4396250000, -2.728851e+001,
4397500000, -2.783825e+001,
4398750000, -2.894634e+001,
4400000000, -2.894459e+001,
4401250000, -2.587772e+001,
4402500000, -2.199243e+001,
4403750000, -2.035619e+001,
4405000000, -2.040780e+001,
4406250000, -2.120181e+001,
4407500000, -2.240769e+001,
4408750000, -2.270968e+001,
4410000000, -2.237451e+001,
4411250000, -2.192864e+001,
4412500000, -2.068547e+001,
4413750000, -1.961780e+001,
4415000000, -1.975166e+001,
4416250000, -2.025061e+001,
4417500000, -2.001465e+001,
4418750000, -2.006748e+001,
4420000000, -2.101750e+001,
4421250000, -2.205131e+001,
4422500000, -2.239082e+001,
4423750000, -2.172601e+001,
4425000000, -2.048173e+001,
4426250000, -2.009193e+001,
4427500000, -1.996078e+001,
4428750000, -2.037287e+001,
4430000000, -2.096340e+001,
4431250000, -2.151767e+001,
4432500000, -2.195567e+001,
4433750000, -2.214963e+001,
4435000000, -2.244981e+001,
4436250000, -2.248057e+001,
4437500000, -2.240028e+001,
4438750000, -2.242270e+001,
4440000000, -2.206921e+001,
4441250000, -2.168826e+001,
4442500000, -2.212343e+001,
4443750000, -2.341273e+001,
4445000000, -2.486125e+001,
4446250000, -2.486251e+001,
4447500000, -2.346854e+001,
4448750000, -2.286143e+001,
4450000000, -2.238666e+001,
4451250000, -2.238958e+001,
4452500000, -2.286493e+001,
4453750000, -2.261623e+001,
4455000000, -2.142723e+001,
4456250000, -2.106747e+001,
4457500000, -2.188680e+001,
4458750000, -2.424380e+001,
4460000000, -2.522960e+001,
4461250000, -2.396590e+001,
4462500000, -2.210404e+001,
4463750000, -2.124229e+001,
4465000000, -2.180902e+001,
4466250000, -2.208989e+001,
4467500000, -2.202206e+001,
4468750000, -2.172343e+001,
4470000000, -2.061090e+001,
4471250000, -2.085442e+001,
4472500000, -2.218559e+001,
4473750000, -2.300820e+001,
4475000000, -2.425490e+001,
4476250000, -2.460524e+001,
4477500000, -2.323947e+001,
4478750000, -2.238364e+001,
4480000000, -2.172109e+001,
4481250000, -2.134641e+001,
4482500000, -2.175114e+001,
4483750000, -2.094130e+001,
4485000000, -2.001541e+001,
4486250000, -1.901973e+001,
4487500000, -1.827467e+001,
4488750000, -1.894469e+001,
4490000000, -2.154654e+001,
4491250000, -2.341581e+001,
4492500000, -2.227813e+001,
4493750000, -2.182708e+001,
4495000000, -2.046748e+001,
4496250000, -2.020801e+001,
4497500000, -2.020868e+001,
4498750000, -1.919945e+001,
4500000000, -1.793266e+001,
4501250000, -1.701217e+001,
4502500000, -1.822991e+001,
4503750000, -2.081276e+001,
4505000000, -2.258782e+001,
4506250000, -2.313647e+001,
4507500000, -2.176827e+001,
4508750000, -2.106724e+001,
4510000000, -1.971544e+001,
4511250000, -1.829942e+001,
4512500000, -1.656147e+001,
4513750000, -1.494649e+001,
4515000000, -1.360914e+001,
4516250000, -1.265168e+001,
4517500000, -1.263946e+001,
4518750000, -1.392777e+001,
4520000000, -1.466484e+001,
4521250000, -1.408591e+001,
4522500000, -1.345824e+001,
4523750000, -1.255744e+001,
4525000000, -1.172188e+001,
4526250000, -1.078421e+001,
4527500000, -9.903635e+000,
4528750000, -9.108481e+000,
4530000000, -8.309967e+000,
4531250000, -7.922582e+000,
4532500000, -8.590005e+000,
4533750000, -9.479314e+000,
4535000000, -9.978914e+000,
4536250000, -1.018173e+001,
4537500000, -1.016158e+001,
4538750000, -1.006787e+001,
4540000000, -9.560198e+000,
4541250000, -8.626877e+000,
4542500000, -7.835012e+000,
4543750000, -7.478129e+000,
4545000000, -7.660985e+000,
4546250000, -8.410988e+000,
4547500000, -9.237655e+000,
4548750000, -9.908227e+000,
4550000000, -1.028345e+001,
4551250000, -1.027765e+001,
4552500000, -1.021433e+001,
4553750000, -1.022549e+001,
4555000000, -9.658113e+000,
4556250000, -8.805910e+000,
4557500000, -8.304564e+000,
4558750000, -8.323474e+000,
4560000000, -8.835845e+000,
4561250000, -1.000680e+001,
4562500000, -1.128333e+001,
4563750000, -1.199495e+001,
4565000000, -1.246994e+001,
4566250000, -1.311838e+001,
4567500000, -1.304848e+001,
4568750000, -1.139186e+001,
4570000000, -9.559329e+000,
4571250000, -8.478898e+000,
4572500000, -7.884901e+000,
4573750000, -7.591269e+000,
4575000000, -7.875214e+000,
4576250000, -8.716346e+000,
4577500000, -9.363635e+000,
4578750000, -9.705869e+000,
4580000000, -9.918668e+000,
4581250000, -9.918969e+000,
4582500000, -9.500424e+000,
4583750000, -8.874271e+000,
4585000000, -8.294355e+000,
4586250000, -7.708818e+000,
4587500000, -7.197945e+000,
4588750000, -7.009441e+000,
4590000000, -7.327249e+000,
4591250000, -7.893539e+000,
4592500000, -8.386017e+000,
4593750000, -8.712465e+000,
4595000000, -8.932971e+000,
4596250000, -8.914165e+000,
4597500000, -8.653447e+000,
4598750000, -8.178853e+000,
4600000000, -7.693492e+000,
4601250000, -7.400014e+000,
4602500000, -7.569447e+000,
4603750000, -8.128874e+000,
4605000000, -8.627266e+000,
4606250000, -9.017988e+000,
4607500000, -9.536016e+000,
4608750000, -1.018364e+001,
4610000000, -1.046216e+001,
4611250000, -1.011661e+001,
4612500000, -9.577088e+000,
4613750000, -9.203200e+000,
4615000000, -9.084453e+000,
4616250000, -9.180861e+000,
4617500000, -9.355295e+000,
4618750000, -9.725712e+000,
4620000000, -1.032901e+001,
4621250000, -1.099707e+001,
4622500000, -1.140509e+001,
4623750000, -1.116697e+001,
4625000000, -1.055539e+001,
4626250000, -9.913168e+000,
4627500000, -9.190940e+000,
4628750000, -8.442545e+000,
4630000000, -7.949530e+000,
4631250000, -7.890289e+000,
4632500000, -8.295579e+000,
4633750000, -8.973784e+000,
4635000000, -9.308790e+000,
4636250000, -9.013268e+000,
4637500000, -8.521388e+000,
4638750000, -8.072993e+000,
4640000000, -7.689141e+000,
4641250000, -7.444026e+000,
4642500000, -7.403974e+000,
4643750000, -7.610998e+000,
4645000000, -8.009949e+000,
4646250000, -8.460358e+000,
4647500000, -8.603482e+000,
4648750000, -8.460344e+000,
4650000000, -8.370057e+000,
4651250000, -8.366469e+000,
4652500000, -8.442052e+000,
4653750000, -8.589313e+000,
4655000000, -8.882790e+000,
4656250000, -9.242904e+000,
4657500000, -9.516434e+000,
4658750000, -9.714767e+000,
4660000000, -9.882688e+000,
4661250000, -1.014790e+001,
4662500000, -1.049907e+001,
4663750000, -1.064145e+001,
4665000000, -1.040722e+001,
4666250000, -1.012276e+001,
4667500000, -1.004949e+001,
4668750000, -1.024678e+001,
4670000000, -1.067115e+001,
4671250000, -1.118705e+001,
4672500000, -1.165871e+001,
4673750000, -1.175816e+001,
4675000000, -1.110433e+001,
4676250000, -9.998132e+000,
4677500000, -9.257366e+000,
4678750000, -9.191235e+000,
4680000000, -9.505969e+000,
4681250000, -9.954639e+000,
4682500000, -1.049847e+001,
4683750000, -1.096909e+001,
4685000000, -1.097245e+001,
4686250000, -1.044539e+001,
4687500000, -9.839051e+000,
4688750000, -9.543880e+000,
4690000000, -9.523987e+000,
4691250000, -9.624725e+000,
4692500000, -9.926611e+000,
4693750000, -1.044975e+001,
4695000000, -1.101826e+001,
4696250000, -1.137654e+001,
4697500000, -1.141518e+001,
4698750000, -1.109890e+001,
4700000000, -1.060908e+001,
4701250000, -1.032195e+001,
4702500000, -1.048898e+001,
4703750000, -1.108594e+001,
4705000000, -1.193021e+001,
4706250000, -1.296593e+001,
4707500000, -1.380828e+001,
4708750000, -1.400656e+001,
4710000000, -1.353998e+001,
4711250000, -1.282054e+001,
4712500000, -1.231895e+001,
4713750000, -1.233972e+001,
4715000000, -1.294453e+001,
4716250000, -1.384945e+001,
4717500000, -1.476801e+001,
4718750000, -1.529229e+001,
4720000000, -1.501161e+001,
4721250000, -1.411789e+001,
4722500000, -1.309735e+001,
4723750000, -1.237518e+001,
4725000000, -1.219471e+001,
4726250000, -1.243564e+001,
4727500000, -1.285885e+001,
4728750000, -1.310692e+001,
4730000000, -1.282643e+001,
4731250000, -1.219153e+001,
4732500000, -1.159605e+001,
4733750000, -1.133036e+001,
4735000000, -1.137908e+001,
4736250000, -1.158928e+001,
4737500000, -1.186461e+001,
4738750000, -1.211969e+001,
4740000000, -1.215667e+001,
4741250000, -1.203646e+001,
4742500000, -1.196240e+001,
4743750000, -1.198750e+001,
4745000000, -1.211642e+001,
4746250000, -1.234093e+001,
4747500000, -1.262615e+001,
4748750000, -1.284936e+001,
4750000000, -1.290727e+001,
4751250000, -1.284420e+001,
4752500000, -1.282128e+001,
4753750000, -1.290953e+001,
4755000000, -1.309341e+001,
4756250000, -1.337004e+001,
4757500000, -1.370050e+001,
4758750000, -1.391270e+001,
4760000000, -1.383908e+001,
4761250000, -1.349687e+001,
4762500000, -1.321062e+001,
4763750000, -1.314366e+001,
4765000000, -1.326201e+001,
4766250000, -1.347962e+001,
4767500000, -1.367250e+001,
4768750000, -1.369884e+001,
4770000000, -1.340960e+001,
4771250000, -1.298371e+001,
4772500000, -1.285969e+001,
4773750000, -1.309131e+001,
4775000000, -1.341585e+001,
4776250000, -1.361773e+001,
4777500000, -1.366733e+001,
4778750000, -1.351049e+001,
4780000000, -1.327948e+001,
4781250000, -1.327478e+001,
4782500000, -1.347116e+001,
4783750000, -1.363288e+001,
4785000000, -1.388150e+001,
4786250000, -1.417740e+001,
4787500000, -1.426464e+001,
4788750000, -1.405137e+001,
4790000000, -1.378892e+001,
4791250000, -1.367951e+001,
4792500000, -1.382765e+001,
4793750000, -1.421115e+001,
4795000000, -1.453548e+001,
4796250000, -1.467004e+001,
4797500000, -1.472984e+001,
4798750000, -1.472217e+001,
4800000000, -1.448155e+001,
4801250000, -1.427265e+001,
4802500000, -1.432882e+001,
4803750000, -1.459400e+001,
4805000000, -1.476865e+001,
4806250000, -1.467160e+001,
4807500000, -1.432951e+001,
4808750000, -1.395478e+001,
4810000000, -1.377639e+001,
4811250000, -1.374600e+001,
4812500000, -1.375134e+001,
4813750000, -1.371472e+001,
4815000000, -1.359327e+001,
4816250000, -1.340210e+001,
4817500000, -1.324767e+001,
4818750000, -1.319697e+001,
4820000000, -1.323514e+001,
4821250000, -1.330047e+001,
4822500000, -1.328218e+001,
4823750000, -1.324030e+001,
4825000000, -1.336045e+001,
4826250000, -1.376151e+001,
4827500000, -1.442649e+001,
4828750000, -1.504591e+001,
4830000000, -1.520369e+001,
4831250000, -1.483146e+001,
4832500000, -1.447429e+001,
4833750000, -1.460917e+001,
4835000000, -1.522964e+001,
4836250000, -1.581526e+001,
4837500000, -1.575640e+001,
4838750000, -1.498407e+001,
4840000000, -1.412665e+001,
4841250000, -1.373840e+001,
4842500000, -1.390595e+001,
4843750000, -1.436067e+001,
4845000000, -1.455349e+001,
4846250000, -1.417019e+001,
4847500000, -1.362121e+001,
4848750000, -1.355618e+001,
4850000000, -1.414950e+001,
4851250000, -1.511927e+001,
4852500000, -1.588945e+001,
4853750000, -1.597911e+001,
4855000000, -1.563019e+001,
4856250000, -1.546822e+001,
4857500000, -1.585213e+001,
4858750000, -1.659234e+001,
4860000000, -1.722480e+001,
4861250000, -1.733607e+001,
4862500000, -1.702353e+001,
4863750000, -1.672280e+001,
4865000000, -1.667081e+001,
4866250000, -1.676422e+001,
4867500000, -1.666922e+001,
4868750000, -1.639096e+001,
4870000000, -1.609814e+001,
4871250000, -1.600416e+001,
4872500000, -1.613455e+001,
4873750000, -1.630636e+001,
4875000000, -1.640907e+001,
4876250000, -1.646851e+001,
4877500000, -1.660468e+001,
4878750000, -1.683026e+001,
4880000000, -1.712393e+001,
4881250000, -1.738206e+001,
4882500000, -1.756787e+001,
4883750000, -1.776530e+001,
4885000000, -1.800799e+001,
4886250000, -1.814466e+001,
4887500000, -1.807824e+001,
4888750000, -1.786539e+001,
4890000000, -1.767637e+001,
4891250000, -1.759766e+001,
4892500000, -1.760862e+001,
4893750000, -1.759748e+001,
4895000000, -1.750532e+001,
4896250000, -1.745398e+001,
4897500000, -1.753526e+001,
4898750000, -1.774905e+001,
4900000000, -1.800828e+001,
4901250000, -1.826047e+001,
4902500000, -1.850831e+001,
4903750000, -1.875662e+001,
4905000000, -1.898689e+001,
4906250000, -1.919931e+001,
4907500000, -1.943552e+001,
4908750000, -1.968410e+001,
4910000000, -1.969541e+001,
4911250000, -1.946206e+001,
4912500000, -1.930152e+001,
4913750000, -1.943513e+001,
4915000000, -1.971299e+001,
4916250000, -1.985871e+001,
4917500000, -1.979578e+001,
4918750000, -1.964567e+001,
4920000000, -1.957005e+001,
4921250000, -1.972102e+001,
4922500000, -2.000103e+001,
4923750000, -2.022917e+001,
4925000000, -2.033480e+001,
4926250000, -2.040208e+001,
4927500000, -2.046048e+001,
4928750000, -2.050532e+001,
4930000000, -2.044620e+001,
4931250000, -2.023191e+001,
4932500000, -2.012816e+001,
4933750000, -2.039000e+001,
4935000000, -2.088350e+001,
4936250000, -2.119111e+001,
4937500000, -2.124262e+001,
4938750000, -2.125578e+001,
4940000000, -2.147068e+001,
4941250000, -2.179316e+001,
4942500000, -2.197395e+001,
4943750000, -2.193349e+001,
4945000000, -2.178178e+001,
4946250000, -2.155071e+001,
4947500000, -2.122200e+001,
4948750000, -2.083160e+001,
4950000000, -2.045219e+001,
4951250000, -2.012898e+001,
4952500000, -1.989258e+001,
4953750000, -1.972809e+001,
4955000000, -1.966059e+001,
4956250000, -1.971423e+001,
4957500000, -1.990234e+001,
4958750000, -2.023299e+001,
4960000000, -2.065096e+001,
4961250000, -2.110116e+001,
4962500000, -2.150278e+001,
4963750000, -2.173948e+001,
4965000000, -2.179824e+001,
4966250000, -2.179917e+001,
4967500000, -2.182219e+001,
4968750000, -2.190558e+001,
4970000000, -2.199881e+001,
4971250000, -2.212219e+001,
4972500000, -2.227942e+001,
4973750000, -2.236757e+001,
4975000000, -2.244150e+001,
4976250000, -2.253264e+001,
4977500000, -2.255400e+001,
4978750000, -2.241839e+001,
4980000000, -2.211824e+001,
4981250000, -2.173908e+001,
4982500000, -2.122491e+001,
4983750000, -2.063247e+001,
4985000000, -2.014346e+001,
4986250000, -1.972711e+001,
4987500000, -1.927431e+001,
4988750000, -1.886325e+001,
4990000000, -1.865796e+001,
4991250000, -1.862846e+001,
4992500000, -1.859528e+001,
4993750000, -1.860715e+001,
4995000000, -1.863303e+001,
4996250000, -1.858973e+001,
4997500000, -1.842464e+001,
4998750000, -1.826215e+001,
5000000000, -1.818015e+001,
5001250000, -1.810267e+001,
5002500000, -1.804235e+001,
5003750000, -1.813346e+001,
5005000000, -1.839762e+001,
5006250000, -1.875869e+001,
5007500000, -1.909199e+001,
5008750000, -1.934711e+001,
5010000000, -1.951515e+001,
5011250000, -1.959852e+001,
5012500000, -1.959919e+001,
5013750000, -1.959719e+001,
5015000000, -1.961710e+001,
5016250000, -1.977826e+001,
5017500000, -2.010423e+001,
5018750000, -2.055421e+001,
5020000000, -2.106557e+001,
5021250000, -2.156052e+001,
5022500000, -2.190910e+001,
5023750000, -2.208991e+001,
5025000000, -2.211867e+001,
5026250000, -2.208767e+001,
5027500000, -2.209935e+001,
5028750000, -2.220128e+001,
5030000000, -2.246639e+001,
5031250000, -2.295830e+001,
5032500000, -2.366115e+001,
5033750000, -2.446212e+001,
5035000000, -2.502100e+001,
5036250000, -2.511718e+001,
5037500000, -2.485034e+001,
5038750000, -2.443730e+001,
5040000000, -2.417250e+001,
5041250000, -2.415206e+001,
5042500000, -2.440531e+001,
5043750000, -2.480718e+001,
5045000000, -2.524396e+001,
5046250000, -2.571893e+001,
5047500000, -2.612748e+001,
5048750000, -2.631272e+001,
5050000000, -2.619220e+001,
5051250000, -2.594085e+001,
5052500000, -2.570699e+001,
5053750000, -2.555096e+001,
5055000000, -2.562494e+001,
5056250000, -2.607233e+001,
5057500000, -2.684756e+001,
5058750000, -2.767131e+001,
5060000000, -2.807473e+001,
5061250000, -2.775498e+001,
5062500000, -2.693014e+001,
5063750000, -2.602680e+001,
5065000000, -2.549220e+001,
5066250000, -2.554181e+001,
5067500000, -2.627702e+001,
5068750000, -2.735044e+001,
5070000000, -2.822998e+001,
5071250000, -2.836522e+001,
5072500000, -2.769631e+001,
5073750000, -2.669742e+001,
5075000000, -2.598762e+001,
5076250000, -2.587948e+001,
5077500000, -2.653503e+001,
5078750000, -2.769773e+001,
5080000000, -2.883798e+001,
5081250000, -2.920618e+001,
5082500000, -2.853305e+001,
5083750000, -2.743515e+001,
5085000000, -2.678763e+001,
5086250000, -2.677835e+001,
5087500000, -2.738155e+001,
5088750000, -2.852387e+001,
5090000000, -2.948170e+001,
5091250000, -2.954911e+001,
5092500000, -2.916077e+001,
5093750000, -2.901544e+001,
5095000000, -2.923078e+001,
5096250000, -2.972427e+001,
5097500000, -3.038315e+001,
5098750000, -3.092812e+001,
5100000000, -3.043867e+001,
5101250000, -2.910841e+001,
5102500000, -2.814515e+001,
5103750000, -2.817311e+001,
5105000000, -2.940907e+001,
5106250000, -3.186383e+001,
5107500000, -3.421059e+001,
5108750000, -3.442682e+001,
5110000000, -3.378797e+001,
5111250000, -3.364895e+001,
5112500000, -3.340550e+001,
5113750000, -3.308133e+001,
5115000000, -3.361685e+001,
5116250000, -3.417249e+001,
5117500000, -3.250936e+001,
5118750000, -3.010686e+001,
5120000000, -2.853588e+001,
5121250000, -2.842410e+001,
5122500000, -2.956751e+001,
5123750000, -3.036691e+001,
5125000000, -2.939156e+001,
5126250000, -2.799253e+001,
5127500000, -2.758474e+001,
5128750000, -2.884922e+001,
5130000000, -3.095653e+001,
5131250000, -3.131944e+001,
5132500000, -2.969461e+001,
5133750000, -2.864456e+001,
5135000000, -2.938640e+001,
5136250000, -3.159758e+001,
5137500000, -3.267665e+001,
5138750000, -3.113012e+001,
5140000000, -2.994519e+001,
5141250000, -3.034410e+001,
5142500000, -3.248819e+001,
5143750000, -3.343197e+001,
5145000000, -3.182281e+001,
5146250000, -3.189869e+001,
5147500000, -3.374859e+001,
5148750000, -3.732435e+001,
5150000000, -3.722462e+001,
5151250000, -3.347491e+001,
5152500000, -3.237082e+001,
5153750000, -3.503161e+001,
5155000000, -3.864600e+001,
5156250000, -3.544957e+001,
5157500000, -3.441200e+001,
5158750000, -3.819839e+001,
5160000000, -4.952460e+001,
5161250000, -4.336121e+001,
5162500000, -3.851401e+001,
5163750000, -3.829412e+001,
5165000000, -4.296099e+001,
5166250000, -4.420339e+001,
5167500000, -3.631361e+001,
5168750000, -3.610033e+001,
5170000000, -4.246455e+001,
5171250000, -3.972572e+001,
5172500000, -3.553935e+001,
5173750000, -3.738680e+001,
5175000000, -4.245211e+001,
5176250000, -3.705901e+001,
5177500000, -3.713977e+001,
5178750000, -4.465155e+001,
5180000000, -3.878807e+001,
5181250000, -3.710636e+001,
5182500000, -4.637852e+001,
5183750000, -4.121198e+001,
5185000000, -4.014974e+001,
5186250000, -5.011016e+001,
5187500000, -4.489998e+001,
5188750000, -4.097334e+001,
5190000000, -4.739862e+001,
5191250000, -4.245392e+001,
5192500000, -4.016792e+001,
5193750000, -5.756329e+001,
5195000000, -4.131690e+001,
5196250000, -4.491989e+001,
5197500000, -4.439132e+001,
5198750000, -4.208886e+001,
5200000000, -5.099086e+001,
5201250000, -4.287196e+001,
5202500000, -5.164386e+001,
5203750000, -4.408213e+001,
5205000000, -4.890650e+001,
5206250000, -4.473880e+001,
5207500000, -4.882762e+001,
5208750000, -4.462966e+001,
5210000000, -5.017142e+001,
5211250000, -4.579583e+001,
5212500000, -4.708952e+001,
5213750000, -4.767334e+001,
5215000000, -4.772195e+001,
5216250000, -4.684266e+001,
5217500000, -4.752542e+001,
5218750000, -4.724764e+001,
5220000000, -4.745553e+001,
5221250000, -4.835236e+001,
5222500000, -4.781726e+001,
5223750000, -4.719683e+001,
5225000000, -4.737917e+001,
5226250000, -4.771436e+001,
5227500000, -4.791320e+001,
5228750000, -4.786187e+001,
5230000000, -4.783318e+001,
5231250000, -4.782322e+001,
5232500000, -4.780042e+001,
5233750000, -4.773541e+001,
5235000000, -4.761890e+001,
5236250000, -4.749839e+001,
5237500000, -4.734779e+001,
5238750000, -4.721363e+001,
5240000000, -4.705303e+001,
5241250000, -4.700267e+001,
5242500000, -4.695480e+001,
5243750000, -4.692655e+001,
5245000000, -4.691268e+001,
5246250000, -4.691183e+001,
5247500000, -4.690713e+001,
5248750000, -4.689286e+001,
5250000000, -4.694541e+001,
5251250000, -4.693277e+001,
5252500000, -4.698910e+001,
5253750000, -4.703188e+001,
5255000000, -4.702800e+001,
5256250000, -4.705227e+001,
5257500000, -4.708368e+001,
5258750000, -4.706540e+001,
5260000000, -4.710677e+001,
5261250000, -4.712484e+001,
5262500000, -4.713387e+001,
5263750000, -4.714871e+001,
5265000000, -4.715989e+001,
5266250000, -4.717289e+001,
5267500000, -4.716953e+001,
5268750000, -4.721082e+001,
5270000000, -4.722305e+001,
5271250000, -4.721377e+001,
5272500000, -4.725317e+001,
5273750000, -4.720924e+001,
5275000000, -4.721231e+001,
5276250000, -4.720382e+001,
5277500000, -4.722652e+001,
5278750000, -4.724352e+001,
5280000000, -4.720361e+001,
5281250000, -4.718630e+001,
5282500000, -4.722867e+001,
5283750000, -4.721518e+001,
5285000000, -4.724747e+001,
5286250000, -4.723853e+001,
5287500000, -4.727766e+001,
5288750000, -4.728631e+001,
5290000000, -4.724948e+001,
5291250000, -4.733701e+001,
5292500000, -4.733289e+001,
5293750000, -4.738252e+001,
5295000000, -4.739366e+001,
5296250000, -4.741909e+001,
5297500000, -4.743538e+001,
5298750000, -4.744589e+001,
5300000000, -4.753611e+001,
5301250000, -4.757667e+001,
5302500000, -4.751723e+001,
5303750000, -4.758503e+001,
5305000000, -4.762294e+001,
5306250000, -4.762948e+001,
5307500000, -4.764585e+001,
5308750000, -4.763435e+001,
5310000000, -4.766869e+001,
5311250000, -4.766787e+001,
5312500000, -4.772069e+001,
5313750000, -4.777195e+001,
5315000000, -4.780782e+001,
5316250000, -4.775678e+001,
5317500000, -4.779388e+001,
5318750000, -4.785216e+001,
5320000000, -4.792030e+001,
5321250000, -4.794217e+001,
5322500000, -4.786269e+001,
5323750000, -4.797506e+001,
5325000000, -4.794619e+001,
5326250000, -4.800624e+001,
5327500000, -4.805008e+001,
5328750000, -4.811283e+001,
5330000000, -4.813096e+001,
5331250000, -4.813461e+001,
5332500000, -4.814555e+001,
5333750000, -4.817797e+001,
5335000000, -4.821695e+001,
5336250000, -4.818762e+001,
5337500000, -4.826656e+001,
5338750000, -4.819828e+001,
5340000000, -4.820617e+001,
5341250000, -4.825792e+001,
5342500000, -4.827007e+001,
5343750000, -4.829455e+001,
5345000000, -4.831278e+001,
5346250000, -4.827441e+001,
5347500000, -4.829800e+001,
5348750000, -4.830056e+001,
5350000000, -4.832939e+001,
5351250000, -4.834047e+001,
5352500000, -4.835529e+001,
5353750000, -4.844815e+001,
5355000000, -4.837310e+001,
5356250000, -4.841223e+001,
5357500000, -4.847670e+001,
5358750000, -4.842042e+001,
5360000000, -4.841882e+001,
5361250000, -4.846589e+001,
5362500000, -4.839959e+001,
5363750000, -4.843796e+001,
5365000000, -4.844035e+001,
5366250000, -4.845869e+001,
5367500000, -4.842509e+001,
5368750000, -4.837974e+001,
5370000000, -4.835297e+001,
5371250000, -4.837413e+001,
5372500000, -4.838416e+001,
5373750000, -4.840496e+001,
5375000000, -4.840103e+001,
5376250000, -4.841003e+001,
5377500000, -4.843453e+001,
5378750000, -4.837344e+001,
5380000000, -4.841704e+001,
5381250000, -4.838152e+001,
5382500000, -4.842193e+001,
5383750000, -4.838440e+001,
5385000000, -4.844789e+001,
5386250000, -4.844139e+001,
5387500000, -4.844285e+001,
5388750000, -4.847952e+001,
5390000000, -4.847277e+001,
5391250000, -4.846058e+001,
5392500000, -4.847372e+001,
5393750000, -4.847396e+001,
5395000000, -4.848353e+001,
5396250000, -4.844413e+001,
5397500000, -4.845826e+001,
5398750000, -4.851542e+001,
5400000000, -4.844032e+001,
5401250000, -4.844208e+001,
5402500000, -4.839246e+001,
5403750000, -4.843746e+001,
5405000000, -4.839981e+001,
5406250000, -4.842607e+001,
5407500000, -4.838484e+001,
5408750000, -4.836829e+001,
5410000000, -4.833663e+001,
5411250000, -4.835998e+001,
5412500000, -4.835614e+001,
5413750000, -4.834842e+001,
5415000000, -4.833852e+001,
5416250000, -4.833351e+001,
5417500000, -4.832045e+001,
5418750000, -4.834949e+001,
5420000000, -4.832831e+001,
5421250000, -4.834337e+001,
5422500000, -4.834323e+001,
5423750000, -4.834531e+001,
5425000000, -4.834728e+001,
5426250000, -4.835315e+001,
5427500000, -4.839651e+001,
5428750000, -4.840150e+001,
5430000000, -4.835978e+001,
5431250000, -4.837726e+001,
5432500000, -4.835518e+001,
5433750000, -4.839198e+001,
5435000000, -4.837843e+001,
5436250000, -4.834702e+001,
5437500000, -4.832122e+001,
5438750000, -4.838007e+001,
5440000000, -4.834267e+001,
5441250000, -4.835303e+001,
5442500000, -4.834768e+001,
5443750000, -4.837509e+001,
5445000000, -4.843180e+001,
5446250000, -4.842455e+001,
5447500000, -4.846052e+001,
5448750000, -4.850217e+001,
5450000000, -4.852163e+001,
5451250000, -4.847500e+001,
5452500000, -4.851883e+001,
5453750000, -4.852546e+001,
5455000000, -4.860505e+001,
5456250000, -4.859582e+001,
5457500000, -4.863038e+001,
5458750000, -4.867863e+001,
5460000000, -4.864178e+001,
5461250000, -4.866585e+001,
5462500000, -4.872254e+001,
5463750000, -4.870956e+001,
5465000000, -4.875849e+001,
5466250000, -4.877161e+001,
5467500000, -4.878173e+001,
5468750000, -4.880838e+001,
5470000000, -4.882299e+001,
5471250000, -4.880421e+001,
5472500000, -4.879963e+001,
5473750000, -4.882019e+001,
5475000000, -4.887397e+001,
5476250000, -4.885776e+001,
5477500000, -4.888738e+001,
5478750000, -4.890844e+001,
5480000000, -4.895549e+001,
5481250000, -4.895488e+001,
5482500000, -4.901740e+001,
5483750000, -4.909304e+001,
5485000000, -4.903805e+001,
5486250000, -4.905947e+001,
5487500000, -4.907440e+001,
5488750000, -4.912317e+001,
5490000000, -4.908483e+001,
5491250000, -4.913197e+001,
5492500000, -4.912555e+001,
5493750000, -4.908466e+001,
5495000000, -4.911817e+001,
5496250000, -4.916005e+001,
5497500000, -4.911458e+001,
5498750000, -4.919834e+001,
5500000000, -4.916119e+001,
