"S21 Phase"
"Frequency (Hz)","Deg",
3500000000, -1.410471e+002,
3501250000, -1.416880e+002,
3502500000, -1.429796e+002,
3503750000, -1.453534e+002,
3505000000, -1.488803e+002,
3506250000, -1.499391e+002,
3507500000, -1.499593e+002,
3508750000, -1.522800e+002,
3510000000, -1.542287e+002,
3511250000, -1.560984e+002,
3512500000, -1.582647e+002,
3513750000, -1.601325e+002,
3515000000, -1.623847e+002,
3516250000, -1.638100e+002,
3517500000, -1.645483e+002,
3518750000, -1.663513e+002,
3520000000, -1.694537e+002,
3521250000, -1.711247e+002,
3522500000, -1.715744e+002,
3523750000, -1.727674e+002,
3525000000, -1.755767e+002,
3526250000, -1.787653e+002,
3527500000, -1.794530e+002,
3528750000, 1.799300e+002,
3530000000, 1.781645e+002,
3531250000, 1.763143e+002,
3532500000, 1.745728e+002,
3533750000, 1.724999e+002,
3535000000, 1.702746e+002,
3536250000, 1.680996e+002,
3537500000, 1.668190e+002,
3538750000, 1.661800e+002,
3540000000, 1.650359e+002,
3541250000, 1.627785e+002,
3542500000, 1.593023e+002,
3543750000, 1.588601e+002,
3545000000, 1.588777e+002,
3546250000, 1.566694e+002,
3547500000, 1.538193e+002,
3548750000, 1.514545e+002,
3550000000, 1.512399e+002,
3551250000, 1.491266e+002,
3552500000, 1.480716e+002,
3553750000, 1.472953e+002,
3555000000, 1.450337e+002,
3556250000, 1.431222e+002,
3557500000, 1.411488e+002,
3558750000, 1.388277e+002,
3560000000, 1.371357e+002,
3561250000, 1.374605e+002,
3562500000, 1.371091e+002,
3563750000, 1.346539e+002,
3565000000, 1.307498e+002,
3566250000, 1.294467e+002,
3567500000, 1.306630e+002,
3568750000, 1.296747e+002,
3570000000, 1.261795e+002,
3571250000, 1.235728e+002,
3572500000, 1.235748e+002,
3573750000, 1.216618e+002,
3575000000, 1.202284e+002,
3576250000, 1.200369e+002,
3577500000, 1.186546e+002,
3578750000, 1.164706e+002,
3580000000, 1.144307e+002,
3581250000, 1.118988e+002,
3582500000, 1.101984e+002,
3583750000, 1.088641e+002,
3585000000, 1.099411e+002,
3586250000, 1.105769e+002,
3587500000, 1.062430e+002,
3588750000, 1.018525e+002,
3590000000, 1.017343e+002,
3591250000, 1.034016e+002,
3592500000, 1.014986e+002,
3593750000, 9.859300e+001,
3595000000, 9.634587e+001,
3596250000, 9.586830e+001,
3597500000, 9.422165e+001,
3598750000, 9.214486e+001,
3600000000, 9.217376e+001,
3601250000, 9.145614e+001,
3602500000, 8.983942e+001,
3603750000, 8.823555e+001,
3605000000, 8.568591e+001,
3606250000, 8.267424e+001,
3607500000, 8.094702e+001,
3608750000, 8.241095e+001,
3610000000, 8.363685e+001,
3611250000, 8.083131e+001,
3612500000, 7.573377e+001,
3613750000, 7.353799e+001,
3615000000, 7.397247e+001,
3616250000, 7.376180e+001,
3617500000, 7.192518e+001,
3618750000, 6.963540e+001,
3620000000, 6.823076e+001,
3621250000, 6.526818e+001,
3622500000, 6.400668e+001,
3623750000, 6.288912e+001,
3625000000, 6.143773e+001,
3626250000, 6.047592e+001,
3627500000, 5.967474e+001,
3628750000, 5.748160e+001,
3630000000, 5.459892e+001,
3631250000, 5.173016e+001,
3632500000, 4.974568e+001,
3633750000, 5.076083e+001,
3635000000, 5.240709e+001,
3636250000, 4.996966e+001,
3637500000, 4.490148e+001,
3638750000, 4.330484e+001,
3640000000, 4.139577e+001,
3641250000, 4.055827e+001,
3642500000, 4.102682e+001,
3643750000, 3.900538e+001,
3645000000, 3.567370e+001,
3646250000, 3.288969e+001,
3647500000, 3.283682e+001,
3648750000, 3.137322e+001,
3650000000, 2.820676e+001,
3651250000, 2.733551e+001,
3652500000, 2.760946e+001,
3653750000, 2.549916e+001,
3655000000, 2.331770e+001,
3656250000, 2.041658e+001,
3657500000, 1.789509e+001,
3658750000, 1.645575e+001,
3660000000, 1.652296e+001,
3661250000, 1.648806e+001,
3662500000, 1.518471e+001,
3663750000, 1.209368e+001,
3665000000, 8.002151e+000,
3666250000, 4.933576e+000,
3667500000, 6.486360e+000,
3668750000, 7.412608e+000,
3670000000, 3.645913e+000,
3671250000, -1.261716e+000,
3672500000, -1.397793e+000,
3673750000, -1.595596e+000,
3675000000, -3.036983e+000,
3676250000, -6.147914e+000,
3677500000, -7.830583e+000,
3678750000, -8.097959e+000,
3680000000, -1.007703e+001,
3681250000, -1.139258e+001,
3682500000, -1.377562e+001,
3683750000, -1.714076e+001,
3685000000, -1.768310e+001,
3686250000, -1.893198e+001,
3687500000, -2.093427e+001,
3688750000, -2.023777e+001,
3690000000, -2.035301e+001,
3691250000, -2.398836e+001,
3692500000, -3.021980e+001,
3693750000, -3.109847e+001,
3695000000, -2.674095e+001,
3696250000, -2.683285e+001,
3697500000, -3.635016e+001,
3698750000, -3.662700e+001,
3700000000, -3.568166e+001,
3701250000, -3.735296e+001,
3702500000, -3.962575e+001,
3703750000, -3.978709e+001,
3705000000, -4.004860e+001,
3706250000, -4.284133e+001,
3707500000, -4.644868e+001,
3708750000, -4.699907e+001,
3710000000, -4.677295e+001,
3711250000, -4.788648e+001,
3712500000, -5.070773e+001,
3713750000, -5.153114e+001,
3715000000, -5.517208e+001,
3716250000, -5.643980e+001,
3717500000, -5.317904e+001,
3718750000, -5.347471e+001,
3720000000, -6.093377e+001,
3721250000, -6.694898e+001,
3722500000, -6.082784e+001,
3723750000, -5.798723e+001,
3725000000, -6.451808e+001,
3726250000, -6.906182e+001,
3727500000, -6.814916e+001,
3728750000, -7.017724e+001,
3730000000, -7.403845e+001,
3731250000, -7.495174e+001,
3732500000, -6.825425e+001,
3733750000, -7.157885e+001,
3735000000, -7.824924e+001,
3736250000, -8.088738e+001,
3737500000, -8.220896e+001,
3738750000, -8.141904e+001,
3740000000, -8.263631e+001,
3741250000, -8.492554e+001,
3742500000, -8.428325e+001,
3743750000, -8.869668e+001,
3745000000, -9.290878e+001,
3746250000, -8.851384e+001,
3747500000, -8.743565e+001,
3748750000, -9.474128e+001,
3750000000, -1.026771e+002,
3751250000, -9.686959e+001,
3752500000, -9.604168e+001,
3753750000, -9.975258e+001,
3755000000, -1.003720e+002,
3756250000, -1.038207e+002,
3757500000, -1.069268e+002,
3758750000, -1.117533e+002,
3760000000, -1.156256e+002,
3761250000, -1.061190e+002,
3762500000, -1.040611e+002,
3763750000, -1.115193e+002,
3765000000, -1.173080e+002,
3766250000, -1.203758e+002,
3767500000, -1.203893e+002,
3768750000, -1.198238e+002,
3770000000, -1.234556e+002,
3771250000, -1.259202e+002,
3772500000, -1.254990e+002,
3773750000, -1.271206e+002,
3775000000, -1.292271e+002,
3776250000, -1.265855e+002,
3777500000, -1.311203e+002,
3778750000, -1.394505e+002,
3780000000, -1.403848e+002,
3781250000, -1.363290e+002,
3782500000, -1.417926e+002,
3783750000, -1.435361e+002,
3785000000, -1.385628e+002,
3786250000, -1.410813e+002,
3787500000, -1.464278e+002,
3788750000, -1.544521e+002,
3790000000, -1.605949e+002,
3791250000, -1.525953e+002,
3792500000, -1.457093e+002,
3793750000, -1.492747e+002,
3795000000, -1.560464e+002,
3796250000, -1.620769e+002,
3797500000, -1.636668e+002,
3798750000, -1.585644e+002,
3800000000, -1.621116e+002,
3801250000, -1.715179e+002,
3802500000, -1.757165e+002,
3803750000, -1.729630e+002,
3805000000, -1.673771e+002,
3806250000, -1.642819e+002,
3807500000, -1.683561e+002,
3808750000, -1.781822e+002,
3810000000, 1.726544e+002,
3811250000, 1.764407e+002,
3812500000, 1.766944e+002,
3813750000, 1.727235e+002,
3815000000, 1.746903e+002,
3816250000, 1.788220e+002,
3817500000, 1.775608e+002,
3818750000, 1.705075e+002,
3820000000, 1.620989e+002,
3821250000, 1.549748e+002,
3822500000, 1.618505e+002,
3823750000, 1.666953e+002,
3825000000, 1.674200e+002,
3826250000, 1.631625e+002,
3827500000, 1.591923e+002,
3828750000, 1.574888e+002,
3830000000, 1.583703e+002,
3831250000, 1.566622e+002,
3832500000, 1.502247e+002,
3833750000, 1.415103e+002,
3835000000, 1.397483e+002,
3836250000, 1.441860e+002,
3837500000, 1.519143e+002,
3838750000, 1.557524e+002,
3840000000, 1.537596e+002,
3841250000, 1.422622e+002,
3842500000, 1.320942e+002,
3843750000, 1.316641e+002,
3845000000, 1.302790e+002,
3846250000, 1.307751e+002,
3847500000, 1.392142e+002,
3848750000, 1.417766e+002,
3850000000, 1.375433e+002,
3851250000, 1.307496e+002,
3852500000, 1.224061e+002,
3853750000, 1.203559e+002,
3855000000, 1.235502e+002,
3856250000, 1.267348e+002,
3857500000, 1.251787e+002,
3858750000, 1.210047e+002,
3860000000, 1.223658e+002,
3861250000, 1.209257e+002,
3862500000, 1.227537e+002,
3863750000, 1.242997e+002,
3865000000, 1.161023e+002,
3866250000, 1.070682e+002,
3867500000, 1.017765e+002,
3868750000, 9.909631e+001,
3870000000, 1.006996e+002,
3871250000, 1.107980e+002,
3872500000, 1.228813e+002,
3873750000, 1.193745e+002,
3875000000, 1.068991e+002,
3876250000, 9.372511e+001,
3877500000, 9.160551e+001,
3878750000, 9.092033e+001,
3880000000, 8.751010e+001,
3881250000, 1.029486e+002,
3882500000, 1.072164e+002,
3883750000, 9.995953e+001,
3885000000, 9.335770e+001,
3886250000, 8.526986e+001,
3887500000, 8.234561e+001,
3888750000, 8.962406e+001,
3890000000, 9.305527e+001,
3891250000, 8.976873e+001,
3892500000, 8.363987e+001,
3893750000, 7.834272e+001,
3895000000, 7.739979e+001,
3896250000, 8.383287e+001,
3897500000, 9.148661e+001,
3898750000, 9.085214e+001,
3900000000, 7.970222e+001,
3901250000, 7.015369e+001,
3902500000, 6.485367e+001,
3903750000, 5.604718e+001,
3905000000, 4.597217e+001,
3906250000, 8.387715e+001,
3907500000, 9.802369e+001,
3908750000, 7.956094e+001,
3910000000, 6.129591e+001,
3911250000, 5.478768e+001,
3912500000, 5.559257e+001,
3913750000, 5.311126e+001,
3915000000, 5.526340e+001,
3916250000, 7.133156e+001,
3917500000, 6.846246e+001,
3918750000, 5.911745e+001,
3920000000, 5.045286e+001,
3921250000, 4.493222e+001,
3922500000, 4.188950e+001,
3923750000, 5.396530e+001,
3925000000, 6.039492e+001,
3926250000, 5.546620e+001,
3927500000, 4.559756e+001,
3928750000, 3.598198e+001,
3930000000, 3.517559e+001,
3931250000, 3.963361e+001,
3932500000, 4.394494e+001,
3933750000, 5.052336e+001,
3935000000, 4.722622e+001,
3936250000, 3.989807e+001,
3937500000, 3.163308e+001,
3938750000, 1.561209e+001,
3940000000, -5.172630e+000,
3941250000, 7.468036e+000,
3942500000, 5.929724e+001,
3943750000, 5.403554e+001,
3945000000, 3.132953e+001,
3946250000, 1.479571e+001,
3947500000, 7.715878e+000,
3948750000, 6.620170e+000,
3950000000, 2.181028e+000,
3951250000, 1.716516e+001,
3952500000, 3.564325e+001,
3953750000, 2.332946e+001,
3955000000, 1.206131e+001,
3956250000, 3.457586e+000,
3957500000, -4.490160e+000,
3958750000, -7.494602e+000,
3960000000, 3.318021e+000,
3961250000, 1.422463e+001,
3962500000, 1.183577e+001,
3963750000, 4.042737e+000,
3965000000, -4.179071e+000,
3966250000, -1.204923e+001,
3967500000, -2.010873e+001,
3968750000, -1.767717e+001,
3970000000, -6.533626e+000,
3971250000, 7.934336e+000,
3972500000, 7.297910e+000,
3973750000, -2.523847e+000,
3975000000, -2.240086e+001,
3976250000, -4.539565e+001,
3977500000, -6.442668e+001,
3978750000, -7.801614e+001,
3980000000, 3.645819e+001,
3981250000, 9.776868e+000,
3982500000, -1.746758e+001,
3983750000, -3.497155e+001,
3985000000, -4.304617e+001,
3986250000, -5.339621e+001,
3987500000, -6.223030e+001,
3988750000, -2.693557e+001,
3990000000, -7.536656e+000,
3991250000, -2.019087e+001,
3992500000, -3.415418e+001,
3993750000, -4.654416e+001,
3995000000, -6.164192e+001,
3996250000, -6.892674e+001,
3997500000, -5.936915e+001,
3998750000, -3.911204e+001,
4000000000, -2.269856e+001,
4001250000, -3.333311e+001,
4002500000, -4.772429e+001,
4003750000, -5.668757e+001,
4005000000, -6.976471e+001,
4006250000, -8.682217e+001,
4007500000, -8.525718e+001,
4008750000, -6.122034e+001,
4010000000, -2.419487e+001,
4011250000, -3.137358e+001,
4012500000, -5.887506e+001,
4013750000, -8.627775e+001,
4015000000, -1.014874e+002,
4016250000, -1.154129e+002,
4017500000, -7.572738e+001,
4018750000, -3.155189e+001,
4020000000, -5.039604e+001,
4021250000, -7.346113e+001,
4022500000, -9.252085e+001,
4023750000, -9.875680e+001,
4025000000, -1.124487e+002,
4026250000, -1.178503e+002,
4027500000, -9.738709e+001,
4028750000, -4.287725e+001,
4030000000, -4.293082e+001,
4031250000, -6.435733e+001,
4032500000, -8.750635e+001,
4033750000, -1.069405e+002,
4035000000, -1.220233e+002,
4036250000, -1.330647e+002,
4037500000, -1.454054e+002,
4038750000, -1.311540e+002,
4040000000, -4.633447e+001,
4041250000, -6.602842e+001,
4042500000, -8.384419e+001,
4043750000, -1.041220e+002,
4045000000, -1.276088e+002,
4046250000, -1.376322e+002,
4047500000, -1.355362e+002,
4048750000, -1.361713e+002,
4050000000, -6.729391e+001,
4051250000, -8.164980e+001,
4052500000, -1.192634e+002,
4053750000, -1.543887e+002,
4055000000, -1.740346e+002,
4056250000, -1.790877e+002,
4057500000, -1.638013e+002,
4058750000, -4.459767e+001,
4060000000, -8.089186e+001,
4061250000, -1.111482e+002,
4062500000, -1.343316e+002,
4063750000, -1.497935e+002,
4065000000, -1.693362e+002,
4066250000, 1.667476e+002,
4067500000, 1.420367e+002,
4068750000, 1.070324e+002,
4070000000, -7.900510e+001,
4071250000, -8.970057e+001,
4072500000, -1.017159e+002,
4073750000, -1.181279e+002,
4075000000, -1.357076e+002,
4076250000, -1.591424e+002,
4077500000, -1.738196e+002,
4078750000, 1.788786e+002,
4080000000, 1.621103e+002,
4081250000, 1.537989e+002,
4082500000, -1.388866e+002,
4083750000, -1.296241e+002,
4085000000, -1.353091e+002,
4086250000, -1.647969e+002,
4087500000, 1.741543e+002,
4088750000, 1.533415e+002,
4090000000, -8.378620e+001,
4091250000, -1.086626e+002,
4092500000, -1.427017e+002,
4093750000, -1.727106e+002,
4095000000, 1.552885e+002,
4096250000, 1.277232e+002,
4097500000, 1.008665e+002,
4098750000, 5.667874e+001,
4100000000, -4.180116e+000,
4101250000, -6.632095e+001,
4102500000, -1.111310e+002,
4103750000, -1.468023e+002,
4105000000, -1.768790e+002,
4106250000, 1.565657e+002,
4107500000, 1.385917e+002,
4108750000, 1.234444e+002,
4110000000, 9.846664e+001,
4111250000, 6.269465e+001,
4112500000, -9.838484e+000,
4113750000, -1.162191e+002,
4115000000, -1.457432e+002,
4116250000, -1.700187e+002,
4117500000, 1.794260e+002,
4118750000, -1.798703e+002,
4120000000, 1.669575e+002,
4121250000, 1.494695e+002,
4122500000, 1.335347e+002,
4123750000, 1.188120e+002,
4125000000, 1.270998e+002,
4126250000, 1.513153e+002,
4127500000, 1.379509e+002,
4128750000, 1.122392e+002,
4130000000, 7.232424e+001,
4131250000, 2.746640e+001,
4132500000, -7.421451e+001,
4133750000, -9.538674e+001,
4135000000, -1.436267e+002,
4136250000, 1.787066e+002,
4137500000, 1.492023e+002,
4138750000, 1.227429e+002,
4140000000, 9.559021e+001,
4141250000, 6.765698e+001,
4142500000, 3.541745e+001,
4143750000, 9.896407e-001,
4145000000, -4.494046e+001,
4146250000, -9.514329e+001,
4147500000, -1.359193e+002,
4148750000, -1.685687e+002,
4150000000, 1.571929e+002,
4151250000, 1.235740e+002,
4152500000, 1.062850e+002,
4153750000, 9.726172e+001,
4155000000, 8.138803e+001,
4156250000, 5.779233e+001,
4157500000, 3.858095e+001,
4158750000, -1.679910e+000,
4160000000, -1.132945e+002,
4161250000, -1.733272e+002,
4162500000, 1.559324e+002,
4163750000, 1.408872e+002,
4165000000, 1.376967e+002,
4166250000, 1.242192e+002,
4167500000, 1.019730e+002,
4168750000, 8.332048e+001,
4170000000, 8.857514e+001,
4171250000, 1.023124e+002,
4172500000, 8.004629e+001,
4173750000, 5.423187e+001,
4175000000, 1.585227e+001,
4176250000, -2.507851e+001,
4177500000, -5.016375e+001,
4178750000, -9.008839e+001,
4180000000, -1.415774e+002,
4181250000, 1.762423e+002,
4182500000, 1.428088e+002,
4183750000, 1.085373e+002,
4185000000, 7.334726e+001,
4186250000, 4.836171e+001,
4187500000, 3.934050e+001,
4188750000, 2.670912e+001,
4190000000, 6.479088e+000,
4191250000, -3.757580e+001,
4192500000, -1.001006e+002,
4193750000, -1.759583e+002,
4195000000, 1.337606e+002,
4196250000, 1.010294e+002,
4197500000, 7.529311e+001,
4198750000, 7.195357e+001,
4200000000, 6.000378e+001,
4201250000, 3.210989e+001,
4202500000, 6.342924e-001,
4203750000, -2.867655e+001,
4205000000, -3.630162e+001,
4206250000, 7.435049e+001,
4207500000, 3.979620e+001,
4208750000, -1.153751e+001,
4210000000, -1.059670e+002,
4211250000, -1.736234e+002,
4212500000, 1.439300e+002,
4213750000, 1.148537e+002,
4215000000, 9.421325e+001,
4216250000, 8.527003e+001,
4217500000, 7.838147e+001,
4218750000, 5.611885e+001,
4220000000, 2.985508e+001,
4221250000, 1.458249e+001,
4222500000, -1.038832e+001,
4223750000, -4.535088e+001,
4225000000, -7.072047e+001,
4226250000, -9.802085e+001,
4227500000, -1.474150e+002,
4228750000, 1.586887e+002,
4230000000, 1.278531e+002,
4231250000, 1.053591e+002,
4232500000, 7.605760e+001,
4233750000, 4.490099e+001,
4235000000, 1.542085e+001,
4236250000, -1.330643e+001,
4237500000, -4.306356e+001,
4238750000, -7.611264e+001,
4240000000, -1.118365e+002,
4241250000, -1.532927e+002,
4242500000, 1.620578e+002,
4243750000, 1.263755e+002,
4245000000, 1.051597e+002,
4246250000, 7.576592e+001,
4247500000, 4.915798e+001,
4248750000, 2.826103e+001,
4250000000, 7.136575e+000,
4251250000, -1.251174e+001,
4252500000, -3.805527e+001,
4253750000, -5.672221e+001,
4255000000, -6.387510e+001,
4256250000, -7.985208e+001,
4257500000, -1.010863e+002,
4258750000, -1.192115e+002,
4260000000, -1.039346e+002,
4261250000, -1.103966e+002,
4262500000, -1.352221e+002,
4263750000, -1.671833e+002,
4265000000, 1.574453e+002,
4266250000, 1.255802e+002,
4267500000, 9.286452e+001,
4268750000, 5.760918e+001,
4270000000, 3.660074e+001,
4271250000, 1.038389e+001,
4272500000, -2.322304e+001,
4273750000, -5.772545e+001,
4275000000, -5.969573e+001,
4276250000, -6.539362e+001,
4277500000, -9.900689e+001,
4278750000, -1.614279e+002,
4280000000, 1.106372e+002,
4281250000, 3.516620e+001,
4282500000, -1.477754e+001,
4283750000, -4.029248e+001,
4285000000, -3.790673e+001,
4286250000, -1.986962e+001,
4287500000, -4.107249e+001,
4288750000, -6.834926e+001,
4290000000, -1.008715e+002,
4291250000, -1.304708e+002,
4292500000, -1.520016e+002,
4293750000, -1.683932e+002,
4295000000, 1.755264e+002,
4296250000, 1.493249e+002,
4297500000, 1.187316e+002,
4298750000, 8.893085e+001,
4300000000, 6.011051e+001,
4301250000, 3.033480e+001,
4302500000, 1.923842e+001,
4303750000, 1.480403e+001,
4305000000, 2.496518e+000,
4306250000, -2.090283e+001,
4307500000, -4.759119e+001,
4308750000, -6.679193e+001,
4310000000, -7.570448e+001,
4311250000, -8.210930e+001,
4312500000, -9.132760e+001,
4313750000, -1.111582e+002,
4315000000, -1.338419e+002,
4316250000, -1.487742e+002,
4317500000, -1.612237e+002,
4318750000, 1.777631e+002,
4320000000, 1.625330e+002,
4321250000, 1.462760e+002,
4322500000, 1.181413e+002,
4323750000, 7.793820e+001,
4325000000, 6.818704e+001,
4326250000, 6.036734e+001,
4327500000, 1.683140e+001,
4328750000, -4.082199e+001,
4330000000, -1.114048e+002,
4331250000, 1.670337e+002,
4332500000, 9.773100e+001,
4333750000, 4.524263e+001,
4335000000, 1.683961e+001,
4336250000, 7.398158e+000,
4337500000, 6.357267e-001,
4338750000, -8.249483e+000,
4340000000, -2.852966e+001,
4341250000, -5.625546e+001,
4342500000, -8.438361e+001,
4343750000, -1.051325e+002,
4345000000, -1.170501e+002,
4346250000, -1.259788e+002,
4347500000, -1.388224e+002,
4348750000, -1.512402e+002,
4350000000, -1.694328e+002,
4351250000, 1.715414e+002,
4352500000, 1.571270e+002,
4353750000, 1.392821e+002,
4355000000, 1.243421e+002,
4356250000, 1.109199e+002,
4357500000, 9.703415e+001,
4358750000, 8.226815e+001,
4360000000, 6.732432e+001,
4361250000, 5.019642e+001,
4362500000, 2.970298e+001,
4363750000, 7.975239e+000,
4365000000, -7.120581e+000,
4366250000, -1.482575e+001,
4367500000, -2.751993e+001,
4368750000, -4.579658e+001,
4370000000, -6.482248e+001,
4371250000, -8.147914e+001,
4372500000, -9.421924e+001,
4373750000, -1.082560e+002,
4375000000, -1.220710e+002,
4376250000, -1.378023e+002,
4377500000, -1.542932e+002,
4378750000, -1.714085e+002,
4380000000, 1.742459e+002,
4381250000, 1.588769e+002,
4382500000, 1.412389e+002,
4383750000, 1.239737e+002,
4385000000, 1.100662e+002,
4386250000, 9.126838e+001,
4387500000, 6.350125e+001,
4388750000, 4.297291e+001,
4390000000, 7.009027e+001,
4391250000, 7.092364e+001,
4392500000, 5.057601e+001,
4393750000, -1.784507e+002,
4395000000, 1.286479e+002,
4396250000, 8.491616e+001,
4397500000, 5.696250e+001,
4398750000, 4.374721e+001,
4400000000, 4.367338e+001,
4401250000, 4.402919e+001,
4402500000, 2.128614e+001,
4403750000, -1.061336e+001,
4405000000, -3.937327e+001,
4406250000, -6.201737e+001,
4407500000, -7.752722e+001,
4408750000, -8.620876e+001,
4410000000, -9.725043e+001,
4411250000, -1.068964e+002,
4412500000, -1.193581e+002,
4413750000, -1.388966e+002,
4415000000, -1.598740e+002,
4416250000, -1.738397e+002,
4417500000, 1.733808e+002,
4418750000, 1.542171e+002,
4420000000, 1.382074e+002,
4421250000, 1.291238e+002,
4422500000, 1.231432e+002,
4423750000, 1.173690e+002,
4425000000, 1.041749e+002,
4426250000, 8.679442e+001,
4427500000, 6.993789e+001,
4428750000, 5.243485e+001,
4430000000, 3.830378e+001,
4431250000, 2.563682e+001,
4432500000, 1.416499e+001,
4433750000, 2.391151e+000,
4435000000, -8.363935e+000,
4436250000, -1.923465e+001,
4437500000, -3.070026e+001,
4438750000, -4.263572e+001,
4440000000, -5.409537e+001,
4441250000, -6.990286e+001,
4442500000, -8.961306e+001,
4443750000, -1.030323e+002,
4445000000, -1.107263e+002,
4446250000, -1.079652e+002,
4447500000, -1.171718e+002,
4448750000, -1.292761e+002,
4450000000, -1.428510e+002,
4451250000, -1.589539e+002,
4452500000, -1.700460e+002,
4453750000, -1.756560e+002,
4455000000, 1.716371e+002,
4456250000, 1.522708e+002,
4457500000, 1.307605e+002,
4458750000, 1.184003e+002,
4460000000, 1.238623e+002,
4461250000, 1.238511e+002,
4462500000, 1.112494e+002,
4463750000, 9.144125e+001,
4465000000, 7.468039e+001,
4466250000, 6.285812e+001,
4467500000, 5.107191e+001,
4468750000, 4.060845e+001,
4470000000, 2.257066e+001,
4471250000, -1.284526e+000,
4472500000, -1.784351e+001,
4473750000, -3.378755e+001,
4475000000, -4.316904e+001,
4476250000, -4.598782e+001,
4477500000, -5.301008e+001,
4478750000, -7.094505e+001,
4480000000, -8.670868e+001,
4481250000, -1.069606e+002,
4482500000, -1.202752e+002,
4483750000, -1.335976e+002,
4485000000, -1.478919e+002,
4486250000, -1.665230e+002,
4487500000, 1.704616e+002,
4488750000, 1.414216e+002,
4490000000, 1.254920e+002,
4491250000, 1.258981e+002,
4492500000, 1.232227e+002,
4493750000, 1.172841e+002,
4495000000, 1.046285e+002,
4496250000, 9.210753e+001,
4497500000, 7.832359e+001,
4498750000, 7.133305e+001,
4500000000, 5.544146e+001,
4501250000, 3.331064e+001,
4502500000, 9.729790e+000,
4503750000, -8.167154e+000,
4505000000, -2.518741e+000,
4506250000, -1.205928e+000,
4507500000, 1.624872e+000,
4508750000, -4.937568e+000,
4510000000, -1.104207e+001,
4511250000, -2.008381e+001,
4512500000, -2.993572e+001,
4513750000, -4.520351e+001,
4515000000, -6.224646e+001,
4516250000, -8.249162e+001,
4517500000, -1.051981e+002,
4518750000, -1.218962e+002,
4520000000, -1.259204e+002,
4521250000, -1.326260e+002,
4522500000, -1.413096e+002,
4523750000, -1.515556e+002,
4525000000, -1.624966e+002,
4526250000, -1.752405e+002,
4527500000, 1.707052e+002,
4528750000, 1.556995e+002,
4530000000, 1.387766e+002,
4531250000, 1.182482e+002,
4532500000, 9.885456e+001,
4533750000, 8.606368e+001,
4535000000, 7.625534e+001,
4536250000, 6.720260e+001,
4537500000, 5.813987e+001,
4538750000, 4.937140e+001,
4540000000, 4.142500e+001,
4541250000, 3.033643e+001,
4542500000, 1.520607e+001,
4543750000, -2.064452e+000,
4545000000, -2.013319e+001,
4546250000, -3.581687e+001,
4547500000, -4.793827e+001,
4548750000, -5.752827e+001,
4550000000, -6.553199e+001,
4551250000, -7.375792e+001,
4552500000, -8.359619e+001,
4553750000, -9.229949e+001,
4555000000, -1.005787e+002,
4556250000, -1.133620e+002,
4557500000, -1.297633e+002,
4558750000, -1.474643e+002,
4560000000, -1.651427e+002,
4561250000, 1.793775e+002,
4562500000, 1.698823e+002,
4563750000, 1.634202e+002,
4565000000, 1.560619e+002,
4566250000, 1.510008e+002,
4567500000, 1.518853e+002,
4568750000, 1.493241e+002,
4570000000, 1.369241e+002,
4571250000, 1.199337e+002,
4572500000, 1.025400e+002,
4573750000, 8.440511e+001,
4575000000, 6.575455e+001,
4576250000, 5.098231e+001,
4577500000, 4.035990e+001,
4578750000, 3.078701e+001,
4580000000, 2.161373e+001,
4581250000, 1.364474e+001,
4582500000, 5.549778e+000,
4583750000, -4.995340e+000,
4585000000, -1.711525e+001,
4586250000, -3.039523e+001,
4587500000, -4.560360e+001,
4588750000, -6.263142e+001,
4590000000, -7.922899e+001,
4591250000, -9.327308e+001,
4592500000, -1.050898e+002,
4593750000, -1.159665e+002,
4595000000, -1.260804e+002,
4596250000, -1.357446e+002,
4597500000, -1.459069e+002,
4598750000, -1.577088e+002,
4600000000, -1.718563e+002,
4601250000, 1.717773e+002,
4602500000, 1.544274e+002,
4603750000, 1.390947e+002,
4605000000, 1.260273e+002,
4606250000, 1.131165e+002,
4607500000, 1.004079e+002,
4608750000, 8.996340e+001,
4610000000, 8.240465e+001,
4611250000, 7.388852e+001,
4612500000, 6.212765e+001,
4613750000, 4.807776e+001,
4615000000, 3.309542e+001,
4616250000, 1.851068e+001,
4617500000, 4.196946e+000,
4618750000, -1.008218e+001,
4620000000, -2.279990e+001,
4621250000, -3.300678e+001,
4622500000, -4.003010e+001,
4623750000, -4.626837e+001,
4625000000, -5.520718e+001,
4626250000, -6.596655e+001,
4627500000, -7.789769e+001,
4628750000, -9.218657e+001,
4630000000, -1.088350e+002,
4631250000, -1.263703e+002,
4632500000, -1.428278e+002,
4633750000, -1.559690e+002,
4635000000, -1.652493e+002,
4636250000, -1.748425e+002,
4637500000, 1.729063e+002,
4638750000, 1.589418e+002,
4640000000, 1.437626e+002,
4641250000, 1.275039e+002,
4642500000, 1.106752e+002,
4643750000, 9.402650e+001,
4645000000, 7.848301e+001,
4646250000, 6.500510e+001,
4647500000, 5.307108e+001,
4648750000, 3.978610e+001,
4650000000, 2.511000e+001,
4651250000, 9.914665e+000,
4652500000, -5.411593e+000,
4653750000, -2.078820e+001,
4655000000, -3.584507e+001,
4656250000, -4.984025e+001,
4657500000, -6.295580e+001,
4658750000, -7.598090e+001,
4660000000, -8.925841e+001,
4661250000, -1.026101e+002,
4662500000, -1.148482e+002,
4663750000, -1.253928e+002,
4665000000, -1.366817e+002,
4666250000, -1.503560e+002,
4667500000, -1.655143e+002,
4668750000, 1.792502e+002,
4670000000, 1.649975e+002,
4671250000, 1.524687e+002,
4672500000, 1.421613e+002,
4673750000, 1.342713e+002,
4675000000, 1.261148e+002,
4676250000, 1.127546e+002,
4677500000, 9.420626e+001,
4678750000, 7.476917e+001,
4680000000, 5.697760e+001,
4681250000, 4.072835e+001,
4682500000, 2.607397e+001,
4683750000, 1.401405e+001,
4685000000, 3.649479e+000,
4686250000, -8.369150e+000,
4687500000, -2.405241e+001,
4688750000, -4.169868e+001,
4690000000, -5.927644e+001,
4691250000, -7.676340e+001,
4692500000, -9.406654e+001,
4693750000, -1.102171e+002,
4695000000, -1.240458e+002,
4696250000, -1.360482e+002,
4697500000, -1.474057e+002,
4698750000, -1.596494e+002,
4700000000, -1.746103e+002,
4701250000, 1.676298e+002,
4702500000, 1.486023e+002,
4703750000, 1.306481e+002,
4705000000, 1.145325e+002,
4706250000, 1.011197e+002,
4707500000, 9.159771e+001,
4708750000, 8.413816e+001,
4710000000, 7.484680e+001,
4711250000, 6.122373e+001,
4712500000, 4.378866e+001,
4713750000, 2.436957e+001,
4715000000, 5.939708e+000,
4716250000, -9.502450e+000,
4717500000, -2.135414e+001,
4718750000, -2.932133e+001,
4720000000, -3.666316e+001,
4721250000, -4.726793e+001,
4722500000, -6.245036e+001,
4723750000, -8.124302e+001,
4725000000, -1.009371e+002,
4726250000, -1.192207e+002,
4727500000, -1.348138e+002,
4728750000, -1.473691e+002,
4730000000, -1.591293e+002,
4731250000, -1.731843e+002,
4732500000, 1.698430e+002,
4733750000, 1.512618e+002,
4735000000, 1.330491e+002,
4736250000, 1.158440e+002,
4737500000, 9.962311e+001,
4738750000, 8.477685e+001,
4740000000, 7.060729e+001,
4741250000, 5.533281e+001,
4742500000, 3.905453e+001,
4743750000, 2.210590e+001,
4745000000, 5.065640e+000,
4746250000, -1.185228e+001,
4747500000, -2.822607e+001,
4748750000, -4.377737e+001,
4750000000, -5.913701e+001,
4751250000, -7.546001e+001,
4752500000, -9.286301e+001,
4753750000, -1.105062e+002,
4755000000, -1.279700e+002,
4756250000, -1.448262e+002,
4757500000, -1.605119e+002,
4758750000, -1.747325e+002,
4760000000, 1.717415e+002,
4761250000, 1.568019e+002,
4762500000, 1.398857e+002,
4763750000, 1.223949e+002,
4765000000, 1.052662e+002,
4766250000, 8.908972e+001,
4767500000, 7.412336e+001,
4768750000, 6.032535e+001,
4770000000, 4.602227e+001,
4771250000, 2.907125e+001,
4772500000, 9.979326e+000,
4773750000, -8.524833e+000,
4775000000, -2.557084e+001,
4776250000, -4.155463e+001,
4777500000, -5.744375e+001,
4778750000, -7.395223e+001,
4780000000, -9.229260e+001,
4781250000, -1.119221e+002,
4782500000, -1.309100e+002,
4783750000, -1.493235e+002,
4785000000, -1.676209e+002,
4786250000, 1.754356e+002,
4787500000, 1.598244e+002,
4788750000, 1.436014e+002,
4790000000, 1.257209e+002,
4791250000, 1.066382e+002,
4792500000, 8.742596e+001,
4793750000, 6.976141e+001,
4795000000, 5.403439e+001,
4796250000, 3.881655e+001,
4797500000, 2.339852e+001,
4798750000, 8.148360e+000,
4800000000, -7.551188e+000,
4801250000, -2.563866e+001,
4802500000, -4.460607e+001,
4803750000, -6.230517e+001,
4805000000, -7.850898e+001,
4806250000, -9.428416e+001,
4807500000, -1.114850e+002,
4808750000, -1.307997e+002,
4810000000, -1.512781e+002,
4811250000, -1.716446e+002,
4812500000, 1.685853e+002,
4813750000, 1.492911e+002,
4815000000, 1.302353e+002,
4816250000, 1.107846e+002,
4817500000, 9.073081e+001,
4818750000, 7.070682e+001,
4820000000, 5.102775e+001,
4821250000, 3.192667e+001,
4822500000, 1.297579e+001,
4823750000, -6.733315e+000,
4825000000, -2.746658e+001,
4826250000, -4.823584e+001,
4827500000, -6.730019e+001,
4828750000, -8.351744e+001,
4830000000, -9.807083e+001,
4831250000, -1.148957e+002,
4832500000, -1.359703e+002,
4833750000, -1.590517e+002,
4835000000, 1.797533e+002,
4836250000, 1.625994e+002,
4837500000, 1.479235e+002,
4838750000, 1.308727e+002,
4840000000, 1.089617e+002,
4841250000, 8.416889e+001,
4842500000, 6.003885e+001,
4843750000, 3.906919e+001,
4845000000, 2.146944e+001,
4846250000, 3.600972e+000,
4847500000, -1.803282e+001,
4848750000, -4.274905e+001,
4850000000, -6.677459e+001,
4851250000, -8.726576e+001,
4852500000, -1.035445e+002,
4853750000, -1.189782e+002,
4855000000, -1.379195e+002,
4856250000, -1.609257e+002,
4857500000, 1.750218e+002,
4858750000, 1.531926e+002,
4860000000, 1.346037e+002,
4861250000, 1.172023e+002,
4862500000, 9.770624e+001,
4863750000, 7.572967e+001,
4865000000, 5.324507e+001,
4866250000, 3.235306e+001,
4867500000, 1.263984e+001,
4868750000, -7.435093e+000,
4870000000, -2.886401e+001,
4871250000, -5.103723e+001,
4872500000, -7.263758e+001,
4873750000, -9.322113e+001,
4875000000, -1.134802e+002,
4876250000, -1.345755e+002,
4877500000, -1.562711e+002,
4878750000, -1.784531e+002,
4880000000, 1.593336e+002,
4881250000, 1.373202e+002,
4882500000, 1.146145e+002,
4883750000, 9.137391e+001,
4885000000, 6.862004e+001,
4886250000, 4.674016e+001,
4887500000, 2.515406e+001,
4888750000, 2.967421e+000,
4890000000, -1.981630e+001,
4891250000, -4.256680e+001,
4892500000, -6.460231e+001,
4893750000, -8.585939e+001,
4895000000, -1.072100e+002,
4896250000, -1.295689e+002,
4897500000, -1.523317e+002,
4898750000, -1.752699e+002,
4900000000, 1.619511e+002,
4901250000, 1.388586e+002,
4902500000, 1.149750e+002,
4903750000, 9.055250e+001,
4905000000, 6.591426e+001,
4906250000, 4.080209e+001,
4907500000, 1.582532e+001,
4908750000, -7.748021e+000,
4910000000, -2.996706e+001,
4911250000, -5.290571e+001,
4912500000, -7.708584e+001,
4913750000, -1.009933e+002,
4915000000, -1.227820e+002,
4916250000, -1.430815e+002,
4917500000, -1.636727e+002,
4918750000, 1.743226e+002,
4920000000, 1.504840e+002,
4921250000, 1.255778e+002,
4922500000, 1.005954e+002,
4923750000, 7.560712e+001,
4925000000, 4.994596e+001,
4926250000, 2.335539e+001,
4927500000, -3.556321e+000,
4928750000, -2.995271e+001,
4930000000, -5.541201e+001,
4931250000, -8.096941e+001,
4932500000, -1.074127e+002,
4933750000, -1.334319e+002,
4935000000, -1.566901e+002,
4936250000, -1.776891e+002,
4937500000, 1.609172e+002,
4938750000, 1.377990e+002,
4940000000, 1.134653e+002,
4941250000, 8.944499e+001,
4942500000, 6.554327e+001,
4943750000, 4.034756e+001,
4945000000, 1.356807e+001,
4946250000, -1.394517e+001,
4947500000, -4.182112e+001,
4948750000, -6.972304e+001,
4950000000, -9.736566e+001,
4951250000, -1.247845e+002,
4952500000, -1.516612e+002,
4953750000, -1.783706e+002,
4955000000, 1.548065e+002,
4956250000, 1.274688e+002,
4957500000, 9.950881e+001,
4958750000, 7.093606e+001,
4960000000, 4.183361e+001,
4961250000, 1.236402e+001,
4962500000, -1.718701e+001,
4963750000, -4.659372e+001,
4965000000, -7.593621e+001,
4966250000, -1.049848e+002,
4967500000, -1.332281e+002,
4968750000, -1.601012e+002,
4970000000, 1.741074e+002,
4971250000, 1.491252e+002,
4972500000, 1.248282e+002,
4973750000, 1.003648e+002,
4975000000, 7.491612e+001,
4976250000, 4.835919e+001,
4977500000, 2.087288e+001,
4978750000, -8.041001e+000,
4980000000, -3.845796e+001,
4981250000, -6.964989e+001,
4982500000, -1.007464e+002,
4983750000, -1.319767e+002,
4985000000, -1.627698e+002,
4986250000, 1.676176e+002,
4987500000, 1.382493e+002,
4988750000, 1.078904e+002,
4990000000, 7.644680e+001,
4991250000, 4.448693e+001,
4992500000, 1.156534e+001,
4993750000, -2.278325e+001,
4995000000, -5.790845e+001,
4996250000, -9.312487e+001,
4997500000, -1.281205e+002,
4998750000, -1.629394e+002,
5000000000, 1.633890e+002,
5001250000, 1.307926e+002,
5002500000, 9.819981e+001,
5003750000, 6.484056e+001,
5005000000, 3.109353e+001,
5006250000, -3.189861e+000,
5007500000, -3.831730e+001,
5008750000, -7.460609e+001,
5010000000, -1.114167e+002,
5011250000, -1.479482e+002,
5012500000, 1.764058e+002,
5013750000, 1.418615e+002,
5015000000, 1.078592e+002,
5016250000, 7.416353e+001,
5017500000, 4.033496e+001,
5018750000, 6.085880e+000,
5020000000, -2.921310e+001,
5021250000, -6.597692e+001,
5022500000, -1.039063e+002,
5023750000, -1.423308e+002,
5025000000, 1.798137e+002,
5026250000, 1.431165e+002,
5027500000, 1.079598e+002,
5028750000, 7.375727e+001,
5030000000, 3.964102e+001,
5031250000, 4.926133e+000,
5032500000, -3.103866e+001,
5033750000, -6.792808e+001,
5035000000, -1.057497e+002,
5036250000, -1.448912e+002,
5037500000, 1.754291e+002,
5038750000, 1.364422e+002,
5040000000, 9.876512e+001,
5041250000, 6.274881e+001,
5042500000, 2.790831e+001,
5043750000, -6.811191e+000,
5045000000, -4.349718e+001,
5046250000, -8.374882e+001,
5047500000, -1.273323e+002,
5048750000, -1.719318e+002,
5050000000, 1.451674e+002,
5051250000, 1.053629e+002,
5052500000, 6.861571e+001,
5053750000, 3.315237e+001,
5055000000, -3.467841e+000,
5056250000, -4.229272e+001,
5057500000, -8.413258e+001,
5058750000, -1.287903e+002,
5060000000, -1.744077e+002,
5061250000, 1.416028e+002,
5062500000, 1.002873e+002,
5063750000, 6.021471e+001,
5065000000, 1.999872e+001,
5066250000, -2.178556e+001,
5067500000, -6.524406e+001,
5068750000, -1.107294e+002,
5070000000, -1.588353e+002,
5071250000, 1.525375e+002,
5072500000, 1.065872e+002,
5073750000, 6.309976e+001,
5075000000, 2.043157e+001,
5076250000, -2.299311e+001,
5077500000, -6.817213e+001,
5078750000, -1.160982e+002,
5080000000, -1.677640e+002,
5081250000, 1.399134e+002,
5082500000, 9.126705e+001,
5083750000, 4.565223e+001,
5085000000, 1.203841e+000,
5086250000, -4.307951e+001,
5087500000, -9.087680e+001,
5088750000, -1.445654e+002,
5090000000, 1.561416e+002,
5091250000, 9.712825e+001,
5092500000, 4.519974e+001,
5093750000, 8.085837e-001,
5095000000, -3.935317e+001,
5096250000, -8.005443e+001,
5097500000, -1.276851e+002,
5098750000, 1.734375e+002,
5100000000, 1.081946e+002,
5101250000, 4.804892e+001,
5102500000, -5.359814e+000,
5103750000, -5.602526e+001,
5105000000, -1.084304e+002,
5106250000, -1.677685e+002,
5107500000, 1.234595e+002,
5108750000, 5.664881e+001,
5110000000, 5.649921e+000,
5111250000, -3.234910e+001,
5112500000, -6.392311e+001,
5113750000, -1.027525e+002,
5115000000, -1.579340e+002,
5116250000, 1.290630e+002,
5117500000, 5.591961e+001,
5118750000, -3.139625e+000,
5120000000, -5.769000e+001,
5121250000, -1.152851e+002,
5122500000, 1.790626e+002,
5123750000, 1.026009e+002,
5125000000, 2.819299e+001,
5126250000, -3.474419e+001,
5127500000, -9.493312e+001,
5128750000, -1.590332e+002,
5130000000, 1.267072e+002,
5131250000, 4.762420e+001,
5132500000, -2.014889e+001,
5133750000, -8.125009e+001,
5135000000, -1.440125e+002,
5136250000, 1.436096e+002,
5137500000, 5.713356e+001,
5138750000, -1.990976e+001,
5140000000, -8.260616e+001,
5141250000, -1.451379e+002,
5142500000, 1.390762e+002,
5143750000, 4.197188e+001,
5145000000, -4.372364e+001,
5146250000, -1.081657e+002,
5147500000, -1.663015e+002,
5148750000, 1.169103e+002,
5150000000, 1.246712e+001,
5151250000, -6.450791e+001,
5152500000, -1.316606e+002,
5153750000, 1.533241e+002,
5155000000, 4.466568e+001,
5156250000, -5.636826e+001,
5157500000, -1.263506e+002,
5158750000, 1.682183e+002,
5160000000, 7.470208e+001,
5161250000, -5.546651e+001,
5162500000, -1.076740e+002,
5163750000, -1.575917e+002,
5165000000, 1.398512e+002,
5166250000, -1.122971e+001,
5167500000, -1.017829e+002,
5168750000, -1.758902e+002,
5170000000, 9.085386e+001,
5171250000, -5.486844e+001,
5172500000, -1.350713e+002,
5173750000, 1.428783e+002,
5175000000, -4.452627e+000,
5176250000, -1.140416e+002,
5177500000, 1.710603e+002,
5178750000, 5.646628e+001,
5180000000, -9.685206e+001,
5181250000, -1.799532e+002,
5182500000, 6.928233e+001,
5183750000, -1.099920e+002,
5185000000, -1.770191e+002,
5186250000, 1.187655e+002,
5187500000, -1.190676e+002,
5188750000, -1.709045e+002,
5190000000, 1.190306e+002,
5191250000, -1.154572e+002,
5192500000, 1.585000e+002,
5193750000, -6.891208e+001,
5195000000, -1.598269e+002,
5196250000, 1.288105e+002,
5197500000, -1.268317e+002,
5198750000, 1.502007e+002,
5200000000, -1.312212e+002,
5201250000, 1.688640e+002,
5202500000, 1.645467e+002,
5203750000, -1.774007e+002,
5205000000, 1.464807e+002,
5206250000, -1.759810e+002,
5207500000, 1.440040e+002,
5208750000, 1.748412e+002,
5210000000, 1.594086e+002,
5211250000, 1.565055e+002,
5212500000, 1.643801e+002,
5213750000, 1.599478e+002,
5215000000, 1.523719e+002,
5216250000, 1.538384e+002,
5217500000, 1.547409e+002,
5218750000, 1.511866e+002,
5220000000, 1.545819e+002,
5221250000, 1.499290e+002,
5222500000, 1.436728e+002,
5223750000, 1.453269e+002,
5225000000, 1.472340e+002,
5226250000, 1.461649e+002,
5227500000, 1.431120e+002,
5228750000, 1.408930e+002,
5230000000, 1.395495e+002,
5231250000, 1.387737e+002,
5232500000, 1.382858e+002,
5233750000, 1.373790e+002,
5235000000, 1.363049e+002,
5236250000, 1.351489e+002,
5237500000, 1.337739e+002,
5238750000, 1.321263e+002,
5240000000, 1.302006e+002,
5241250000, 1.277337e+002,
5242500000, 1.254767e+002,
5243750000, 1.233945e+002,
5245000000, 1.210846e+002,
5246250000, 1.188328e+002,
5247500000, 1.167894e+002,
5248750000, 1.149895e+002,
5250000000, 1.130369e+002,
5251250000, 1.109673e+002,
5252500000, 1.093693e+002,
5253750000, 1.072762e+002,
5255000000, 1.056235e+002,
5256250000, 1.037715e+002,
5257500000, 1.019297e+002,
5258750000, 1.004333e+002,
5260000000, 9.842100e+001,
5261250000, 9.660324e+001,
5262500000, 9.486355e+001,
5263750000, 9.316692e+001,
5265000000, 9.126002e+001,
5266250000, 8.968603e+001,
5267500000, 8.779632e+001,
5268750000, 8.616388e+001,
5270000000, 8.441003e+001,
5271250000, 8.262638e+001,
5272500000, 8.111020e+001,
5273750000, 7.917092e+001,
5275000000, 7.734420e+001,
5276250000, 7.577232e+001,
5277500000, 7.393486e+001,
5278750000, 7.191733e+001,
5280000000, 7.021497e+001,
5281250000, 6.830186e+001,
5282500000, 6.659136e+001,
5283750000, 6.466285e+001,
5285000000, 6.297485e+001,
5286250000, 6.110491e+001,
5287500000, 5.928293e+001,
5288750000, 5.761831e+001,
5290000000, 5.594617e+001,
5291250000, 5.353161e+001,
5292500000, 5.178644e+001,
5293750000, 5.004407e+001,
5295000000, 4.816631e+001,
5296250000, 4.654483e+001,
5297500000, 4.469922e+001,
5298750000, 4.287023e+001,
5300000000, 4.129732e+001,
5301250000, 3.956256e+001,
5302500000, 3.784701e+001,
5303750000, 3.616494e+001,
5305000000, 3.425015e+001,
5306250000, 3.248307e+001,
5307500000, 3.078744e+001,
5308750000, 2.896893e+001,
5310000000, 2.718756e+001,
5311250000, 2.541189e+001,
5312500000, 2.381665e+001,
5313750000, 2.202867e+001,
5315000000, 2.022408e+001,
5316250000, 1.852621e+001,
5317500000, 1.696415e+001,
5318750000, 1.505889e+001,
5320000000, 1.362456e+001,
5321250000, 1.167924e+001,
5322500000, 1.013658e+001,
5323750000, 8.179876e+000,
5325000000, 6.320494e+000,
5326250000, 4.911949e+000,
5327500000, 3.212279e+000,
5328750000, 1.623154e+000,
5330000000, -1.074513e-001,
5331250000, -1.785580e+000,
5332500000, -3.155242e+000,
5333750000, -5.087128e+000,
5335000000, -6.208671e+000,
5336250000, -8.178094e+000,
5337500000, -9.783401e+000,
5338750000, -1.172192e+001,
5340000000, -1.314107e+001,
5341250000, -1.483057e+001,
5342500000, -1.613880e+001,
5343750000, -1.777838e+001,
5345000000, -1.976991e+001,
5346250000, -2.132494e+001,
5347500000, -2.303356e+001,
5348750000, -2.472925e+001,
5350000000, -2.652288e+001,
5351250000, -2.803049e+001,
5352500000, -2.958656e+001,
5353750000, -3.113174e+001,
5355000000, -3.299023e+001,
5356250000, -3.450717e+001,
5357500000, -3.611868e+001,
5358750000, -3.750426e+001,
5360000000, -3.915063e+001,
5361250000, -4.076781e+001,
5362500000, -4.257248e+001,
5363750000, -4.379192e+001,
5365000000, -4.547373e+001,
5366250000, -4.739685e+001,
5367500000, -4.883707e+001,
5368750000, -5.046099e+001,
5370000000, -5.237432e+001,
5371250000, -5.416772e+001,
5372500000, -5.556378e+001,
5373750000, -5.713676e+001,
5375000000, -5.912980e+001,
5376250000, -6.070983e+001,
5377500000, -6.255979e+001,
5378750000, -6.446337e+001,
5380000000, -6.600964e+001,
5381250000, -6.760376e+001,
5382500000, -6.931598e+001,
5383750000, -7.077946e+001,
5385000000, -7.228136e+001,
5386250000, -7.457582e+001,
5387500000, -7.592395e+001,
5388750000, -7.776885e+001,
5390000000, -7.913837e+001,
5391250000, -8.099339e+001,
5392500000, -8.272298e+001,
5393750000, -8.422570e+001,
5395000000, -8.572229e+001,
5396250000, -8.769921e+001,
5397500000, -8.903609e+001,
5398750000, -9.055284e+001,
5400000000, -9.230019e+001,
5401250000, -9.411614e+001,
5402500000, -9.583206e+001,
5403750000, -9.745162e+001,
5405000000, -9.928566e+001,
5406250000, -1.007802e+002,
5407500000, -1.029475e+002,
5408750000, -1.046087e+002,
5410000000, -1.062191e+002,
5411250000, -1.080053e+002,
5412500000, -1.097350e+002,
5413750000, -1.115714e+002,
5415000000, -1.134796e+002,
5416250000, -1.152920e+002,
5417500000, -1.171683e+002,
5418750000, -1.188837e+002,
5420000000, -1.208254e+002,
5421250000, -1.226238e+002,
5422500000, -1.243546e+002,
5423750000, -1.260261e+002,
5425000000, -1.280216e+002,
5426250000, -1.295970e+002,
5427500000, -1.315880e+002,
5428750000, -1.333871e+002,
5430000000, -1.352004e+002,
5431250000, -1.365792e+002,
5432500000, -1.383948e+002,
5433750000, -1.400638e+002,
5435000000, -1.417222e+002,
5436250000, -1.435305e+002,
5437500000, -1.457798e+002,
5438750000, -1.475972e+002,
5440000000, -1.494941e+002,
5441250000, -1.513590e+002,
5442500000, -1.532320e+002,
5443750000, -1.552640e+002,
5445000000, -1.568270e+002,
5446250000, -1.585979e+002,
5447500000, -1.606840e+002,
5448750000, -1.624069e+002,
5450000000, -1.639732e+002,
5451250000, -1.658145e+002,
5452500000, -1.674264e+002,
5453750000, -1.693914e+002,
5455000000, -1.711917e+002,
5456250000, -1.729254e+002,
5457500000, -1.744369e+002,
5458750000, -1.762256e+002,
5460000000, -1.779326e+002,
5461250000, -1.795971e+002,
5462500000, 1.786928e+002,
5463750000, 1.767026e+002,
5465000000, 1.753558e+002,
5466250000, 1.735524e+002,
5467500000, 1.721714e+002,
5468750000, 1.701734e+002,
5470000000, 1.683956e+002,
5471250000, 1.667342e+002,
5472500000, 1.649863e+002,
5473750000, 1.634068e+002,
5475000000, 1.615467e+002,
5476250000, 1.599315e+002,
5477500000, 1.580004e+002,
5478750000, 1.563304e+002,
5480000000, 1.547470e+002,
5481250000, 1.532719e+002,
5482500000, 1.517572e+002,
5483750000, 1.497900e+002,
5485000000, 1.480380e+002,
5486250000, 1.464506e+002,
5487500000, 1.450612e+002,
5488750000, 1.431547e+002,
5490000000, 1.419263e+002,
5491250000, 1.400295e+002,
5492500000, 1.381280e+002,
5493750000, 1.365565e+002,
5495000000, 1.353746e+002,
5496250000, 1.337722e+002,
5497500000, 1.318378e+002,
5498750000, 1.302146e+002,
5500000000, 1.285752e+002,
