"S12 Log Mag"
"Frequency (Hz)","dB",
3500000000, -4.566320e+001,
3501250000, -4.571672e+001,
3502500000, -4.572539e+001,
3503750000, -4.576813e+001,
3505000000, -4.579332e+001,
3506250000, -4.581264e+001,
3507500000, -4.580942e+001,
3508750000, -4.580896e+001,
3510000000, -4.589762e+001,
3511250000, -4.588920e+001,
3512500000, -4.585075e+001,
3513750000, -4.583907e+001,
3515000000, -4.595073e+001,
3516250000, -4.588310e+001,
3517500000, -4.591316e+001,
3518750000, -4.593846e+001,
3520000000, -4.590628e+001,
3521250000, -4.596439e+001,
3522500000, -4.600229e+001,
3523750000, -4.603127e+001,
3525000000, -4.606677e+001,
3526250000, -4.612692e+001,
3527500000, -4.612584e+001,
3528750000, -4.616097e+001,
3530000000, -4.620031e+001,
3531250000, -4.626165e+001,
3532500000, -4.626150e+001,
3533750000, -4.624048e+001,
3535000000, -4.625938e+001,
3536250000, -4.626373e+001,
3537500000, -4.630771e+001,
3538750000, -4.635255e+001,
3540000000, -4.633913e+001,
3541250000, -4.638368e+001,
3542500000, -4.642599e+001,
3543750000, -4.649792e+001,
3545000000, -4.652053e+001,
3546250000, -4.662333e+001,
3547500000, -4.664739e+001,
3548750000, -4.667595e+001,
3550000000, -4.668160e+001,
3551250000, -4.674847e+001,
3552500000, -4.676940e+001,
3553750000, -4.680988e+001,
3555000000, -4.678791e+001,
3556250000, -4.682695e+001,
3557500000, -4.680086e+001,
3558750000, -4.685079e+001,
3560000000, -4.689599e+001,
3561250000, -4.694012e+001,
3562500000, -4.688288e+001,
3563750000, -4.691647e+001,
3565000000, -4.696629e+001,
3566250000, -4.703705e+001,
3567500000, -4.703222e+001,
3568750000, -4.709059e+001,
3570000000, -4.706079e+001,
3571250000, -4.705865e+001,
3572500000, -4.708837e+001,
3573750000, -4.709845e+001,
3575000000, -4.712652e+001,
3576250000, -4.711146e+001,
3577500000, -4.713708e+001,
3578750000, -4.710679e+001,
3580000000, -4.713097e+001,
3581250000, -4.709237e+001,
3582500000, -4.712747e+001,
3583750000, -4.713362e+001,
3585000000, -4.709517e+001,
3586250000, -4.717748e+001,
3587500000, -4.716615e+001,
3588750000, -4.716431e+001,
3590000000, -4.720372e+001,
3591250000, -4.720852e+001,
3592500000, -4.721396e+001,
3593750000, -4.721635e+001,
3595000000, -4.710998e+001,
3596250000, -4.714248e+001,
3597500000, -4.708504e+001,
3598750000, -4.708498e+001,
3600000000, -4.713847e+001,
3601250000, -4.706415e+001,
3602500000, -4.699185e+001,
3603750000, -4.696155e+001,
3605000000, -4.694828e+001,
3606250000, -4.689987e+001,
3607500000, -4.691674e+001,
3608750000, -4.693543e+001,
3610000000, -4.689132e+001,
3611250000, -4.685878e+001,
3612500000, -4.687080e+001,
3613750000, -4.685398e+001,
3615000000, -4.688450e+001,
3616250000, -4.684074e+001,
3617500000, -4.681479e+001,
3618750000, -4.677857e+001,
3620000000, -4.680720e+001,
3621250000, -4.666408e+001,
3622500000, -4.660468e+001,
3623750000, -4.672615e+001,
3625000000, -4.670224e+001,
3626250000, -4.656388e+001,
3627500000, -4.650882e+001,
3628750000, -4.655731e+001,
3630000000, -4.652234e+001,
3631250000, -4.650501e+001,
3632500000, -4.657121e+001,
3633750000, -4.658172e+001,
3635000000, -4.651250e+001,
3636250000, -4.648352e+001,
3637500000, -4.659523e+001,
3638750000, -4.654010e+001,
3640000000, -4.651270e+001,
3641250000, -4.648024e+001,
3642500000, -4.648758e+001,
3643750000, -4.655571e+001,
3645000000, -4.647633e+001,
3646250000, -4.636242e+001,
3647500000, -4.643736e+001,
3648750000, -4.654238e+001,
3650000000, -4.648597e+001,
3651250000, -4.642356e+001,
3652500000, -4.642404e+001,
3653750000, -4.642363e+001,
3655000000, -4.638929e+001,
3656250000, -4.639701e+001,
3657500000, -4.656306e+001,
3658750000, -4.655010e+001,
3660000000, -4.651334e+001,
3661250000, -4.646192e+001,
3662500000, -4.656368e+001,
3663750000, -4.657858e+001,
3665000000, -4.657825e+001,
3666250000, -4.649852e+001,
3667500000, -4.653590e+001,
3668750000, -4.658828e+001,
3670000000, -4.665343e+001,
3671250000, -4.649723e+001,
3672500000, -4.647030e+001,
3673750000, -4.660321e+001,
3675000000, -4.659024e+001,
3676250000, -4.660872e+001,
3677500000, -4.666669e+001,
3678750000, -4.670600e+001,
3680000000, -4.659437e+001,
3681250000, -4.653331e+001,
3682500000, -4.672635e+001,
3683750000, -4.687948e+001,
3685000000, -4.686466e+001,
3686250000, -4.676533e+001,
3687500000, -4.680999e+001,
3688750000, -4.696658e+001,
3690000000, -4.702272e+001,
3691250000, -4.698353e+001,
3692500000, -4.685153e+001,
3693750000, -4.687475e+001,
3695000000, -4.698594e+001,
3696250000, -4.709412e+001,
3697500000, -4.702859e+001,
3698750000, -4.694805e+001,
3700000000, -4.700215e+001,
3701250000, -4.704749e+001,
3702500000, -4.704032e+001,
3703750000, -4.718716e+001,
3705000000, -4.719345e+001,
3706250000, -4.711121e+001,
3707500000, -4.702327e+001,
3708750000, -4.718367e+001,
3710000000, -4.735430e+001,
3711250000, -4.735571e+001,
3712500000, -4.724468e+001,
3713750000, -4.727910e+001,
3715000000, -4.725550e+001,
3716250000, -4.738781e+001,
3717500000, -4.741970e+001,
3718750000, -4.729499e+001,
3720000000, -4.721096e+001,
3721250000, -4.722701e+001,
3722500000, -4.721803e+001,
3723750000, -4.727512e+001,
3725000000, -4.728665e+001,
3726250000, -4.721451e+001,
3727500000, -4.708350e+001,
3728750000, -4.711567e+001,
3730000000, -4.708376e+001,
3731250000, -4.724229e+001,
3732500000, -4.732776e+001,
3733750000, -4.720018e+001,
3735000000, -4.702413e+001,
3736250000, -4.703638e+001,
3737500000, -4.725325e+001,
3738750000, -4.731701e+001,
3740000000, -4.726577e+001,
3741250000, -4.711497e+001,
3742500000, -4.711214e+001,
3743750000, -4.712118e+001,
3745000000, -4.715424e+001,
3746250000, -4.710454e+001,
3747500000, -4.698795e+001,
3748750000, -4.685551e+001,
3750000000, -4.684161e+001,
3751250000, -4.695039e+001,
3752500000, -4.696515e+001,
3753750000, -4.696569e+001,
3755000000, -4.687633e+001,
3756250000, -4.672976e+001,
3757500000, -4.676804e+001,
3758750000, -4.685428e+001,
3760000000, -4.684597e+001,
3761250000, -4.702833e+001,
3762500000, -4.702107e+001,
3763750000, -4.683371e+001,
3765000000, -4.689051e+001,
3766250000, -4.704032e+001,
3767500000, -4.702684e+001,
3768750000, -4.693956e+001,
3770000000, -4.698112e+001,
3771250000, -4.691116e+001,
3772500000, -4.694630e+001,
3773750000, -4.689711e+001,
3775000000, -4.696911e+001,
3776250000, -4.698469e+001,
3777500000, -4.674065e+001,
3778750000, -4.669081e+001,
3780000000, -4.682145e+001,
3781250000, -4.699554e+001,
3782500000, -4.708806e+001,
3783750000, -4.692847e+001,
3785000000, -4.663552e+001,
3786250000, -4.667894e+001,
3787500000, -4.696590e+001,
3788750000, -4.702669e+001,
3790000000, -4.696119e+001,
3791250000, -4.714795e+001,
3792500000, -4.717828e+001,
3793750000, -4.727219e+001,
3795000000, -4.732318e+001,
3796250000, -4.722324e+001,
3797500000, -4.715647e+001,
3798750000, -4.723627e+001,
3800000000, -4.749881e+001,
3801250000, -4.749409e+001,
3802500000, -4.724619e+001,
3803750000, -4.717909e+001,
3805000000, -4.729818e+001,
3806250000, -4.750802e+001,
3807500000, -4.744133e+001,
3808750000, -4.728677e+001,
3810000000, -4.718269e+001,
3811250000, -4.742463e+001,
3812500000, -4.780067e+001,
3813750000, -4.790864e+001,
3815000000, -4.741690e+001,
3816250000, -4.726509e+001,
3817500000, -4.766886e+001,
3818750000, -4.798534e+001,
3820000000, -4.784295e+001,
3821250000, -4.783046e+001,
3822500000, -4.810228e+001,
3823750000, -4.831703e+001,
3825000000, -4.836312e+001,
3826250000, -4.841411e+001,
3827500000, -4.819820e+001,
3828750000, -4.809219e+001,
3830000000, -4.827353e+001,
3831250000, -4.854685e+001,
3832500000, -4.851437e+001,
3833750000, -4.824262e+001,
3835000000, -4.824226e+001,
3836250000, -4.842242e+001,
3837500000, -4.865525e+001,
3838750000, -4.861228e+001,
3840000000, -4.837315e+001,
3841250000, -4.827942e+001,
3842500000, -4.838984e+001,
3843750000, -4.882697e+001,
3845000000, -4.908811e+001,
3846250000, -4.860720e+001,
3847500000, -4.826916e+001,
3848750000, -4.852055e+001,
3850000000, -4.901390e+001,
3851250000, -4.917835e+001,
3852500000, -4.903750e+001,
3853750000, -4.901634e+001,
3855000000, -4.896009e+001,
3856250000, -4.918046e+001,
3857500000, -4.951464e+001,
3858750000, -4.971682e+001,
3860000000, -4.930701e+001,
3861250000, -4.901340e+001,
3862500000, -4.917646e+001,
3863750000, -4.952211e+001,
3865000000, -4.936261e+001,
3866250000, -4.917859e+001,
3867500000, -4.925785e+001,
3868750000, -4.936652e+001,
3870000000, -4.952043e+001,
3871250000, -4.942747e+001,
3872500000, -4.915831e+001,
3873750000, -4.906820e+001,
3875000000, -4.958558e+001,
3876250000, -4.978484e+001,
3877500000, -4.976496e+001,
3878750000, -4.932018e+001,
3880000000, -4.890823e+001,
3881250000, -4.901920e+001,
3882500000, -4.946822e+001,
3883750000, -4.999450e+001,
3885000000, -5.017485e+001,
3886250000, -4.989083e+001,
3887500000, -4.959952e+001,
3888750000, -4.961760e+001,
3890000000, -4.956264e+001,
3891250000, -4.997425e+001,
3892500000, -5.007054e+001,
3893750000, -4.994372e+001,
3895000000, -4.961429e+001,
3896250000, -4.952855e+001,
3897500000, -4.950837e+001,
3898750000, -4.956023e+001,
3900000000, -4.941454e+001,
3901250000, -4.942953e+001,
3902500000, -4.977065e+001,
3903750000, -4.971552e+001,
3905000000, -4.944883e+001,
3906250000, -4.873222e+001,
3907500000, -4.868690e+001,
3908750000, -4.977488e+001,
3910000000, -5.013962e+001,
3911250000, -4.979495e+001,
3912500000, -4.917669e+001,
3913750000, -4.874929e+001,
3915000000, -4.857515e+001,
3916250000, -4.880120e+001,
3917500000, -4.930017e+001,
3918750000, -4.983475e+001,
3920000000, -4.995489e+001,
3921250000, -4.972150e+001,
3922500000, -4.964714e+001,
3923750000, -4.948258e+001,
3925000000, -4.894604e+001,
3926250000, -4.877167e+001,
3927500000, -4.900815e+001,
3928750000, -4.956218e+001,
3930000000, -4.973761e+001,
3931250000, -4.919057e+001,
3932500000, -4.863074e+001,
3933750000, -4.878651e+001,
3935000000, -4.868056e+001,
3936250000, -4.855790e+001,
3937500000, -4.895486e+001,
3938750000, -4.954835e+001,
3940000000, -4.920441e+001,
3941250000, -4.801676e+001,
3942500000, -4.781009e+001,
3943750000, -4.837979e+001,
3945000000, -4.924596e+001,
3946250000, -4.953677e+001,
3947500000, -4.904183e+001,
3948750000, -4.850003e+001,
3950000000, -4.825025e+001,
3951250000, -4.808921e+001,
3952500000, -4.824999e+001,
3953750000, -4.860090e+001,
3955000000, -4.890664e+001,
3956250000, -4.929971e+001,
3957500000, -4.958230e+001,
3958750000, -4.969765e+001,
3960000000, -4.913407e+001,
3961250000, -4.815482e+001,
3962500000, -4.789472e+001,
3963750000, -4.803291e+001,
3965000000, -4.886567e+001,
3966250000, -4.955552e+001,
3967500000, -4.901540e+001,
3968750000, -4.789996e+001,
3970000000, -4.804658e+001,
3971250000, -4.847296e+001,
3972500000, -4.854321e+001,
3973750000, -4.846275e+001,
3975000000, -4.858597e+001,
3976250000, -4.864304e+001,
3977500000, -4.819359e+001,
3978750000, -4.780532e+001,
3980000000, -4.810442e+001,
3981250000, -4.869239e+001,
3982500000, -4.900379e+001,
3983750000, -4.883073e+001,
3985000000, -4.851347e+001,
3986250000, -4.848364e+001,
3987500000, -4.854027e+001,
3988750000, -4.860757e+001,
3990000000, -4.850055e+001,
3991250000, -4.801048e+001,
3992500000, -4.837470e+001,
3993750000, -4.907318e+001,
3995000000, -4.974713e+001,
3996250000, -5.001981e+001,
3997500000, -4.963255e+001,
3998750000, -4.839273e+001,
4000000000, -4.804322e+001,
4001250000, -4.851878e+001,
4002500000, -4.887386e+001,
4003750000, -4.888994e+001,
4005000000, -4.906581e+001,
4006250000, -4.856216e+001,
4007500000, -4.788681e+001,
4008750000, -4.844730e+001,
4010000000, -4.898434e+001,
4011250000, -4.919742e+001,
4012500000, -4.940897e+001,
4013750000, -4.914397e+001,
4015000000, -4.789786e+001,
4016250000, -4.761011e+001,
4017500000, -4.763480e+001,
4018750000, -4.822684e+001,
4020000000, -4.937837e+001,
4021250000, -4.989550e+001,
4022500000, -5.010307e+001,
4023750000, -4.895003e+001,
4025000000, -4.837738e+001,
4026250000, -4.833554e+001,
4027500000, -4.936456e+001,
4028750000, -4.955084e+001,
4030000000, -4.858007e+001,
4031250000, -4.854103e+001,
4032500000, -4.929031e+001,
4033750000, -4.960427e+001,
4035000000, -4.986727e+001,
4036250000, -4.943010e+001,
4037500000, -4.946465e+001,
4038750000, -4.952821e+001,
4040000000, -4.921793e+001,
4041250000, -4.924201e+001,
4042500000, -4.855914e+001,
4043750000, -4.815761e+001,
4045000000, -4.900797e+001,
4046250000, -4.875833e+001,
4047500000, -4.797669e+001,
4048750000, -4.858313e+001,
4050000000, -4.927079e+001,
4051250000, -4.903271e+001,
4052500000, -4.956337e+001,
4053750000, -5.018455e+001,
4055000000, -4.894039e+001,
4056250000, -4.855589e+001,
4057500000, -4.791053e+001,
4058750000, -4.702352e+001,
4060000000, -4.833886e+001,
4061250000, -4.970804e+001,
4062500000, -5.007949e+001,
4063750000, -5.021227e+001,
4065000000, -5.027504e+001,
4066250000, -5.026553e+001,
4067500000, -4.991439e+001,
4068750000, -5.030480e+001,
4070000000, -4.919938e+001,
4071250000, -4.843920e+001,
4072500000, -4.949849e+001,
4073750000, -5.059064e+001,
4075000000, -4.938819e+001,
4076250000, -4.850597e+001,
4077500000, -4.844663e+001,
4078750000, -4.943184e+001,
4080000000, -5.238739e+001,
4081250000, -5.201345e+001,
4082500000, -5.086676e+001,
4083750000, -4.915704e+001,
4085000000, -4.742597e+001,
4086250000, -4.725976e+001,
4087500000, -4.822746e+001,
4088750000, -4.891133e+001,
4090000000, -5.037104e+001,
4091250000, -5.194316e+001,
4092500000, -5.104786e+001,
4093750000, -4.905552e+001,
4095000000, -4.942514e+001,
4096250000, -4.933500e+001,
4097500000, -4.993495e+001,
4098750000, -5.073305e+001,
4100000000, -5.053038e+001,
4101250000, -4.919817e+001,
4102500000, -4.908534e+001,
4103750000, -4.965614e+001,
4105000000, -5.010092e+001,
4106250000, -5.063493e+001,
4107500000, -5.148735e+001,
4108750000, -5.273188e+001,
4110000000, -5.327707e+001,
4111250000, -5.150126e+001,
4112500000, -4.964642e+001,
4113750000, -4.972023e+001,
4115000000, -5.134800e+001,
4116250000, -5.205856e+001,
4117500000, -5.151712e+001,
4118750000, -5.056810e+001,
4120000000, -4.923359e+001,
4121250000, -4.849865e+001,
4122500000, -4.987075e+001,
4123750000, -5.438739e+001,
4125000000, -5.406895e+001,
4126250000, -5.212929e+001,
4127500000, -5.103799e+001,
4128750000, -5.008334e+001,
4130000000, -4.970111e+001,
4131250000, -4.920325e+001,
4132500000, -4.910042e+001,
4133750000, -5.044035e+001,
4135000000, -5.220920e+001,
4136250000, -5.271146e+001,
4137500000, -5.211663e+001,
4138750000, -5.111444e+001,
4140000000, -5.121079e+001,
4141250000, -5.088320e+001,
4142500000, -5.100846e+001,
4143750000, -5.211538e+001,
4145000000, -5.127888e+001,
4146250000, -5.051662e+001,
4147500000, -5.115835e+001,
4148750000, -5.107064e+001,
4150000000, -5.066877e+001,
4151250000, -5.166418e+001,
4152500000, -5.370483e+001,
4153750000, -5.476333e+001,
4155000000, -5.217339e+001,
4156250000, -5.237944e+001,
4157500000, -5.308344e+001,
4158750000, -5.233519e+001,
4160000000, -5.070169e+001,
4161250000, -5.070324e+001,
4162500000, -5.125001e+001,
4163750000, -5.101754e+001,
4165000000, -5.061646e+001,
4166250000, -5.030779e+001,
4167500000, -5.097240e+001,
4168750000, -5.346895e+001,
4170000000, -5.325710e+001,
4171250000, -5.178737e+001,
4172500000, -5.133133e+001,
4173750000, -5.083640e+001,
4175000000, -5.085957e+001,
4176250000, -5.149338e+001,
4177500000, -5.179406e+001,
4178750000, -5.086474e+001,
4180000000, -5.020691e+001,
4181250000, -4.979840e+001,
4182500000, -5.005919e+001,
4183750000, -5.077005e+001,
4185000000, -5.174449e+001,
4186250000, -5.261367e+001,
4187500000, -5.283444e+001,
4188750000, -5.273959e+001,
4190000000, -5.302531e+001,
4191250000, -5.125951e+001,
4192500000, -5.016618e+001,
4193750000, -5.050101e+001,
4195000000, -5.100284e+001,
4196250000, -5.114111e+001,
4197500000, -5.166441e+001,
4198750000, -5.288709e+001,
4200000000, -5.273280e+001,
4201250000, -5.044279e+001,
4202500000, -4.982941e+001,
4203750000, -5.008166e+001,
4205000000, -5.330941e+001,
4206250000, -5.572096e+001,
4207500000, -5.282986e+001,
4208750000, -5.084766e+001,
4210000000, -4.945354e+001,
4211250000, -4.943397e+001,
4212500000, -4.998739e+001,
4213750000, -5.084211e+001,
4215000000, -5.168163e+001,
4216250000, -5.195518e+001,
4217500000, -5.089345e+001,
4218750000, -5.020454e+001,
4220000000, -4.912552e+001,
4221250000, -4.840577e+001,
4222500000, -4.891187e+001,
4223750000, -5.197603e+001,
4225000000, -5.395584e+001,
4226250000, -5.241321e+001,
4227500000, -5.158826e+001,
4228750000, -4.967776e+001,
4230000000, -4.789399e+001,
4231250000, -4.774512e+001,
4232500000, -4.879260e+001,
4233750000, -5.014955e+001,
4235000000, -5.112451e+001,
4236250000, -5.434819e+001,
4237500000, -5.429732e+001,
4238750000, -5.218459e+001,
4240000000, -5.091344e+001,
4241250000, -5.131523e+001,
4242500000, -5.076748e+001,
4243750000, -4.865986e+001,
4245000000, -4.813943e+001,
4246250000, -4.988083e+001,
4247500000, -5.801445e+001,
4248750000, -5.749107e+001,
4250000000, -5.136895e+001,
4251250000, -4.854340e+001,
4252500000, -4.695700e+001,
4253750000, -4.601352e+001,
4255000000, -4.727378e+001,
4256250000, -5.123089e+001,
4257500000, -5.479906e+001,
4258750000, -5.685740e+001,
4260000000, -5.601403e+001,
4261250000, -5.497726e+001,
4262500000, -5.182363e+001,
4263750000, -4.947505e+001,
4265000000, -4.789439e+001,
4266250000, -4.719505e+001,
4267500000, -4.791891e+001,
4268750000, -4.936776e+001,
4270000000, -5.153856e+001,
4271250000, -5.075364e+001,
4272500000, -4.778125e+001,
4273750000, -4.662059e+001,
4275000000, -4.740054e+001,
4276250000, -5.038752e+001,
4277500000, -5.609839e+001,
4278750000, -6.526485e+001,
4280000000, -5.821979e+001,
4281250000, -5.186414e+001,
4282500000, -4.906841e+001,
4283750000, -4.697562e+001,
4285000000, -4.607100e+001,
4286250000, -4.717545e+001,
4287500000, -4.976895e+001,
4288750000, -5.215763e+001,
4290000000, -5.700490e+001,
4291250000, -7.039631e+001,
4292500000, -5.540552e+001,
4293750000, -4.925286e+001,
4295000000, -4.650382e+001,
4296250000, -4.438748e+001,
4297500000, -4.446947e+001,
4298750000, -4.698854e+001,
4300000000, -5.266706e+001,
4301250000, -6.337580e+001,
4302500000, -6.714539e+001,
4303750000, -5.641377e+001,
4305000000, -4.692161e+001,
4306250000, -4.184092e+001,
4307500000, -4.023280e+001,
4308750000, -4.056786e+001,
4310000000, -4.218134e+001,
4311250000, -4.471872e+001,
4312500000, -4.762521e+001,
4313750000, -4.824165e+001,
4315000000, -4.739922e+001,
4316250000, -4.566251e+001,
4317500000, -4.417481e+001,
4318750000, -4.297417e+001,
4320000000, -4.312055e+001,
4321250000, -4.554173e+001,
4322500000, -4.895058e+001,
4323750000, -5.143127e+001,
4325000000, -5.257618e+001,
4326250000, -4.960029e+001,
4327500000, -4.508733e+001,
4328750000, -4.385504e+001,
4330000000, -4.385434e+001,
4331250000, -4.401949e+001,
4332500000, -4.383886e+001,
4333750000, -4.382813e+001,
4335000000, -4.461002e+001,
4336250000, -4.518344e+001,
4337500000, -4.479551e+001,
4338750000, -4.306429e+001,
4340000000, -4.158055e+001,
4341250000, -4.152805e+001,
4342500000, -4.225655e+001,
4343750000, -4.320411e+001,
4345000000, -4.476267e+001,
4346250000, -5.001170e+001,
4347500000, -5.766483e+001,
4348750000, -5.039492e+001,
4350000000, -4.710706e+001,
4351250000, -4.648550e+001,
4352500000, -4.810903e+001,
4353750000, -4.975691e+001,
4355000000, -5.024402e+001,
4356250000, -4.789117e+001,
4357500000, -4.501191e+001,
4358750000, -4.301984e+001,
4360000000, -4.259259e+001,
4361250000, -4.152304e+001,
4362500000, -3.957793e+001,
4363750000, -3.757561e+001,
4365000000, -3.591528e+001,
4366250000, -3.460279e+001,
4367500000, -3.365983e+001,
4368750000, -3.291872e+001,
4370000000, -3.251280e+001,
4371250000, -3.225100e+001,
4372500000, -3.212712e+001,
4373750000, -3.321649e+001,
4375000000, -3.516539e+001,
4376250000, -3.709532e+001,
4377500000, -3.810902e+001,
4378750000, -3.956085e+001,
4380000000, -4.043443e+001,
4381250000, -4.026703e+001,
4382500000, -4.000690e+001,
4383750000, -4.072441e+001,
4385000000, -4.364252e+001,
4386250000, -4.794379e+001,
4387500000, -4.895998e+001,
4388750000, -4.713457e+001,
4390000000, -4.520061e+001,
4391250000, -4.389977e+001,
4392500000, -4.264562e+001,
4393750000, -4.241476e+001,
4395000000, -4.325825e+001,
4396250000, -4.315031e+001,
4397500000, -4.407936e+001,
4398750000, -4.525917e+001,
4400000000, -4.627793e+001,
4401250000, -4.538932e+001,
4402500000, -4.564430e+001,
4403750000, -4.724967e+001,
4405000000, -4.745094e+001,
4406250000, -4.692982e+001,
4407500000, -4.640186e+001,
4408750000, -4.398420e+001,
4410000000, -3.954728e+001,
4411250000, -3.853509e+001,
4412500000, -3.883428e+001,
4413750000, -3.877839e+001,
4415000000, -3.842284e+001,
4416250000, -3.866017e+001,
4417500000, -3.910845e+001,
4418750000, -4.034251e+001,
4420000000, -4.196887e+001,
4421250000, -4.280096e+001,
4422500000, -4.246693e+001,
4423750000, -4.130634e+001,
4425000000, -4.080193e+001,
4426250000, -4.163666e+001,
4427500000, -4.216512e+001,
4428750000, -4.168382e+001,
4430000000, -4.072882e+001,
4431250000, -4.019866e+001,
4432500000, -3.900686e+001,
4433750000, -3.813969e+001,
4435000000, -3.714079e+001,
4436250000, -3.559004e+001,
4437500000, -3.282789e+001,
4438750000, -3.072488e+001,
4440000000, -3.311478e+001,
4441250000, -3.585913e+001,
4442500000, -3.919872e+001,
4443750000, -3.476477e+001,
4445000000, -3.199187e+001,
4446250000, -3.094942e+001,
4447500000, -3.038236e+001,
4448750000, -3.079221e+001,
4450000000, -3.023324e+001,
4451250000, -3.013851e+001,
4452500000, -3.231015e+001,
4453750000, -3.550976e+001,
4455000000, -3.804954e+001,
4456250000, -3.928991e+001,
4457500000, -4.066533e+001,
4458750000, -4.142309e+001,
4460000000, -4.245301e+001,
4461250000, -4.296087e+001,
4462500000, -4.850429e+001,
4463750000, -6.357902e+001,
4465000000, -4.799418e+001,
4466250000, -4.309117e+001,
4467500000, -4.002648e+001,
4468750000, -3.832797e+001,
4470000000, -3.604021e+001,
4471250000, -3.530370e+001,
4472500000, -3.651566e+001,
4473750000, -3.760487e+001,
4475000000, -4.248263e+001,
4476250000, -4.888311e+001,
4477500000, -3.958054e+001,
4478750000, -3.724795e+001,
4480000000, -3.821844e+001,
4481250000, -3.980640e+001,
4482500000, -4.085284e+001,
4483750000, -4.086778e+001,
4485000000, -4.166698e+001,
4486250000, -4.472789e+001,
4487500000, -4.262473e+001,
4488750000, -3.774942e+001,
4490000000, -3.348286e+001,
4491250000, -3.131284e+001,
4492500000, -3.170906e+001,
4493750000, -3.170840e+001,
4495000000, -3.044239e+001,
4496250000, -2.886502e+001,
4497500000, -2.766224e+001,
4498750000, -2.641365e+001,
4500000000, -2.449793e+001,
4501250000, -2.202114e+001,
4502500000, -1.903183e+001,
4503750000, -1.747688e+001,
4505000000, -1.736475e+001,
4506250000, -1.790828e+001,
4507500000, -1.905005e+001,
4508750000, -1.989221e+001,
4510000000, -2.054487e+001,
4511250000, -2.023220e+001,
4512500000, -1.973206e+001,
4513750000, -1.887090e+001,
4515000000, -1.839303e+001,
4516250000, -1.876596e+001,
4517500000, -1.938004e+001,
4518750000, -2.074588e+001,
4520000000, -2.210577e+001,
4521250000, -2.303142e+001,
4522500000, -2.401923e+001,
4523750000, -2.521064e+001,
4525000000, -2.583890e+001,
4526250000, -2.541463e+001,
4527500000, -2.482874e+001,
4528750000, -2.406557e+001,
4530000000, -2.299183e+001,
4531250000, -2.250763e+001,
4532500000, -2.290881e+001,
4533750000, -2.309051e+001,
4535000000, -2.307556e+001,
4536250000, -2.238096e+001,
4537500000, -2.146831e+001,
4538750000, -2.035762e+001,
4540000000, -1.943117e+001,
4541250000, -1.857737e+001,
4542500000, -1.712872e+001,
4543750000, -1.509355e+001,
4545000000, -1.378702e+001,
4546250000, -1.409452e+001,
4547500000, -1.501277e+001,
4548750000, -1.571739e+001,
4550000000, -1.595153e+001,
4551250000, -1.585674e+001,
4552500000, -1.570269e+001,
4553750000, -1.540128e+001,
4555000000, -1.477503e+001,
4556250000, -1.384666e+001,
4557500000, -1.259954e+001,
4558750000, -1.127414e+001,
4560000000, -1.030518e+001,
4561250000, -9.932299e+000,
4562500000, -1.005595e+001,
4563750000, -1.058804e+001,
4565000000, -1.132134e+001,
4566250000, -1.203264e+001,
4567500000, -1.269204e+001,
4568750000, -1.311967e+001,
4570000000, -1.316035e+001,
4571250000, -1.283496e+001,
4572500000, -1.230868e+001,
4573750000, -1.177010e+001,
4575000000, -1.159300e+001,
4576250000, -1.196434e+001,
4577500000, -1.252921e+001,
4578750000, -1.307503e+001,
4580000000, -1.361957e+001,
4581250000, -1.398056e+001,
4582500000, -1.428186e+001,
4583750000, -1.447612e+001,
4585000000, -1.453123e+001,
4586250000, -1.453347e+001,
4587500000, -1.473638e+001,
4588750000, -1.572642e+001,
4590000000, -1.774520e+001,
4591250000, -2.053143e+001,
4592500000, -2.299505e+001,
4593750000, -2.398990e+001,
4595000000, -2.441030e+001,
4596250000, -2.520340e+001,
4597500000, -2.699204e+001,
4598750000, -3.022559e+001,
4600000000, -3.276079e+001,
4601250000, -2.954620e+001,
4602500000, -2.643361e+001,
4603750000, -2.455081e+001,
4605000000, -2.326500e+001,
4606250000, -2.235917e+001,
4607500000, -2.205391e+001,
4608750000, -2.240105e+001,
4610000000, -2.298189e+001,
4611250000, -2.318196e+001,
4612500000, -2.255850e+001,
4613750000, -2.117468e+001,
4615000000, -1.998848e+001,
4616250000, -1.936008e+001,
4617500000, -1.913685e+001,
4618750000, -1.906948e+001,
4620000000, -1.908179e+001,
4621250000, -1.915510e+001,
4622500000, -1.914477e+001,
4623750000, -1.884293e+001,
4625000000, -1.829127e+001,
4626250000, -1.763063e+001,
4627500000, -1.708158e+001,
4628750000, -1.682505e+001,
4630000000, -1.680399e+001,
4631250000, -1.694236e+001,
4632500000, -1.719506e+001,
4633750000, -1.736623e+001,
4635000000, -1.734682e+001,
4636250000, -1.729464e+001,
4637500000, -1.731193e+001,
4638750000, -1.738552e+001,
4640000000, -1.749074e+001,
4641250000, -1.763316e+001,
4642500000, -1.791473e+001,
4643750000, -1.850205e+001,
4645000000, -1.935632e+001,
4646250000, -2.025046e+001,
4647500000, -2.108652e+001,
4648750000, -2.190657e+001,
4650000000, -2.296743e+001,
4651250000, -2.446572e+001,
4652500000, -2.651468e+001,
4653750000, -2.848996e+001,
4655000000, -2.871367e+001,
4656250000, -2.732717e+001,
4657500000, -2.589968e+001,
4658750000, -2.481234e+001,
4660000000, -2.403014e+001,
4661250000, -2.363573e+001,
4662500000, -2.361382e+001,
4663750000, -2.376429e+001,
4665000000, -2.385302e+001,
4666250000, -2.377948e+001,
4667500000, -2.365014e+001,
4668750000, -2.370577e+001,
4670000000, -2.409365e+001,
4671250000, -2.491528e+001,
4672500000, -2.608195e+001,
4673750000, -2.732384e+001,
4675000000, -2.857723e+001,
4676250000, -2.996451e+001,
4677500000, -3.147120e+001,
4678750000, -3.291640e+001,
4680000000, -3.356314e+001,
4681250000, -3.276522e+001,
4682500000, -3.090216e+001,
4683750000, -2.902521e+001,
4685000000, -2.772656e+001,
4686250000, -2.706224e+001,
4687500000, -2.677308e+001,
4688750000, -2.653752e+001,
4690000000, -2.615922e+001,
4691250000, -2.560860e+001,
4692500000, -2.500108e+001,
4693750000, -2.461521e+001,
4695000000, -2.478513e+001,
4696250000, -2.535735e+001,
4697500000, -2.599719e+001,
4698750000, -2.645531e+001,
4700000000, -2.667104e+001,
4701250000, -2.676254e+001,
4702500000, -2.690654e+001,
4703750000, -2.724076e+001,
4705000000, -2.795700e+001,
4706250000, -2.904498e+001,
4707500000, -3.045437e+001,
4708750000, -3.164337e+001,
4710000000, -3.191735e+001,
4711250000, -3.123526e+001,
4712500000, -2.997478e+001,
4713750000, -2.922692e+001,
4715000000, -2.990110e+001,
4716250000, -3.132634e+001,
4717500000, -3.125487e+001,
4718750000, -3.033858e+001,
4720000000, -2.995635e+001,
4721250000, -2.999947e+001,
4722500000, -3.005320e+001,
4723750000, -3.003580e+001,
4725000000, -2.980979e+001,
4726250000, -2.941016e+001,
4727500000, -2.917874e+001,
4728750000, -2.922433e+001,
4730000000, -2.949593e+001,
4731250000, -2.998927e+001,
4732500000, -3.063551e+001,
4733750000, -3.174250e+001,
4735000000, -3.413002e+001,
4736250000, -3.859467e+001,
4737500000, -4.380455e+001,
4738750000, -4.536948e+001,
4740000000, -4.454086e+001,
4741250000, -4.105418e+001,
4742500000, -3.770118e+001,
4743750000, -3.475683e+001,
4745000000, -3.281831e+001,
4746250000, -3.181474e+001,
4747500000, -3.147010e+001,
4748750000, -3.167085e+001,
4750000000, -3.218791e+001,
4751250000, -3.283050e+001,
4752500000, -3.328111e+001,
4753750000, -3.341668e+001,
4755000000, -3.379157e+001,
4756250000, -3.493872e+001,
4757500000, -3.697634e+001,
4758750000, -3.963488e+001,
4760000000, -4.235048e+001,
4761250000, -4.307938e+001,
4762500000, -4.155112e+001,
4763750000, -4.075448e+001,
4765000000, -4.170797e+001,
4766250000, -4.197856e+001,
4767500000, -3.853578e+001,
4768750000, -3.515483e+001,
4770000000, -3.352730e+001,
4771250000, -3.333968e+001,
4772500000, -3.359705e+001,
4773750000, -3.259531e+001,
4775000000, -3.040314e+001,
4776250000, -2.886329e+001,
4777500000, -2.834235e+001,
4778750000, -2.848940e+001,
4780000000, -2.908861e+001,
4781250000, -2.996822e+001,
4782500000, -3.101214e+001,
4783750000, -3.215100e+001,
4785000000, -3.339290e+001,
4786250000, -3.473616e+001,
4787500000, -3.572756e+001,
4788750000, -3.597209e+001,
4790000000, -3.569948e+001,
4791250000, -3.547102e+001,
4792500000, -3.525357e+001,
4793750000, -3.466852e+001,
4795000000, -3.427972e+001,
4796250000, -3.465722e+001,
4797500000, -3.565652e+001,
4798750000, -3.670636e+001,
4800000000, -3.787994e+001,
4801250000, -3.989708e+001,
4802500000, -4.302403e+001,
4803750000, -4.821099e+001,
4805000000, -5.418867e+001,
4806250000, -5.391959e+001,
4807500000, -4.671355e+001,
4808750000, -4.161439e+001,
4810000000, -3.909976e+001,
4811250000, -3.718103e+001,
4812500000, -3.549392e+001,
4813750000, -3.333456e+001,
4815000000, -3.177174e+001,
4816250000, -3.083625e+001,
4817500000, -2.973368e+001,
4818750000, -2.849887e+001,
4820000000, -2.732627e+001,
4821250000, -2.642348e+001,
4822500000, -2.577164e+001,
4823750000, -2.517156e+001,
4825000000, -2.456159e+001,
4826250000, -2.445334e+001,
4827500000, -2.537938e+001,
4828750000, -2.697594e+001,
4830000000, -2.866532e+001,
4831250000, -3.008706e+001,
4832500000, -3.123826e+001,
4833750000, -3.247624e+001,
4835000000, -3.393974e+001,
4836250000, -3.518314e+001,
4837500000, -3.546688e+001,
4838750000, -3.509606e+001,
4840000000, -3.465719e+001,
4841250000, -3.455576e+001,
4842500000, -3.495684e+001,
4843750000, -3.589240e+001,
4845000000, -3.759649e+001,
4846250000, -3.986734e+001,
4847500000, -4.169703e+001,
4848750000, -4.184774e+001,
4850000000, -3.953514e+001,
4851250000, -3.630702e+001,
4852500000, -3.352110e+001,
4853750000, -3.127561e+001,
4855000000, -2.958427e+001,
4856250000, -2.860776e+001,
4857500000, -2.842570e+001,
4858750000, -2.881590e+001,
4860000000, -2.941602e+001,
4861250000, -2.996683e+001,
4862500000, -3.050796e+001,
4863750000, -3.097006e+001,
4865000000, -3.125135e+001,
4866250000, -3.150738e+001,
4867500000, -3.188977e+001,
4868750000, -3.244107e+001,
4870000000, -3.325469e+001,
4871250000, -3.470242e+001,
4872500000, -3.767755e+001,
4873750000, -4.347442e+001,
4875000000, -5.838315e+001,
4876250000, -5.041769e+001,
4877500000, -4.451889e+001,
4878750000, -4.213425e+001,
4880000000, -4.143660e+001,
4881250000, -4.180131e+001,
4882500000, -4.244183e+001,
4883750000, -4.315129e+001,
4885000000, -4.450632e+001,
4886250000, -4.742671e+001,
4887500000, -5.178825e+001,
4888750000, -4.758720e+001,
4890000000, -4.272062e+001,
4891250000, -4.034563e+001,
4892500000, -3.967136e+001,
4893750000, -4.004584e+001,
4895000000, -4.120227e+001,
4896250000, -4.227035e+001,
4897500000, -4.235006e+001,
4898750000, -4.290794e+001,
4900000000, -4.525589e+001,
4901250000, -4.832459e+001,
4902500000, -4.764831e+001,
4903750000, -4.520850e+001,
4905000000, -4.463388e+001,
4906250000, -4.675504e+001,
4907500000, -5.474313e+001,
4908750000, -5.415548e+001,
4910000000, -4.591480e+001,
4911250000, -4.320397e+001,
4912500000, -4.209182e+001,
4913750000, -4.168064e+001,
4915000000, -4.195861e+001,
4916250000, -4.289649e+001,
4917500000, -4.447037e+001,
4918750000, -4.575731e+001,
4920000000, -4.561686e+001,
4921250000, -4.566599e+001,
4922500000, -4.726426e+001,
4923750000, -4.975627e+001,
4925000000, -5.063179e+001,
4926250000, -5.030882e+001,
4927500000, -5.056205e+001,
4928750000, -4.804343e+001,
4930000000, -4.507319e+001,
4931250000, -4.459531e+001,
4932500000, -4.638743e+001,
4933750000, -4.673373e+001,
4935000000, -4.441510e+001,
4936250000, -4.347155e+001,
4937500000, -4.372614e+001,
4938750000, -4.413673e+001,
4940000000, -4.538713e+001,
4941250000, -4.820523e+001,
4942500000, -5.131464e+001,
4943750000, -5.185349e+001,
4945000000, -4.893845e+001,
4946250000, -4.642248e+001,
4947500000, -4.553176e+001,
4948750000, -4.560009e+001,
4950000000, -4.595372e+001,
4951250000, -4.636477e+001,
4952500000, -4.613028e+001,
4953750000, -4.539857e+001,
4955000000, -4.499551e+001,
4956250000, -4.539983e+001,
4957500000, -4.635891e+001,
4958750000, -4.732944e+001,
4960000000, -4.823286e+001,
4961250000, -4.941250e+001,
4962500000, -5.007610e+001,
4963750000, -4.882510e+001,
4965000000, -4.663139e+001,
4966250000, -4.501483e+001,
4967500000, -4.443113e+001,
4968750000, -4.472976e+001,
4970000000, -4.565720e+001,
4971250000, -4.666185e+001,
4972500000, -4.708727e+001,
4973750000, -4.713421e+001,
4975000000, -4.748598e+001,
4976250000, -4.809096e+001,
4977500000, -4.834319e+001,
4978750000, -4.800959e+001,
4980000000, -4.750336e+001,
4981250000, -4.702417e+001,
4982500000, -4.644783e+001,
4983750000, -4.583147e+001,
4985000000, -4.547757e+001,
4986250000, -4.550304e+001,
4987500000, -4.606573e+001,
4988750000, -4.700908e+001,
4990000000, -4.809661e+001,
4991250000, -4.897896e+001,
4992500000, -4.902084e+001,
4993750000, -4.799569e+001,
4995000000, -4.682738e+001,
4996250000, -4.595389e+001,
4997500000, -4.562906e+001,
4998750000, -4.583731e+001,
5000000000, -4.628360e+001,
5001250000, -4.689170e+001,
5002500000, -4.757162e+001,
5003750000, -4.820242e+001,
5005000000, -4.833455e+001,
5006250000, -4.789322e+001,
5007500000, -4.729041e+001,
5008750000, -4.688417e+001,
5010000000, -4.674385e+001,
5011250000, -4.684091e+001,
5012500000, -4.700801e+001,
5013750000, -4.691536e+001,
5015000000, -4.684658e+001,
5016250000, -4.703918e+001,
5017500000, -4.764328e+001,
5018750000, -4.843940e+001,
5020000000, -4.851887e+001,
5021250000, -4.771765e+001,
5022500000, -4.689072e+001,
5023750000, -4.641966e+001,
5025000000, -4.654032e+001,
5026250000, -4.707986e+001,
5027500000, -4.777943e+001,
5028750000, -4.803214e+001,
5030000000, -4.783069e+001,
5031250000, -4.762460e+001,
5032500000, -4.772347e+001,
5033750000, -4.771669e+001,
5035000000, -4.760918e+001,
5036250000, -4.729762e+001,
5037500000, -4.704551e+001,
5038750000, -4.709638e+001,
5040000000, -4.740769e+001,
5041250000, -4.782088e+001,
5042500000, -4.798411e+001,
5043750000, -4.788788e+001,
5045000000, -4.776661e+001,
5046250000, -4.764619e+001,
5047500000, -4.743204e+001,
5048750000, -4.727563e+001,
5050000000, -4.730349e+001,
5051250000, -4.745785e+001,
5052500000, -4.772361e+001,
5053750000, -4.787196e+001,
5055000000, -4.780086e+001,
5056250000, -4.768329e+001,
5057500000, -4.764395e+001,
5058750000, -4.747458e+001,
5060000000, -4.734246e+001,
5061250000, -4.732793e+001,
5062500000, -4.736405e+001,
5063750000, -4.748008e+001,
5065000000, -4.771754e+001,
5066250000, -4.783869e+001,
5067500000, -4.754810e+001,
5068750000, -4.721739e+001,
5070000000, -4.719227e+001,
5071250000, -4.735500e+001,
5072500000, -4.748060e+001,
5073750000, -4.748420e+001,
5075000000, -4.747301e+001,
5076250000, -4.746788e+001,
5077500000, -4.738727e+001,
5078750000, -4.730176e+001,
5080000000, -4.707886e+001,
5081250000, -4.709514e+001,
5082500000, -4.717368e+001,
5083750000, -4.723765e+001,
5085000000, -4.736921e+001,
5086250000, -4.728735e+001,
5087500000, -4.704368e+001,
5088750000, -4.704633e+001,
5090000000, -4.698325e+001,
5091250000, -4.697598e+001,
5092500000, -4.695912e+001,
5093750000, -4.699239e+001,
5095000000, -4.711913e+001,
5096250000, -4.704528e+001,
5097500000, -4.684364e+001,
5098750000, -4.687687e+001,
5100000000, -4.682074e+001,
5101250000, -4.683394e+001,
5102500000, -4.693207e+001,
5103750000, -4.689318e+001,
5105000000, -4.679996e+001,
5106250000, -4.678011e+001,
5107500000, -4.680138e+001,
5108750000, -4.673568e+001,
5110000000, -4.671435e+001,
5111250000, -4.682067e+001,
5112500000, -4.677756e+001,
5113750000, -4.669225e+001,
5115000000, -4.667609e+001,
5116250000, -4.666228e+001,
5117500000, -4.665729e+001,
5118750000, -4.669044e+001,
5120000000, -4.671153e+001,
5121250000, -4.667072e+001,
5122500000, -4.663296e+001,
5123750000, -4.661576e+001,
5125000000, -4.668790e+001,
5126250000, -4.668486e+001,
5127500000, -4.668211e+001,
5128750000, -4.665649e+001,
5130000000, -4.665246e+001,
5131250000, -4.670407e+001,
5132500000, -4.673287e+001,
5133750000, -4.672432e+001,
5135000000, -4.674622e+001,
5136250000, -4.673670e+001,
5137500000, -4.676641e+001,
5138750000, -4.679727e+001,
5140000000, -4.684916e+001,
5141250000, -4.689016e+001,
5142500000, -4.687790e+001,
5143750000, -4.690012e+001,
5145000000, -4.694319e+001,
5146250000, -4.699564e+001,
5147500000, -4.705107e+001,
5148750000, -4.702116e+001,
5150000000, -4.708391e+001,
5151250000, -4.712037e+001,
5152500000, -4.715507e+001,
5153750000, -4.721531e+001,
5155000000, -4.723139e+001,
5156250000, -4.728933e+001,
5157500000, -4.735598e+001,
5158750000, -4.733555e+001,
5160000000, -4.738410e+001,
5161250000, -4.741220e+001,
5162500000, -4.745778e+001,
5163750000, -4.748207e+001,
5165000000, -4.753664e+001,
5166250000, -4.762648e+001,
5167500000, -4.761863e+001,
5168750000, -4.767973e+001,
5170000000, -4.771024e+001,
5171250000, -4.774725e+001,
5172500000, -4.780035e+001,
5173750000, -4.787249e+001,
5175000000, -4.788873e+001,
5176250000, -4.787636e+001,
5177500000, -4.796660e+001,
5178750000, -4.798748e+001,
5180000000, -4.804557e+001,
5181250000, -4.806015e+001,
5182500000, -4.806897e+001,
5183750000, -4.809776e+001,
5185000000, -4.816868e+001,
5186250000, -4.817160e+001,
5187500000, -4.822561e+001,
5188750000, -4.824008e+001,
5190000000, -4.828433e+001,
5191250000, -4.832759e+001,
5192500000, -4.838170e+001,
5193750000, -4.838546e+001,
5195000000, -4.841296e+001,
5196250000, -4.847841e+001,
5197500000, -4.850121e+001,
5198750000, -4.852934e+001,
5200000000, -4.854769e+001,
5201250000, -4.856767e+001,
5202500000, -4.863492e+001,
5203750000, -4.865895e+001,
5205000000, -4.865547e+001,
5206250000, -4.874024e+001,
5207500000, -4.870098e+001,
5208750000, -4.878447e+001,
5210000000, -4.876635e+001,
5211250000, -4.880679e+001,
5212500000, -4.881017e+001,
5213750000, -4.887870e+001,
5215000000, -4.890548e+001,
5216250000, -4.897271e+001,
5217500000, -4.895967e+001,
5218750000, -4.900550e+001,
5220000000, -4.902316e+001,
5221250000, -4.905284e+001,
5222500000, -4.906789e+001,
5223750000, -4.909651e+001,
5225000000, -4.904873e+001,
5226250000, -4.902584e+001,
5227500000, -4.901997e+001,
5228750000, -4.891576e+001,
5230000000, -4.893715e+001,
5231250000, -4.883635e+001,
5232500000, -4.877614e+001,
5233750000, -4.873423e+001,
5235000000, -4.869868e+001,
5236250000, -4.869695e+001,
5237500000, -4.861940e+001,
5238750000, -4.862621e+001,
5240000000, -4.858819e+001,
5241250000, -4.858727e+001,
5242500000, -4.857389e+001,
5243750000, -4.857718e+001,
5245000000, -4.858681e+001,
5246250000, -4.855820e+001,
5247500000, -4.855223e+001,
5248750000, -4.858644e+001,
5250000000, -4.861720e+001,
5251250000, -4.863810e+001,
5252500000, -4.863554e+001,
5253750000, -4.865363e+001,
5255000000, -4.862482e+001,
5256250000, -4.864030e+001,
5257500000, -4.861820e+001,
5258750000, -4.859648e+001,
5260000000, -4.856068e+001,
5261250000, -4.856676e+001,
5262500000, -4.855571e+001,
5263750000, -4.851626e+001,
5265000000, -4.850151e+001,
5266250000, -4.847316e+001,
5267500000, -4.850216e+001,
5268750000, -4.855173e+001,
5270000000, -4.856064e+001,
5271250000, -4.865881e+001,
5272500000, -4.867198e+001,
5273750000, -4.867359e+001,
5275000000, -4.871235e+001,
5276250000, -4.870324e+001,
5277500000, -4.867577e+001,
5278750000, -4.865208e+001,
5280000000, -4.866699e+001,
5281250000, -4.868076e+001,
5282500000, -4.868660e+001,
5283750000, -4.867271e+001,
5285000000, -4.865955e+001,
5286250000, -4.866892e+001,
5287500000, -4.865021e+001,
5288750000, -4.862289e+001,
5290000000, -4.865244e+001,
5291250000, -4.866758e+001,
5292500000, -4.865451e+001,
5293750000, -4.868933e+001,
5295000000, -4.871540e+001,
5296250000, -4.873301e+001,
5297500000, -4.871466e+001,
5298750000, -4.879217e+001,
5300000000, -4.877794e+001,
5301250000, -4.884478e+001,
5302500000, -4.885563e+001,
5303750000, -4.889654e+001,
5305000000, -4.893003e+001,
5306250000, -4.888566e+001,
5307500000, -4.893901e+001,
5308750000, -4.894371e+001,
5310000000, -4.899910e+001,
5311250000, -4.899704e+001,
5312500000, -4.901938e+001,
5313750000, -4.905572e+001,
5315000000, -4.911533e+001,
5316250000, -4.910922e+001,
5317500000, -4.909633e+001,
5318750000, -4.914425e+001,
5320000000, -4.919275e+001,
5321250000, -4.921318e+001,
5322500000, -4.922496e+001,
5323750000, -4.927059e+001,
5325000000, -4.933159e+001,
5326250000, -4.936372e+001,
5327500000, -4.941737e+001,
5328750000, -4.946510e+001,
5330000000, -4.949758e+001,
5331250000, -4.953251e+001,
5332500000, -4.953545e+001,
5333750000, -4.954088e+001,
5335000000, -4.959161e+001,
5336250000, -4.960637e+001,
5337500000, -4.960695e+001,
5338750000, -4.963083e+001,
5340000000, -4.957745e+001,
5341250000, -4.961168e+001,
5342500000, -4.957481e+001,
5343750000, -4.956654e+001,
5345000000, -4.956757e+001,
5346250000, -4.955634e+001,
5347500000, -4.956835e+001,
5348750000, -4.953152e+001,
5350000000, -4.954233e+001,
5351250000, -4.957982e+001,
5352500000, -4.959381e+001,
5353750000, -4.958611e+001,
5355000000, -4.965947e+001,
5356250000, -4.963229e+001,
5357500000, -4.967147e+001,
5358750000, -4.968155e+001,
5360000000, -4.968453e+001,
5361250000, -4.969229e+001,
5362500000, -4.967689e+001,
5363750000, -4.972527e+001,
5365000000, -4.973911e+001,
5366250000, -4.970853e+001,
5367500000, -4.972831e+001,
5368750000, -4.969514e+001,
5370000000, -4.969222e+001,
5371250000, -4.970456e+001,
5372500000, -4.973635e+001,
5373750000, -4.967719e+001,
5375000000, -4.965760e+001,
5376250000, -4.970039e+001,
5377500000, -4.968566e+001,
5378750000, -4.968575e+001,
5380000000, -4.968127e+001,
5381250000, -4.972155e+001,
5382500000, -4.974387e+001,
5383750000, -4.973315e+001,
5385000000, -4.974082e+001,
5386250000, -4.973923e+001,
5387500000, -4.972079e+001,
5388750000, -4.971964e+001,
5390000000, -4.976039e+001,
5391250000, -4.975357e+001,
5392500000, -4.976593e+001,
5393750000, -4.970242e+001,
5395000000, -4.971384e+001,
5396250000, -4.971619e+001,
5397500000, -4.972703e+001,
5398750000, -4.967749e+001,
5400000000, -4.966748e+001,
5401250000, -4.964620e+001,
5402500000, -4.966977e+001,
5403750000, -4.965118e+001,
5405000000, -4.960817e+001,
5406250000, -4.963675e+001,
5407500000, -4.961467e+001,
5408750000, -4.956530e+001,
5410000000, -4.958005e+001,
5411250000, -4.955565e+001,
5412500000, -4.955296e+001,
5413750000, -4.953966e+001,
5415000000, -4.954222e+001,
5416250000, -4.957369e+001,
5417500000, -4.958216e+001,
5418750000, -4.956842e+001,
5420000000, -4.957844e+001,
5421250000, -4.958487e+001,
5422500000, -4.959626e+001,
5423750000, -4.964536e+001,
5425000000, -4.965805e+001,
5426250000, -4.966143e+001,
5427500000, -4.966177e+001,
5428750000, -4.973856e+001,
5430000000, -4.972794e+001,
5431250000, -4.973315e+001,
5432500000, -4.972302e+001,
5433750000, -4.973597e+001,
5435000000, -4.974282e+001,
5436250000, -4.981112e+001,
5437500000, -4.978685e+001,
5438750000, -4.984138e+001,
5440000000, -4.989886e+001,
5441250000, -4.989889e+001,
5442500000, -4.993262e+001,
5443750000, -4.994960e+001,
5445000000, -4.998219e+001,
5446250000, -5.001902e+001,
5447500000, -5.006001e+001,
5448750000, -5.012252e+001,
5450000000, -5.016600e+001,
5451250000, -5.018428e+001,
5452500000, -5.022134e+001,
5453750000, -5.024366e+001,
5455000000, -5.031471e+001,
5456250000, -5.034969e+001,
5457500000, -5.036980e+001,
5458750000, -5.043578e+001,
5460000000, -5.044855e+001,
5461250000, -5.047994e+001,
5462500000, -5.047153e+001,
5463750000, -5.052214e+001,
5465000000, -5.058998e+001,
5466250000, -5.059193e+001,
5467500000, -5.062146e+001,
5468750000, -5.064383e+001,
5470000000, -5.065691e+001,
5471250000, -5.067535e+001,
5472500000, -5.075867e+001,
5473750000, -5.072138e+001,
5475000000, -5.072081e+001,
5476250000, -5.079150e+001,
5477500000, -5.085615e+001,
5478750000, -5.086155e+001,
5480000000, -5.084552e+001,
5481250000, -5.089259e+001,
5482500000, -5.093441e+001,
5483750000, -5.097107e+001,
5485000000, -5.092038e+001,
5486250000, -5.090822e+001,
5487500000, -5.092379e+001,
5488750000, -5.093268e+001,
5490000000, -5.090131e+001,
5491250000, -5.094955e+001,
5492500000, -5.093139e+001,
5493750000, -5.099065e+001,
5495000000, -5.097667e+001,
5496250000, -5.098562e+001,
5497500000, -5.098079e+001,
5498750000, -5.100817e+001,
5500000000, -5.100990e+001,
