"S12 Log Mag"
"Frequency (Hz)","dB",
2000000000, -6.411777e+001,
2001875000, -6.338929e+001,
2003750000, -6.442314e+001,
2005625000, -6.453488e+001,
2007500000, -6.453920e+001,
2009375000, -6.485397e+001,
2011250000, -6.462175e+001,
2013125000, -6.444907e+001,
2015000000, -6.429623e+001,
2016875000, -6.480421e+001,
2018750000, -6.542091e+001,
2020625000, -6.542474e+001,
2022500000, -6.431335e+001,
2024375000, -6.502038e+001,
2026250000, -6.530820e+001,
2028125000, -6.483805e+001,
2030000000, -6.467226e+001,
2031875000, -6.466038e+001,
2033750000, -6.481229e+001,
2035625000, -6.499809e+001,
2037500000, -6.506822e+001,
2039375000, -6.515907e+001,
2041250000, -6.578402e+001,
2043125000, -6.512335e+001,
2045000000, -6.520842e+001,
2046875000, -6.488245e+001,
2048750000, -6.476376e+001,
2050625000, -6.459373e+001,
2052500000, -6.474865e+001,
2054375000, -6.448250e+001,
2056250000, -6.496650e+001,
2058125000, -6.509332e+001,
2060000000, -6.488416e+001,
2061875000, -6.536711e+001,
2063750000, -6.479098e+001,
2065625000, -6.500873e+001,
2067500000, -6.535480e+001,
2069375000, -6.485773e+001,
2071250000, -6.504186e+001,
2073125000, -6.519490e+001,
2075000000, -6.532457e+001,
2076875000, -6.520470e+001,
2078750000, -6.446326e+001,
2080625000, -6.603209e+001,
2082500000, -6.546593e+001,
2084375000, -6.502439e+001,
2086250000, -6.505001e+001,
2088125000, -6.482703e+001,
2090000000, -6.523475e+001,
2091875000, -6.529367e+001,
2093750000, -6.500943e+001,
2095625000, -6.486369e+001,
2097500000, -6.547634e+001,
2099375000, -6.493752e+001,
2101250000, -6.466054e+001,
2103125000, -6.539915e+001,
2105000000, -6.515839e+001,
2106875000, -6.558051e+001,
2108750000, -6.430133e+001,
2110625000, -6.549320e+001,
2112500000, -6.488625e+001,
2114375000, -6.468202e+001,
2116250000, -6.513670e+001,
2118125000, -6.496770e+001,
2120000000, -6.565482e+001,
2121875000, -6.573331e+001,
2123750000, -6.535648e+001,
2125625000, -6.537636e+001,
2127500000, -6.541979e+001,
2129375000, -6.576753e+001,
2131250000, -6.529526e+001,
2133125000, -6.542556e+001,
2135000000, -6.562132e+001,
2136875000, -6.609011e+001,
2138750000, -6.521764e+001,
2140625000, -6.567085e+001,
2142500000, -6.623141e+001,
2144375000, -6.573756e+001,
2146250000, -6.592340e+001,
2148125000, -6.667075e+001,
2150000000, -6.684044e+001,
2151875000, -6.715792e+001,
2153750000, -6.620444e+001,
2155625000, -6.638666e+001,
2157500000, -6.679691e+001,
2159375000, -6.751649e+001,
2161250000, -6.660558e+001,
2163125000, -6.673570e+001,
2165000000, -6.715777e+001,
2166875000, -6.681989e+001,
2168750000, -6.746861e+001,
2170625000, -6.735246e+001,
2172500000, -6.736794e+001,
2174375000, -6.714045e+001,
2176250000, -6.735527e+001,
2178125000, -6.784274e+001,
2180000000, -6.668356e+001,
2181875000, -6.601299e+001,
2183750000, -6.813563e+001,
2185625000, -6.717490e+001,
2187500000, -6.729416e+001,
2189375000, -6.694249e+001,
2191250000, -6.748598e+001,
2193125000, -6.643175e+001,
2195000000, -6.619872e+001,
2196875000, -6.680652e+001,
2198750000, -6.780329e+001,
2200625000, -6.629530e+001,
2202500000, -6.574434e+001,
2204375000, -6.682303e+001,
2206250000, -6.793892e+001,
2208125000, -6.734677e+001,
2210000000, -6.649411e+001,
2211875000, -6.645963e+001,
2213750000, -6.695556e+001,
2215625000, -6.700951e+001,
2217500000, -6.718192e+001,
2219375000, -6.710199e+001,
2221250000, -6.670779e+001,
2223125000, -6.725660e+001,
2225000000, -6.597896e+001,
2226875000, -6.694497e+001,
2228750000, -6.742191e+001,
2230625000, -6.697994e+001,
2232500000, -6.778874e+001,
2234375000, -6.662903e+001,
2236250000, -6.682398e+001,
2238125000, -6.729169e+001,
2240000000, -6.714571e+001,
2241875000, -6.759297e+001,
2243750000, -6.777427e+001,
2245625000, -6.830879e+001,
2247500000, -6.957050e+001,
2249375000, -6.813653e+001,
2251250000, -6.772192e+001,
2253125000, -6.803651e+001,
2255000000, -6.784631e+001,
2256875000, -6.789470e+001,
2258750000, -6.776436e+001,
2260625000, -6.815005e+001,
2262500000, -6.880456e+001,
2264375000, -6.872913e+001,
2266250000, -6.823801e+001,
2268125000, -6.840249e+001,
2270000000, -6.859379e+001,
2271875000, -6.928112e+001,
2273750000, -6.906767e+001,
2275625000, -6.769626e+001,
2277500000, -6.815736e+001,
2279375000, -6.823229e+001,
2281250000, -6.873438e+001,
2283125000, -6.759074e+001,
2285000000, -6.934242e+001,
2286875000, -6.992737e+001,
2288750000, -6.965318e+001,
2290625000, -6.927888e+001,
2292500000, -6.927562e+001,
2294375000, -6.795184e+001,
2296250000, -6.796460e+001,
2298125000, -6.828548e+001,
2300000000, -6.827937e+001,
2301875000, -6.817903e+001,
2303750000, -6.830807e+001,
2305625000, -6.835501e+001,
2307500000, -6.717882e+001,
2309375000, -6.824230e+001,
2311250000, -6.691898e+001,
2313125000, -6.719553e+001,
2315000000, -6.756445e+001,
2316875000, -6.719694e+001,
2318750000, -6.649317e+001,
2320625000, -6.659946e+001,
2322500000, -6.731983e+001,
2324375000, -6.736848e+001,
2326250000, -6.700757e+001,
2328125000, -6.689478e+001,
2330000000, -6.684401e+001,
2331875000, -6.647851e+001,
2333750000, -6.661391e+001,
2335625000, -6.707869e+001,
2337500000, -6.639222e+001,
2339375000, -6.663272e+001,
2341250000, -6.639560e+001,
2343125000, -6.639954e+001,
2345000000, -6.669665e+001,
2346875000, -6.712621e+001,
2348750000, -6.690281e+001,
2350625000, -6.542915e+001,
2352500000, -6.613715e+001,
2354375000, -6.597295e+001,
2356250000, -6.592598e+001,
2358125000, -6.606334e+001,
2360000000, -6.627258e+001,
2361875000, -6.710552e+001,
2363750000, -6.586623e+001,
2365625000, -6.600563e+001,
2367500000, -6.562636e+001,
2369375000, -6.613260e+001,
2371250000, -6.654104e+001,
2373125000, -6.606079e+001,
2375000000, -6.703764e+001,
2376875000, -6.644785e+001,
2378750000, -6.651337e+001,
2380625000, -6.660116e+001,
2382500000, -6.688696e+001,
2384375000, -6.699855e+001,
2386250000, -6.727579e+001,
2388125000, -6.705933e+001,
2390000000, -6.628412e+001,
2391875000, -6.740845e+001,
2393750000, -6.626184e+001,
2395625000, -6.626318e+001,
2397500000, -6.611235e+001,
2399375000, -6.669400e+001,
2401250000, -6.603441e+001,
2403125000, -6.651317e+001,
2405000000, -6.613778e+001,
2406875000, -6.667596e+001,
2408750000, -6.641740e+001,
2410625000, -6.617123e+001,
2412500000, -6.589201e+001,
2414375000, -6.538384e+001,
2416250000, -6.545631e+001,
2418125000, -6.548566e+001,
2420000000, -6.515589e+001,
2421875000, -6.521578e+001,
2423750000, -6.495120e+001,
2425625000, -6.499295e+001,
2427500000, -6.550229e+001,
2429375000, -6.501173e+001,
2431250000, -6.516011e+001,
2433125000, -6.447176e+001,
2435000000, -6.438519e+001,
2436875000, -6.469653e+001,
2438750000, -6.485365e+001,
2440625000, -6.464307e+001,
2442500000, -6.426988e+001,
2444375000, -6.470759e+001,
2446250000, -6.407928e+001,
2448125000, -6.556966e+001,
2450000000, -6.467452e+001,
2451875000, -6.402930e+001,
2453750000, -6.433961e+001,
2455625000, -6.515594e+001,
2457500000, -6.377719e+001,
2459375000, -6.408540e+001,
2461250000, -6.437631e+001,
2463125000, -6.377550e+001,
2465000000, -6.461682e+001,
2466875000, -6.361338e+001,
2468750000, -6.387800e+001,
2470625000, -6.310947e+001,
2472500000, -6.393201e+001,
2474375000, -6.336253e+001,
2476250000, -6.304463e+001,
2478125000, -6.309597e+001,
2480000000, -6.376873e+001,
2481875000, -6.355793e+001,
2483750000, -6.376366e+001,
2485625000, -6.340216e+001,
2487500000, -6.322744e+001,
2489375000, -6.264239e+001,
2491250000, -6.294434e+001,
2493125000, -6.302026e+001,
2495000000, -6.326770e+001,
2496875000, -6.252505e+001,
2498750000, -6.265027e+001,
2500625000, -6.302602e+001,
2502500000, -6.271513e+001,
2504375000, -6.269872e+001,
2506250000, -6.238426e+001,
2508125000, -6.265949e+001,
2510000000, -6.272828e+001,
2511875000, -6.310979e+001,
2513750000, -6.247002e+001,
2515625000, -6.302804e+001,
2517500000, -6.279682e+001,
2519375000, -6.288355e+001,
2521250000, -6.356996e+001,
2523125000, -6.265481e+001,
2525000000, -6.308759e+001,
2526875000, -6.349142e+001,
2528750000, -6.297168e+001,
2530625000, -6.262006e+001,
2532500000, -6.291888e+001,
2534375000, -6.277242e+001,
2536250000, -6.334024e+001,
2538125000, -6.345337e+001,
2540000000, -6.392384e+001,
2541875000, -6.361594e+001,
2543750000, -6.339521e+001,
2545625000, -6.340184e+001,
2547500000, -6.343179e+001,
2549375000, -6.352305e+001,
2551250000, -6.493716e+001,
2553125000, -6.397853e+001,
2555000000, -6.375946e+001,
2556875000, -6.388610e+001,
2558750000, -6.450014e+001,
2560625000, -6.399062e+001,
2562500000, -6.325555e+001,
2564375000, -6.373734e+001,
2566250000, -6.436908e+001,
2568125000, -6.392688e+001,
2570000000, -6.401324e+001,
2571875000, -6.410811e+001,
2573750000, -6.365178e+001,
2575625000, -6.398391e+001,
2577500000, -6.406133e+001,
2579375000, -6.331128e+001,
2581250000, -6.361000e+001,
2583125000, -6.394788e+001,
2585000000, -6.344743e+001,
2586875000, -6.371181e+001,
2588750000, -6.412573e+001,
2590625000, -6.293238e+001,
2592500000, -6.303927e+001,
2594375000, -6.372615e+001,
2596250000, -6.320011e+001,
2598125000, -6.319217e+001,
2600000000, -6.324481e+001,
2601875000, -6.335335e+001,
2603750000, -6.301196e+001,
2605625000, -6.302589e+001,
2607500000, -6.349251e+001,
2609375000, -6.322419e+001,
2611250000, -6.290465e+001,
2613125000, -6.323344e+001,
2615000000, -6.368477e+001,
2616875000, -6.260878e+001,
2618750000, -6.337486e+001,
2620625000, -6.297162e+001,
2622500000, -6.298947e+001,
2624375000, -6.382407e+001,
2626250000, -6.265159e+001,
2628125000, -6.300450e+001,
2630000000, -6.344383e+001,
2631875000, -6.355118e+001,
2633750000, -6.293064e+001,
2635625000, -6.335888e+001,
2637500000, -6.321915e+001,
2639375000, -6.327575e+001,
2641250000, -6.313822e+001,
2643125000, -6.401920e+001,
2645000000, -6.403770e+001,
2646875000, -6.379158e+001,
2648750000, -6.377737e+001,
2650625000, -6.357957e+001,
2652500000, -6.457423e+001,
2654375000, -6.408300e+001,
2656250000, -6.377964e+001,
2658125000, -6.361867e+001,
2660000000, -6.354624e+001,
2661875000, -6.361825e+001,
2663750000, -6.374638e+001,
2665625000, -6.385329e+001,
2667500000, -6.316808e+001,
2669375000, -6.396434e+001,
2671250000, -6.387854e+001,
2673125000, -6.373667e+001,
2675000000, -6.292542e+001,
2676875000, -6.378616e+001,
2678750000, -6.433022e+001,
2680625000, -6.382276e+001,
2682500000, -6.310063e+001,
2684375000, -6.388965e+001,
2686250000, -6.422211e+001,
2688125000, -6.378287e+001,
2690000000, -6.402563e+001,
2691875000, -6.344698e+001,
2693750000, -6.426211e+001,
2695625000, -6.390565e+001,
2697500000, -6.370003e+001,
2699375000, -6.354319e+001,
2701250000, -6.462658e+001,
2703125000, -6.405682e+001,
2705000000, -6.368021e+001,
2706875000, -6.390338e+001,
2708750000, -6.404176e+001,
2710625000, -6.466782e+001,
2712500000, -6.335951e+001,
2714375000, -6.375072e+001,
2716250000, -6.360387e+001,
2718125000, -6.404737e+001,
2720000000, -6.371033e+001,
2721875000, -6.469068e+001,
2723750000, -6.440866e+001,
2725625000, -6.448953e+001,
2727500000, -6.488943e+001,
2729375000, -6.476839e+001,
2731250000, -6.406434e+001,
2733125000, -6.473479e+001,
2735000000, -6.538783e+001,
2736875000, -6.460339e+001,
2738750000, -6.383551e+001,
2740625000, -6.418259e+001,
2742500000, -6.549535e+001,
2744375000, -6.444494e+001,
2746250000, -6.492226e+001,
2748125000, -6.585034e+001,
2750000000, -6.479447e+001,
2751875000, -6.534593e+001,
2753750000, -6.432624e+001,
2755625000, -6.469487e+001,
2757500000, -6.585603e+001,
2759375000, -6.509756e+001,
2761250000, -6.507920e+001,
2763125000, -6.564708e+001,
2765000000, -6.551979e+001,
2766875000, -6.601266e+001,
2768750000, -6.503355e+001,
2770625000, -6.451577e+001,
2772500000, -6.545734e+001,
2774375000, -6.498588e+001,
2776250000, -6.539083e+001,
2778125000, -6.541019e+001,
2780000000, -6.511112e+001,
2781875000, -6.557822e+001,
2783750000, -6.563143e+001,
2785625000, -6.518991e+001,
2787500000, -6.559462e+001,
2789375000, -6.562479e+001,
2791250000, -6.608475e+001,
2793125000, -6.644164e+001,
2795000000, -6.564211e+001,
2796875000, -6.541931e+001,
2798750000, -6.605042e+001,
2800625000, -6.564288e+001,
2802500000, -6.557644e+001,
2804375000, -6.570218e+001,
2806250000, -6.553728e+001,
2808125000, -6.615924e+001,
2810000000, -6.548838e+001,
2811875000, -6.550858e+001,
2813750000, -6.544411e+001,
2815625000, -6.572374e+001,
2817500000, -6.564649e+001,
2819375000, -6.534573e+001,
2821250000, -6.550712e+001,
2823125000, -6.603483e+001,
2825000000, -6.576324e+001,
2826875000, -6.513274e+001,
2828750000, -6.547206e+001,
2830625000, -6.522101e+001,
2832500000, -6.592911e+001,
2834375000, -6.494608e+001,
2836250000, -6.518826e+001,
2838125000, -6.512965e+001,
2840000000, -6.444409e+001,
2841875000, -6.517666e+001,
2843750000, -6.495989e+001,
2845625000, -6.456476e+001,
2847500000, -6.451542e+001,
2849375000, -6.409165e+001,
2851250000, -6.408167e+001,
2853125000, -6.335399e+001,
2855000000, -6.395407e+001,
2856875000, -6.302715e+001,
2858750000, -6.338941e+001,
2860625000, -6.325761e+001,
2862500000, -6.295197e+001,
2864375000, -6.291170e+001,
2866250000, -6.330548e+001,
2868125000, -6.271659e+001,
2870000000, -6.268848e+001,
2871875000, -6.223902e+001,
2873750000, -6.216408e+001,
2875625000, -6.205445e+001,
2877500000, -6.222794e+001,
2879375000, -6.204549e+001,
2881250000, -6.200269e+001,
2883125000, -6.197821e+001,
2885000000, -6.229719e+001,
2886875000, -6.226212e+001,
2888750000, -6.226805e+001,
2890625000, -6.240698e+001,
2892500000, -6.202992e+001,
2894375000, -6.198663e+001,
2896250000, -6.163454e+001,
2898125000, -6.209957e+001,
2900000000, -6.202502e+001,
2901875000, -6.217126e+001,
2903750000, -6.226435e+001,
2905625000, -6.264417e+001,
2907500000, -6.160757e+001,
2909375000, -6.237345e+001,
2911250000, -6.222655e+001,
2913125000, -6.188070e+001,
2915000000, -6.232247e+001,
2916875000, -6.286601e+001,
2918750000, -6.253905e+001,
2920625000, -6.207439e+001,
2922500000, -6.273751e+001,
2924375000, -6.222344e+001,
2926250000, -6.256661e+001,
2928125000, -6.191760e+001,
2930000000, -6.229426e+001,
2931875000, -6.268833e+001,
2933750000, -6.222985e+001,
2935625000, -6.224557e+001,
2937500000, -6.253305e+001,
2939375000, -6.236018e+001,
2941250000, -6.178837e+001,
2943125000, -6.219923e+001,
2945000000, -6.187759e+001,
2946875000, -6.203457e+001,
2948750000, -6.211283e+001,
2950625000, -6.184035e+001,
2952500000, -6.142937e+001,
2954375000, -6.148900e+001,
2956250000, -6.157405e+001,
2958125000, -6.138512e+001,
2960000000, -6.094865e+001,
2961875000, -6.082472e+001,
2963750000, -6.125231e+001,
2965625000, -6.093287e+001,
2967500000, -6.094711e+001,
2969375000, -6.079628e+001,
2971250000, -6.090218e+001,
2973125000, -6.068187e+001,
2975000000, -6.029002e+001,
2976875000, -6.035044e+001,
2978750000, -6.000816e+001,
2980625000, -5.995470e+001,
2982500000, -5.977571e+001,
2984375000, -5.958237e+001,
2986250000, -5.976347e+001,
2988125000, -5.990690e+001,
2990000000, -5.978885e+001,
2991875000, -5.933405e+001,
2993750000, -5.953446e+001,
2995625000, -5.985088e+001,
2997500000, -5.973509e+001,
2999375000, -5.960431e+001,
3001250000, -5.956616e+001,
3003125000, -5.934158e+001,
3005000000, -5.942907e+001,
3006875000, -5.944310e+001,
3008750000, -5.921583e+001,
3010625000, -5.914850e+001,
3012500000, -5.945324e+001,
3014375000, -5.920175e+001,
3016250000, -5.935142e+001,
3018125000, -5.915118e+001,
3020000000, -5.885821e+001,
3021875000, -5.908315e+001,
3023750000, -5.919796e+001,
3025625000, -5.937410e+001,
3027500000, -5.929998e+001,
3029375000, -5.904630e+001,
3031250000, -5.885574e+001,
3033125000, -5.849372e+001,
3035000000, -5.918849e+001,
3036875000, -5.891395e+001,
3038750000, -5.899519e+001,
3040625000, -5.896277e+001,
3042500000, -5.913199e+001,
3044375000, -5.880389e+001,
3046250000, -5.858968e+001,
3048125000, -5.855021e+001,
3050000000, -5.896213e+001,
3051875000, -5.866323e+001,
3053750000, -5.886330e+001,
3055625000, -5.880251e+001,
3057500000, -5.870104e+001,
3059375000, -5.876589e+001,
3061250000, -5.907109e+001,
3063125000, -5.888650e+001,
3065000000, -5.884067e+001,
3066875000, -5.888650e+001,
3068750000, -5.888220e+001,
3070625000, -5.875951e+001,
3072500000, -5.902297e+001,
3074375000, -5.889016e+001,
3076250000, -5.873130e+001,
3078125000, -5.889481e+001,
3080000000, -5.912863e+001,
3081875000, -5.905646e+001,
3083750000, -5.871355e+001,
3085625000, -5.922971e+001,
3087500000, -5.913820e+001,
3089375000, -5.935278e+001,
3091250000, -5.900489e+001,
3093125000, -5.923377e+001,
3095000000, -5.932257e+001,
3096875000, -5.967249e+001,
3098750000, -5.957763e+001,
3100625000, -5.947824e+001,
3102500000, -5.978777e+001,
3104375000, -5.973558e+001,
3106250000, -5.993621e+001,
3108125000, -5.965351e+001,
3110000000, -6.042366e+001,
3111875000, -6.011065e+001,
3113750000, -6.039407e+001,
3115625000, -5.960164e+001,
3117500000, -5.983461e+001,
3119375000, -5.982754e+001,
3121250000, -6.001264e+001,
3123125000, -5.992622e+001,
3125000000, -6.041650e+001,
3126875000, -5.994294e+001,
3128750000, -6.006528e+001,
3130625000, -6.034307e+001,
3132500000, -6.010624e+001,
3134375000, -5.997572e+001,
3136250000, -6.003045e+001,
3138125000, -5.982030e+001,
3140000000, -5.980762e+001,
3141875000, -5.988717e+001,
3143750000, -5.948590e+001,
3145625000, -5.985731e+001,
3147500000, -5.955642e+001,
3149375000, -5.971079e+001,
3151250000, -5.943126e+001,
3153125000, -5.959204e+001,
3155000000, -5.982735e+001,
3156875000, -5.916000e+001,
3158750000, -5.927827e+001,
3160625000, -5.942167e+001,
3162500000, -5.936437e+001,
3164375000, -5.923337e+001,
3166250000, -5.960489e+001,
3168125000, -5.952979e+001,
3170000000, -5.979967e+001,
3171875000, -5.968161e+001,
3173750000, -6.014521e+001,
3175625000, -5.980372e+001,
3177500000, -6.023262e+001,
3179375000, -6.021183e+001,
3181250000, -5.950611e+001,
3183125000, -6.013671e+001,
3185000000, -5.979504e+001,
3186875000, -6.033651e+001,
3188750000, -5.988602e+001,
3190625000, -5.993093e+001,
3192500000, -6.048565e+001,
3194375000, -6.020126e+001,
3196250000, -6.052662e+001,
3198125000, -5.979724e+001,
3200000000, -6.082556e+001,
3201875000, -6.083617e+001,
3203750000, -5.977927e+001,
3205625000, -6.064280e+001,
3207500000, -5.980837e+001,
3209375000, -6.048783e+001,
3211250000, -6.024479e+001,
3213125000, -6.028278e+001,
3215000000, -6.013453e+001,
3216875000, -6.065083e+001,
3218750000, -6.025324e+001,
3220625000, -6.009858e+001,
3222500000, -6.064821e+001,
3224375000, -6.011910e+001,
3226250000, -6.105363e+001,
3228125000, -5.998607e+001,
3230000000, -6.061007e+001,
3231875000, -6.041346e+001,
3233750000, -6.085702e+001,
3235625000, -6.016993e+001,
3237500000, -6.079216e+001,
3239375000, -5.991142e+001,
3241250000, -6.083240e+001,
3243125000, -6.017298e+001,
3245000000, -6.059489e+001,
3246875000, -6.102525e+001,
3248750000, -6.065919e+001,
3250625000, -6.071084e+001,
3252500000, -6.092699e+001,
3254375000, -6.130558e+001,
3256250000, -6.101582e+001,
3258125000, -6.076584e+001,
3260000000, -6.070634e+001,
3261875000, -6.146751e+001,
3263750000, -6.038134e+001,
3265625000, -6.210572e+001,
3267500000, -6.057073e+001,
3269375000, -6.096302e+001,
3271250000, -6.158735e+001,
3273125000, -6.089306e+001,
3275000000, -6.121186e+001,
3276875000, -6.129598e+001,
3278750000, -6.147488e+001,
3280625000, -6.135416e+001,
3282500000, -6.206367e+001,
3284375000, -6.022173e+001,
3286250000, -6.181043e+001,
3288125000, -6.130582e+001,
3290000000, -6.186893e+001,
3291875000, -6.056993e+001,
3293750000, -6.219375e+001,
3295625000, -6.069313e+001,
3297500000, -6.096299e+001,
3299375000, -6.159114e+001,
3301250000, -6.021241e+001,
3303125000, -6.185355e+001,
3305000000, -6.124635e+001,
3306875000, -6.096778e+001,
3308750000, -6.119211e+001,
3310625000, -6.016061e+001,
3312500000, -6.175114e+001,
3314375000, -5.985181e+001,
3316250000, -6.131352e+001,
3318125000, -5.972391e+001,
3320000000, -6.119324e+001,
3321875000, -5.930389e+001,
3323750000, -6.018756e+001,
3325625000, -5.975011e+001,
3327500000, -5.884298e+001,
3329375000, -5.998001e+001,
3331250000, -5.940649e+001,
3333125000, -5.979679e+001,
3335000000, -5.924623e+001,
3336875000, -5.982301e+001,
3338750000, -6.033287e+001,
3340625000, -5.842628e+001,
3342500000, -6.049188e+001,
3344375000, -5.950703e+001,
3346250000, -5.972894e+001,
3348125000, -5.979969e+001,
3350000000, -5.933930e+001,
3351875000, -5.926198e+001,
3353750000, -5.983319e+001,
3355625000, -5.809090e+001,
3357500000, -5.964501e+001,
3359375000, -5.914565e+001,
3361250000, -5.974807e+001,
3363125000, -5.929961e+001,
3365000000, -6.006633e+001,
3366875000, -5.970770e+001,
3368750000, -5.872052e+001,
3370625000, -6.076419e+001,
3372500000, -5.939169e+001,
3374375000, -6.017463e+001,
3376250000, -6.007228e+001,
3378125000, -5.875695e+001,
3380000000, -5.992038e+001,
3381875000, -6.071722e+001,
3383750000, -5.865032e+001,
3385625000, -6.069948e+001,
3387500000, -5.901336e+001,
3389375000, -6.027572e+001,
3391250000, -5.948473e+001,
3393125000, -5.930303e+001,
3395000000, -6.195775e+001,
3396875000, -5.789336e+001,
3398750000, -6.113984e+001,
3400625000, -5.962385e+001,
3402500000, -5.852730e+001,
3404375000, -6.094758e+001,
3406250000, -5.907993e+001,
3408125000, -5.883124e+001,
3410000000, -5.938095e+001,
3411875000, -5.920134e+001,
3413750000, -5.866189e+001,
3415625000, -5.979543e+001,
3417500000, -5.760884e+001,
3419375000, -6.005168e+001,
3421250000, -5.740759e+001,
3423125000, -5.810279e+001,
3425000000, -5.932113e+001,
3426875000, -5.597175e+001,
3428750000, -5.940956e+001,
3430625000, -5.686304e+001,
3432500000, -5.609893e+001,
3434375000, -5.852010e+001,
3436250000, -5.627605e+001,
3438125000, -5.799726e+001,
3440000000, -5.599776e+001,
3441875000, -5.760786e+001,
3443750000, -5.763513e+001,
3445625000, -5.649204e+001,
3447500000, -5.762273e+001,
3449375000, -5.712674e+001,
3451250000, -5.656377e+001,
3453125000, -5.578464e+001,
3455000000, -5.916869e+001,
3456875000, -5.585671e+001,
3458750000, -5.574539e+001,
3460625000, -6.001371e+001,
3462500000, -5.541805e+001,
3464375000, -5.690333e+001,
3466250000, -5.813971e+001,
3468125000, -5.695816e+001,
3470000000, -5.632698e+001,
3471875000, -5.783320e+001,
3473750000, -5.717791e+001,
3475625000, -5.725755e+001,
3477500000, -5.776030e+001,
3479375000, -5.774969e+001,
3481250000, -5.829329e+001,
3483125000, -5.691082e+001,
3485000000, -5.808969e+001,
3486875000, -5.935323e+001,
3488750000, -5.692210e+001,
3490625000, -5.669594e+001,
3492500000, -6.137820e+001,
3494375000, -5.677605e+001,
3496250000, -5.691880e+001,
3498125000, -5.961065e+001,
3500000000, -5.865332e+001,
3501875000, -5.760666e+001,
3503750000, -5.662643e+001,
3505625000, -6.231022e+001,
3507500000, -5.534472e+001,
3509375000, -6.006453e+001,
3511250000, -5.575212e+001,
3513125000, -6.289561e+001,
3515000000, -5.617183e+001,
3516875000, -5.554309e+001,
3518750000, -6.300214e+001,
3520625000, -5.816228e+001,
3522500000, -5.544345e+001,
3524375000, -5.916825e+001,
3526250000, -6.009935e+001,
3528125000, -5.425438e+001,
3530000000, -5.858277e+001,
3531875000, -6.117538e+001,
3533750000, -5.597906e+001,
3535625000, -5.884996e+001,
3537500000, -5.529438e+001,
3539375000, -6.722832e+001,
3541250000, -5.461127e+001,
3543125000, -5.988562e+001,
3545000000, -5.444285e+001,
3546875000, -6.331223e+001,
3548750000, -5.531839e+001,
3550625000, -5.194651e+001,
3552500000, -5.992458e+001,
3554375000, -5.741694e+001,
3556250000, -5.357106e+001,
3558125000, -5.493236e+001,
3560000000, -6.605211e+001,
3561875000, -5.532672e+001,
3563750000, -5.375870e+001,
3565625000, -6.144280e+001,
3567500000, -5.788725e+001,
3569375000, -5.546827e+001,
3571250000, -5.791393e+001,
3573125000, -5.621163e+001,
3575000000, -7.098823e+001,
3576875000, -5.364132e+001,
3578750000, -5.758614e+001,
3580625000, -5.524650e+001,
3582500000, -6.529587e+001,
3584375000, -5.376927e+001,
3586250000, -5.062438e+001,
3588125000, -5.900938e+001,
3590000000, -5.870931e+001,
3591875000, -5.128733e+001,
3593750000, -5.361362e+001,
3595625000, -7.336379e+001,
3597500000, -5.468422e+001,
3599375000, -5.196462e+001,
3601250000, -5.722993e+001,
3603125000, -6.549593e+001,
3605000000, -5.356487e+001,
3606875000, -5.488601e+001,
3608750000, -6.234636e+001,
3610625000, -6.245028e+001,
3612500000, -6.068404e+001,
3614375000, -5.603474e+001,
3616250000, -5.545326e+001,
3618125000, -5.171249e+001,
3620000000, -5.306903e+001,
3621875000, -4.966326e+001,
3623750000, -5.117595e+001,
3625625000, -5.808496e+001,
3627500000, -5.211640e+001,
3629375000, -5.136143e+001,
3631250000, -5.713125e+001,
3633125000, -6.112519e+001,
3635000000, -5.187662e+001,
3636875000, -5.422640e+001,
3638750000, -6.641595e+001,
3640625000, -6.522660e+001,
3642500000, -5.584191e+001,
3644375000, -5.449110e+001,
3646250000, -6.444767e+001,
3648125000, -6.436650e+001,
3650000000, -5.907982e+001,
3651875000, -5.879113e+001,
3653750000, -6.082816e+001,
3655625000, -5.441616e+001,
3657500000, -5.607158e+001,
3659375000, -4.974943e+001,
3661250000, -4.762613e+001,
3663125000, -5.133099e+001,
3665000000, -5.417177e+001,
3666875000, -5.030819e+001,
3668750000, -5.063834e+001,
3670625000, -5.835855e+001,
3672500000, -5.295087e+001,
3674375000, -5.075635e+001,
3676250000, -5.267789e+001,
3678125000, -5.601653e+001,
3680000000, -5.245129e+001,
3681875000, -4.974819e+001,
3683750000, -4.997361e+001,
3685625000, -5.263782e+001,
3687500000, -5.443865e+001,
3689375000, -5.204633e+001,
3691250000, -5.404526e+001,
3693125000, -5.653078e+001,
3695000000, -5.560411e+001,
3696875000, -5.642755e+001,
3698750000, -4.802677e+001,
3700625000, -4.297459e+001,
3702500000, -4.523229e+001,
3704375000, -5.146841e+001,
3706250000, -4.803361e+001,
3708125000, -4.700778e+001,
3710000000, -5.364785e+001,
3711875000, -5.022541e+001,
3713750000, -4.616027e+001,
3715625000, -4.512415e+001,
3717500000, -4.614817e+001,
3719375000, -4.720631e+001,
3721250000, -4.530393e+001,
3723125000, -4.416378e+001,
3725000000, -4.433758e+001,
3726875000, -4.713680e+001,
3728750000, -5.079753e+001,
3730625000, -5.035150e+001,
3732500000, -4.786924e+001,
3734375000, -4.742202e+001,
3736250000, -5.112429e+001,
3738125000, -5.250467e+001,
3740000000, -4.996365e+001,
3741875000, -4.618405e+001,
3743750000, -4.594678e+001,
3745625000, -5.210545e+001,
3747500000, -4.649100e+001,
3749375000, -4.412547e+001,
3751250000, -4.669329e+001,
3753125000, -4.684097e+001,
3755000000, -4.370111e+001,
3756875000, -4.219817e+001,
3758750000, -4.269817e+001,
3760625000, -4.274136e+001,
3762500000, -4.344049e+001,
3764375000, -4.466916e+001,
3766250000, -4.338449e+001,
3768125000, -4.392471e+001,
3770000000, -4.488904e+001,
3771875000, -4.811481e+001,
3773750000, -5.261663e+001,
3775625000, -5.152754e+001,
3777500000, -4.760052e+001,
3779375000, -4.552448e+001,
3781250000, -4.857740e+001,
3783125000, -5.065911e+001,
3785000000, -5.197778e+001,
3786875000, -5.394497e+001,
3788750000, -5.553841e+001,
3790625000, -4.572717e+001,
3792500000, -4.146014e+001,
3794375000, -4.070617e+001,
3796250000, -3.808479e+001,
3798125000, -3.656900e+001,
3800000000, -3.664071e+001,
3801875000, -3.812836e+001,
3803750000, -3.869114e+001,
3805625000, -3.883502e+001,
3807500000, -4.067319e+001,
3809375000, -4.145912e+001,
3811250000, -4.060365e+001,
3813125000, -4.033311e+001,
3815000000, -4.112270e+001,
3816875000, -4.217218e+001,
3818750000, -4.405878e+001,
3820625000, -4.423475e+001,
3822500000, -4.320515e+001,
3824375000, -4.233847e+001,
3826250000, -4.167402e+001,
3828125000, -4.449308e+001,
3830000000, -4.744254e+001,
3831875000, -4.625908e+001,
3833750000, -4.566473e+001,
3835625000, -4.416536e+001,
3837500000, -4.321229e+001,
3839375000, -3.741553e+001,
3841250000, -3.688728e+001,
3843125000, -3.732667e+001,
3845000000, -3.491311e+001,
3846875000, -3.464741e+001,
3848750000, -3.503376e+001,
3850625000, -3.545660e+001,
3852500000, -3.656406e+001,
3854375000, -3.811361e+001,
3856250000, -3.693819e+001,
3858125000, -3.602792e+001,
3860000000, -3.672868e+001,
3861875000, -3.899363e+001,
3863750000, -4.095474e+001,
3865625000, -4.001412e+001,
3867500000, -4.037418e+001,
3869375000, -4.154847e+001,
3871250000, -4.318288e+001,
3873125000, -4.239224e+001,
3875000000, -3.776193e+001,
3876875000, -3.757045e+001,
3878750000, -3.905674e+001,
3880625000, -3.889814e+001,
3882500000, -3.868961e+001,
3884375000, -3.842177e+001,
3886250000, -3.902916e+001,
3888125000, -4.141795e+001,
3890000000, -4.014802e+001,
3891875000, -3.698833e+001,
3893750000, -3.407869e+001,
3895625000, -3.314920e+001,
3897500000, -3.341299e+001,
3899375000, -3.356558e+001,
3901250000, -3.266434e+001,
3903125000, -3.211526e+001,
3905000000, -3.153705e+001,
3906875000, -3.093885e+001,
3908750000, -3.172922e+001,
3910625000, -3.200445e+001,
3912500000, -3.484985e+001,
3914375000, -4.671297e+001,
3916250000, -3.830342e+001,
3918125000, -3.608615e+001,
3920000000, -3.338980e+001,
3921875000, -3.057923e+001,
3923750000, -2.970515e+001,
3925625000, -2.809546e+001,
3927500000, -2.978658e+001,
3929375000, -3.775858e+001,
3931250000, -3.378630e+001,
3933125000, -3.167707e+001,
3935000000, -3.119474e+001,
3936875000, -3.120388e+001,
3938750000, -3.434433e+001,
3940625000, -4.370768e+001,
3942500000, -3.366110e+001,
3944375000, -3.088094e+001,
3946250000, -2.926375e+001,
3948125000, -2.794873e+001,
3950000000, -2.919443e+001,
3951875000, -3.568845e+001,
3953750000, -3.680895e+001,
3955625000, -3.093046e+001,
3957500000, -2.984540e+001,
3959375000, -3.711155e+001,
3961250000, -3.256355e+001,
3963125000, -2.838924e+001,
3965000000, -2.638667e+001,
3966875000, -2.593530e+001,
3968750000, -2.558880e+001,
3970625000, -2.624228e+001,
3972500000, -2.452495e+001,
3974375000, -2.440181e+001,
3976250000, -2.429685e+001,
3978125000, -2.173261e+001,
3980000000, -2.021185e+001,
3981875000, -2.037716e+001,
3983750000, -1.948565e+001,
3985625000, -1.869093e+001,
3987500000, -1.817155e+001,
3989375000, -1.753786e+001,
3991250000, -1.778777e+001,
3993125000, -1.775982e+001,
3995000000, -1.786575e+001,
3996875000, -1.831506e+001,
3998750000, -1.772420e+001,
4000625000, -1.699676e+001,
4002500000, -1.679935e+001,
4004375000, -1.533537e+001,
4006250000, -1.375805e+001,
4008125000, -1.348426e+001,
4010000000, -1.310071e+001,
4011875000, -1.299459e+001,
4013750000, -1.347866e+001,
4015625000, -1.381812e+001,
4017500000, -1.476339e+001,
4019375000, -1.532633e+001,
4021250000, -1.466917e+001,
4023125000, -1.451478e+001,
4025000000, -1.421454e+001,
4026875000, -1.286623e+001,
4028750000, -1.279498e+001,
4030625000, -1.264810e+001,
4032500000, -1.204371e+001,
4034375000, -1.276483e+001,
4036250000, -1.310548e+001,
4038125000, -1.327385e+001,
4040000000, -1.343284e+001,
4041875000, -1.290797e+001,
4043750000, -1.280550e+001,
4045625000, -1.247160e+001,
4047500000, -1.220445e+001,
4049375000, -1.246404e+001,
4051250000, -1.206878e+001,
4053125000, -1.211505e+001,
4055000000, -1.222695e+001,
4056875000, -1.174400e+001,
4058750000, -1.159537e+001,
4060625000, -1.134841e+001,
4062500000, -1.134527e+001,
4064375000, -1.143729e+001,
4066250000, -1.119101e+001,
4068125000, -1.172934e+001,
4070000000, -1.221469e+001,
4071875000, -1.167754e+001,
4073750000, -1.146713e+001,
4075625000, -1.100343e+001,
4077500000, -1.070158e+001,
4079375000, -1.047887e+001,
4081250000, -1.060306e+001,
4083125000, -1.126383e+001,
4085000000, -1.157231e+001,
4086875000, -1.209944e+001,
4088750000, -1.308108e+001,
4090625000, -1.217866e+001,
4092500000, -1.140271e+001,
4094375000, -1.096793e+001,
4096250000, -1.079861e+001,
4098125000, -1.089829e+001,
4100000000, -1.135638e+001,
4101875000, -1.251316e+001,
4103750000, -1.337081e+001,
4105625000, -1.352551e+001,
4107500000, -1.308393e+001,
4109375000, -1.209470e+001,
4111250000, -1.158387e+001,
4113125000, -1.156263e+001,
4115000000, -1.168417e+001,
4116875000, -1.225828e+001,
4118750000, -1.298312e+001,
4120625000, -1.341961e+001,
4122500000, -1.303763e+001,
4124375000, -1.268478e+001,
4126250000, -1.246054e+001,
4128125000, -1.256999e+001,
4130000000, -1.332681e+001,
4131875000, -1.335144e+001,
4133750000, -1.335503e+001,
4135625000, -1.340248e+001,
4137500000, -1.261612e+001,
4139375000, -1.207380e+001,
4141250000, -1.211794e+001,
4143125000, -1.266494e+001,
4145000000, -1.324280e+001,
4146875000, -1.471456e+001,
4148750000, -1.503071e+001,
4150625000, -1.395515e+001,
4152500000, -1.328557e+001,
4154375000, -1.246875e+001,
4156250000, -1.242194e+001,
4158125000, -1.243014e+001,
4160000000, -1.317294e+001,
4161875000, -1.361974e+001,
4163750000, -1.414561e+001,
4165625000, -1.412591e+001,
4167500000, -1.336286e+001,
4169375000, -1.304583e+001,
4171250000, -1.320474e+001,
4173125000, -1.389564e+001,
4175000000, -1.404845e+001,
4176875000, -1.493739e+001,
4178750000, -1.537020e+001,
4180625000, -1.511984e+001,
4182500000, -1.531847e+001,
4184375000, -1.527524e+001,
4186250000, -1.531565e+001,
4188125000, -1.609402e+001,
4190000000, -1.557144e+001,
4191875000, -1.543724e+001,
4193750000, -1.547120e+001,
4195625000, -1.515242e+001,
4197500000, -1.539144e+001,
4199375000, -1.650557e+001,
4201250000, -1.734776e+001,
4203125000, -1.701318e+001,
4205000000, -1.667003e+001,
4206875000, -1.486644e+001,
4208750000, -1.399384e+001,
4210625000, -1.384442e+001,
4212500000, -1.363345e+001,
4214375000, -1.365951e+001,
4216250000, -1.406252e+001,
4218125000, -1.383533e+001,
4220000000, -1.365768e+001,
4221875000, -1.338134e+001,
4223750000, -1.317056e+001,
4225625000, -1.317130e+001,
4227500000, -1.351090e+001,
4229375000, -1.369507e+001,
4231250000, -1.378128e+001,
4233125000, -1.430037e+001,
4235000000, -1.500817e+001,
4236875000, -1.553334e+001,
4238750000, -1.590754e+001,
4240625000, -1.565158e+001,
4242500000, -1.559986e+001,
4244375000, -1.596142e+001,
4246250000, -1.627507e+001,
4248125000, -1.673485e+001,
4250000000, -1.681846e+001,
4251875000, -1.702236e+001,
4253750000, -1.630304e+001,
4255625000, -1.568310e+001,
4257500000, -1.515384e+001,
4259375000, -1.503775e+001,
4261250000, -1.552251e+001,
4263125000, -1.564420e+001,
4265000000, -1.587050e+001,
4266875000, -1.562029e+001,
4268750000, -1.540369e+001,
4270625000, -1.532716e+001,
4272500000, -1.539113e+001,
4274375000, -1.544585e+001,
4276250000, -1.535849e+001,
4278125000, -1.569187e+001,
4280000000, -1.634492e+001,
4281875000, -1.691133e+001,
4283750000, -1.689430e+001,
4285625000, -1.665385e+001,
4287500000, -1.641453e+001,
4289375000, -1.657486e+001,
4291250000, -1.694353e+001,
4293125000, -1.747071e+001,
4295000000, -1.755917e+001,
4296875000, -1.749602e+001,
4298750000, -1.729943e+001,
4300625000, -1.725758e+001,
4302500000, -1.732071e+001,
4304375000, -1.731583e+001,
4306250000, -1.750702e+001,
4308125000, -1.760449e+001,
4310000000, -1.766273e+001,
4311875000, -1.780688e+001,
4313750000, -1.753080e+001,
4315625000, -1.727404e+001,
4317500000, -1.722993e+001,
4319375000, -1.770942e+001,
4321250000, -1.798043e+001,
4323125000, -1.817349e+001,
4325000000, -1.795506e+001,
4326875000, -1.778756e+001,
4328750000, -1.769739e+001,
4330625000, -1.783231e+001,
4332500000, -1.793976e+001,
4334375000, -1.813475e+001,
4336250000, -1.835469e+001,
4338125000, -1.817337e+001,
4340000000, -1.792405e+001,
4341875000, -1.779507e+001,
4343750000, -1.799866e+001,
4345625000, -1.818562e+001,
4347500000, -1.842453e+001,
4349375000, -1.834547e+001,
4351250000, -1.816843e+001,
4353125000, -1.807508e+001,
4355000000, -1.817087e+001,
4356875000, -1.831501e+001,
4358750000, -1.857316e+001,
4360625000, -1.878356e+001,
4362500000, -1.876484e+001,
4364375000, -1.872866e+001,
4366250000, -1.879459e+001,
4368125000, -1.887182e+001,
4370000000, -1.909588e+001,
4371875000, -1.923967e+001,
4373750000, -1.933461e+001,
4375625000, -1.947517e+001,
4377500000, -1.970179e+001,
4379375000, -1.993498e+001,
4381250000, -2.017719e+001,
4383125000, -2.018868e+001,
4385000000, -2.018329e+001,
4386875000, -2.033258e+001,
4388750000, -2.060383e+001,
4390625000, -2.098146e+001,
4392500000, -2.130985e+001,
4394375000, -2.148114e+001,
4396250000, -2.164443e+001,
4398125000, -2.175311e+001,
4400000000, -2.197693e+001,
4401875000, -2.220134e+001,
4403750000, -2.227853e+001,
4405625000, -2.238238e+001,
4407500000, -2.258133e+001,
4409375000, -2.291220e+001,
4411250000, -2.328832e+001,
4413125000, -2.348265e+001,
4415000000, -2.357926e+001,
4416875000, -2.372583e+001,
4418750000, -2.395063e+001,
4420625000, -2.421695e+001,
4422500000, -2.422838e+001,
4424375000, -2.417852e+001,
4426250000, -2.429066e+001,
4428125000, -2.452852e+001,
4430000000, -2.482583e+001,
4431875000, -2.489141e+001,
4433750000, -2.492712e+001,
4435625000, -2.510480e+001,
4437500000, -2.556900e+001,
4439375000, -2.599202e+001,
4441250000, -2.628055e+001,
4443125000, -2.657693e+001,
4445000000, -2.734028e+001,
4446875000, -2.805533e+001,
4448750000, -2.856782e+001,
4450625000, -2.870648e+001,
4452500000, -2.896049e+001,
4454375000, -2.935180e+001,
4456250000, -2.985343e+001,
4458125000, -2.996508e+001,
4460000000, -2.986586e+001,
4461875000, -3.031294e+001,
4463750000, -3.095647e+001,
4465625000, -3.092095e+001,
4467500000, -3.054515e+001,
4469375000, -3.064478e+001,
4471250000, -3.148389e+001,
4473125000, -3.205112e+001,
4475000000, -3.183911e+001,
4476875000, -3.216222e+001,
4478750000, -3.247641e+001,
4480625000, -3.341808e+001,
4482500000, -3.324591e+001,
4484375000, -3.289217e+001,
4486250000, -3.384306e+001,
4488125000, -3.455984e+001,
4490000000, -3.431451e+001,
4491875000, -3.442270e+001,
4493750000, -3.540303e+001,
4495625000, -3.607495e+001,
4497500000, -3.601105e+001,
4499375000, -3.457044e+001,
4501250000, -3.730010e+001,
4503125000, -3.815533e+001,
4505000000, -3.716937e+001,
4506875000, -3.758926e+001,
4508750000, -3.899639e+001,
4510625000, -3.951690e+001,
4512500000, -3.872596e+001,
4514375000, -3.912463e+001,
4516250000, -4.085943e+001,
4518125000, -4.007496e+001,
4520000000, -3.947562e+001,
4521875000, -4.116948e+001,
4523750000, -4.203545e+001,
4525625000, -3.985139e+001,
4527500000, -3.948143e+001,
4529375000, -4.112973e+001,
4531250000, -4.116462e+001,
4533125000, -4.040798e+001,
4535000000, -4.180558e+001,
4536875000, -4.285782e+001,
4538750000, -4.160383e+001,
4540625000, -4.219662e+001,
4542500000, -4.515706e+001,
4544375000, -4.497211e+001,
4546250000, -4.297576e+001,
4548125000, -4.477011e+001,
4550000000, -4.358705e+001,
4551875000, -4.233784e+001,
4553750000, -4.400072e+001,
4555625000, -4.387240e+001,
4557500000, -4.211888e+001,
4559375000, -4.238808e+001,
4561250000, -4.181035e+001,
4563125000, -4.138748e+001,
4565000000, -4.381440e+001,
4566875000, -4.316194e+001,
4568750000, -4.288432e+001,
4570625000, -4.699349e+001,
4572500000, -4.621110e+001,
4574375000, -4.603244e+001,
4576250000, -5.041329e+001,
4578125000, -4.843150e+001,
4580000000, -5.114299e+001,
4581875000, -5.477829e+001,
4583750000, -5.129564e+001,
4585625000, -6.197499e+001,
4587500000, -5.682936e+001,
4589375000, -5.601647e+001,
4591250000, -6.139823e+001,
4593125000, -5.861372e+001,
4595000000, -6.169418e+001,
4596875000, -5.409406e+001,
4598750000, -6.869563e+001,
4600625000, -5.163568e+001,
4602500000, -5.936670e+001,
4604375000, -5.150988e+001,
4606250000, -5.288427e+001,
4608125000, -5.317213e+001,
4610000000, -5.041813e+001,
4611875000, -5.629902e+001,
4613750000, -5.024047e+001,
4615625000, -5.913710e+001,
4617500000, -5.119058e+001,
4619375000, -6.038659e+001,
4621250000, -5.326169e+001,
4623125000, -5.850314e+001,
4625000000, -5.627409e+001,
4626875000, -5.555179e+001,
4628750000, -5.850141e+001,
4630625000, -5.359143e+001,
4632500000, -5.905698e+001,
4634375000, -5.289324e+001,
4636250000, -5.960607e+001,
4638125000, -5.270705e+001,
4640000000, -6.024534e+001,
4641875000, -5.342851e+001,
4643750000, -5.769805e+001,
4645625000, -5.454203e+001,
4647500000, -5.474249e+001,
4649375000, -5.964416e+001,
4651250000, -5.336828e+001,
4653125000, -8.786088e+001,
4655000000, -5.513449e+001,
4656875000, -6.252901e+001,
4658750000, -5.760644e+001,
4660625000, -5.629152e+001,
4662500000, -6.735035e+001,
4664375000, -5.653751e+001,
4666250000, -5.910542e+001,
4668125000, -6.528204e+001,
4670000000, -5.863264e+001,
4671875000, -6.077504e+001,
4673750000, -6.247108e+001,
4675625000, -5.947120e+001,
4677500000, -6.057541e+001,
4679375000, -6.221638e+001,
4681250000, -6.078746e+001,
4683125000, -6.060415e+001,
4685000000, -6.160189e+001,
4686875000, -6.142615e+001,
4688750000, -6.105832e+001,
4690625000, -6.154726e+001,
4692500000, -6.093157e+001,
4694375000, -6.113355e+001,
4696250000, -6.063601e+001,
4698125000, -6.090725e+001,
4700000000, -6.070569e+001,
4701875000, -6.085196e+001,
4703750000, -6.078572e+001,
4705625000, -6.115252e+001,
4707500000, -6.109480e+001,
4709375000, -6.127628e+001,
4711250000, -6.120212e+001,
4713125000, -6.087968e+001,
4715000000, -6.113908e+001,
4716875000, -6.077835e+001,
4718750000, -6.110794e+001,
4720625000, -6.085257e+001,
4722500000, -6.054837e+001,
4724375000, -6.080338e+001,
4726250000, -6.059710e+001,
4728125000, -6.088266e+001,
4730000000, -6.072784e+001,
4731875000, -6.038509e+001,
4733750000, -6.099399e+001,
4735625000, -6.065528e+001,
4737500000, -6.070695e+001,
4739375000, -6.060097e+001,
4741250000, -6.060903e+001,
4743125000, -6.074317e+001,
4745000000, -6.071510e+001,
4746875000, -6.041563e+001,
4748750000, -6.075359e+001,
4750625000, -6.057657e+001,
4752500000, -6.061721e+001,
4754375000, -6.056176e+001,
4756250000, -6.096072e+001,
4758125000, -6.056013e+001,
4760000000, -6.087446e+001,
4761875000, -6.068876e+001,
4763750000, -6.094100e+001,
4765625000, -6.114288e+001,
4767500000, -6.091604e+001,
4769375000, -6.101619e+001,
4771250000, -6.065190e+001,
4773125000, -6.075549e+001,
4775000000, -6.087387e+001,
4776875000, -6.095941e+001,
4778750000, -6.098411e+001,
4780625000, -6.066500e+001,
4782500000, -6.081891e+001,
4784375000, -6.092957e+001,
4786250000, -6.104549e+001,
4788125000, -6.089164e+001,
4790000000, -6.095572e+001,
4791875000, -6.113580e+001,
4793750000, -6.103865e+001,
4795625000, -6.090907e+001,
4797500000, -6.120428e+001,
4799375000, -6.109551e+001,
4801250000, -6.082581e+001,
4803125000, -6.123979e+001,
4805000000, -6.130978e+001,
4806875000, -6.109185e+001,
4808750000, -6.143523e+001,
4810625000, -6.091358e+001,
4812500000, -6.120181e+001,
4814375000, -6.179003e+001,
4816250000, -6.156432e+001,
4818125000, -6.142549e+001,
4820000000, -6.143266e+001,
4821875000, -6.163605e+001,
4823750000, -6.160374e+001,
4825625000, -6.203461e+001,
4827500000, -6.171059e+001,
4829375000, -6.190939e+001,
4831250000, -6.189693e+001,
4833125000, -6.196338e+001,
4835000000, -6.208024e+001,
4836875000, -6.201237e+001,
4838750000, -6.214734e+001,
4840625000, -6.286390e+001,
4842500000, -6.272559e+001,
4844375000, -6.234079e+001,
4846250000, -6.280033e+001,
4848125000, -6.321602e+001,
4850000000, -6.277691e+001,
4851875000, -6.300292e+001,
4853750000, -6.277216e+001,
4855625000, -6.279295e+001,
4857500000, -6.288441e+001,
4859375000, -6.284926e+001,
4861250000, -6.293901e+001,
4863125000, -6.298325e+001,
4865000000, -6.234581e+001,
4866875000, -6.215863e+001,
4868750000, -6.240974e+001,
4870625000, -6.291792e+001,
4872500000, -6.271352e+001,
4874375000, -6.202740e+001,
4876250000, -6.205429e+001,
4878125000, -6.226616e+001,
4880000000, -6.276826e+001,
4881875000, -6.190150e+001,
4883750000, -6.224833e+001,
4885625000, -6.163246e+001,
4887500000, -6.204351e+001,
4889375000, -6.219611e+001,
4891250000, -6.157898e+001,
4893125000, -6.195103e+001,
4895000000, -6.160107e+001,
4896875000, -6.138384e+001,
4898750000, -6.153814e+001,
4900625000, -6.134429e+001,
4902500000, -6.137226e+001,
4904375000, -6.122361e+001,
4906250000, -6.114218e+001,
4908125000, -6.130306e+001,
4910000000, -6.127993e+001,
4911875000, -6.120160e+001,
4913750000, -6.139524e+001,
4915625000, -6.097272e+001,
4917500000, -6.157326e+001,
4919375000, -6.167083e+001,
4921250000, -6.141705e+001,
4923125000, -6.146872e+001,
4925000000, -6.209842e+001,
4926875000, -6.178275e+001,
4928750000, -6.195546e+001,
4930625000, -6.206456e+001,
4932500000, -6.203167e+001,
4934375000, -6.223614e+001,
4936250000, -6.237891e+001,
4938125000, -6.236876e+001,
4940000000, -6.217802e+001,
4941875000, -6.271877e+001,
4943750000, -6.275362e+001,
4945625000, -6.247247e+001,
4947500000, -6.316530e+001,
4949375000, -6.276163e+001,
4951250000, -6.289892e+001,
4953125000, -6.322487e+001,
4955000000, -6.313251e+001,
4956875000, -6.320920e+001,
4958750000, -6.293398e+001,
4960625000, -6.330593e+001,
4962500000, -6.310413e+001,
4964375000, -6.315090e+001,
4966250000, -6.358715e+001,
4968125000, -6.367439e+001,
4970000000, -6.312769e+001,
4971875000, -6.332169e+001,
4973750000, -6.340429e+001,
4975625000, -6.311589e+001,
4977500000, -6.334697e+001,
4979375000, -6.302408e+001,
4981250000, -6.292797e+001,
4983125000, -6.299438e+001,
4985000000, -6.272591e+001,
4986875000, -6.265944e+001,
4988750000, -6.262630e+001,
4990625000, -6.261752e+001,
4992500000, -6.255634e+001,
4994375000, -6.228102e+001,
4996250000, -6.211055e+001,
4998125000, -6.262454e+001,
5000000000, -6.245484e+001,
