"S21 Log Mag"
"Frequency (Hz)","dB",
2000000000, -6.359839e+001,
2001875000, -6.416367e+001,
2003750000, -6.406683e+001,
2005625000, -6.493451e+001,
2007500000, -6.404453e+001,
2009375000, -6.463068e+001,
2011250000, -6.399517e+001,
2013125000, -6.435141e+001,
2015000000, -6.328978e+001,
2016875000, -6.392028e+001,
2018750000, -6.381549e+001,
2020625000, -6.559485e+001,
2022500000, -6.516496e+001,
2024375000, -6.469205e+001,
2026250000, -6.460616e+001,
2028125000, -6.493280e+001,
2030000000, -6.422359e+001,
2031875000, -6.503705e+001,
2033750000, -6.504770e+001,
2035625000, -6.416808e+001,
2037500000, -6.463204e+001,
2039375000, -6.472462e+001,
2041250000, -6.449076e+001,
2043125000, -6.464117e+001,
2045000000, -6.593891e+001,
2046875000, -6.507533e+001,
2048750000, -6.458114e+001,
2050625000, -6.457073e+001,
2052500000, -6.468085e+001,
2054375000, -6.478831e+001,
2056250000, -6.503861e+001,
2058125000, -6.500213e+001,
2060000000, -6.511654e+001,
2061875000, -6.472913e+001,
2063750000, -6.489638e+001,
2065625000, -6.456602e+001,
2067500000, -6.479248e+001,
2069375000, -6.416932e+001,
2071250000, -6.475278e+001,
2073125000, -6.470405e+001,
2075000000, -6.526379e+001,
2076875000, -6.467481e+001,
2078750000, -6.490628e+001,
2080625000, -6.407387e+001,
2082500000, -6.442632e+001,
2084375000, -6.392928e+001,
2086250000, -6.488709e+001,
2088125000, -6.596114e+001,
2090000000, -6.493197e+001,
2091875000, -6.382417e+001,
2093750000, -6.481708e+001,
2095625000, -6.425182e+001,
2097500000, -6.422557e+001,
2099375000, -6.467398e+001,
2101250000, -6.374437e+001,
2103125000, -6.463483e+001,
2105000000, -6.490553e+001,
2106875000, -6.602466e+001,
2108750000, -6.401553e+001,
2110625000, -6.429936e+001,
2112500000, -6.479407e+001,
2114375000, -6.489478e+001,
2116250000, -6.516663e+001,
2118125000, -6.497239e+001,
2120000000, -6.450172e+001,
2121875000, -6.417902e+001,
2123750000, -6.532539e+001,
2125625000, -6.486451e+001,
2127500000, -6.533540e+001,
2129375000, -6.426582e+001,
2131250000, -6.566205e+001,
2133125000, -6.471048e+001,
2135000000, -6.491168e+001,
2136875000, -6.561903e+001,
2138750000, -6.523093e+001,
2140625000, -6.514294e+001,
2142500000, -6.565735e+001,
2144375000, -6.639421e+001,
2146250000, -6.610911e+001,
2148125000, -6.594172e+001,
2150000000, -6.641615e+001,
2151875000, -6.618968e+001,
2153750000, -6.567062e+001,
2155625000, -6.648567e+001,
2157500000, -6.580582e+001,
2159375000, -6.624258e+001,
2161250000, -6.535473e+001,
2163125000, -6.716772e+001,
2165000000, -6.726109e+001,
2166875000, -6.614804e+001,
2168750000, -6.680231e+001,
2170625000, -6.694212e+001,
2172500000, -6.581103e+001,
2174375000, -6.618175e+001,
2176250000, -6.637628e+001,
2178125000, -6.650378e+001,
2180000000, -6.618900e+001,
2181875000, -6.651286e+001,
2183750000, -6.677092e+001,
2185625000, -6.578059e+001,
2187500000, -6.638093e+001,
2189375000, -6.651311e+001,
2191250000, -6.707175e+001,
2193125000, -6.633789e+001,
2195000000, -6.772398e+001,
2196875000, -6.724519e+001,
2198750000, -6.620369e+001,
2200625000, -6.652753e+001,
2202500000, -6.642348e+001,
2204375000, -6.530286e+001,
2206250000, -6.700851e+001,
2208125000, -6.619194e+001,
2210000000, -6.603706e+001,
2211875000, -6.513205e+001,
2213750000, -6.575766e+001,
2215625000, -6.532704e+001,
2217500000, -6.575155e+001,
2219375000, -6.549197e+001,
2221250000, -6.563461e+001,
2223125000, -6.538260e+001,
2225000000, -6.554388e+001,
2226875000, -6.569749e+001,
2228750000, -6.620221e+001,
2230625000, -6.522021e+001,
2232500000, -6.610320e+001,
2234375000, -6.636048e+001,
2236250000, -6.582398e+001,
2238125000, -6.600765e+001,
2240000000, -6.572096e+001,
2241875000, -6.563078e+001,
2243750000, -6.539257e+001,
2245625000, -6.609143e+001,
2247500000, -6.554349e+001,
2249375000, -6.536275e+001,
2251250000, -6.629790e+001,
2253125000, -6.594225e+001,
2255000000, -6.499879e+001,
2256875000, -6.610379e+001,
2258750000, -6.573959e+001,
2260625000, -6.638037e+001,
2262500000, -6.711431e+001,
2264375000, -6.627554e+001,
2266250000, -6.693092e+001,
2268125000, -6.631672e+001,
2270000000, -6.626551e+001,
2271875000, -6.611437e+001,
2273750000, -6.624722e+001,
2275625000, -6.826916e+001,
2277500000, -6.712053e+001,
2279375000, -6.576060e+001,
2281250000, -6.688477e+001,
2283125000, -6.740726e+001,
2285000000, -6.632207e+001,
2286875000, -6.524821e+001,
2288750000, -6.619687e+001,
2290625000, -6.650514e+001,
2292500000, -6.681648e+001,
2294375000, -6.554833e+001,
2296250000, -6.511310e+001,
2298125000, -6.606246e+001,
2300000000, -6.513505e+001,
2301875000, -6.603927e+001,
2303750000, -6.738181e+001,
2305625000, -6.518951e+001,
2307500000, -6.671356e+001,
2309375000, -6.622649e+001,
2311250000, -6.558848e+001,
2313125000, -6.570823e+001,
2315000000, -6.495955e+001,
2316875000, -6.564074e+001,
2318750000, -6.497924e+001,
2320625000, -6.600423e+001,
2322500000, -6.541573e+001,
2324375000, -6.481503e+001,
2326250000, -6.414463e+001,
2328125000, -6.452036e+001,
2330000000, -6.496226e+001,
2331875000, -6.560211e+001,
2333750000, -6.510027e+001,
2335625000, -6.440082e+001,
2337500000, -6.474312e+001,
2339375000, -6.518816e+001,
2341250000, -6.494032e+001,
2343125000, -6.454821e+001,
2345000000, -6.501900e+001,
2346875000, -6.531978e+001,
2348750000, -6.500168e+001,
2350625000, -6.452642e+001,
2352500000, -6.600961e+001,
2354375000, -6.520401e+001,
2356250000, -6.470826e+001,
2358125000, -6.516940e+001,
2360000000, -6.589811e+001,
2361875000, -6.638108e+001,
2363750000, -6.568134e+001,
2365625000, -6.487029e+001,
2367500000, -6.497013e+001,
2369375000, -6.466867e+001,
2371250000, -6.583307e+001,
2373125000, -6.623892e+001,
2375000000, -6.537602e+001,
2376875000, -6.492892e+001,
2378750000, -6.570714e+001,
2380625000, -6.538305e+001,
2382500000, -6.468063e+001,
2384375000, -6.646162e+001,
2386250000, -6.588721e+001,
2388125000, -6.671185e+001,
2390000000, -6.598609e+001,
2391875000, -6.497940e+001,
2393750000, -6.578231e+001,
2395625000, -6.566032e+001,
2397500000, -6.532214e+001,
2399375000, -6.542141e+001,
2401250000, -6.564064e+001,
2403125000, -6.538327e+001,
2405000000, -6.577065e+001,
2406875000, -6.503647e+001,
2408750000, -6.576425e+001,
2410625000, -6.569762e+001,
2412500000, -6.570292e+001,
2414375000, -6.471864e+001,
2416250000, -6.555124e+001,
2418125000, -6.499664e+001,
2420000000, -6.507314e+001,
2421875000, -6.585469e+001,
2423750000, -6.535890e+001,
2425625000, -6.557612e+001,
2427500000, -6.522152e+001,
2429375000, -6.580169e+001,
2431250000, -6.534457e+001,
2433125000, -6.576517e+001,
2435000000, -6.534356e+001,
2436875000, -6.559286e+001,
2438750000, -6.516382e+001,
2440625000, -6.552872e+001,
2442500000, -6.711167e+001,
2444375000, -6.501576e+001,
2446250000, -6.671886e+001,
2448125000, -6.522226e+001,
2450000000, -6.496990e+001,
2451875000, -6.547596e+001,
2453750000, -6.478771e+001,
2455625000, -6.537254e+001,
2457500000, -6.557288e+001,
2459375000, -6.573273e+001,
2461250000, -6.511320e+001,
2463125000, -6.511646e+001,
2465000000, -6.556316e+001,
2466875000, -6.466991e+001,
2468750000, -6.511337e+001,
2470625000, -6.460422e+001,
2472500000, -6.468074e+001,
2474375000, -6.436623e+001,
2476250000, -6.485870e+001,
2478125000, -6.463394e+001,
2480000000, -6.442334e+001,
2481875000, -6.404265e+001,
2483750000, -6.457384e+001,
2485625000, -6.429192e+001,
2487500000, -6.468434e+001,
2489375000, -6.472723e+001,
2491250000, -6.447760e+001,
2493125000, -6.389895e+001,
2495000000, -6.460725e+001,
2496875000, -6.464266e+001,
2498750000, -6.414124e+001,
2500625000, -6.460773e+001,
2502500000, -6.365301e+001,
2504375000, -6.419555e+001,
2506250000, -6.483024e+001,
2508125000, -6.384290e+001,
2510000000, -6.408582e+001,
2511875000, -6.408772e+001,
2513750000, -6.405181e+001,
2515625000, -6.444576e+001,
2517500000, -6.447056e+001,
2519375000, -6.424243e+001,
2521250000, -6.439240e+001,
2523125000, -6.460087e+001,
2525000000, -6.508014e+001,
2526875000, -6.470670e+001,
2528750000, -6.543173e+001,
2530625000, -6.488383e+001,
2532500000, -6.489407e+001,
2534375000, -6.421076e+001,
2536250000, -6.483426e+001,
2538125000, -6.606351e+001,
2540000000, -6.383632e+001,
2541875000, -6.473192e+001,
2543750000, -6.488590e+001,
2545625000, -6.634948e+001,
2547500000, -6.480112e+001,
2549375000, -6.511215e+001,
2551250000, -6.442311e+001,
2553125000, -6.484505e+001,
2555000000, -6.449623e+001,
2556875000, -6.430746e+001,
2558750000, -6.465089e+001,
2560625000, -6.560260e+001,
2562500000, -6.544305e+001,
2564375000, -6.530535e+001,
2566250000, -6.515080e+001,
2568125000, -6.521333e+001,
2570000000, -6.529424e+001,
2571875000, -6.510137e+001,
2573750000, -6.571534e+001,
2575625000, -6.500103e+001,
2577500000, -6.486963e+001,
2579375000, -6.534891e+001,
2581250000, -6.488116e+001,
2583125000, -6.466229e+001,
2585000000, -6.554136e+001,
2586875000, -6.429023e+001,
2588750000, -6.506411e+001,
2590625000, -6.391571e+001,
2592500000, -6.410721e+001,
2594375000, -6.446475e+001,
2596250000, -6.413644e+001,
2598125000, -6.386010e+001,
2600000000, -6.345879e+001,
2601875000, -6.379414e+001,
2603750000, -6.427619e+001,
2605625000, -6.376985e+001,
2607500000, -6.397365e+001,
2609375000, -6.386376e+001,
2611250000, -6.429876e+001,
2613125000, -6.381791e+001,
2615000000, -6.419508e+001,
2616875000, -6.388686e+001,
2618750000, -6.384838e+001,
2620625000, -6.387833e+001,
2622500000, -6.386436e+001,
2624375000, -6.377271e+001,
2626250000, -6.343594e+001,
2628125000, -6.342430e+001,
2630000000, -6.320889e+001,
2631875000, -6.409524e+001,
2633750000, -6.363248e+001,
2635625000, -6.382206e+001,
2637500000, -6.348404e+001,
2639375000, -6.370145e+001,
2641250000, -6.317603e+001,
2643125000, -6.355537e+001,
2645000000, -6.363930e+001,
2646875000, -6.284428e+001,
2648750000, -6.355973e+001,
2650625000, -6.434771e+001,
2652500000, -6.434981e+001,
2654375000, -6.391415e+001,
2656250000, -6.324471e+001,
2658125000, -6.355661e+001,
2660000000, -6.318060e+001,
2661875000, -6.285999e+001,
2663750000, -6.371098e+001,
2665625000, -6.359832e+001,
2667500000, -6.342872e+001,
2669375000, -6.367375e+001,
2671250000, -6.417223e+001,
2673125000, -6.398716e+001,
2675000000, -6.363197e+001,
2676875000, -6.393319e+001,
2678750000, -6.349755e+001,
2680625000, -6.330478e+001,
2682500000, -6.321665e+001,
2684375000, -6.316537e+001,
2686250000, -6.312631e+001,
2688125000, -6.320483e+001,
2690000000, -6.278017e+001,
2691875000, -6.314168e+001,
2693750000, -6.258920e+001,
2695625000, -6.252498e+001,
2697500000, -6.293458e+001,
2699375000, -6.257051e+001,
2701250000, -6.270432e+001,
2703125000, -6.309471e+001,
2705000000, -6.273976e+001,
2706875000, -6.357491e+001,
2708750000, -6.280950e+001,
2710625000, -6.236349e+001,
2712500000, -6.330200e+001,
2714375000, -6.264396e+001,
2716250000, -6.278492e+001,
2718125000, -6.308871e+001,
2720000000, -6.343254e+001,
2721875000, -6.296496e+001,
2723750000, -6.285164e+001,
2725625000, -6.330349e+001,
2727500000, -6.258845e+001,
2729375000, -6.323984e+001,
2731250000, -6.297850e+001,
2733125000, -6.218839e+001,
2735000000, -6.287645e+001,
2736875000, -6.262335e+001,
2738750000, -6.317660e+001,
2740625000, -6.309544e+001,
2742500000, -6.313027e+001,
2744375000, -6.358644e+001,
2746250000, -6.246914e+001,
2748125000, -6.273327e+001,
2750000000, -6.298717e+001,
2751875000, -6.359819e+001,
2753750000, -6.240966e+001,
2755625000, -6.257595e+001,
2757500000, -6.199241e+001,
2759375000, -6.289484e+001,
2761250000, -6.219375e+001,
2763125000, -6.245175e+001,
2765000000, -6.313740e+001,
2766875000, -6.194786e+001,
2768750000, -6.227532e+001,
2770625000, -6.247857e+001,
2772500000, -6.255164e+001,
2774375000, -6.229756e+001,
2776250000, -6.243335e+001,
2778125000, -6.197410e+001,
2780000000, -6.186456e+001,
2781875000, -6.188362e+001,
2783750000, -6.209729e+001,
2785625000, -6.156468e+001,
2787500000, -6.237556e+001,
2789375000, -6.221798e+001,
2791250000, -6.218749e+001,
2793125000, -6.240285e+001,
2795000000, -6.228529e+001,
2796875000, -6.201677e+001,
2798750000, -6.224371e+001,
2800625000, -6.227553e+001,
2802500000, -6.234005e+001,
2804375000, -6.167688e+001,
2806250000, -6.181628e+001,
2808125000, -6.236726e+001,
2810000000, -6.212074e+001,
2811875000, -6.222058e+001,
2813750000, -6.196299e+001,
2815625000, -6.183851e+001,
2817500000, -6.206870e+001,
2819375000, -6.190757e+001,
2821250000, -6.256520e+001,
2823125000, -6.220082e+001,
2825000000, -6.188838e+001,
2826875000, -6.155258e+001,
2828750000, -6.173667e+001,
2830625000, -6.226138e+001,
2832500000, -6.190088e+001,
2834375000, -6.214408e+001,
2836250000, -6.168643e+001,
2838125000, -6.196250e+001,
2840000000, -6.172999e+001,
2841875000, -6.153176e+001,
2843750000, -6.157961e+001,
2845625000, -6.096662e+001,
2847500000, -6.104273e+001,
2849375000, -6.194034e+001,
2851250000, -6.110704e+001,
2853125000, -6.147813e+001,
2855000000, -6.128017e+001,
2856875000, -6.124499e+001,
2858750000, -6.097071e+001,
2860625000, -6.081955e+001,
2862500000, -6.088358e+001,
2864375000, -6.058329e+001,
2866250000, -6.094053e+001,
2868125000, -6.011837e+001,
2870000000, -6.037857e+001,
2871875000, -6.016601e+001,
2873750000, -6.009100e+001,
2875625000, -5.983456e+001,
2877500000, -5.993518e+001,
2879375000, -6.029044e+001,
2881250000, -6.012127e+001,
2883125000, -6.026929e+001,
2885000000, -6.007700e+001,
2886875000, -6.023114e+001,
2888750000, -6.041409e+001,
2890625000, -6.087455e+001,
2892500000, -6.028570e+001,
2894375000, -6.048396e+001,
2896250000, -6.116381e+001,
2898125000, -6.121311e+001,
2900000000, -6.096604e+001,
2901875000, -6.046376e+001,
2903750000, -6.116538e+001,
2905625000, -6.074236e+001,
2907500000, -6.113266e+001,
2909375000, -6.076664e+001,
2911250000, -6.135537e+001,
2913125000, -6.163625e+001,
2915000000, -6.126805e+001,
2916875000, -6.146625e+001,
2918750000, -6.192321e+001,
2920625000, -6.117225e+001,
2922500000, -6.143345e+001,
2924375000, -6.121438e+001,
2926250000, -6.209649e+001,
2928125000, -6.197478e+001,
2930000000, -6.207922e+001,
2931875000, -6.173291e+001,
2933750000, -6.277755e+001,
2935625000, -6.234089e+001,
2937500000, -6.262606e+001,
2939375000, -6.252032e+001,
2941250000, -6.228487e+001,
2943125000, -6.205741e+001,
2945000000, -6.169433e+001,
2946875000, -6.197316e+001,
2948750000, -6.207296e+001,
2950625000, -6.143692e+001,
2952500000, -6.207440e+001,
2954375000, -6.119424e+001,
2956250000, -6.237680e+001,
2958125000, -6.188847e+001,
2960000000, -6.157422e+001,
2961875000, -6.152944e+001,
2963750000, -6.116126e+001,
2965625000, -6.157087e+001,
2967500000, -6.167766e+001,
2969375000, -6.176593e+001,
2971250000, -6.162088e+001,
2973125000, -6.161332e+001,
2975000000, -6.114767e+001,
2976875000, -6.099970e+001,
2978750000, -6.136324e+001,
2980625000, -6.122704e+001,
2982500000, -6.091307e+001,
2984375000, -6.131433e+001,
2986250000, -6.076073e+001,
2988125000, -6.086806e+001,
2990000000, -6.081020e+001,
2991875000, -6.091428e+001,
2993750000, -6.142733e+001,
2995625000, -6.108708e+001,
2997500000, -6.079695e+001,
2999375000, -6.104847e+001,
3001250000, -6.133107e+001,
3003125000, -6.086289e+001,
3005000000, -6.092569e+001,
3006875000, -6.118663e+001,
3008750000, -6.117859e+001,
3010625000, -6.048030e+001,
3012500000, -6.050644e+001,
3014375000, -6.081340e+001,
3016250000, -6.016662e+001,
3018125000, -6.109833e+001,
3020000000, -6.101404e+001,
3021875000, -6.072394e+001,
3023750000, -6.034414e+001,
3025625000, -6.071216e+001,
3027500000, -6.069563e+001,
3029375000, -6.024821e+001,
3031250000, -6.070409e+001,
3033125000, -6.049081e+001,
3035000000, -6.050594e+001,
3036875000, -6.008691e+001,
3038750000, -6.049393e+001,
3040625000, -6.011588e+001,
3042500000, -6.048885e+001,
3044375000, -6.056207e+001,
3046250000, -6.014247e+001,
3048125000, -6.032857e+001,
3050000000, -6.022251e+001,
3051875000, -5.985159e+001,
3053750000, -5.987120e+001,
3055625000, -6.032472e+001,
3057500000, -5.990686e+001,
3059375000, -5.948991e+001,
3061250000, -5.984344e+001,
3063125000, -5.987595e+001,
3065000000, -5.977316e+001,
3066875000, -5.984203e+001,
3068750000, -6.000818e+001,
3070625000, -5.973508e+001,
3072500000, -5.980819e+001,
3074375000, -5.971938e+001,
3076250000, -6.017571e+001,
3078125000, -5.996476e+001,
3080000000, -6.001083e+001,
3081875000, -6.004143e+001,
3083750000, -6.007500e+001,
3085625000, -5.997085e+001,
3087500000, -6.026814e+001,
3089375000, -6.025251e+001,
3091250000, -6.036477e+001,
3093125000, -6.017155e+001,
3095000000, -6.050494e+001,
3096875000, -6.068890e+001,
3098750000, -6.058571e+001,
3100625000, -6.084412e+001,
3102500000, -6.079187e+001,
3104375000, -6.060748e+001,
3106250000, -6.091237e+001,
3108125000, -5.999065e+001,
3110000000, -6.067348e+001,
3111875000, -6.070828e+001,
3113750000, -6.069188e+001,
3115625000, -6.138292e+001,
3117500000, -6.109328e+001,
3119375000, -6.139206e+001,
3121250000, -6.078871e+001,
3123125000, -6.070087e+001,
3125000000, -6.072654e+001,
3126875000, -6.090577e+001,
3128750000, -6.063900e+001,
3130625000, -6.147427e+001,
3132500000, -6.087088e+001,
3134375000, -6.061203e+001,
3136250000, -6.050930e+001,
3138125000, -6.036237e+001,
3140000000, -6.026648e+001,
3141875000, -6.012936e+001,
3143750000, -5.987918e+001,
3145625000, -5.985197e+001,
3147500000, -5.961496e+001,
3149375000, -5.969766e+001,
3151250000, -5.971490e+001,
3153125000, -5.976116e+001,
3155000000, -5.987073e+001,
3156875000, -5.985274e+001,
3158750000, -5.984237e+001,
3160625000, -5.972695e+001,
3162500000, -5.978878e+001,
3164375000, -5.985443e+001,
3166250000, -5.953438e+001,
3168125000, -6.007285e+001,
3170000000, -5.964216e+001,
3171875000, -6.038473e+001,
3173750000, -5.998869e+001,
3175625000, -6.001658e+001,
3177500000, -5.967749e+001,
3179375000, -5.993728e+001,
3181250000, -5.991173e+001,
3183125000, -6.002878e+001,
3185000000, -5.982338e+001,
3186875000, -5.996422e+001,
3188750000, -5.976173e+001,
3190625000, -5.992693e+001,
3192500000, -5.954636e+001,
3194375000, -5.994057e+001,
3196250000, -6.043241e+001,
3198125000, -5.997685e+001,
3200000000, -6.056795e+001,
3201875000, -6.003516e+001,
3203750000, -6.005228e+001,
3205625000, -6.034761e+001,
3207500000, -5.964853e+001,
3209375000, -5.977704e+001,
3211250000, -5.997773e+001,
3213125000, -5.991748e+001,
3215000000, -5.988860e+001,
3216875000, -5.968766e+001,
3218750000, -5.975328e+001,
3220625000, -5.998829e+001,
3222500000, -5.957432e+001,
3224375000, -5.982526e+001,
3226250000, -5.968395e+001,
3228125000, -5.959155e+001,
3230000000, -5.961461e+001,
3231875000, -5.968652e+001,
3233750000, -5.915702e+001,
3235625000, -5.899336e+001,
3237500000, -5.946015e+001,
3239375000, -5.944904e+001,
3241250000, -5.950468e+001,
3243125000, -5.975006e+001,
3245000000, -5.929354e+001,
3246875000, -5.950369e+001,
3248750000, -5.907657e+001,
3250625000, -5.957116e+001,
3252500000, -5.928152e+001,
3254375000, -5.968017e+001,
3256250000, -5.937301e+001,
3258125000, -5.959732e+001,
3260000000, -5.947149e+001,
3261875000, -5.917185e+001,
3263750000, -5.949763e+001,
3265625000, -5.924080e+001,
3267500000, -5.935625e+001,
3269375000, -5.962215e+001,
3271250000, -5.941331e+001,
3273125000, -5.915936e+001,
3275000000, -5.937660e+001,
3276875000, -5.943951e+001,
3278750000, -5.927438e+001,
3280625000, -5.937056e+001,
3282500000, -5.958107e+001,
3284375000, -5.977778e+001,
3286250000, -5.950873e+001,
3288125000, -5.958607e+001,
3290000000, -5.928154e+001,
3291875000, -5.948317e+001,
3293750000, -5.916397e+001,
3295625000, -5.942210e+001,
3297500000, -5.891782e+001,
3299375000, -5.894546e+001,
3301250000, -5.906682e+001,
3303125000, -5.913140e+001,
3305000000, -5.914351e+001,
3306875000, -5.879083e+001,
3308750000, -5.887519e+001,
3310625000, -5.823226e+001,
3312500000, -5.910896e+001,
3314375000, -5.849590e+001,
3316250000, -5.809810e+001,
3318125000, -5.822215e+001,
3320000000, -5.813494e+001,
3321875000, -5.778677e+001,
3323750000, -5.749865e+001,
3325625000, -5.793858e+001,
3327500000, -5.771554e+001,
3329375000, -5.776593e+001,
3331250000, -5.727401e+001,
3333125000, -5.757691e+001,
3335000000, -5.771801e+001,
3336875000, -5.772247e+001,
3338750000, -5.778493e+001,
3340625000, -5.764539e+001,
3342500000, -5.791132e+001,
3344375000, -5.768797e+001,
3346250000, -5.784410e+001,
3348125000, -5.736427e+001,
3350000000, -5.785351e+001,
3351875000, -5.764682e+001,
3353750000, -5.747245e+001,
3355625000, -5.777111e+001,
3357500000, -5.784822e+001,
3359375000, -5.767109e+001,
3361250000, -5.738213e+001,
3363125000, -5.782711e+001,
3365000000, -5.772585e+001,
3366875000, -5.775999e+001,
3368750000, -5.830134e+001,
3370625000, -5.824489e+001,
3372500000, -5.827864e+001,
3374375000, -5.820877e+001,
3376250000, -5.831394e+001,
3378125000, -5.851170e+001,
3380000000, -5.826966e+001,
3381875000, -5.874994e+001,
3383750000, -5.866665e+001,
3385625000, -5.874367e+001,
3387500000, -5.846862e+001,
3389375000, -5.886884e+001,
3391250000, -5.862640e+001,
3393125000, -5.925850e+001,
3395000000, -5.887566e+001,
3396875000, -5.847293e+001,
3398750000, -5.868130e+001,
3400625000, -5.851762e+001,
3402500000, -5.830910e+001,
3404375000, -5.877457e+001,
3406250000, -5.865348e+001,
3408125000, -5.822512e+001,
3410000000, -5.807375e+001,
3411875000, -5.793061e+001,
3413750000, -5.791219e+001,
3415625000, -5.795474e+001,
3417500000, -5.809956e+001,
3419375000, -5.741174e+001,
3421250000, -5.745783e+001,
3423125000, -5.743776e+001,
3425000000, -5.707695e+001,
3426875000, -5.728387e+001,
3428750000, -5.754657e+001,
3430625000, -5.686341e+001,
3432500000, -5.682623e+001,
3434375000, -5.680402e+001,
3436250000, -5.678838e+001,
3438125000, -5.662192e+001,
3440000000, -5.683656e+001,
3441875000, -5.653241e+001,
3443750000, -5.638440e+001,
3445625000, -5.667726e+001,
3447500000, -5.669571e+001,
3449375000, -5.653591e+001,
3451250000, -5.602993e+001,
3453125000, -5.647020e+001,
3455000000, -5.660772e+001,
3456875000, -5.642272e+001,
3458750000, -5.643731e+001,
3460625000, -5.684830e+001,
3462500000, -5.646455e+001,
3464375000, -5.693799e+001,
3466250000, -5.696327e+001,
3468125000, -5.713772e+001,
3470000000, -5.684303e+001,
3471875000, -5.780241e+001,
3473750000, -5.690910e+001,
3475625000, -5.722260e+001,
3477500000, -5.712274e+001,
3479375000, -5.769022e+001,
3481250000, -5.743003e+001,
3483125000, -5.739533e+001,
3485000000, -5.767834e+001,
3486875000, -5.817789e+001,
3488750000, -5.732787e+001,
3490625000, -5.784415e+001,
3492500000, -5.792028e+001,
3494375000, -5.754689e+001,
3496250000, -5.839951e+001,
3498125000, -5.848497e+001,
3500000000, -5.834974e+001,
3501875000, -5.824967e+001,
3503750000, -5.795289e+001,
3505625000, -5.841618e+001,
3507500000, -5.813746e+001,
3509375000, -5.778192e+001,
3511250000, -5.838714e+001,
3513125000, -5.826754e+001,
3515000000, -5.829453e+001,
3516875000, -5.786360e+001,
3518750000, -5.831290e+001,
3520625000, -5.779742e+001,
3522500000, -5.822929e+001,
3524375000, -5.793917e+001,
3526250000, -5.743024e+001,
3528125000, -5.727949e+001,
3530000000, -5.767085e+001,
3531875000, -5.771810e+001,
3533750000, -5.814072e+001,
3535625000, -5.766056e+001,
3537500000, -5.745547e+001,
3539375000, -5.810794e+001,
3541250000, -5.722460e+001,
3543125000, -5.799435e+001,
3545000000, -5.718769e+001,
3546875000, -5.792671e+001,
3548750000, -5.750578e+001,
3550625000, -5.728421e+001,
3552500000, -5.870105e+001,
3554375000, -5.713698e+001,
3556250000, -5.717074e+001,
3558125000, -5.763389e+001,
3560000000, -5.738294e+001,
3561875000, -5.722075e+001,
3563750000, -5.778139e+001,
3565625000, -5.806493e+001,
3567500000, -5.716472e+001,
3569375000, -5.821436e+001,
3571250000, -5.778934e+001,
3573125000, -5.736783e+001,
3575000000, -5.789171e+001,
3576875000, -5.738661e+001,
3578750000, -5.781944e+001,
3580625000, -5.773447e+001,
3582500000, -5.856939e+001,
3584375000, -5.706182e+001,
3586250000, -5.851123e+001,
3588125000, -5.896367e+001,
3590000000, -5.789493e+001,
3591875000, -5.688575e+001,
3593750000, -5.987002e+001,
3595625000, -5.807551e+001,
3597500000, -5.801590e+001,
3599375000, -5.833091e+001,
3601250000, -5.963798e+001,
3603125000, -5.868933e+001,
3605000000, -5.796577e+001,
3606875000, -5.915854e+001,
3608750000, -5.928169e+001,
3610625000, -5.875441e+001,
3612500000, -5.936464e+001,
3614375000, -5.926054e+001,
3616250000, -5.900168e+001,
3618125000, -6.057157e+001,
3620000000, -5.851638e+001,
3621875000, -5.892616e+001,
3623750000, -6.074537e+001,
3625625000, -6.107560e+001,
3627500000, -5.933598e+001,
3629375000, -5.972315e+001,
3631250000, -6.128159e+001,
3633125000, -6.084593e+001,
3635000000, -5.941758e+001,
3636875000, -6.176695e+001,
3638750000, -6.130838e+001,
3640625000, -6.035091e+001,
3642500000, -6.022856e+001,
3644375000, -6.178298e+001,
3646250000, -6.235247e+001,
3648125000, -5.989208e+001,
3650000000, -6.077555e+001,
3651875000, -6.231639e+001,
3653750000, -6.139961e+001,
3655625000, -5.991108e+001,
3657500000, -6.414997e+001,
3659375000, -5.855706e+001,
3661250000, -6.048336e+001,
3663125000, -6.424928e+001,
3665000000, -6.117884e+001,
3666875000, -6.045964e+001,
3668750000, -6.056216e+001,
3670625000, -6.370004e+001,
3672500000, -5.949754e+001,
3674375000, -6.099439e+001,
3676250000, -6.243176e+001,
3678125000, -6.167236e+001,
3680000000, -6.090566e+001,
3681875000, -5.928901e+001,
3683750000, -5.983593e+001,
3685625000, -6.345270e+001,
3687500000, -6.023788e+001,
3689375000, -5.961835e+001,
3691250000, -6.025938e+001,
3693125000, -6.339782e+001,
3695000000, -6.106823e+001,
3696875000, -6.024299e+001,
3698750000, -6.430891e+001,
3700625000, -5.562237e+001,
3702500000, -6.185086e+001,
3704375000, -6.261773e+001,
3706250000, -6.006883e+001,
3708125000, -6.023661e+001,
3710000000, -6.193945e+001,
3711875000, -6.296709e+001,
3713750000, -5.803929e+001,
3715625000, -5.893468e+001,
3717500000, -6.841317e+001,
3719375000, -6.097507e+001,
3721250000, -5.902401e+001,
3723125000, -5.829124e+001,
3725000000, -6.338783e+001,
3726875000, -6.348449e+001,
3728750000, -6.533693e+001,
3730625000, -6.296340e+001,
3732500000, -5.766574e+001,
3734375000, -6.109657e+001,
3736250000, -7.098402e+001,
3738125000, -6.500562e+001,
3740000000, -6.416137e+001,
3741875000, -6.150395e+001,
3743750000, -5.854593e+001,
3745625000, -7.303368e+001,
3747500000, -5.997830e+001,
3749375000, -6.125791e+001,
3751250000, -7.112769e+001,
3753125000, -6.140094e+001,
3755000000, -6.237178e+001,
3756875000, -6.097068e+001,
3758750000, -6.127127e+001,
3760625000, -6.580261e+001,
3762500000, -6.757240e+001,
3764375000, -5.877691e+001,
3766250000, -5.851233e+001,
3768125000, -6.221301e+001,
3770000000, -6.914403e+001,
3771875000, -6.541630e+001,
3773750000, -6.375355e+001,
3775625000, -6.629409e+001,
3777500000, -6.315917e+001,
3779375000, -6.139017e+001,
3781250000, -6.589788e+001,
3783125000, -7.452763e+001,
3785000000, -6.324538e+001,
3786875000, -6.379858e+001,
3788750000, -6.732329e+001,
3790625000, -6.692723e+001,
3792500000, -5.921439e+001,
3794375000, -5.686548e+001,
3796250000, -5.946435e+001,
3798125000, -5.755007e+001,
3800000000, -5.443835e+001,
3801875000, -5.705701e+001,
3803750000, -5.931536e+001,
3805625000, -6.589188e+001,
3807500000, -7.666519e+001,
3809375000, -6.278393e+001,
3811250000, -5.930542e+001,
3813125000, -5.901523e+001,
3815000000, -5.927853e+001,
3816875000, -6.442927e+001,
3818750000, -6.621927e+001,
3820625000, -6.205949e+001,
3822500000, -6.153099e+001,
3824375000, -6.233745e+001,
3826250000, -6.193382e+001,
3828125000, -6.309024e+001,
3830000000, -6.907288e+001,
3831875000, -7.846617e+001,
3833750000, -6.028808e+001,
3835625000, -5.851058e+001,
3837500000, -5.682206e+001,
3839375000, -5.314795e+001,
3841250000, -5.815417e+001,
3843125000, -6.524959e+001,
3845000000, -6.110316e+001,
3846875000, -5.484462e+001,
3848750000, -5.229216e+001,
3850625000, -5.221369e+001,
3852500000, -5.492271e+001,
3854375000, -5.731800e+001,
3856250000, -5.636218e+001,
3858125000, -5.568963e+001,
3860000000, -5.625624e+001,
3861875000, -5.947812e+001,
3863750000, -7.470115e+001,
3865625000, -5.550444e+001,
3867500000, -5.693873e+001,
3869375000, -6.548152e+001,
3871250000, -6.752825e+001,
3873125000, -6.031519e+001,
3875000000, -5.505678e+001,
3876875000, -5.180963e+001,
3878750000, -5.374083e+001,
3880625000, -6.158228e+001,
3882500000, -6.336637e+001,
3884375000, -5.690688e+001,
3886250000, -5.614756e+001,
3888125000, -5.961118e+001,
3890000000, -6.729892e+001,
3891875000, -6.275126e+001,
3893750000, -6.005843e+001,
3895625000, -6.119372e+001,
3897500000, -5.813640e+001,
3899375000, -5.740242e+001,
3901250000, -5.592190e+001,
3903125000, -5.045723e+001,
3905000000, -4.617031e+001,
3906875000, -4.538044e+001,
3908750000, -4.640541e+001,
3910625000, -4.467719e+001,
3912500000, -4.184775e+001,
3914375000, -4.131638e+001,
3916250000, -4.479642e+001,
3918125000, -4.755120e+001,
3920000000, -4.889993e+001,
3921875000, -4.966801e+001,
3923750000, -4.825298e+001,
3925625000, -4.249949e+001,
3927500000, -3.879913e+001,
3929375000, -3.902429e+001,
3931250000, -4.049258e+001,
3933125000, -4.049473e+001,
3935000000, -4.091906e+001,
3936875000, -4.270784e+001,
3938750000, -4.642765e+001,
3940625000, -5.222449e+001,
3942500000, -5.025805e+001,
3944375000, -4.602518e+001,
3946250000, -4.334434e+001,
3948125000, -4.118142e+001,
3950000000, -3.977632e+001,
3951875000, -4.051466e+001,
3953750000, -3.999002e+001,
3955625000, -3.890844e+001,
3957500000, -3.753182e+001,
3959375000, -3.850657e+001,
3961250000, -4.287106e+001,
3963125000, -4.502887e+001,
3965000000, -4.375663e+001,
3966875000, -4.234311e+001,
3968750000, -3.993042e+001,
3970625000, -3.703912e+001,
3972500000, -3.454566e+001,
3974375000, -3.291914e+001,
3976250000, -3.312916e+001,
3978125000, -3.133951e+001,
3980000000, -3.135705e+001,
3981875000, -3.913732e+001,
3983750000, -4.279159e+001,
3985625000, -3.375213e+001,
3987500000, -3.054928e+001,
3989375000, -2.957417e+001,
3991250000, -2.959238e+001,
3993125000, -3.096753e+001,
3995000000, -3.348491e+001,
3996875000, -3.718223e+001,
3998750000, -4.115440e+001,
4000625000, -4.745028e+001,
4002500000, -4.351722e+001,
4004375000, -3.178474e+001,
4006250000, -2.616469e+001,
4008125000, -2.381434e+001,
4010000000, -2.229355e+001,
4011875000, -2.259319e+001,
4013750000, -2.436771e+001,
4015625000, -2.755410e+001,
4017500000, -3.411071e+001,
4019375000, -4.461706e+001,
4021250000, -4.169601e+001,
4023125000, -3.756232e+001,
4025000000, -3.164808e+001,
4026875000, -2.622448e+001,
4028750000, -2.404369e+001,
4030625000, -2.337143e+001,
4032500000, -2.415239e+001,
4034375000, -2.783060e+001,
4036250000, -3.686716e+001,
4038125000, -4.131612e+001,
4040000000, -3.406977e+001,
4041875000, -3.426004e+001,
4043750000, -3.954956e+001,
4045625000, -3.186999e+001,
4047500000, -2.717075e+001,
4049375000, -2.627327e+001,
4051250000, -2.776715e+001,
4053125000, -3.410929e+001,
4055000000, -4.115513e+001,
4056875000, -2.938414e+001,
4058750000, -2.639935e+001,
4060625000, -2.672004e+001,
4062500000, -3.004781e+001,
4064375000, -3.473786e+001,
4066250000, -3.347164e+001,
4068125000, -3.285527e+001,
4070000000, -3.868336e+001,
4071875000, -3.989314e+001,
4073750000, -2.836378e+001,
4075625000, -2.396318e+001,
4077500000, -2.275742e+001,
4079375000, -2.243041e+001,
4081250000, -2.443411e+001,
4083125000, -2.751710e+001,
4085000000, -3.157293e+001,
4086875000, -3.623222e+001,
4088750000, -3.728790e+001,
4090625000, -3.001795e+001,
4092500000, -2.581073e+001,
4094375000, -2.330927e+001,
4096250000, -2.319345e+001,
4098125000, -2.423350e+001,
4100000000, -2.675431e+001,
4101875000, -3.044477e+001,
4103750000, -3.521804e+001,
4105625000, -4.016146e+001,
4107500000, -3.822250e+001,
4109375000, -3.175230e+001,
4111250000, -2.746824e+001,
4113125000, -2.580177e+001,
4115000000, -2.649574e+001,
4116875000, -3.028632e+001,
4118750000, -3.942636e+001,
4120625000, -3.792461e+001,
4122500000, -3.300592e+001,
4124375000, -3.197100e+001,
4126250000, -3.530691e+001,
4128125000, -3.980216e+001,
4130000000, -3.379303e+001,
4131875000, -3.336718e+001,
4133750000, -4.266936e+001,
4135625000, -3.609638e+001,
4137500000, -2.903837e+001,
4139375000, -2.645051e+001,
4141250000, -2.670335e+001,
4143125000, -2.873468e+001,
4145000000, -3.265892e+001,
4146875000, -4.177557e+001,
4148750000, -4.300164e+001,
4150625000, -4.054133e+001,
4152500000, -3.133765e+001,
4154375000, -2.733276e+001,
4156250000, -2.625245e+001,
4158125000, -2.710122e+001,
4160000000, -3.032379e+001,
4161875000, -3.670191e+001,
4163750000, -5.249597e+001,
4165625000, -4.481150e+001,
4167500000, -3.983503e+001,
4169375000, -3.211100e+001,
4171250000, -2.955457e+001,
4173125000, -3.024743e+001,
4175000000, -3.371014e+001,
4176875000, -4.188521e+001,
4178750000, -3.788549e+001,
4180625000, -3.640193e+001,
4182500000, -3.763800e+001,
4184375000, -5.043302e+001,
4186250000, -4.108618e+001,
4188125000, -3.679863e+001,
4190000000, -3.862198e+001,
4191875000, -3.857957e+001,
4193750000, -3.329489e+001,
4195625000, -3.094519e+001,
4197500000, -3.102090e+001,
4199375000, -3.317897e+001,
4201250000, -3.662051e+001,
4203125000, -3.618612e+001,
4205000000, -3.670847e+001,
4206875000, -4.315089e+001,
4208750000, -3.462739e+001,
4210625000, -3.307945e+001,
4212500000, -3.264665e+001,
4214375000, -3.646824e+001,
4216250000, -4.145499e+001,
4218125000, -4.731860e+001,
4220000000, -3.859047e+001,
4221875000, -3.462642e+001,
4223750000, -3.512379e+001,
4225625000, -3.624121e+001,
4227500000, -4.195895e+001,
4229375000, -4.408827e+001,
4231250000, -4.025248e+001,
4233125000, -4.026096e+001,
4235000000, -4.579856e+001,
4236875000, -4.118259e+001,
4238750000, -3.822261e+001,
4240625000, -3.905677e+001,
4242500000, -3.979745e+001,
4244375000, -3.640583e+001,
4246250000, -3.558496e+001,
4248125000, -3.654264e+001,
4250000000, -4.255447e+001,
4251875000, -4.888055e+001,
4253750000, -5.907211e+001,
4255625000, -4.550989e+001,
4257500000, -4.086790e+001,
4259375000, -4.033379e+001,
4261250000, -4.497318e+001,
4263125000, -5.952012e+001,
4265000000, -5.147635e+001,
4266875000, -5.143868e+001,
4268750000, -4.730265e+001,
4270625000, -4.597476e+001,
4272500000, -4.618722e+001,
4274375000, -4.965572e+001,
4276250000, -4.588031e+001,
4278125000, -4.404572e+001,
4280000000, -4.514013e+001,
4281875000, -4.675468e+001,
4283750000, -4.857022e+001,
4285625000, -4.838836e+001,
4287500000, -4.487664e+001,
4289375000, -4.280192e+001,
4291250000, -4.368333e+001,
4293125000, -4.702391e+001,
4295000000, -5.550537e+001,
4296875000, -5.412219e+001,
4298750000, -4.782262e+001,
4300625000, -4.687734e+001,
4302500000, -5.024003e+001,
4304375000, -5.735732e+001,
4306250000, -6.414390e+001,
4308125000, -5.235939e+001,
4310000000, -5.071306e+001,
4311875000, -5.312324e+001,
4313750000, -6.445171e+001,
4315625000, -5.547004e+001,
4317500000, -5.089885e+001,
4319375000, -4.830003e+001,
4321250000, -5.078035e+001,
4323125000, -5.876477e+001,
4325000000, -5.289729e+001,
4326875000, -5.096772e+001,
4328750000, -5.253004e+001,
4330625000, -5.463450e+001,
4332500000, -5.869474e+001,
4334375000, -5.178038e+001,
4336250000, -5.273432e+001,
4338125000, -6.215914e+001,
4340000000, -7.100854e+001,
4341875000, -6.306290e+001,
4343750000, -5.342213e+001,
4345625000, -5.387792e+001,
4347500000, -6.151463e+001,
4349375000, -6.139765e+001,
4351250000, -6.847913e+001,
4353125000, -5.862208e+001,
4355000000, -5.575061e+001,
4356875000, -5.653321e+001,
4358750000, -5.786707e+001,
4360625000, -6.373044e+001,
4362500000, -6.815928e+001,
4364375000, -5.948852e+001,
4366250000, -5.638200e+001,
4368125000, -5.697160e+001,
4370000000, -6.084625e+001,
4371875000, -7.031629e+001,
4373750000, -6.342004e+001,
4375625000, -5.835516e+001,
4377500000, -5.828899e+001,
4379375000, -5.897240e+001,
4381250000, -6.790209e+001,
4383125000, -6.355077e+001,
4385000000, -6.197638e+001,
4386875000, -5.887374e+001,
4388750000, -5.847470e+001,
4390625000, -6.564390e+001,
4392500000, -6.397649e+001,
4394375000, -6.255390e+001,
4396250000, -5.939646e+001,
4398125000, -6.012884e+001,
4400000000, -6.197269e+001,
4401875000, -6.623241e+001,
4403750000, -6.201366e+001,
4405625000, -6.061269e+001,
4407500000, -6.022293e+001,
4409375000, -6.201102e+001,
4411250000, -6.472523e+001,
4413125000, -6.146527e+001,
4415000000, -6.063998e+001,
4416875000, -6.058926e+001,
4418750000, -6.214023e+001,
4420625000, -6.444731e+001,
4422500000, -6.157915e+001,
4424375000, -6.041341e+001,
4426250000, -6.106191e+001,
4428125000, -6.322227e+001,
4430000000, -6.300989e+001,
4431875000, -6.089169e+001,
4433750000, -6.048497e+001,
4435625000, -6.177433e+001,
4437500000, -6.262571e+001,
4439375000, -6.175741e+001,
4441250000, -6.029385e+001,
4443125000, -6.065136e+001,
4445000000, -6.197105e+001,
4446875000, -6.207766e+001,
4448750000, -6.066806e+001,
4450625000, -6.043306e+001,
4452500000, -6.130034e+001,
4454375000, -6.159835e+001,
4456250000, -6.108717e+001,
4458125000, -6.027821e+001,
4460000000, -6.087643e+001,
4461875000, -6.137886e+001,
4463750000, -6.109310e+001,
4465625000, -5.998397e+001,
4467500000, -6.048814e+001,
4469375000, -6.115747e+001,
4471250000, -6.130447e+001,
4473125000, -6.033397e+001,
4475000000, -6.057452e+001,
4476875000, -6.137458e+001,
4478750000, -6.130811e+001,
4480625000, -6.040425e+001,
4482500000, -6.038454e+001,
4484375000, -6.124975e+001,
4486250000, -6.099780e+001,
4488125000, -6.026706e+001,
4490000000, -5.992799e+001,
4491875000, -6.108527e+001,
4493750000, -6.081536e+001,
4495625000, -6.036908e+001,
4497500000, -6.076620e+001,
4499375000, -6.125957e+001,
4501250000, -6.042780e+001,
4503125000, -6.014437e+001,
4505000000, -6.064342e+001,
4506875000, -6.043905e+001,
4508750000, -6.038945e+001,
4510625000, -6.011799e+001,
4512500000, -6.022066e+001,
4514375000, -6.068491e+001,
4516250000, -6.011211e+001,
4518125000, -6.005125e+001,
4520000000, -6.035627e+001,
4521875000, -6.011117e+001,
4523750000, -6.021640e+001,
4525625000, -6.036224e+001,
4527500000, -5.982832e+001,
4529375000, -5.978518e+001,
4531250000, -6.010066e+001,
4533125000, -6.023854e+001,
4535000000, -6.007864e+001,
4536875000, -5.990472e+001,
4538750000, -6.006025e+001,
4540625000, -5.977607e+001,
4542500000, -6.002139e+001,
4544375000, -5.992887e+001,
4546250000, -6.029245e+001,
4548125000, -6.002527e+001,
4550000000, -6.033683e+001,
4551875000, -5.984877e+001,
4553750000, -6.050470e+001,
4555625000, -5.991555e+001,
4557500000, -6.040559e+001,
4559375000, -6.001791e+001,
4561250000, -6.007809e+001,
4563125000, -6.059758e+001,
4565000000, -6.027023e+001,
4566875000, -6.041293e+001,
4568750000, -6.010365e+001,
4570625000, -6.074954e+001,
4572500000, -6.045438e+001,
4574375000, -6.046810e+001,
4576250000, -6.059569e+001,
4578125000, -6.022459e+001,
4580000000, -6.105185e+001,
4581875000, -6.012580e+001,
4583750000, -6.075538e+001,
4585625000, -6.094904e+001,
4587500000, -6.053228e+001,
4589375000, -6.058885e+001,
4591250000, -6.046212e+001,
4593125000, -6.037853e+001,
4595000000, -6.101651e+001,
4596875000, -6.028788e+001,
4598750000, -6.062812e+001,
4600625000, -6.051550e+001,
4602500000, -6.013709e+001,
4604375000, -6.010668e+001,
4606250000, -5.989903e+001,
4608125000, -6.019273e+001,
4610000000, -6.006458e+001,
4611875000, -6.009088e+001,
4613750000, -6.008577e+001,
4615625000, -5.993167e+001,
4617500000, -6.001890e+001,
4619375000, -5.985518e+001,
4621250000, -5.963784e+001,
4623125000, -5.944000e+001,
4625000000, -5.968177e+001,
4626875000, -5.980887e+001,
4628750000, -5.951419e+001,
4630625000, -5.963543e+001,
4632500000, -5.952046e+001,
4634375000, -5.992933e+001,
4636250000, -5.973446e+001,
4638125000, -5.940536e+001,
4640000000, -5.942978e+001,
4641875000, -5.955834e+001,
4643750000, -5.954000e+001,
4645625000, -5.955559e+001,
4647500000, -5.947573e+001,
4649375000, -5.931424e+001,
4651250000, -5.977761e+001,
4653125000, -5.965182e+001,
4655000000, -5.982913e+001,
4656875000, -5.976870e+001,
4658750000, -5.994149e+001,
4660625000, -6.026794e+001,
4662500000, -5.998369e+001,
4664375000, -5.996812e+001,
4666250000, -6.015960e+001,
4668125000, -6.044888e+001,
4670000000, -6.056579e+001,
4671875000, -6.017651e+001,
4673750000, -6.068783e+001,
4675625000, -6.054732e+001,
4677500000, -6.087309e+001,
4679375000, -6.075908e+001,
4681250000, -6.091942e+001,
4683125000, -6.075989e+001,
4685000000, -6.087733e+001,
4686875000, -6.081784e+001,
4688750000, -6.090223e+001,
4690625000, -6.096152e+001,
4692500000, -6.155881e+001,
4694375000, -6.047252e+001,
4696250000, -6.117698e+001,
4698125000, -6.115396e+001,
4700000000, -6.085744e+001,
4701875000, -6.102394e+001,
4703750000, -6.080534e+001,
4705625000, -6.105404e+001,
4707500000, -6.068892e+001,
4709375000, -6.103276e+001,
4711250000, -6.062692e+001,
4713125000, -6.078726e+001,
4715000000, -6.064085e+001,
4716875000, -6.061475e+001,
4718750000, -6.067536e+001,
4720625000, -6.063251e+001,
4722500000, -6.044579e+001,
4724375000, -6.035438e+001,
4726250000, -6.054750e+001,
4728125000, -6.058017e+001,
4730000000, -6.075271e+001,
4731875000, -6.064804e+001,
4733750000, -6.034652e+001,
4735625000, -6.053618e+001,
4737500000, -6.032442e+001,
4739375000, -6.036676e+001,
4741250000, -6.077964e+001,
4743125000, -6.089486e+001,
4745000000, -6.058201e+001,
4746875000, -6.073219e+001,
4748750000, -6.066242e+001,
4750625000, -6.055658e+001,
4752500000, -6.094086e+001,
4754375000, -6.040963e+001,
4756250000, -6.057995e+001,
4758125000, -6.098594e+001,
4760000000, -6.060884e+001,
4761875000, -6.045247e+001,
4763750000, -6.063407e+001,
4765625000, -6.092150e+001,
4767500000, -6.101418e+001,
4769375000, -6.068702e+001,
4771250000, -6.058076e+001,
4773125000, -6.068212e+001,
4775000000, -6.087162e+001,
4776875000, -6.090424e+001,
4778750000, -6.043123e+001,
4780625000, -6.033021e+001,
4782500000, -6.068657e+001,
4784375000, -6.067740e+001,
4786250000, -6.071690e+001,
4788125000, -6.088909e+001,
4790000000, -6.085383e+001,
4791875000, -6.077785e+001,
4793750000, -6.089375e+001,
4795625000, -6.082691e+001,
4797500000, -6.103025e+001,
4799375000, -6.064875e+001,
4801250000, -6.083475e+001,
4803125000, -6.088969e+001,
4805000000, -6.100042e+001,
4806875000, -6.066490e+001,
4808750000, -6.094444e+001,
4810625000, -6.082556e+001,
4812500000, -6.110209e+001,
4814375000, -6.118786e+001,
4816250000, -6.108143e+001,
4818125000, -6.143830e+001,
4820000000, -6.087821e+001,
4821875000, -6.127856e+001,
4823750000, -6.123236e+001,
4825625000, -6.135267e+001,
4827500000, -6.138489e+001,
4829375000, -6.135053e+001,
4831250000, -6.123894e+001,
4833125000, -6.196889e+001,
4835000000, -6.201984e+001,
4836875000, -6.191026e+001,
4838750000, -6.215941e+001,
4840625000, -6.238824e+001,
4842500000, -6.164592e+001,
4844375000, -6.216494e+001,
4846250000, -6.210658e+001,
4848125000, -6.255951e+001,
4850000000, -6.227375e+001,
4851875000, -6.240160e+001,
4853750000, -6.201379e+001,
4855625000, -6.273383e+001,
4857500000, -6.297729e+001,
4859375000, -6.270412e+001,
4861250000, -6.248080e+001,
4863125000, -6.237095e+001,
4865000000, -6.218806e+001,
4866875000, -6.216763e+001,
4868750000, -6.229787e+001,
4870625000, -6.131988e+001,
4872500000, -6.175814e+001,
4874375000, -6.210921e+001,
4876250000, -6.172440e+001,
4878125000, -6.194473e+001,
4880000000, -6.148759e+001,
4881875000, -6.174842e+001,
4883750000, -6.106203e+001,
4885625000, -6.125481e+001,
4887500000, -6.132373e+001,
4889375000, -6.119456e+001,
4891250000, -6.114296e+001,
4893125000, -6.087918e+001,
4895000000, -6.116404e+001,
4896875000, -6.119769e+001,
4898750000, -6.086545e+001,
4900625000, -6.049694e+001,
4902500000, -6.084772e+001,
4904375000, -6.079733e+001,
4906250000, -6.098150e+001,
4908125000, -6.043761e+001,
4910000000, -6.075302e+001,
4911875000, -6.071812e+001,
4913750000, -6.075514e+001,
4915625000, -6.092580e+001,
4917500000, -6.098471e+001,
4919375000, -6.092541e+001,
4921250000, -6.112704e+001,
4923125000, -6.142603e+001,
4925000000, -6.100345e+001,
4926875000, -6.153928e+001,
4928750000, -6.133617e+001,
4930625000, -6.122244e+001,
4932500000, -6.129399e+001,
4934375000, -6.158913e+001,
4936250000, -6.180111e+001,
4938125000, -6.227113e+001,
4940000000, -6.246171e+001,
4941875000, -6.182552e+001,
4943750000, -6.220766e+001,
4945625000, -6.240285e+001,
4947500000, -6.224707e+001,
4949375000, -6.233438e+001,
4951250000, -6.291178e+001,
4953125000, -6.286810e+001,
4955000000, -6.281234e+001,
4956875000, -6.273212e+001,
4958750000, -6.259927e+001,
4960625000, -6.326693e+001,
4962500000, -6.341000e+001,
4964375000, -6.278328e+001,
4966250000, -6.252922e+001,
4968125000, -6.298461e+001,
4970000000, -6.330960e+001,
4971875000, -6.307141e+001,
4973750000, -6.323746e+001,
4975625000, -6.270723e+001,
4977500000, -6.276383e+001,
4979375000, -6.283555e+001,
4981250000, -6.265803e+001,
4983125000, -6.284605e+001,
4985000000, -6.261590e+001,
4986875000, -6.281653e+001,
4988750000, -6.215894e+001,
4990625000, -6.233620e+001,
4992500000, -6.236255e+001,
4994375000, -6.206852e+001,
4996250000, -6.196884e+001,
4998125000, -6.197886e+001,
5000000000, -6.183989e+001,
