"S12 Log Mag"
"Frequency (Hz)","dB",
2000000000, -6.457968e+001,
2001875000, -6.452253e+001,
2003750000, -6.396003e+001,
2005625000, -6.358686e+001,
2007500000, -6.510175e+001,
2009375000, -6.458744e+001,
2011250000, -6.486932e+001,
2013125000, -6.514759e+001,
2015000000, -6.478051e+001,
2016875000, -6.483633e+001,
2018750000, -6.535566e+001,
2020625000, -6.523795e+001,
2022500000, -6.432755e+001,
2024375000, -6.510381e+001,
2026250000, -6.385513e+001,
2028125000, -6.410036e+001,
2030000000, -6.538244e+001,
2031875000, -6.541932e+001,
2033750000, -6.468301e+001,
2035625000, -6.507328e+001,
2037500000, -6.534155e+001,
2039375000, -6.577287e+001,
2041250000, -6.508244e+001,
2043125000, -6.509608e+001,
2045000000, -6.546590e+001,
2046875000, -6.462724e+001,
2048750000, -6.557552e+001,
2050625000, -6.484841e+001,
2052500000, -6.517221e+001,
2054375000, -6.499577e+001,
2056250000, -6.450175e+001,
2058125000, -6.514022e+001,
2060000000, -6.442677e+001,
2061875000, -6.530892e+001,
2063750000, -6.459184e+001,
2065625000, -6.556467e+001,
2067500000, -6.502804e+001,
2069375000, -6.516776e+001,
2071250000, -6.474789e+001,
2073125000, -6.498740e+001,
2075000000, -6.517288e+001,
2076875000, -6.492342e+001,
2078750000, -6.467558e+001,
2080625000, -6.498907e+001,
2082500000, -6.554801e+001,
2084375000, -6.504681e+001,
2086250000, -6.451099e+001,
2088125000, -6.519207e+001,
2090000000, -6.535983e+001,
2091875000, -6.481236e+001,
2093750000, -6.466519e+001,
2095625000, -6.469976e+001,
2097500000, -6.458241e+001,
2099375000, -6.425768e+001,
2101250000, -6.489819e+001,
2103125000, -6.474566e+001,
2105000000, -6.394377e+001,
2106875000, -6.456262e+001,
2108750000, -6.539086e+001,
2110625000, -6.488566e+001,
2112500000, -6.479279e+001,
2114375000, -6.429751e+001,
2116250000, -6.503783e+001,
2118125000, -6.512215e+001,
2120000000, -6.525533e+001,
2121875000, -6.506484e+001,
2123750000, -6.489454e+001,
2125625000, -6.532977e+001,
2127500000, -6.659509e+001,
2129375000, -6.563455e+001,
2131250000, -6.552281e+001,
2133125000, -6.525479e+001,
2135000000, -6.634795e+001,
2136875000, -6.511047e+001,
2138750000, -6.552670e+001,
2140625000, -6.634972e+001,
2142500000, -6.573522e+001,
2144375000, -6.624851e+001,
2146250000, -6.580326e+001,
2148125000, -6.670618e+001,
2150000000, -6.580727e+001,
2151875000, -6.585284e+001,
2153750000, -6.588374e+001,
2155625000, -6.640829e+001,
2157500000, -6.605833e+001,
2159375000, -6.598458e+001,
2161250000, -6.642932e+001,
2163125000, -6.638718e+001,
2165000000, -6.700351e+001,
2166875000, -6.616284e+001,
2168750000, -6.706573e+001,
2170625000, -6.612434e+001,
2172500000, -6.655951e+001,
2174375000, -6.655251e+001,
2176250000, -6.674223e+001,
2178125000, -6.681111e+001,
2180000000, -6.610963e+001,
2181875000, -6.614177e+001,
2183750000, -6.573624e+001,
2185625000, -6.697736e+001,
2187500000, -6.627148e+001,
2189375000, -6.681884e+001,
2191250000, -6.643626e+001,
2193125000, -6.678098e+001,
2195000000, -6.616747e+001,
2196875000, -6.676800e+001,
2198750000, -6.652688e+001,
2200625000, -6.574429e+001,
2202500000, -6.561338e+001,
2204375000, -6.583135e+001,
2206250000, -6.617817e+001,
2208125000, -6.565508e+001,
2210000000, -6.560729e+001,
2211875000, -6.548650e+001,
2213750000, -6.517416e+001,
2215625000, -6.602850e+001,
2217500000, -6.557299e+001,
2219375000, -6.513373e+001,
2221250000, -6.558801e+001,
2223125000, -6.564174e+001,
2225000000, -6.510019e+001,
2226875000, -6.504240e+001,
2228750000, -6.587691e+001,
2230625000, -6.522636e+001,
2232500000, -6.523785e+001,
2234375000, -6.509564e+001,
2236250000, -6.583768e+001,
2238125000, -6.626505e+001,
2240000000, -6.543057e+001,
2241875000, -6.517908e+001,
2243750000, -6.553229e+001,
2245625000, -6.540715e+001,
2247500000, -6.622157e+001,
2249375000, -6.553382e+001,
2251250000, -6.593764e+001,
2253125000, -6.708113e+001,
2255000000, -6.516071e+001,
2256875000, -6.603539e+001,
2258750000, -6.667802e+001,
2260625000, -6.622149e+001,
2262500000, -6.593372e+001,
2264375000, -6.626759e+001,
2266250000, -6.679536e+001,
2268125000, -6.623746e+001,
2270000000, -6.640473e+001,
2271875000, -6.649232e+001,
2273750000, -6.664404e+001,
2275625000, -6.715474e+001,
2277500000, -6.702151e+001,
2279375000, -6.756091e+001,
2281250000, -6.610515e+001,
2283125000, -6.621888e+001,
2285000000, -6.698211e+001,
2286875000, -6.691967e+001,
2288750000, -6.641753e+001,
2290625000, -6.738581e+001,
2292500000, -6.630611e+001,
2294375000, -6.639574e+001,
2296250000, -6.638718e+001,
2298125000, -6.677876e+001,
2300000000, -6.597092e+001,
2301875000, -6.755496e+001,
2303750000, -6.681133e+001,
2305625000, -6.652728e+001,
2307500000, -6.681508e+001,
2309375000, -6.747030e+001,
2311250000, -6.648849e+001,
2313125000, -6.616615e+001,
2315000000, -6.657643e+001,
2316875000, -6.664202e+001,
2318750000, -6.610896e+001,
2320625000, -6.555681e+001,
2322500000, -6.643967e+001,
2324375000, -6.551932e+001,
2326250000, -6.599208e+001,
2328125000, -6.568361e+001,
2330000000, -6.578410e+001,
2331875000, -6.619039e+001,
2333750000, -6.614633e+001,
2335625000, -6.524054e+001,
2337500000, -6.561648e+001,
2339375000, -6.625247e+001,
2341250000, -6.549454e+001,
2343125000, -6.530424e+001,
2345000000, -6.545945e+001,
2346875000, -6.519194e+001,
2348750000, -6.603363e+001,
2350625000, -6.527785e+001,
2352500000, -6.457999e+001,
2354375000, -6.516682e+001,
2356250000, -6.558180e+001,
2358125000, -6.635052e+001,
2360000000, -6.551861e+001,
2361875000, -6.548344e+001,
2363750000, -6.498370e+001,
2365625000, -6.511066e+001,
2367500000, -6.645554e+001,
2369375000, -6.539149e+001,
2371250000, -6.502660e+001,
2373125000, -6.578383e+001,
2375000000, -6.472433e+001,
2376875000, -6.540598e+001,
2378750000, -6.563347e+001,
2380625000, -6.648761e+001,
2382500000, -6.574502e+001,
2384375000, -6.584409e+001,
2386250000, -6.570911e+001,
2388125000, -6.584181e+001,
2390000000, -6.572051e+001,
2391875000, -6.548934e+001,
2393750000, -6.531500e+001,
2395625000, -6.568194e+001,
2397500000, -6.560461e+001,
2399375000, -6.623676e+001,
2401250000, -6.597038e+001,
2403125000, -6.606036e+001,
2405000000, -6.596407e+001,
2406875000, -6.515603e+001,
2408750000, -6.520489e+001,
2410625000, -6.518116e+001,
2412500000, -6.574033e+001,
2414375000, -6.612695e+001,
2416250000, -6.574714e+001,
2418125000, -6.496185e+001,
2420000000, -6.555872e+001,
2421875000, -6.486259e+001,
2423750000, -6.529563e+001,
2425625000, -6.504398e+001,
2427500000, -6.560352e+001,
2429375000, -6.515877e+001,
2431250000, -6.511514e+001,
2433125000, -6.547874e+001,
2435000000, -6.583008e+001,
2436875000, -6.491188e+001,
2438750000, -6.604422e+001,
2440625000, -6.541405e+001,
2442500000, -6.564339e+001,
2444375000, -6.555325e+001,
2446250000, -6.541583e+001,
2448125000, -6.514705e+001,
2450000000, -6.540060e+001,
2451875000, -6.480521e+001,
2453750000, -6.494498e+001,
2455625000, -6.692064e+001,
2457500000, -6.580074e+001,
2459375000, -6.539131e+001,
2461250000, -6.513817e+001,
2463125000, -6.506029e+001,
2465000000, -6.568572e+001,
2466875000, -6.509464e+001,
2468750000, -6.490665e+001,
2470625000, -6.425256e+001,
2472500000, -6.501042e+001,
2474375000, -6.514473e+001,
2476250000, -6.439085e+001,
2478125000, -6.521133e+001,
2480000000, -6.525346e+001,
2481875000, -6.440837e+001,
2483750000, -6.421305e+001,
2485625000, -6.494613e+001,
2487500000, -6.473845e+001,
2489375000, -6.469430e+001,
2491250000, -6.450599e+001,
2493125000, -6.514333e+001,
2495000000, -6.457280e+001,
2496875000, -6.446113e+001,
2498750000, -6.509785e+001,
2500625000, -6.466992e+001,
2502500000, -6.480381e+001,
2504375000, -6.438610e+001,
2506250000, -6.471386e+001,
2508125000, -6.462766e+001,
2510000000, -6.510368e+001,
2511875000, -6.469006e+001,
2513750000, -6.483823e+001,
2515625000, -6.453051e+001,
2517500000, -6.453381e+001,
2519375000, -6.494685e+001,
2521250000, -6.462898e+001,
2523125000, -6.504859e+001,
2525000000, -6.519582e+001,
2526875000, -6.481937e+001,
2528750000, -6.466164e+001,
2530625000, -6.500810e+001,
2532500000, -6.503365e+001,
2534375000, -6.472523e+001,
2536250000, -6.535920e+001,
2538125000, -6.522424e+001,
2540000000, -6.521986e+001,
2541875000, -6.513433e+001,
2543750000, -6.565845e+001,
2545625000, -6.623492e+001,
2547500000, -6.553233e+001,
2549375000, -6.544085e+001,
2551250000, -6.545815e+001,
2553125000, -6.477718e+001,
2555000000, -6.531393e+001,
2556875000, -6.597900e+001,
2558750000, -6.493540e+001,
2560625000, -6.572767e+001,
2562500000, -6.603420e+001,
2564375000, -6.589516e+001,
2566250000, -6.546021e+001,
2568125000, -6.522955e+001,
2570000000, -6.531397e+001,
2571875000, -6.466728e+001,
2573750000, -6.536242e+001,
2575625000, -6.481342e+001,
2577500000, -6.512972e+001,
2579375000, -6.510081e+001,
2581250000, -6.473640e+001,
2583125000, -6.488487e+001,
2585000000, -6.468221e+001,
2586875000, -6.458932e+001,
2588750000, -6.467399e+001,
2590625000, -6.516724e+001,
2592500000, -6.476069e+001,
2594375000, -6.475488e+001,
2596250000, -6.409930e+001,
2598125000, -6.464956e+001,
2600000000, -6.456379e+001,
2601875000, -6.384545e+001,
2603750000, -6.429082e+001,
2605625000, -6.436190e+001,
2607500000, -6.421543e+001,
2609375000, -6.380703e+001,
2611250000, -6.321354e+001,
2613125000, -6.387709e+001,
2615000000, -6.375300e+001,
2616875000, -6.379434e+001,
2618750000, -6.404482e+001,
2620625000, -6.401769e+001,
2622500000, -6.363521e+001,
2624375000, -6.397184e+001,
2626250000, -6.422052e+001,
2628125000, -6.364175e+001,
2630000000, -6.375002e+001,
2631875000, -6.385582e+001,
2633750000, -6.423221e+001,
2635625000, -6.423131e+001,
2637500000, -6.346201e+001,
2639375000, -6.449284e+001,
2641250000, -6.399111e+001,
2643125000, -6.349851e+001,
2645000000, -6.382370e+001,
2646875000, -6.356548e+001,
2648750000, -6.363522e+001,
2650625000, -6.385853e+001,
2652500000, -6.288713e+001,
2654375000, -6.317541e+001,
2656250000, -6.417619e+001,
2658125000, -6.356026e+001,
2660000000, -6.357922e+001,
2661875000, -6.412566e+001,
2663750000, -6.362956e+001,
2665625000, -6.341653e+001,
2667500000, -6.391271e+001,
2669375000, -6.403699e+001,
2671250000, -6.406652e+001,
2673125000, -6.402399e+001,
2675000000, -6.365429e+001,
2676875000, -6.353720e+001,
2678750000, -6.383121e+001,
2680625000, -6.369909e+001,
2682500000, -6.349154e+001,
2684375000, -6.383903e+001,
2686250000, -6.376630e+001,
2688125000, -6.386291e+001,
2690000000, -6.388471e+001,
2691875000, -6.371893e+001,
2693750000, -6.368284e+001,
2695625000, -6.347301e+001,
2697500000, -6.343641e+001,
2699375000, -6.349484e+001,
2701250000, -6.346799e+001,
2703125000, -6.303083e+001,
2705000000, -6.342953e+001,
2706875000, -6.306522e+001,
2708750000, -6.316484e+001,
2710625000, -6.325137e+001,
2712500000, -6.308050e+001,
2714375000, -6.354832e+001,
2716250000, -6.314140e+001,
2718125000, -6.355361e+001,
2720000000, -6.339735e+001,
2721875000, -6.369064e+001,
2723750000, -6.355483e+001,
2725625000, -6.314227e+001,
2727500000, -6.360967e+001,
2729375000, -6.320378e+001,
2731250000, -6.336872e+001,
2733125000, -6.321877e+001,
2735000000, -6.320619e+001,
2736875000, -6.306888e+001,
2738750000, -6.266244e+001,
2740625000, -6.321311e+001,
2742500000, -6.286660e+001,
2744375000, -6.253914e+001,
2746250000, -6.266076e+001,
2748125000, -6.270723e+001,
2750000000, -6.221712e+001,
2751875000, -6.252429e+001,
2753750000, -6.269257e+001,
2755625000, -6.253769e+001,
2757500000, -6.287371e+001,
2759375000, -6.238382e+001,
2761250000, -6.279730e+001,
2763125000, -6.269531e+001,
2765000000, -6.254999e+001,
2766875000, -6.204687e+001,
2768750000, -6.249471e+001,
2770625000, -6.246298e+001,
2772500000, -6.226216e+001,
2774375000, -6.227335e+001,
2776250000, -6.219009e+001,
2778125000, -6.159490e+001,
2780000000, -6.175646e+001,
2781875000, -6.166665e+001,
2783750000, -6.236553e+001,
2785625000, -6.210397e+001,
2787500000, -6.178369e+001,
2789375000, -6.217963e+001,
2791250000, -6.201163e+001,
2793125000, -6.184367e+001,
2795000000, -6.184080e+001,
2796875000, -6.226637e+001,
2798750000, -6.154630e+001,
2800625000, -6.205489e+001,
2802500000, -6.206445e+001,
2804375000, -6.231738e+001,
2806250000, -6.216700e+001,
2808125000, -6.235295e+001,
2810000000, -6.166189e+001,
2811875000, -6.238048e+001,
2813750000, -6.193382e+001,
2815625000, -6.248931e+001,
2817500000, -6.211300e+001,
2819375000, -6.276797e+001,
2821250000, -6.144313e+001,
2823125000, -6.224670e+001,
2825000000, -6.242490e+001,
2826875000, -6.207766e+001,
2828750000, -6.262561e+001,
2830625000, -6.244709e+001,
2832500000, -6.221878e+001,
2834375000, -6.215865e+001,
2836250000, -6.165063e+001,
2838125000, -6.198505e+001,
2840000000, -6.173723e+001,
2841875000, -6.162090e+001,
2843750000, -6.206145e+001,
2845625000, -6.143172e+001,
2847500000, -6.187672e+001,
2849375000, -6.189486e+001,
2851250000, -6.124696e+001,
2853125000, -6.136322e+001,
2855000000, -6.125679e+001,
2856875000, -6.116314e+001,
2858750000, -6.128608e+001,
2860625000, -6.097377e+001,
2862500000, -6.101234e+001,
2864375000, -6.084632e+001,
2866250000, -6.069437e+001,
2868125000, -6.083873e+001,
2870000000, -6.057747e+001,
2871875000, -6.047715e+001,
2873750000, -6.056571e+001,
2875625000, -6.099562e+001,
2877500000, -6.076367e+001,
2879375000, -6.073368e+001,
2881250000, -6.085708e+001,
2883125000, -6.062012e+001,
2885000000, -6.053571e+001,
2886875000, -6.085327e+001,
2888750000, -6.059606e+001,
2890625000, -6.081831e+001,
2892500000, -6.029786e+001,
2894375000, -6.081047e+001,
2896250000, -6.107706e+001,
2898125000, -6.050367e+001,
2900000000, -6.101413e+001,
2901875000, -6.128171e+001,
2903750000, -6.057798e+001,
2905625000, -6.133834e+001,
2907500000, -6.070644e+001,
2909375000, -6.103046e+001,
2911250000, -6.149775e+001,
2913125000, -6.119145e+001,
2915000000, -6.116895e+001,
2916875000, -6.161251e+001,
2918750000, -6.134330e+001,
2920625000, -6.074079e+001,
2922500000, -6.149723e+001,
2924375000, -6.139223e+001,
2926250000, -6.149592e+001,
2928125000, -6.094178e+001,
2930000000, -6.171027e+001,
2931875000, -6.142500e+001,
2933750000, -6.160537e+001,
2935625000, -6.137705e+001,
2937500000, -6.153642e+001,
2939375000, -6.216036e+001,
2941250000, -6.143026e+001,
2943125000, -6.158476e+001,
2945000000, -6.141634e+001,
2946875000, -6.156016e+001,
2948750000, -6.167451e+001,
2950625000, -6.146838e+001,
2952500000, -6.132067e+001,
2954375000, -6.116555e+001,
2956250000, -6.107402e+001,
2958125000, -6.145674e+001,
2960000000, -6.128476e+001,
2961875000, -6.097701e+001,
2963750000, -6.125506e+001,
2965625000, -6.122335e+001,
2967500000, -6.112781e+001,
2969375000, -6.120892e+001,
2971250000, -6.072082e+001,
2973125000, -6.110355e+001,
2975000000, -6.093312e+001,
2976875000, -6.104225e+001,
2978750000, -6.110492e+001,
2980625000, -6.135044e+001,
2982500000, -6.127350e+001,
2984375000, -6.089051e+001,
2986250000, -6.064016e+001,
2988125000, -6.102828e+001,
2990000000, -6.102405e+001,
2991875000, -6.116291e+001,
2993750000, -6.152943e+001,
2995625000, -6.147110e+001,
2997500000, -6.087659e+001,
2999375000, -6.108834e+001,
3001250000, -6.112415e+001,
3003125000, -6.117033e+001,
3005000000, -6.078500e+001,
3006875000, -6.134565e+001,
3008750000, -6.131848e+001,
3010625000, -6.138184e+001,
3012500000, -6.126853e+001,
3014375000, -6.140881e+001,
3016250000, -6.135762e+001,
3018125000, -6.181722e+001,
3020000000, -6.162540e+001,
3021875000, -6.091325e+001,
3023750000, -6.153972e+001,
3025625000, -6.102538e+001,
3027500000, -6.142693e+001,
3029375000, -6.103196e+001,
3031250000, -6.109193e+001,
3033125000, -6.098517e+001,
3035000000, -6.151763e+001,
3036875000, -6.120391e+001,
3038750000, -6.092365e+001,
3040625000, -6.134170e+001,
3042500000, -6.075033e+001,
3044375000, -6.093494e+001,
3046250000, -6.092842e+001,
3048125000, -6.099005e+001,
3050000000, -6.075613e+001,
3051875000, -6.072488e+001,
3053750000, -6.076561e+001,
3055625000, -6.075159e+001,
3057500000, -6.095347e+001,
3059375000, -6.065979e+001,
3061250000, -6.068370e+001,
3063125000, -6.039089e+001,
3065000000, -6.032767e+001,
3066875000, -6.048882e+001,
3068750000, -6.097001e+001,
3070625000, -6.020948e+001,
3072500000, -6.055423e+001,
3074375000, -6.044152e+001,
3076250000, -6.016380e+001,
3078125000, -6.049520e+001,
3080000000, -6.025139e+001,
3081875000, -6.043738e+001,
3083750000, -6.043353e+001,
3085625000, -6.016677e+001,
3087500000, -6.016793e+001,
3089375000, -6.064975e+001,
3091250000, -6.013929e+001,
3093125000, -5.990548e+001,
3095000000, -6.048939e+001,
3096875000, -6.053736e+001,
3098750000, -6.046063e+001,
3100625000, -6.011922e+001,
3102500000, -6.030492e+001,
3104375000, -6.007708e+001,
3106250000, -6.050143e+001,
3108125000, -6.036323e+001,
3110000000, -6.045348e+001,
3111875000, -6.011266e+001,
3113750000, -6.076846e+001,
3115625000, -6.038710e+001,
3117500000, -6.025484e+001,
3119375000, -6.011871e+001,
3121250000, -5.976284e+001,
3123125000, -6.041451e+001,
3125000000, -6.017828e+001,
3126875000, -6.029601e+001,
3128750000, -6.019308e+001,
3130625000, -6.010207e+001,
3132500000, -6.004971e+001,
3134375000, -5.986029e+001,
3136250000, -5.959377e+001,
3138125000, -5.991043e+001,
3140000000, -6.002694e+001,
3141875000, -6.018659e+001,
3143750000, -5.952568e+001,
3145625000, -5.975605e+001,
3147500000, -5.957132e+001,
3149375000, -5.976390e+001,
3151250000, -5.992773e+001,
3153125000, -5.965326e+001,
3155000000, -5.966353e+001,
3156875000, -5.945284e+001,
3158750000, -5.984575e+001,
3160625000, -5.986117e+001,
3162500000, -5.944632e+001,
3164375000, -5.949898e+001,
3166250000, -5.935643e+001,
3168125000, -5.983540e+001,
3170000000, -5.910606e+001,
3171875000, -5.946300e+001,
3173750000, -5.936444e+001,
3175625000, -5.946085e+001,
3177500000, -5.956862e+001,
3179375000, -5.945459e+001,
3181250000, -5.960731e+001,
3183125000, -5.968252e+001,
3185000000, -5.967554e+001,
3186875000, -5.952555e+001,
3188750000, -5.962268e+001,
3190625000, -5.971777e+001,
3192500000, -5.967796e+001,
3194375000, -5.954881e+001,
3196250000, -5.993503e+001,
3198125000, -5.937231e+001,
3200000000, -5.977128e+001,
3201875000, -5.996735e+001,
3203750000, -5.985412e+001,
3205625000, -5.974270e+001,
3207500000, -5.932846e+001,
3209375000, -5.943412e+001,
3211250000, -5.949646e+001,
3213125000, -5.998944e+001,
3215000000, -5.929240e+001,
3216875000, -5.954825e+001,
3218750000, -5.941044e+001,
3220625000, -5.965263e+001,
3222500000, -5.947753e+001,
3224375000, -5.922451e+001,
3226250000, -5.917262e+001,
3228125000, -5.939374e+001,
3230000000, -5.946825e+001,
3231875000, -5.940448e+001,
3233750000, -5.907584e+001,
3235625000, -5.937533e+001,
3237500000, -5.913208e+001,
3239375000, -5.927342e+001,
3241250000, -5.924461e+001,
3243125000, -5.927272e+001,
3245000000, -5.900565e+001,
3246875000, -5.894307e+001,
3248750000, -5.887120e+001,
3250625000, -5.928731e+001,
3252500000, -5.925467e+001,
3254375000, -5.904029e+001,
3256250000, -5.909351e+001,
3258125000, -5.896812e+001,
3260000000, -5.934171e+001,
3261875000, -5.938363e+001,
3263750000, -5.926845e+001,
3265625000, -5.924149e+001,
3267500000, -5.924882e+001,
3269375000, -5.974894e+001,
3271250000, -5.955127e+001,
3273125000, -5.934988e+001,
3275000000, -5.930338e+001,
3276875000, -5.912724e+001,
3278750000, -5.929564e+001,
3280625000, -5.938660e+001,
3282500000, -5.923261e+001,
3284375000, -5.928115e+001,
3286250000, -5.935765e+001,
3288125000, -5.948660e+001,
3290000000, -5.916132e+001,
3291875000, -5.911488e+001,
3293750000, -5.920143e+001,
3295625000, -5.900059e+001,
3297500000, -5.902553e+001,
3299375000, -5.934380e+001,
3301250000, -5.939375e+001,
3303125000, -5.913856e+001,
3305000000, -5.905816e+001,
3306875000, -5.905174e+001,
3308750000, -5.904793e+001,
3310625000, -5.870412e+001,
3312500000, -5.901981e+001,
3314375000, -5.914747e+001,
3316250000, -5.868839e+001,
3318125000, -5.852017e+001,
3320000000, -5.867528e+001,
3321875000, -5.839027e+001,
3323750000, -5.843598e+001,
3325625000, -5.819850e+001,
3327500000, -5.823779e+001,
3329375000, -5.839051e+001,
3331250000, -5.821723e+001,
3333125000, -5.806297e+001,
3335000000, -5.815890e+001,
3336875000, -5.788762e+001,
3338750000, -5.784650e+001,
3340625000, -5.786124e+001,
3342500000, -5.780666e+001,
3344375000, -5.790814e+001,
3346250000, -5.784896e+001,
3348125000, -5.795040e+001,
3350000000, -5.814664e+001,
3351875000, -5.805996e+001,
3353750000, -5.812697e+001,
3355625000, -5.832695e+001,
3357500000, -5.811324e+001,
3359375000, -5.831221e+001,
3361250000, -5.838861e+001,
3363125000, -5.825118e+001,
3365000000, -5.833582e+001,
3366875000, -5.840014e+001,
3368750000, -5.863993e+001,
3370625000, -5.867400e+001,
3372500000, -5.851558e+001,
3374375000, -5.865826e+001,
3376250000, -5.856383e+001,
3378125000, -5.903374e+001,
3380000000, -5.915270e+001,
3381875000, -5.900114e+001,
3383750000, -5.913831e+001,
3385625000, -5.942807e+001,
3387500000, -5.907018e+001,
3389375000, -5.896339e+001,
3391250000, -5.915039e+001,
3393125000, -5.914094e+001,
3395000000, -5.924662e+001,
3396875000, -5.935192e+001,
3398750000, -5.915149e+001,
3400625000, -5.892136e+001,
3402500000, -5.861570e+001,
3404375000, -5.882923e+001,
3406250000, -5.905577e+001,
3408125000, -5.838229e+001,
3410000000, -5.879985e+001,
3411875000, -5.824693e+001,
3413750000, -5.869817e+001,
3415625000, -5.825966e+001,
3417500000, -5.825477e+001,
3419375000, -5.815823e+001,
3421250000, -5.793877e+001,
3423125000, -5.808752e+001,
3425000000, -5.796164e+001,
3426875000, -5.788392e+001,
3428750000, -5.765727e+001,
3430625000, -5.740358e+001,
3432500000, -5.727502e+001,
3434375000, -5.748719e+001,
3436250000, -5.726038e+001,
3438125000, -5.722385e+001,
3440000000, -5.722886e+001,
3441875000, -5.694548e+001,
3443750000, -5.684408e+001,
3445625000, -5.667763e+001,
3447500000, -5.689731e+001,
3449375000, -5.691358e+001,
3451250000, -5.700400e+001,
3453125000, -5.673047e+001,
3455000000, -5.690873e+001,
3456875000, -5.676963e+001,
3458750000, -5.682899e+001,
3460625000, -5.719501e+001,
3462500000, -5.706900e+001,
3464375000, -5.729132e+001,
3466250000, -5.731560e+001,
3468125000, -5.736010e+001,
3470000000, -5.738412e+001,
3471875000, -5.703682e+001,
3473750000, -5.727248e+001,
3475625000, -5.748343e+001,
3477500000, -5.758007e+001,
3479375000, -5.806586e+001,
3481250000, -5.787888e+001,
3483125000, -5.822774e+001,
3485000000, -5.776233e+001,
3486875000, -5.822941e+001,
3488750000, -5.826886e+001,
3490625000, -5.791068e+001,
3492500000, -5.832755e+001,
3494375000, -5.849438e+001,
3496250000, -5.812438e+001,
3498125000, -5.826663e+001,
3500000000, -5.815187e+001,
3501875000, -5.837284e+001,
3503750000, -5.827357e+001,
3505625000, -5.813374e+001,
3507500000, -5.849126e+001,
3509375000, -5.873713e+001,
3511250000, -5.861483e+001,
3513125000, -5.816494e+001,
3515000000, -5.858125e+001,
3516875000, -5.791111e+001,
3518750000, -5.852691e+001,
3520625000, -5.785239e+001,
3522500000, -5.826357e+001,
3524375000, -5.812574e+001,
3526250000, -5.801879e+001,
3528125000, -5.829178e+001,
3530000000, -5.780282e+001,
3531875000, -5.817629e+001,
3533750000, -5.780313e+001,
3535625000, -5.738639e+001,
3537500000, -5.741755e+001,
3539375000, -5.831995e+001,
3541250000, -5.674072e+001,
3543125000, -5.880742e+001,
3545000000, -5.714324e+001,
3546875000, -5.793385e+001,
3548750000, -5.737880e+001,
3550625000, -5.715147e+001,
3552500000, -5.818220e+001,
3554375000, -5.706186e+001,
3556250000, -5.781919e+001,
3558125000, -5.744512e+001,
3560000000, -5.679541e+001,
3561875000, -5.765239e+001,
3563750000, -5.725623e+001,
3565625000, -5.713709e+001,
3567500000, -5.794237e+001,
3569375000, -5.736394e+001,
3571250000, -5.684047e+001,
3573125000, -5.906275e+001,
3575000000, -5.648138e+001,
3576875000, -5.849136e+001,
3578750000, -5.743269e+001,
3580625000, -5.822791e+001,
3582500000, -5.767579e+001,
3584375000, -5.719080e+001,
3586250000, -5.798894e+001,
3588125000, -5.845606e+001,
3590000000, -5.698571e+001,
3591875000, -5.836861e+001,
3593750000, -5.826878e+001,
3595625000, -5.697610e+001,
3597500000, -5.843017e+001,
3599375000, -5.859618e+001,
3601250000, -5.793257e+001,
3603125000, -5.823518e+001,
3605000000, -5.899339e+001,
3606875000, -5.800237e+001,
3608750000, -5.906139e+001,
3610625000, -5.819910e+001,
3612500000, -6.029021e+001,
3614375000, -5.841551e+001,
3616250000, -5.795231e+001,
3618125000, -6.031349e+001,
3620000000, -5.872172e+001,
3621875000, -5.795073e+001,
3623750000, -6.034060e+001,
3625625000, -5.987666e+001,
3627500000, -5.784085e+001,
3629375000, -6.053403e+001,
3631250000, -6.030032e+001,
3633125000, -5.922337e+001,
3635000000, -5.985102e+001,
3636875000, -6.065964e+001,
3638750000, -6.051637e+001,
3640625000, -6.067371e+001,
3642500000, -5.934510e+001,
3644375000, -6.167929e+001,
3646250000, -6.154879e+001,
3648125000, -5.805026e+001,
3650000000, -6.257954e+001,
3651875000, -6.253746e+001,
3653750000, -5.863457e+001,
3655625000, -6.017194e+001,
3657500000, -6.328329e+001,
3659375000, -5.963580e+001,
3661250000, -5.873048e+001,
3663125000, -6.371594e+001,
3665000000, -6.049456e+001,
3666875000, -5.910204e+001,
3668750000, -6.144431e+001,
3670625000, -5.970321e+001,
3672500000, -6.251781e+001,
3674375000, -5.971810e+001,
3676250000, -5.830498e+001,
3678125000, -6.317943e+001,
3680000000, -6.262579e+001,
3681875000, -5.644992e+001,
3683750000, -6.144442e+001,
3685625000, -6.378511e+001,
3687500000, -5.816022e+001,
3689375000, -5.807460e+001,
3691250000, -6.509109e+001,
3693125000, -6.095910e+001,
3695000000, -5.538243e+001,
3696875000, -6.101656e+001,
3698750000, -6.383669e+001,
3700625000, -5.832959e+001,
3702500000, -6.044033e+001,
3704375000, -5.917642e+001,
3706250000, -6.232684e+001,
3708125000, -6.142040e+001,
3710000000, -5.750060e+001,
3711875000, -5.802759e+001,
3713750000, -7.089246e+001,
3715625000, -5.832021e+001,
3717500000, -5.602279e+001,
3719375000, -6.211844e+001,
3721250000, -6.729108e+001,
3723125000, -5.695679e+001,
3725000000, -5.725875e+001,
3726875000, -6.536310e+001,
3728750000, -6.053569e+001,
3730625000, -5.598599e+001,
3732500000, -5.843970e+001,
3734375000, -7.524782e+001,
3736250000, -6.062664e+001,
3738125000, -5.850858e+001,
3740000000, -6.405993e+001,
3741875000, -6.123625e+001,
3743750000, -6.736205e+001,
3745625000, -5.709974e+001,
3747500000, -5.944230e+001,
3749375000, -6.446672e+001,
3751250000, -6.507434e+001,
3753125000, -5.604574e+001,
3755000000, -5.812845e+001,
3756875000, -7.454465e+001,
3758750000, -6.354362e+001,
3760625000, -5.920016e+001,
3762500000, -6.096161e+001,
3764375000, -6.754060e+001,
3766250000, -6.317554e+001,
3768125000, -5.732529e+001,
3770000000, -5.889598e+001,
3771875000, -7.903909e+001,
3773750000, -6.267083e+001,
3775625000, -5.717292e+001,
3777500000, -5.996331e+001,
3779375000, -7.195556e+001,
3781250000, -7.074189e+001,
3783125000, -5.841462e+001,
3785000000, -6.106100e+001,
3786875000, -5.932930e+001,
3788750000, -6.840497e+001,
3790625000, -5.670165e+001,
3792500000, -5.454065e+001,
3794375000, -5.932459e+001,
3796250000, -6.372486e+001,
3798125000, -5.680605e+001,
3800000000, -5.890356e+001,
3801875000, -6.631683e+001,
3803750000, -6.972719e+001,
3805625000, -6.821970e+001,
3807500000, -5.959131e+001,
3809375000, -5.670479e+001,
3811250000, -6.050341e+001,
3813125000, -5.734052e+001,
3815000000, -5.897773e+001,
3816875000, -5.437376e+001,
3818750000, -6.041780e+001,
3820625000, -5.723846e+001,
3822500000, -5.462556e+001,
3824375000, -5.983913e+001,
3826250000, -6.131003e+001,
3828125000, -6.062864e+001,
3830000000, -5.561794e+001,
3831875000, -5.293198e+001,
3833750000, -6.410091e+001,
3835625000, -5.725913e+001,
3837500000, -5.883006e+001,
3839375000, -6.923716e+001,
3841250000, -5.706376e+001,
3843125000, -6.397552e+001,
3845000000, -6.188211e+001,
3846875000, -5.600783e+001,
3848750000, -6.424884e+001,
3850625000, -5.847511e+001,
3852500000, -6.176991e+001,
3854375000, -5.448821e+001,
3856250000, -4.997359e+001,
3858125000, -5.457346e+001,
3860000000, -5.563942e+001,
3861875000, -5.896706e+001,
3863750000, -6.023308e+001,
3865625000, -5.840791e+001,
3867500000, -5.238323e+001,
3869375000, -5.726736e+001,
3871250000, -6.433559e+001,
3873125000, -5.819403e+001,
3875000000, -5.686480e+001,
3876875000, -5.212585e+001,
3878750000, -5.168731e+001,
3880625000, -5.494824e+001,
3882500000, -6.053361e+001,
3884375000, -5.842990e+001,
3886250000, -5.683307e+001,
3888125000, -5.278686e+001,
3890000000, -5.426090e+001,
3891875000, -5.170356e+001,
3893750000, -5.002028e+001,
3895625000, -4.617807e+001,
3897500000, -4.837466e+001,
3899375000, -4.658623e+001,
3901250000, -4.596972e+001,
3903125000, -5.261899e+001,
3905000000, -5.462124e+001,
3906875000, -5.364666e+001,
3908750000, -5.112894e+001,
3910625000, -5.140361e+001,
3912500000, -5.442600e+001,
3914375000, -5.244799e+001,
3916250000, -5.006502e+001,
3918125000, -4.717387e+001,
3920000000, -4.570095e+001,
3921875000, -4.713617e+001,
3923750000, -5.076356e+001,
3925625000, -5.660683e+001,
3927500000, -5.003895e+001,
3929375000, -4.814745e+001,
3931250000, -4.564463e+001,
3933125000, -4.251064e+001,
3935000000, -4.287577e+001,
3936875000, -4.428142e+001,
3938750000, -4.243084e+001,
3940625000, -4.010061e+001,
3942500000, -4.068078e+001,
3944375000, -4.278568e+001,
3946250000, -4.262173e+001,
3948125000, -4.305516e+001,
3950000000, -4.662745e+001,
3951875000, -4.742834e+001,
3953750000, -4.819023e+001,
3955625000, -4.467136e+001,
3957500000, -4.632923e+001,
3959375000, -4.702347e+001,
3961250000, -4.442298e+001,
3963125000, -4.103254e+001,
3965000000, -4.216920e+001,
3966875000, -4.607420e+001,
3968750000, -5.148801e+001,
3970625000, -4.708772e+001,
3972500000, -4.136733e+001,
3974375000, -3.798703e+001,
3976250000, -3.801414e+001,
3978125000, -3.689462e+001,
3980000000, -3.585177e+001,
3981875000, -3.502109e+001,
3983750000, -3.568312e+001,
3985625000, -3.568839e+001,
3987500000, -3.570592e+001,
3989375000, -3.769027e+001,
3991250000, -3.846113e+001,
3993125000, -3.886761e+001,
3995000000, -3.971204e+001,
3996875000, -3.934351e+001,
3998750000, -4.039738e+001,
4000625000, -4.488580e+001,
4002500000, -4.347778e+001,
4004375000, -4.628629e+001,
4006250000, -4.309244e+001,
4008125000, -4.142817e+001,
4010000000, -4.007366e+001,
4011875000, -4.204478e+001,
4013750000, -4.385877e+001,
4015625000, -4.824930e+001,
4017500000, -4.730508e+001,
4019375000, -3.622113e+001,
4021250000, -3.457696e+001,
4023125000, -3.319455e+001,
4025000000, -3.229145e+001,
4026875000, -3.312268e+001,
4028750000, -3.345283e+001,
4030625000, -3.292627e+001,
4032500000, -3.309461e+001,
4034375000, -3.318681e+001,
4036250000, -3.286791e+001,
4038125000, -3.235825e+001,
4040000000, -3.268457e+001,
4041875000, -3.453538e+001,
4043750000, -3.489846e+001,
4045625000, -3.596558e+001,
4047500000, -4.009188e+001,
4049375000, -4.006643e+001,
4051250000, -3.988690e+001,
4053125000, -4.274078e+001,
4055000000, -4.264662e+001,
4056875000, -4.111825e+001,
4058750000, -4.110299e+001,
4060625000, -4.389245e+001,
4062500000, -4.231479e+001,
4064375000, -4.068200e+001,
4066250000, -4.352938e+001,
4068125000, -3.780209e+001,
4070000000, -4.203431e+001,
4071875000, -5.297062e+001,
4073750000, -4.120319e+001,
4075625000, -3.780629e+001,
4077500000, -3.173759e+001,
4079375000, -2.975694e+001,
4081250000, -2.695666e+001,
4083125000, -2.513393e+001,
4085000000, -2.579574e+001,
4086875000, -2.677793e+001,
4088750000, -2.739694e+001,
4090625000, -2.870070e+001,
4092500000, -3.020129e+001,
4094375000, -2.894857e+001,
4096250000, -2.757754e+001,
4098125000, -2.754435e+001,
4100000000, -2.699283e+001,
4101875000, -2.612402e+001,
4103750000, -2.668759e+001,
4105625000, -2.861410e+001,
4107500000, -2.983401e+001,
4109375000, -2.935030e+001,
4111250000, -2.993858e+001,
4113125000, -3.201477e+001,
4115000000, -3.176343e+001,
4116875000, -3.374007e+001,
4118750000, -3.411053e+001,
4120625000, -3.300251e+001,
4122500000, -3.261788e+001,
4124375000, -3.271217e+001,
4126250000, -3.163026e+001,
4128125000, -3.128695e+001,
4130000000, -3.169273e+001,
4131875000, -3.363309e+001,
4133750000, -3.648788e+001,
4135625000, -3.641379e+001,
4137500000, -3.354728e+001,
4139375000, -3.249704e+001,
4141250000, -3.254825e+001,
4143125000, -3.245851e+001,
4145000000, -3.511528e+001,
4146875000, -3.872908e+001,
4148750000, -3.822776e+001,
4150625000, -3.514763e+001,
4152500000, -3.193831e+001,
4154375000, -2.962251e+001,
4156250000, -3.225298e+001,
4158125000, -3.898985e+001,
4160000000, -3.412717e+001,
4161875000, -2.795953e+001,
4163750000, -2.639285e+001,
4165625000, -2.334922e+001,
4167500000, -2.208378e+001,
4169375000, -2.209462e+001,
4171250000, -2.127299e+001,
4173125000, -2.105917e+001,
4175000000, -2.120191e+001,
4176875000, -2.276301e+001,
4178750000, -2.424988e+001,
4180625000, -2.298768e+001,
4182500000, -2.342901e+001,
4184375000, -2.392664e+001,
4186250000, -2.219601e+001,
4188125000, -2.073405e+001,
4190000000, -1.997456e+001,
4191875000, -1.876756e+001,
4193750000, -1.830368e+001,
4195625000, -1.799218e+001,
4197500000, -1.748631e+001,
4199375000, -1.733019e+001,
4201250000, -1.719738e+001,
4203125000, -1.751050e+001,
4205000000, -1.690148e+001,
4206875000, -1.600466e+001,
4208750000, -1.535935e+001,
4210625000, -1.505291e+001,
4212500000, -1.452887e+001,
4214375000, -1.416365e+001,
4216250000, -1.421777e+001,
4218125000, -1.397543e+001,
4220000000, -1.407753e+001,
4221875000, -1.432766e+001,
4223750000, -1.457126e+001,
4225625000, -1.454997e+001,
4227500000, -1.415914e+001,
4229375000, -1.358181e+001,
4231250000, -1.299813e+001,
4233125000, -1.247549e+001,
4235000000, -1.232324e+001,
4236875000, -1.187216e+001,
4238750000, -1.175189e+001,
4240625000, -1.222113e+001,
4242500000, -1.231423e+001,
4244375000, -1.240286e+001,
4246250000, -1.266590e+001,
4248125000, -1.250970e+001,
4250000000, -1.194717e+001,
4251875000, -1.137838e+001,
4253750000, -1.139478e+001,
4255625000, -1.139720e+001,
4257500000, -1.128902e+001,
4259375000, -1.148642e+001,
4261250000, -1.170028e+001,
4263125000, -1.200445e+001,
4265000000, -1.220928e+001,
4266875000, -1.249206e+001,
4268750000, -1.254413e+001,
4270625000, -1.186471e+001,
4272500000, -1.179098e+001,
4274375000, -1.169201e+001,
4276250000, -1.153942e+001,
4278125000, -1.163439e+001,
4280000000, -1.202316e+001,
4281875000, -1.261635e+001,
4283750000, -1.291204e+001,
4285625000, -1.327637e+001,
4287500000, -1.353313e+001,
4289375000, -1.324857e+001,
4291250000, -1.300556e+001,
4293125000, -1.278083e+001,
4295000000, -1.264204e+001,
4296875000, -1.266193e+001,
4298750000, -1.314572e+001,
4300625000, -1.336219e+001,
4302500000, -1.350795e+001,
4304375000, -1.379688e+001,
4306250000, -1.392512e+001,
4308125000, -1.395456e+001,
4310000000, -1.363886e+001,
4311875000, -1.337737e+001,
4313750000, -1.333651e+001,
4315625000, -1.347665e+001,
4317500000, -1.381817e+001,
4319375000, -1.421354e+001,
4321250000, -1.470899e+001,
4323125000, -1.484559e+001,
4325000000, -1.456995e+001,
4326875000, -1.405044e+001,
4328750000, -1.395833e+001,
4330625000, -1.393310e+001,
4332500000, -1.391111e+001,
4334375000, -1.407558e+001,
4336250000, -1.437333e+001,
4338125000, -1.474474e+001,
4340000000, -1.472203e+001,
4341875000, -1.478032e+001,
4343750000, -1.482179e+001,
4345625000, -1.442858e+001,
4347500000, -1.408287e+001,
4349375000, -1.398079e+001,
4351250000, -1.421713e+001,
4353125000, -1.486548e+001,
4355000000, -1.553247e+001,
4356875000, -1.578532e+001,
4358750000, -1.588233e+001,
4360625000, -1.488288e+001,
4362500000, -1.459858e+001,
4364375000, -1.475192e+001,
4366250000, -1.485089e+001,
4368125000, -1.521263e+001,
4370000000, -1.557416e+001,
4371875000, -1.567203e+001,
4373750000, -1.543259e+001,
4375625000, -1.541358e+001,
4377500000, -1.578648e+001,
4379375000, -1.601623e+001,
4381250000, -1.582388e+001,
4383125000, -1.500455e+001,
4385000000, -1.445020e+001,
4386875000, -1.425379e+001,
4388750000, -1.428335e+001,
4390625000, -1.469990e+001,
4392500000, -1.481842e+001,
4394375000, -1.463760e+001,
4396250000, -1.424216e+001,
4398125000, -1.386111e+001,
4400000000, -1.374637e+001,
4401875000, -1.377531e+001,
4403750000, -1.417509e+001,
4405625000, -1.446931e+001,
4407500000, -1.451006e+001,
4409375000, -1.463814e+001,
4411250000, -1.467634e+001,
4413125000, -1.494904e+001,
4415000000, -1.584625e+001,
4416875000, -1.654479e+001,
4418750000, -1.753399e+001,
4420625000, -1.841050e+001,
4422500000, -1.844635e+001,
4424375000, -1.969035e+001,
4426250000, -1.987619e+001,
4428125000, -2.024437e+001,
4430000000, -2.170063e+001,
4431875000, -2.200719e+001,
4433750000, -2.200951e+001,
4435625000, -2.209551e+001,
4437500000, -2.118071e+001,
4439375000, -2.049653e+001,
4441250000, -2.049837e+001,
4443125000, -1.995139e+001,
4445000000, -1.959825e+001,
4446875000, -1.940098e+001,
4448750000, -1.880951e+001,
4450625000, -1.868876e+001,
4452500000, -1.870070e+001,
4454375000, -1.865473e+001,
4456250000, -1.844511e+001,
4458125000, -1.856262e+001,
4460000000, -1.856801e+001,
4461875000, -1.882535e+001,
4463750000, -1.916339e+001,
4465625000, -1.941911e+001,
4467500000, -2.037211e+001,
4469375000, -2.091512e+001,
4471250000, -2.113412e+001,
4473125000, -2.170026e+001,
4475000000, -2.174378e+001,
4476875000, -2.221919e+001,
4478750000, -2.263901e+001,
4480625000, -2.267811e+001,
4482500000, -2.237423e+001,
4484375000, -2.179749e+001,
4486250000, -2.135311e+001,
4488125000, -2.135238e+001,
4490000000, -2.129401e+001,
4491875000, -2.124831e+001,
4493750000, -2.107127e+001,
4495625000, -2.059432e+001,
4497500000, -2.047396e+001,
4499375000, -2.013436e+001,
4501250000, -2.075699e+001,
4503125000, -2.090815e+001,
4505000000, -2.121359e+001,
4506875000, -2.125171e+001,
4508750000, -2.129156e+001,
4510625000, -2.139627e+001,
4512500000, -2.152068e+001,
4514375000, -2.150747e+001,
4516250000, -2.157820e+001,
4518125000, -2.188276e+001,
4520000000, -2.173564e+001,
4521875000, -2.155273e+001,
4523750000, -2.130770e+001,
4525625000, -2.123826e+001,
4527500000, -2.124426e+001,
4529375000, -2.132737e+001,
4531250000, -2.119403e+001,
4533125000, -2.117981e+001,
4535000000, -2.122349e+001,
4536875000, -2.132204e+001,
4538750000, -2.147425e+001,
4540625000, -2.173482e+001,
4542500000, -2.173741e+001,
4544375000, -2.184405e+001,
4546250000, -2.206739e+001,
4548125000, -2.233348e+001,
4550000000, -2.252492e+001,
4551875000, -2.241725e+001,
4553750000, -2.222382e+001,
4555625000, -2.206395e+001,
4557500000, -2.223556e+001,
4559375000, -2.229212e+001,
4561250000, -2.245794e+001,
4563125000, -2.233405e+001,
4565000000, -2.213527e+001,
4566875000, -2.197791e+001,
4568750000, -2.191044e+001,
4570625000, -2.188008e+001,
4572500000, -2.192722e+001,
4574375000, -2.187481e+001,
4576250000, -2.187116e+001,
4578125000, -2.199036e+001,
4580000000, -2.213455e+001,
4581875000, -2.225041e+001,
4583750000, -2.226479e+001,
4585625000, -2.211658e+001,
4587500000, -2.207709e+001,
4589375000, -2.212451e+001,
4591250000, -2.228476e+001,
4593125000, -2.237171e+001,
4595000000, -2.239242e+001,
4596875000, -2.254415e+001,
4598750000, -2.281588e+001,
4600625000, -2.315781e+001,
4602500000, -2.341658e+001,
4604375000, -2.349613e+001,
4606250000, -2.368935e+001,
4608125000, -2.395911e+001,
4610000000, -2.430910e+001,
4611875000, -2.451990e+001,
4613750000, -2.450601e+001,
4615625000, -2.464498e+001,
4617500000, -2.484282e+001,
4619375000, -2.513270e+001,
4621250000, -2.529325e+001,
4623125000, -2.523535e+001,
4625000000, -2.532842e+001,
4626875000, -2.562023e+001,
4628750000, -2.593863e+001,
4630625000, -2.598798e+001,
4632500000, -2.598942e+001,
4634375000, -2.619237e+001,
4636250000, -2.666694e+001,
4638125000, -2.698878e+001,
4640000000, -2.701959e+001,
4641875000, -2.710919e+001,
4643750000, -2.743970e+001,
4645625000, -2.780403e+001,
4647500000, -2.777069e+001,
4649375000, -2.752920e+001,
4651250000, -2.748142e+001,
4653125000, -2.765182e+001,
4655000000, -2.757646e+001,
4656875000, -2.721987e+001,
4658750000, -2.700502e+001,
4660625000, -2.709010e+001,
4662500000, -2.710228e+001,
4664375000, -2.676812e+001,
4666250000, -2.656505e+001,
4668125000, -2.674316e+001,
4670000000, -2.686623e+001,
4671875000, -2.664321e+001,
4673750000, -2.660972e+001,
4675625000, -2.690353e+001,
4677500000, -2.711200e+001,
4679375000, -2.701948e+001,
4681250000, -2.713813e+001,
4683125000, -2.762331e+001,
4685000000, -2.796549e+001,
4686875000, -2.802343e+001,
4688750000, -2.840557e+001,
4690625000, -2.918060e+001,
4692500000, -2.958761e+001,
4694375000, -2.981084e+001,
4696250000, -3.054970e+001,
4698125000, -3.126196e+001,
4700000000, -3.124041e+001,
4701875000, -3.128884e+001,
4703750000, -3.186397e+001,
4705625000, -3.202769e+001,
4707500000, -3.184280e+001,
4709375000, -3.244088e+001,
4711250000, -3.336716e+001,
4713125000, -3.346386e+001,
4715000000, -3.357922e+001,
4716875000, -3.445440e+001,
4718750000, -3.436289e+001,
4720625000, -3.371101e+001,
4722500000, -3.417648e+001,
4724375000, -3.466264e+001,
4726250000, -3.435599e+001,
4728125000, -3.510203e+001,
4730000000, -3.607789e+001,
4731875000, -3.520940e+001,
4733750000, -3.519687e+001,
4735625000, -3.624216e+001,
4737500000, -3.634171e+001,
4739375000, -3.708942e+001,
4741250000, -3.836628e+001,
4743125000, -3.760514e+001,
4745000000, -3.821220e+001,
4746875000, -4.066006e+001,
4748750000, -4.030179e+001,
4750625000, -4.068757e+001,
4752500000, -4.207998e+001,
4754375000, -4.117717e+001,
4756250000, -4.297915e+001,
4758125000, -4.415282e+001,
4760000000, -4.185114e+001,
4761875000, -4.420959e+001,
4763750000, -4.518905e+001,
4765625000, -4.399904e+001,
4767500000, -4.748477e+001,
4769375000, -4.620452e+001,
4771250000, -4.789748e+001,
4773125000, -4.972074e+001,
4775000000, -4.874120e+001,
4776875000, -5.642950e+001,
4778750000, -5.060507e+001,
4780625000, -5.504484e+001,
4782500000, -5.571647e+001,
4784375000, -5.404910e+001,
4786250000, -6.951964e+001,
4788125000, -5.421348e+001,
4790000000, -7.377916e+001,
4791875000, -5.329003e+001,
4793750000, -7.239040e+001,
4795625000, -5.349298e+001,
4797500000, -6.762359e+001,
4799375000, -5.305901e+001,
4801250000, -5.942727e+001,
4803125000, -5.456898e+001,
4805000000, -5.613919e+001,
4806875000, -5.418154e+001,
4808750000, -5.622038e+001,
4810625000, -5.482950e+001,
4812500000, -5.823967e+001,
4814375000, -5.867204e+001,
4816250000, -5.631392e+001,
4818125000, -5.915575e+001,
4820000000, -5.408025e+001,
4821875000, -5.483013e+001,
4823750000, -5.597062e+001,
4825625000, -5.249618e+001,
4827500000, -6.252397e+001,
4829375000, -5.351162e+001,
4831250000, -6.446725e+001,
4833125000, -5.505738e+001,
4835000000, -6.282557e+001,
4836875000, -5.663839e+001,
4838750000, -5.652520e+001,
4840625000, -6.660268e+001,
4842500000, -5.513622e+001,
4844375000, -6.149327e+001,
4846250000, -6.164445e+001,
4848125000, -5.802543e+001,
4850000000, -7.077651e+001,
4851875000, -5.845763e+001,
4853750000, -5.771979e+001,
4855625000, -6.833441e+001,
4857500000, -6.202158e+001,
4859375000, -5.860214e+001,
4861250000, -6.203646e+001,
4863125000, -6.534846e+001,
4865000000, -6.105202e+001,
4866875000, -6.013353e+001,
4868750000, -6.216066e+001,
4870625000, -6.426138e+001,
4872500000, -6.150666e+001,
4874375000, -6.052144e+001,
4876250000, -6.127975e+001,
4878125000, -6.160826e+001,
4880000000, -6.180252e+001,
4881875000, -6.153151e+001,
4883750000, -6.171502e+001,
4885625000, -6.135017e+001,
4887500000, -6.136749e+001,
4889375000, -6.123233e+001,
4891250000, -6.104295e+001,
4893125000, -6.127771e+001,
4895000000, -6.058494e+001,
4896875000, -6.111093e+001,
4898750000, -6.061008e+001,
4900625000, -6.066520e+001,
4902500000, -6.098623e+001,
4904375000, -6.063904e+001,
4906250000, -6.065798e+001,
4908125000, -6.044048e+001,
4910000000, -6.055129e+001,
4911875000, -6.049428e+001,
4913750000, -6.009238e+001,
4915625000, -6.035542e+001,
4917500000, -6.088242e+001,
4919375000, -6.051918e+001,
4921250000, -6.072258e+001,
4923125000, -6.046488e+001,
4925000000, -6.062431e+001,
4926875000, -6.096492e+001,
4928750000, -6.096905e+001,
4930625000, -6.080043e+001,
4932500000, -6.129852e+001,
4934375000, -6.127816e+001,
4936250000, -6.145517e+001,
4938125000, -6.149680e+001,
4940000000, -6.136867e+001,
4941875000, -6.170839e+001,
4943750000, -6.187166e+001,
4945625000, -6.159538e+001,
4947500000, -6.212533e+001,
4949375000, -6.207444e+001,
4951250000, -6.248432e+001,
4953125000, -6.213869e+001,
4955000000, -6.218622e+001,
4956875000, -6.204239e+001,
4958750000, -6.229472e+001,
4960625000, -6.212663e+001,
4962500000, -6.247430e+001,
4964375000, -6.235253e+001,
4966250000, -6.237299e+001,
4968125000, -6.293875e+001,
4970000000, -6.242175e+001,
4971875000, -6.230499e+001,
4973750000, -6.213327e+001,
4975625000, -6.230267e+001,
4977500000, -6.228878e+001,
4979375000, -6.266302e+001,
4981250000, -6.237377e+001,
4983125000, -6.256422e+001,
4985000000, -6.223965e+001,
4986875000, -6.164342e+001,
4988750000, -6.200012e+001,
4990625000, -6.208094e+001,
4992500000, -6.195679e+001,
4994375000, -6.161363e+001,
4996250000, -6.169183e+001,
4998125000, -6.176234e+001,
5000000000, -6.142065e+001,
