"S12 Log Mag"
"Frequency (Hz)","dB",
2000000000, -6.439952e+001,
2001875000, -6.426817e+001,
2003750000, -6.468052e+001,
2005625000, -6.469189e+001,
2007500000, -6.503638e+001,
2009375000, -6.410291e+001,
2011250000, -6.365779e+001,
2013125000, -6.515881e+001,
2015000000, -6.501579e+001,
2016875000, -6.439396e+001,
2018750000, -6.525335e+001,
2020625000, -6.482249e+001,
2022500000, -6.542624e+001,
2024375000, -6.553400e+001,
2026250000, -6.548969e+001,
2028125000, -6.491638e+001,
2030000000, -6.435575e+001,
2031875000, -6.507481e+001,
2033750000, -6.526871e+001,
2035625000, -6.510609e+001,
2037500000, -6.483055e+001,
2039375000, -6.477270e+001,
2041250000, -6.471671e+001,
2043125000, -6.572754e+001,
2045000000, -6.488913e+001,
2046875000, -6.515779e+001,
2048750000, -6.523045e+001,
2050625000, -6.539678e+001,
2052500000, -6.504579e+001,
2054375000, -6.500268e+001,
2056250000, -6.537936e+001,
2058125000, -6.497225e+001,
2060000000, -6.488357e+001,
2061875000, -6.423109e+001,
2063750000, -6.455607e+001,
2065625000, -6.487642e+001,
2067500000, -6.524414e+001,
2069375000, -6.538884e+001,
2071250000, -6.486108e+001,
2073125000, -6.527975e+001,
2075000000, -6.499706e+001,
2076875000, -6.484461e+001,
2078750000, -6.539893e+001,
2080625000, -6.487633e+001,
2082500000, -6.443567e+001,
2084375000, -6.466560e+001,
2086250000, -6.469984e+001,
2088125000, -6.498824e+001,
2090000000, -6.484798e+001,
2091875000, -6.426730e+001,
2093750000, -6.587914e+001,
2095625000, -6.490140e+001,
2097500000, -6.504417e+001,
2099375000, -6.501526e+001,
2101250000, -6.497741e+001,
2103125000, -6.537390e+001,
2105000000, -6.452433e+001,
2106875000, -6.409235e+001,
2108750000, -6.601482e+001,
2110625000, -6.536575e+001,
2112500000, -6.545173e+001,
2114375000, -6.535537e+001,
2116250000, -6.531940e+001,
2118125000, -6.534720e+001,
2120000000, -6.455781e+001,
2121875000, -6.502457e+001,
2123750000, -6.542053e+001,
2125625000, -6.499496e+001,
2127500000, -6.543378e+001,
2129375000, -6.590404e+001,
2131250000, -6.567681e+001,
2133125000, -6.506808e+001,
2135000000, -6.575211e+001,
2136875000, -6.526664e+001,
2138750000, -6.500324e+001,
2140625000, -6.550293e+001,
2142500000, -6.616664e+001,
2144375000, -6.566020e+001,
2146250000, -6.549094e+001,
2148125000, -6.580640e+001,
2150000000, -6.598456e+001,
2151875000, -6.582531e+001,
2153750000, -6.604137e+001,
2155625000, -6.588300e+001,
2157500000, -6.598924e+001,
2159375000, -6.779293e+001,
2161250000, -6.626271e+001,
2163125000, -6.612043e+001,
2165000000, -6.750454e+001,
2166875000, -6.724646e+001,
2168750000, -6.678455e+001,
2170625000, -6.688847e+001,
2172500000, -6.746047e+001,
2174375000, -6.657399e+001,
2176250000, -6.616251e+001,
2178125000, -6.544720e+001,
2180000000, -6.708959e+001,
2181875000, -6.749805e+001,
2183750000, -6.576149e+001,
2185625000, -6.636382e+001,
2187500000, -6.629224e+001,
2189375000, -6.547411e+001,
2191250000, -6.647901e+001,
2193125000, -6.620442e+001,
2195000000, -6.662140e+001,
2196875000, -6.608317e+001,
2198750000, -6.597723e+001,
2200625000, -6.481845e+001,
2202500000, -6.570455e+001,
2204375000, -6.693352e+001,
2206250000, -6.566074e+001,
2208125000, -6.555894e+001,
2210000000, -6.533550e+001,
2211875000, -6.576984e+001,
2213750000, -6.498254e+001,
2215625000, -6.511518e+001,
2217500000, -6.608253e+001,
2219375000, -6.576564e+001,
2221250000, -6.520635e+001,
2223125000, -6.518197e+001,
2225000000, -6.520354e+001,
2226875000, -6.472491e+001,
2228750000, -6.546370e+001,
2230625000, -6.553646e+001,
2232500000, -6.509959e+001,
2234375000, -6.535739e+001,
2236250000, -6.531840e+001,
2238125000, -6.608234e+001,
2240000000, -6.603722e+001,
2241875000, -6.555988e+001,
2243750000, -6.552602e+001,
2245625000, -6.577723e+001,
2247500000, -6.548661e+001,
2249375000, -6.578633e+001,
2251250000, -6.590789e+001,
2253125000, -6.575313e+001,
2255000000, -6.644025e+001,
2256875000, -6.650301e+001,
2258750000, -6.650301e+001,
2260625000, -6.581638e+001,
2262500000, -6.651458e+001,
2264375000, -6.672897e+001,
2266250000, -6.648988e+001,
2268125000, -6.764627e+001,
2270000000, -6.763522e+001,
2271875000, -6.774632e+001,
2273750000, -6.613584e+001,
2275625000, -6.752558e+001,
2277500000, -6.626138e+001,
2279375000, -6.671016e+001,
2281250000, -6.603857e+001,
2283125000, -6.792649e+001,
2285000000, -6.822934e+001,
2286875000, -6.699707e+001,
2288750000, -6.702747e+001,
2290625000, -6.667123e+001,
2292500000, -6.709800e+001,
2294375000, -6.717974e+001,
2296250000, -6.580536e+001,
2298125000, -6.740456e+001,
2300000000, -6.683227e+001,
2301875000, -6.670901e+001,
2303750000, -6.712550e+001,
2305625000, -6.657446e+001,
2307500000, -6.612115e+001,
2309375000, -6.666261e+001,
2311250000, -6.645303e+001,
2313125000, -6.549784e+001,
2315000000, -6.643908e+001,
2316875000, -6.593971e+001,
2318750000, -6.674490e+001,
2320625000, -6.524638e+001,
2322500000, -6.499243e+001,
2324375000, -6.596479e+001,
2326250000, -6.585431e+001,
2328125000, -6.505957e+001,
2330000000, -6.527245e+001,
2331875000, -6.605206e+001,
2333750000, -6.596027e+001,
2335625000, -6.533978e+001,
2337500000, -6.521344e+001,
2339375000, -6.501305e+001,
2341250000, -6.584853e+001,
2343125000, -6.497965e+001,
2345000000, -6.621503e+001,
2346875000, -6.619990e+001,
2348750000, -6.557052e+001,
2350625000, -6.590397e+001,
2352500000, -6.565353e+001,
2354375000, -6.572006e+001,
2356250000, -6.600755e+001,
2358125000, -6.519997e+001,
2360000000, -6.526145e+001,
2361875000, -6.528191e+001,
2363750000, -6.667937e+001,
2365625000, -6.563323e+001,
2367500000, -6.548637e+001,
2369375000, -6.486079e+001,
2371250000, -6.537627e+001,
2373125000, -6.600153e+001,
2375000000, -6.606174e+001,
2376875000, -6.564222e+001,
2378750000, -6.578390e+001,
2380625000, -6.602248e+001,
2382500000, -6.535825e+001,
2384375000, -6.512407e+001,
2386250000, -6.566337e+001,
2388125000, -6.570611e+001,
2390000000, -6.634876e+001,
2391875000, -6.445370e+001,
2393750000, -6.500993e+001,
2395625000, -6.592091e+001,
2397500000, -6.585553e+001,
2399375000, -6.589474e+001,
2401250000, -6.526405e+001,
2403125000, -6.563565e+001,
2405000000, -6.542005e+001,
2406875000, -6.514304e+001,
2408750000, -6.618991e+001,
2410625000, -6.518851e+001,
2412500000, -6.513953e+001,
2414375000, -6.517544e+001,
2416250000, -6.548910e+001,
2418125000, -6.551375e+001,
2420000000, -6.552895e+001,
2421875000, -6.567503e+001,
2423750000, -6.565055e+001,
2425625000, -6.514158e+001,
2427500000, -6.538424e+001,
2429375000, -6.533277e+001,
2431250000, -6.536516e+001,
2433125000, -6.451285e+001,
2435000000, -6.578328e+001,
2436875000, -6.526224e+001,
2438750000, -6.486478e+001,
2440625000, -6.487103e+001,
2442500000, -6.471550e+001,
2444375000, -6.544343e+001,
2446250000, -6.495063e+001,
2448125000, -6.471662e+001,
2450000000, -6.422224e+001,
2451875000, -6.539055e+001,
2453750000, -6.517512e+001,
2455625000, -6.556283e+001,
2457500000, -6.587208e+001,
2459375000, -6.656686e+001,
2461250000, -6.580892e+001,
2463125000, -6.485169e+001,
2465000000, -6.443324e+001,
2466875000, -6.524409e+001,
2468750000, -6.502333e+001,
2470625000, -6.469557e+001,
2472500000, -6.601329e+001,
2474375000, -6.529105e+001,
2476250000, -6.469376e+001,
2478125000, -6.539040e+001,
2480000000, -6.514165e+001,
2481875000, -6.478899e+001,
2483750000, -6.497381e+001,
2485625000, -6.483865e+001,
2487500000, -6.454488e+001,
2489375000, -6.457044e+001,
2491250000, -6.472083e+001,
2493125000, -6.488020e+001,
2495000000, -6.414016e+001,
2496875000, -6.442394e+001,
2498750000, -6.491060e+001,
2500625000, -6.473772e+001,
2502500000, -6.433289e+001,
2504375000, -6.448942e+001,
2506250000, -6.433657e+001,
2508125000, -6.508665e+001,
2510000000, -6.466303e+001,
2511875000, -6.388588e+001,
2513750000, -6.439779e+001,
2515625000, -6.502226e+001,
2517500000, -6.494497e+001,
2519375000, -6.461000e+001,
2521250000, -6.467281e+001,
2523125000, -6.479529e+001,
2525000000, -6.472031e+001,
2526875000, -6.466702e+001,
2528750000, -6.492742e+001,
2530625000, -6.470164e+001,
2532500000, -6.435400e+001,
2534375000, -6.515906e+001,
2536250000, -6.439563e+001,
2538125000, -6.484514e+001,
2540000000, -6.491248e+001,
2541875000, -6.527808e+001,
2543750000, -6.566468e+001,
2545625000, -6.530255e+001,
2547500000, -6.442490e+001,
2549375000, -6.574154e+001,
2551250000, -6.472096e+001,
2553125000, -6.472758e+001,
2555000000, -6.521668e+001,
2556875000, -6.522191e+001,
2558750000, -6.539520e+001,
2560625000, -6.507039e+001,
2562500000, -6.570164e+001,
2564375000, -6.590352e+001,
2566250000, -6.532241e+001,
2568125000, -6.510611e+001,
2570000000, -6.486979e+001,
2571875000, -6.521632e+001,
2573750000, -6.486230e+001,
2575625000, -6.582018e+001,
2577500000, -6.476682e+001,
2579375000, -6.497303e+001,
2581250000, -6.478873e+001,
2583125000, -6.452763e+001,
2585000000, -6.463475e+001,
2586875000, -6.432067e+001,
2588750000, -6.480428e+001,
2590625000, -6.412635e+001,
2592500000, -6.401143e+001,
2594375000, -6.510835e+001,
2596250000, -6.405710e+001,
2598125000, -6.401731e+001,
2600000000, -6.410390e+001,
2601875000, -6.466562e+001,
2603750000, -6.469970e+001,
2605625000, -6.414413e+001,
2607500000, -6.364764e+001,
2609375000, -6.399612e+001,
2611250000, -6.398826e+001,
2613125000, -6.352909e+001,
2615000000, -6.387909e+001,
2616875000, -6.332999e+001,
2618750000, -6.469110e+001,
2620625000, -6.396235e+001,
2622500000, -6.390384e+001,
2624375000, -6.351178e+001,
2626250000, -6.337931e+001,
2628125000, -6.433879e+001,
2630000000, -6.346976e+001,
2631875000, -6.369391e+001,
2633750000, -6.411971e+001,
2635625000, -6.361637e+001,
2637500000, -6.412076e+001,
2639375000, -6.358952e+001,
2641250000, -6.401047e+001,
2643125000, -6.345431e+001,
2645000000, -6.398386e+001,
2646875000, -6.376921e+001,
2648750000, -6.395840e+001,
2650625000, -6.436840e+001,
2652500000, -6.357753e+001,
2654375000, -6.368791e+001,
2656250000, -6.327110e+001,
2658125000, -6.426446e+001,
2660000000, -6.409379e+001,
2661875000, -6.426688e+001,
2663750000, -6.392101e+001,
2665625000, -6.450639e+001,
2667500000, -6.459743e+001,
2669375000, -6.457347e+001,
2671250000, -6.382549e+001,
2673125000, -6.406496e+001,
2675000000, -6.461800e+001,
2676875000, -6.386061e+001,
2678750000, -6.459894e+001,
2680625000, -6.344484e+001,
2682500000, -6.366933e+001,
2684375000, -6.403552e+001,
2686250000, -6.361813e+001,
2688125000, -6.370055e+001,
2690000000, -6.419431e+001,
2691875000, -6.353627e+001,
2693750000, -6.362787e+001,
2695625000, -6.327934e+001,
2697500000, -6.366144e+001,
2699375000, -6.391850e+001,
2701250000, -6.393349e+001,
2703125000, -6.326563e+001,
2705000000, -6.361462e+001,
2706875000, -6.415732e+001,
2708750000, -6.336654e+001,
2710625000, -6.330669e+001,
2712500000, -6.334953e+001,
2714375000, -6.390800e+001,
2716250000, -6.343560e+001,
2718125000, -6.305754e+001,
2720000000, -6.318256e+001,
2721875000, -6.397540e+001,
2723750000, -6.302085e+001,
2725625000, -6.298805e+001,
2727500000, -6.352110e+001,
2729375000, -6.379041e+001,
2731250000, -6.299958e+001,
2733125000, -6.321537e+001,
2735000000, -6.356788e+001,
2736875000, -6.290300e+001,
2738750000, -6.262333e+001,
2740625000, -6.234877e+001,
2742500000, -6.250952e+001,
2744375000, -6.300618e+001,
2746250000, -6.314778e+001,
2748125000, -6.351141e+001,
2750000000, -6.309896e+001,
2751875000, -6.234150e+001,
2753750000, -6.309017e+001,
2755625000, -6.265034e+001,
2757500000, -6.280441e+001,
2759375000, -6.221497e+001,
2761250000, -6.242550e+001,
2763125000, -6.259383e+001,
2765000000, -6.265615e+001,
2766875000, -6.252450e+001,
2768750000, -6.226611e+001,
2770625000, -6.287385e+001,
2772500000, -6.229224e+001,
2774375000, -6.176941e+001,
2776250000, -6.227418e+001,
2778125000, -6.204456e+001,
2780000000, -6.239742e+001,
2781875000, -6.183472e+001,
2783750000, -6.201424e+001,
2785625000, -6.188567e+001,
2787500000, -6.225493e+001,
2789375000, -6.182587e+001,
2791250000, -6.176491e+001,
2793125000, -6.241562e+001,
2795000000, -6.218795e+001,
2796875000, -6.230898e+001,
2798750000, -6.187017e+001,
2800625000, -6.205989e+001,
2802500000, -6.203445e+001,
2804375000, -6.202722e+001,
2806250000, -6.223651e+001,
2808125000, -6.167021e+001,
2810000000, -6.200127e+001,
2811875000, -6.252224e+001,
2813750000, -6.217533e+001,
2815625000, -6.194209e+001,
2817500000, -6.217580e+001,
2819375000, -6.219614e+001,
2821250000, -6.172278e+001,
2823125000, -6.202038e+001,
2825000000, -6.211759e+001,
2826875000, -6.236853e+001,
2828750000, -6.206815e+001,
2830625000, -6.184862e+001,
2832500000, -6.229430e+001,
2834375000, -6.256802e+001,
2836250000, -6.225312e+001,
2838125000, -6.179305e+001,
2840000000, -6.170117e+001,
2841875000, -6.196437e+001,
2843750000, -6.149223e+001,
2845625000, -6.189231e+001,
2847500000, -6.170474e+001,
2849375000, -6.184599e+001,
2851250000, -6.194238e+001,
2853125000, -6.130981e+001,
2855000000, -6.135143e+001,
2856875000, -6.128765e+001,
2858750000, -6.147402e+001,
2860625000, -6.118569e+001,
2862500000, -6.074973e+001,
2864375000, -6.088744e+001,
2866250000, -6.094717e+001,
2868125000, -6.107669e+001,
2870000000, -6.105047e+001,
2871875000, -6.059010e+001,
2873750000, -6.050732e+001,
2875625000, -6.052317e+001,
2877500000, -6.085632e+001,
2879375000, -6.056304e+001,
2881250000, -6.055351e+001,
2883125000, -6.082276e+001,
2885000000, -6.058060e+001,
2886875000, -6.071223e+001,
2888750000, -6.066189e+001,
2890625000, -6.079772e+001,
2892500000, -6.035197e+001,
2894375000, -6.052324e+001,
2896250000, -6.087087e+001,
2898125000, -6.061489e+001,
2900000000, -6.100054e+001,
2901875000, -6.075957e+001,
2903750000, -6.061535e+001,
2905625000, -6.129659e+001,
2907500000, -6.096408e+001,
2909375000, -6.069835e+001,
2911250000, -6.110368e+001,
2913125000, -6.134349e+001,
2915000000, -6.167786e+001,
2916875000, -6.149976e+001,
2918750000, -6.071408e+001,
2920625000, -6.128548e+001,
2922500000, -6.121797e+001,
2924375000, -6.124227e+001,
2926250000, -6.148904e+001,
2928125000, -6.170095e+001,
2930000000, -6.148892e+001,
2931875000, -6.145544e+001,
2933750000, -6.142971e+001,
2935625000, -6.166683e+001,
2937500000, -6.119485e+001,
2939375000, -6.234406e+001,
2941250000, -6.188242e+001,
2943125000, -6.154118e+001,
2945000000, -6.182701e+001,
2946875000, -6.136353e+001,
2948750000, -6.170404e+001,
2950625000, -6.143259e+001,
2952500000, -6.160913e+001,
2954375000, -6.153415e+001,
2956250000, -6.120812e+001,
2958125000, -6.141882e+001,
2960000000, -6.097730e+001,
2961875000, -6.141582e+001,
2963750000, -6.125090e+001,
2965625000, -6.125974e+001,
2967500000, -6.094909e+001,
2969375000, -6.129073e+001,
2971250000, -6.102135e+001,
2973125000, -6.110932e+001,
2975000000, -6.113673e+001,
2976875000, -6.101482e+001,
2978750000, -6.102525e+001,
2980625000, -6.085351e+001,
2982500000, -6.095775e+001,
2984375000, -6.114016e+001,
2986250000, -6.136671e+001,
2988125000, -6.111973e+001,
2990000000, -6.072902e+001,
2991875000, -6.100408e+001,
2993750000, -6.129067e+001,
2995625000, -6.121797e+001,
2997500000, -6.127772e+001,
2999375000, -6.130872e+001,
3001250000, -6.102937e+001,
3003125000, -6.122733e+001,
3005000000, -6.127388e+001,
3006875000, -6.086074e+001,
3008750000, -6.113869e+001,
3010625000, -6.165543e+001,
3012500000, -6.108419e+001,
3014375000, -6.117839e+001,
3016250000, -6.137992e+001,
3018125000, -6.143770e+001,
3020000000, -6.154758e+001,
3021875000, -6.107545e+001,
3023750000, -6.164044e+001,
3025625000, -6.149478e+001,
3027500000, -6.125673e+001,
3029375000, -6.146233e+001,
3031250000, -6.053289e+001,
3033125000, -6.155646e+001,
3035000000, -6.180212e+001,
3036875000, -6.166715e+001,
3038750000, -6.096461e+001,
3040625000, -6.112696e+001,
3042500000, -6.068502e+001,
3044375000, -6.099425e+001,
3046250000, -6.088510e+001,
3048125000, -6.081549e+001,
3050000000, -6.072941e+001,
3051875000, -6.058144e+001,
3053750000, -6.077226e+001,
3055625000, -6.047649e+001,
3057500000, -6.088624e+001,
3059375000, -6.031305e+001,
3061250000, -6.069062e+001,
3063125000, -6.022289e+001,
3065000000, -6.060164e+001,
3066875000, -6.073167e+001,
3068750000, -6.063710e+001,
3070625000, -6.038028e+001,
3072500000, -6.082267e+001,
3074375000, -6.037942e+001,
3076250000, -6.081757e+001,
3078125000, -6.016692e+001,
3080000000, -6.053648e+001,
3081875000, -6.088386e+001,
3083750000, -6.032529e+001,
3085625000, -6.044485e+001,
3087500000, -6.042273e+001,
3089375000, -6.087140e+001,
3091250000, -6.067945e+001,
3093125000, -6.104427e+001,
3095000000, -6.035210e+001,
3096875000, -6.076183e+001,
3098750000, -6.111685e+001,
3100625000, -6.086275e+001,
3102500000, -6.070999e+001,
3104375000, -6.071432e+001,
3106250000, -6.114211e+001,
3108125000, -6.108287e+001,
3110000000, -6.061331e+001,
3111875000, -6.062443e+001,
3113750000, -6.048418e+001,
3115625000, -6.129254e+001,
3117500000, -6.058306e+001,
3119375000, -6.104271e+001,
3121250000, -6.066615e+001,
3123125000, -6.084150e+001,
3125000000, -6.071146e+001,
3126875000, -6.051151e+001,
3128750000, -6.022700e+001,
3130625000, -6.060280e+001,
3132500000, -6.063709e+001,
3134375000, -6.022742e+001,
3136250000, -6.036900e+001,
3138125000, -5.995339e+001,
3140000000, -6.026773e+001,
3141875000, -6.011413e+001,
3143750000, -6.008285e+001,
3145625000, -6.014337e+001,
3147500000, -6.005421e+001,
3149375000, -5.987763e+001,
3151250000, -6.022137e+001,
3153125000, -6.034963e+001,
3155000000, -6.007432e+001,
3156875000, -5.995412e+001,
3158750000, -5.999746e+001,
3160625000, -5.996838e+001,
3162500000, -5.997417e+001,
3164375000, -6.002530e+001,
3166250000, -5.999753e+001,
3168125000, -5.991370e+001,
3170000000, -5.997960e+001,
3171875000, -6.016910e+001,
3173750000, -6.013844e+001,
3175625000, -6.022358e+001,
3177500000, -5.999748e+001,
3179375000, -6.040824e+001,
3181250000, -6.040515e+001,
3183125000, -6.016480e+001,
3185000000, -6.040483e+001,
3186875000, -6.028502e+001,
3188750000, -6.029101e+001,
3190625000, -5.990977e+001,
3192500000, -5.986734e+001,
3194375000, -6.024861e+001,
3196250000, -6.024109e+001,
3198125000, -6.008053e+001,
3200000000, -6.035185e+001,
3201875000, -6.016147e+001,
3203750000, -6.014912e+001,
3205625000, -5.975889e+001,
3207500000, -5.984486e+001,
3209375000, -6.013792e+001,
3211250000, -6.016906e+001,
3213125000, -6.014120e+001,
3215000000, -5.972492e+001,
3216875000, -6.003193e+001,
3218750000, -5.973892e+001,
3220625000, -6.023182e+001,
3222500000, -5.953094e+001,
3224375000, -6.011134e+001,
3226250000, -6.015123e+001,
3228125000, -5.976252e+001,
3230000000, -5.980064e+001,
3231875000, -5.957187e+001,
3233750000, -5.980537e+001,
3235625000, -5.927267e+001,
3237500000, -5.959506e+001,
3239375000, -5.949443e+001,
3241250000, -5.970081e+001,
3243125000, -5.976122e+001,
3245000000, -5.915917e+001,
3246875000, -5.981044e+001,
3248750000, -5.955237e+001,
3250625000, -5.992668e+001,
3252500000, -5.955952e+001,
3254375000, -5.937349e+001,
3256250000, -5.949971e+001,
3258125000, -5.971220e+001,
3260000000, -5.961475e+001,
3261875000, -5.960340e+001,
3263750000, -5.937463e+001,
3265625000, -5.958027e+001,
3267500000, -5.944603e+001,
3269375000, -5.950195e+001,
3271250000, -5.966282e+001,
3273125000, -5.950956e+001,
3275000000, -5.957013e+001,
3276875000, -5.930097e+001,
3278750000, -5.958271e+001,
3280625000, -5.971152e+001,
3282500000, -5.940372e+001,
3284375000, -5.980930e+001,
3286250000, -6.002498e+001,
3288125000, -5.911156e+001,
3290000000, -5.918779e+001,
3291875000, -5.968931e+001,
3293750000, -5.927823e+001,
3295625000, -5.906464e+001,
3297500000, -5.887487e+001,
3299375000, -5.951377e+001,
3301250000, -5.900658e+001,
3303125000, -5.948758e+001,
3305000000, -5.876780e+001,
3306875000, -5.918959e+001,
3308750000, -5.904501e+001,
3310625000, -5.941810e+001,
3312500000, -5.859906e+001,
3314375000, -5.879716e+001,
3316250000, -5.884221e+001,
3318125000, -5.902873e+001,
3320000000, -5.859982e+001,
3321875000, -5.818776e+001,
3323750000, -5.824187e+001,
3325625000, -5.841599e+001,
3327500000, -5.840667e+001,
3329375000, -5.856015e+001,
3331250000, -5.800420e+001,
3333125000, -5.841344e+001,
3335000000, -5.787145e+001,
3336875000, -5.837534e+001,
3338750000, -5.821349e+001,
3340625000, -5.802307e+001,
3342500000, -5.794518e+001,
3344375000, -5.783010e+001,
3346250000, -5.826092e+001,
3348125000, -5.776600e+001,
3350000000, -5.847345e+001,
3351875000, -5.790365e+001,
3353750000, -5.791063e+001,
3355625000, -5.826246e+001,
3357500000, -5.833944e+001,
3359375000, -5.832965e+001,
3361250000, -5.838844e+001,
3363125000, -5.829758e+001,
3365000000, -5.874297e+001,
3366875000, -5.892049e+001,
3368750000, -5.884602e+001,
3370625000, -5.885505e+001,
3372500000, -5.908572e+001,
3374375000, -5.894165e+001,
3376250000, -5.860702e+001,
3378125000, -5.974992e+001,
3380000000, -5.896527e+001,
3381875000, -5.904577e+001,
3383750000, -5.926872e+001,
3385625000, -5.873307e+001,
3387500000, -5.941684e+001,
3389375000, -5.999806e+001,
3391250000, -5.891376e+001,
3393125000, -5.942707e+001,
3395000000, -5.949924e+001,
3396875000, -5.906654e+001,
3398750000, -5.935239e+001,
3400625000, -5.957748e+001,
3402500000, -5.935415e+001,
3404375000, -5.836588e+001,
3406250000, -5.988804e+001,
3408125000, -5.789117e+001,
3410000000, -5.882384e+001,
3411875000, -5.879020e+001,
3413750000, -5.837690e+001,
3415625000, -5.807808e+001,
3417500000, -5.806694e+001,
3419375000, -5.833893e+001,
3421250000, -5.770402e+001,
3423125000, -5.843084e+001,
3425000000, -5.751290e+001,
3426875000, -5.716703e+001,
3428750000, -5.854586e+001,
3430625000, -5.719524e+001,
3432500000, -5.749582e+001,
3434375000, -5.691635e+001,
3436250000, -5.857961e+001,
3438125000, -5.636911e+001,
3440000000, -5.763006e+001,
3441875000, -5.759187e+001,
3443750000, -5.643718e+001,
3445625000, -5.679593e+001,
3447500000, -5.690414e+001,
3449375000, -5.697925e+001,
3451250000, -5.615682e+001,
3453125000, -5.680586e+001,
3455000000, -5.791457e+001,
3456875000, -5.545921e+001,
3458750000, -5.746630e+001,
3460625000, -5.765438e+001,
3462500000, -5.640398e+001,
3464375000, -5.729000e+001,
3466250000, -5.686519e+001,
3468125000, -5.827058e+001,
3470000000, -5.564323e+001,
3471875000, -5.970440e+001,
3473750000, -5.686866e+001,
3475625000, -5.705033e+001,
3477500000, -5.873012e+001,
3479375000, -5.749512e+001,
3481250000, -5.775278e+001,
3483125000, -5.766727e+001,
3485000000, -5.782392e+001,
3486875000, -5.873337e+001,
3488750000, -5.692621e+001,
3490625000, -5.820938e+001,
3492500000, -5.974125e+001,
3494375000, -5.664163e+001,
3496250000, -5.900901e+001,
3498125000, -5.839817e+001,
3500000000, -5.911117e+001,
3501875000, -5.727324e+001,
3503750000, -5.871135e+001,
3505625000, -5.994078e+001,
3507500000, -5.737539e+001,
3509375000, -5.836921e+001,
3511250000, -6.023470e+001,
3513125000, -5.731557e+001,
3515000000, -5.900547e+001,
3516875000, -5.845852e+001,
3518750000, -5.825502e+001,
3520625000, -5.872622e+001,
3522500000, -5.628905e+001,
3524375000, -6.027976e+001,
3526250000, -5.864270e+001,
3528125000, -5.566275e+001,
3530000000, -5.928912e+001,
3531875000, -5.861682e+001,
3533750000, -5.758241e+001,
3535625000, -5.676812e+001,
3537500000, -5.709999e+001,
3539375000, -6.104012e+001,
3541250000, -5.563010e+001,
3543125000, -5.810381e+001,
3545000000, -5.806655e+001,
3546875000, -5.800752e+001,
3548750000, -5.765424e+001,
3550625000, -5.830637e+001,
3552500000, -5.847312e+001,
3554375000, -5.841288e+001,
3556250000, -5.554854e+001,
3558125000, -5.765504e+001,
3560000000, -6.060784e+001,
3561875000, -5.557590e+001,
3563750000, -5.746789e+001,
3565625000, -5.782580e+001,
3567500000, -6.029978e+001,
3569375000, -5.597151e+001,
3571250000, -5.661542e+001,
3573125000, -5.688886e+001,
3575000000, -6.046445e+001,
3576875000, -5.738575e+001,
3578750000, -5.614303e+001,
3580625000, -5.738425e+001,
3582500000, -6.041941e+001,
3584375000, -5.711538e+001,
3586250000, -5.762741e+001,
3588125000, -5.850697e+001,
3590000000, -6.188733e+001,
3591875000, -5.430223e+001,
3593750000, -5.703733e+001,
3595625000, -6.204562e+001,
3597500000, -5.444447e+001,
3599375000, -5.924765e+001,
3601250000, -5.589298e+001,
3603125000, -5.774833e+001,
3605000000, -6.364347e+001,
3606875000, -5.443708e+001,
3608750000, -5.651535e+001,
3610625000, -6.025852e+001,
3612500000, -6.210384e+001,
3614375000, -6.018959e+001,
3616250000, -5.471597e+001,
3618125000, -5.665347e+001,
3620000000, -6.434087e+001,
3621875000, -5.644006e+001,
3623750000, -5.859899e+001,
3625625000, -6.312333e+001,
3627500000, -6.277310e+001,
3629375000, -5.544687e+001,
3631250000, -5.661907e+001,
3633125000, -7.645076e+001,
3635000000, -5.715068e+001,
3636875000, -5.674795e+001,
3638750000, -5.522400e+001,
3640625000, -5.954596e+001,
3642500000, -6.391117e+001,
3644375000, -5.424792e+001,
3646250000, -5.614072e+001,
3648125000, -5.997535e+001,
3650000000, -6.046371e+001,
3651875000, -7.252173e+001,
3653750000, -5.623298e+001,
3655625000, -5.589092e+001,
3657500000, -6.159364e+001,
3659375000, -5.825512e+001,
3661250000, -5.735406e+001,
3663125000, -6.537570e+001,
3665000000, -6.068515e+001,
3666875000, -5.660532e+001,
3668750000, -5.543953e+001,
3670625000, -5.390856e+001,
3672500000, -5.821609e+001,
3674375000, -5.202898e+001,
3676250000, -4.955154e+001,
3678125000, -4.962204e+001,
3680000000, -5.476915e+001,
3681875000, -6.069348e+001,
3683750000, -5.461130e+001,
3685625000, -5.155285e+001,
3687500000, -5.383710e+001,
3689375000, -6.759164e+001,
3691250000, -5.933764e+001,
3693125000, -6.211903e+001,
3695000000, -6.085068e+001,
3696875000, -5.553732e+001,
3698750000, -5.854450e+001,
3700625000, -5.176162e+001,
3702500000, -5.834011e+001,
3704375000, -6.264487e+001,
3706250000, -5.596044e+001,
3708125000, -5.116719e+001,
3710000000, -4.789571e+001,
3711875000, -4.897629e+001,
3713750000, -5.018062e+001,
3715625000, -4.830675e+001,
3717500000, -4.642511e+001,
3719375000, -4.840392e+001,
3721250000, -5.581078e+001,
3723125000, -6.390104e+001,
3725000000, -5.035165e+001,
3726875000, -4.599202e+001,
3728750000, -5.151352e+001,
3730625000, -6.403325e+001,
3732500000, -5.880566e+001,
3734375000, -5.710284e+001,
3736250000, -6.088114e+001,
3738125000, -6.292196e+001,
3740000000, -5.342236e+001,
3741875000, -5.146887e+001,
3743750000, -6.377594e+001,
3745625000, -5.451737e+001,
3747500000, -6.029508e+001,
3749375000, -5.623635e+001,
3751250000, -4.950521e+001,
3753125000, -4.809391e+001,
3755000000, -4.802749e+001,
3756875000, -4.959838e+001,
3758750000, -4.954818e+001,
3760625000, -4.894462e+001,
3762500000, -5.832748e+001,
3764375000, -5.497324e+001,
3766250000, -6.484834e+001,
3768125000, -5.729819e+001,
3770000000, -5.318699e+001,
3771875000, -4.905760e+001,
3773750000, -4.920444e+001,
3775625000, -4.721310e+001,
3777500000, -4.608831e+001,
3779375000, -5.500592e+001,
3781250000, -5.880411e+001,
3783125000, -6.194419e+001,
3785000000, -6.195104e+001,
3786875000, -5.291656e+001,
3788750000, -5.591954e+001,
3790625000, -6.223940e+001,
3792500000, -5.177346e+001,
3794375000, -5.242064e+001,
3796250000, -5.176534e+001,
3798125000, -5.173104e+001,
3800000000, -4.778353e+001,
3801875000, -5.413429e+001,
3803750000, -5.151344e+001,
3805625000, -4.811028e+001,
3807500000, -4.729513e+001,
3809375000, -4.748881e+001,
3811250000, -5.639912e+001,
3813125000, -5.224184e+001,
3815000000, -4.344682e+001,
3816875000, -4.059429e+001,
3818750000, -4.149912e+001,
3820625000, -4.183934e+001,
3822500000, -4.042390e+001,
3824375000, -4.009377e+001,
3826250000, -4.359890e+001,
3828125000, -5.074796e+001,
3830000000, -5.006294e+001,
3831875000, -4.760309e+001,
3833750000, -4.436516e+001,
3835625000, -4.688771e+001,
3837500000, -4.803814e+001,
3839375000, -4.789511e+001,
3841250000, -5.021237e+001,
3843125000, -5.699337e+001,
3845000000, -5.983921e+001,
3846875000, -5.347715e+001,
3848750000, -5.212015e+001,
3850625000, -5.119385e+001,
3852500000, -5.023131e+001,
3854375000, -4.231372e+001,
3856250000, -4.390837e+001,
3858125000, -4.354026e+001,
3860000000, -4.064309e+001,
3861875000, -3.874591e+001,
3863750000, -3.742489e+001,
3865625000, -3.664109e+001,
3867500000, -3.584229e+001,
3869375000, -3.457636e+001,
3871250000, -3.513823e+001,
3873125000, -3.715514e+001,
3875000000, -3.907629e+001,
3876875000, -4.433423e+001,
3878750000, -4.450653e+001,
3880625000, -4.849950e+001,
3882500000, -4.136755e+001,
3884375000, -3.866665e+001,
3886250000, -4.210418e+001,
3888125000, -6.962692e+001,
3890000000, -4.367826e+001,
3891875000, -4.085557e+001,
3893750000, -3.948803e+001,
3895625000, -4.086344e+001,
3897500000, -4.894627e+001,
3899375000, -4.488976e+001,
3901250000, -3.784750e+001,
3903125000, -3.781838e+001,
3905000000, -4.134056e+001,
3906875000, -4.660966e+001,
3908750000, -4.090115e+001,
3910625000, -3.833540e+001,
3912500000, -4.022067e+001,
3914375000, -3.584782e+001,
3916250000, -3.228460e+001,
3918125000, -3.328797e+001,
3920000000, -3.375226e+001,
3921875000, -3.353201e+001,
3923750000, -3.169774e+001,
3925625000, -3.142179e+001,
3927500000, -3.196029e+001,
3929375000, -3.356851e+001,
3931250000, -3.542527e+001,
3933125000, -3.722886e+001,
3935000000, -3.757909e+001,
3936875000, -3.734647e+001,
3938750000, -3.635313e+001,
3940625000, -3.688553e+001,
3942500000, -3.940570e+001,
3944375000, -3.296629e+001,
3946250000, -2.866837e+001,
3948125000, -2.912957e+001,
3950000000, -3.178104e+001,
3951875000, -3.239724e+001,
3953750000, -3.592477e+001,
3955625000, -4.156571e+001,
3957500000, -4.668507e+001,
3959375000, -3.781957e+001,
3961250000, -3.131763e+001,
3963125000, -3.066011e+001,
3965000000, -3.264660e+001,
3966875000, -3.616495e+001,
3968750000, -3.936706e+001,
3970625000, -3.782441e+001,
3972500000, -3.003356e+001,
3974375000, -2.628322e+001,
3976250000, -2.639349e+001,
3978125000, -3.024688e+001,
3980000000, -3.733424e+001,
3981875000, -5.788387e+001,
3983750000, -3.332621e+001,
3985625000, -3.159420e+001,
3987500000, -3.645686e+001,
3989375000, -3.402497e+001,
3991250000, -2.588693e+001,
3993125000, -2.412934e+001,
3995000000, -2.624200e+001,
3996875000, -2.409895e+001,
3998750000, -2.198835e+001,
4000625000, -2.155650e+001,
4002500000, -2.130070e+001,
4004375000, -2.303389e+001,
4006250000, -2.387344e+001,
4008125000, -2.254376e+001,
4010000000, -2.357357e+001,
4011875000, -2.128451e+001,
4013750000, -1.963198e+001,
4015625000, -2.048511e+001,
4017500000, -1.956431e+001,
4019375000, -1.802480e+001,
4021250000, -1.774420e+001,
4023125000, -1.740612e+001,
4025000000, -1.714427e+001,
4026875000, -1.771854e+001,
4028750000, -1.788057e+001,
4030625000, -1.738194e+001,
4032500000, -1.728223e+001,
4034375000, -1.536169e+001,
4036250000, -1.457885e+001,
4038125000, -1.428068e+001,
4040000000, -1.357688e+001,
4041875000, -1.367543e+001,
4043750000, -1.351956e+001,
4045625000, -1.378757e+001,
4047500000, -1.470002e+001,
4049375000, -1.439067e+001,
4051250000, -1.452086e+001,
4053125000, -1.487262e+001,
4055000000, -1.349350e+001,
4056875000, -1.241737e+001,
4058750000, -1.228694e+001,
4060625000, -1.201237e+001,
4062500000, -1.200485e+001,
4064375000, -1.194292e+001,
4066250000, -1.218587e+001,
4068125000, -1.298664e+001,
4070000000, -1.257195e+001,
4071875000, -1.221601e+001,
4073750000, -1.258747e+001,
4075625000, -1.183655e+001,
4077500000, -1.159443e+001,
4079375000, -1.160213e+001,
4081250000, -1.160770e+001,
4083125000, -1.155031e+001,
4085000000, -1.132790e+001,
4086875000, -1.142049e+001,
4088750000, -1.169337e+001,
4090625000, -1.157538e+001,
4092500000, -1.149998e+001,
4094375000, -1.176952e+001,
4096250000, -1.174792e+001,
4098125000, -1.181112e+001,
4100000000, -1.158195e+001,
4101875000, -1.141104e+001,
4103750000, -1.160279e+001,
4105625000, -1.141540e+001,
4107500000, -1.146011e+001,
4109375000, -1.172484e+001,
4111250000, -1.188773e+001,
4113125000, -1.225200e+001,
4115000000, -1.252406e+001,
4116875000, -1.313533e+001,
4118750000, -1.311069e+001,
4120625000, -1.255661e+001,
4122500000, -1.257218e+001,
4124375000, -1.245304e+001,
4126250000, -1.235964e+001,
4128125000, -1.258555e+001,
4130000000, -1.314901e+001,
4131875000, -1.360979e+001,
4133750000, -1.362029e+001,
4135625000, -1.425905e+001,
4137500000, -1.420308e+001,
4139375000, -1.379041e+001,
4141250000, -1.320579e+001,
4143125000, -1.250000e+001,
4145000000, -1.256489e+001,
4146875000, -1.285936e+001,
4148750000, -1.357875e+001,
4150625000, -1.374915e+001,
4152500000, -1.408392e+001,
4154375000, -1.465322e+001,
4156250000, -1.482887e+001,
4158125000, -1.426631e+001,
4160000000, -1.336639e+001,
4161875000, -1.297153e+001,
4163750000, -1.294266e+001,
4165625000, -1.357310e+001,
4167500000, -1.424042e+001,
4169375000, -1.447270e+001,
4171250000, -1.477426e+001,
4173125000, -1.435246e+001,
4175000000, -1.361469e+001,
4176875000, -1.356972e+001,
4178750000, -1.399716e+001,
4180625000, -1.449561e+001,
4182500000, -1.523382e+001,
4184375000, -1.550162e+001,
4186250000, -1.426867e+001,
4188125000, -1.398429e+001,
4190000000, -1.418828e+001,
4191875000, -1.436654e+001,
4193750000, -1.456406e+001,
4195625000, -1.444102e+001,
4197500000, -1.439846e+001,
4199375000, -1.468950e+001,
4201250000, -1.569639e+001,
4203125000, -1.642247e+001,
4205000000, -1.599428e+001,
4206875000, -1.642433e+001,
4208750000, -1.717252e+001,
4210625000, -1.713903e+001,
4212500000, -1.734282e+001,
4214375000, -1.681367e+001,
4216250000, -1.668571e+001,
4218125000, -1.710585e+001,
4220000000, -1.670509e+001,
4221875000, -1.635806e+001,
4223750000, -1.607848e+001,
4225625000, -1.524616e+001,
4227500000, -1.484275e+001,
4229375000, -1.488884e+001,
4231250000, -1.477535e+001,
4233125000, -1.461112e+001,
4235000000, -1.466996e+001,
4236875000, -1.433015e+001,
4238750000, -1.392972e+001,
4240625000, -1.383786e+001,
4242500000, -1.382959e+001,
4244375000, -1.385935e+001,
4246250000, -1.382468e+001,
4248125000, -1.406242e+001,
4250000000, -1.408633e+001,
4251875000, -1.421690e+001,
4253750000, -1.446919e+001,
4255625000, -1.467120e+001,
4257500000, -1.540728e+001,
4259375000, -1.609095e+001,
4261250000, -1.612430e+001,
4263125000, -1.680988e+001,
4265000000, -1.728549e+001,
4266875000, -1.728584e+001,
4268750000, -1.781801e+001,
4270625000, -1.730550e+001,
4272500000, -1.713779e+001,
4274375000, -1.756499e+001,
4276250000, -1.724207e+001,
4278125000, -1.703654e+001,
4280000000, -1.700471e+001,
4281875000, -1.671320e+001,
4283750000, -1.672876e+001,
4285625000, -1.657298e+001,
4287500000, -1.644347e+001,
4289375000, -1.646757e+001,
4291250000, -1.638864e+001,
4293125000, -1.664535e+001,
4295000000, -1.691859e+001,
4296875000, -1.706841e+001,
4298750000, -1.702320e+001,
4300625000, -1.709683e+001,
4302500000, -1.758759e+001,
4304375000, -1.777565e+001,
4306250000, -1.801125e+001,
4308125000, -1.841333e+001,
4310000000, -1.852056e+001,
4311875000, -1.878305e+001,
4313750000, -1.892679e+001,
4315625000, -1.926156e+001,
4317500000, -1.941196e+001,
4319375000, -1.936474e+001,
4321250000, -1.954721e+001,
4323125000, -1.954005e+001,
4325000000, -1.939312e+001,
4326875000, -1.935515e+001,
4328750000, -1.946066e+001,
4330625000, -1.949778e+001,
4332500000, -1.955649e+001,
4334375000, -1.966273e+001,
4336250000, -1.952847e+001,
4338125000, -1.941760e+001,
4340000000, -1.955565e+001,
4341875000, -1.998114e+001,
4343750000, -2.008705e+001,
4345625000, -2.005766e+001,
4347500000, -1.996472e+001,
4349375000, -2.006474e+001,
4351250000, -2.022454e+001,
4353125000, -2.071916e+001,
4355000000, -2.070162e+001,
4356875000, -2.057124e+001,
4358750000, -2.053620e+001,
4360625000, -2.068274e+001,
4362500000, -2.068191e+001,
4364375000, -2.102361e+001,
4366250000, -2.113087e+001,
4368125000, -2.087608e+001,
4370000000, -2.067521e+001,
4371875000, -2.082270e+001,
4373750000, -2.083201e+001,
4375625000, -2.110333e+001,
4377500000, -2.117385e+001,
4379375000, -2.115945e+001,
4381250000, -2.117690e+001,
4383125000, -2.131199e+001,
4385000000, -2.128436e+001,
4386875000, -2.148741e+001,
4388750000, -2.167588e+001,
4390625000, -2.173370e+001,
4392500000, -2.182481e+001,
4394375000, -2.194611e+001,
4396250000, -2.200488e+001,
4398125000, -2.212108e+001,
4400000000, -2.204158e+001,
4401875000, -2.191797e+001,
4403750000, -2.206261e+001,
4405625000, -2.218852e+001,
4407500000, -2.226886e+001,
4409375000, -2.233697e+001,
4411250000, -2.223225e+001,
4413125000, -2.202535e+001,
4415000000, -2.193769e+001,
4416875000, -2.191216e+001,
4418750000, -2.200184e+001,
4420625000, -2.204876e+001,
4422500000, -2.198540e+001,
4424375000, -2.200455e+001,
4426250000, -2.207608e+001,
4428125000, -2.214410e+001,
4430000000, -2.212008e+001,
4431875000, -2.194086e+001,
4433750000, -2.183536e+001,
4435625000, -2.184610e+001,
4437500000, -2.190758e+001,
4439375000, -2.210563e+001,
4441250000, -2.209464e+001,
4443125000, -2.212386e+001,
4445000000, -2.226834e+001,
4446875000, -2.247409e+001,
4448750000, -2.264137e+001,
4450625000, -2.268054e+001,
4452500000, -2.261479e+001,
4454375000, -2.258607e+001,
4456250000, -2.272023e+001,
4458125000, -2.287683e+001,
4460000000, -2.284353e+001,
4461875000, -2.271413e+001,
4463750000, -2.278339e+001,
4465625000, -2.297845e+001,
4467500000, -2.313982e+001,
4469375000, -2.314791e+001,
4471250000, -2.317031e+001,
4473125000, -2.329228e+001,
4475000000, -2.356533e+001,
4476875000, -2.367264e+001,
4478750000, -2.366614e+001,
4480625000, -2.368455e+001,
4482500000, -2.388274e+001,
4484375000, -2.413692e+001,
4486250000, -2.417051e+001,
4488125000, -2.412747e+001,
4490000000, -2.429413e+001,
4491875000, -2.457083e+001,
4493750000, -2.471838e+001,
4495625000, -2.470222e+001,
4497500000, -2.478701e+001,
4499375000, -2.390880e+001,
4501250000, -2.526053e+001,
4503125000, -2.535858e+001,
4505000000, -2.552285e+001,
4506875000, -2.618275e+001,
4508750000, -2.688271e+001,
4510625000, -2.710053e+001,
4512500000, -2.759743e+001,
4514375000, -2.848774e+001,
4516250000, -2.955923e+001,
4518125000, -3.021181e+001,
4520000000, -3.071438e+001,
4521875000, -3.181575e+001,
4523750000, -3.266528e+001,
4525625000, -3.289069e+001,
4527500000, -3.326073e+001,
4529375000, -3.446482e+001,
4531250000, -3.564424e+001,
4533125000, -3.568887e+001,
4535000000, -3.610431e+001,
4536875000, -3.782729e+001,
4538750000, -3.858010e+001,
4540625000, -3.823745e+001,
4542500000, -3.923478e+001,
4544375000, -4.087682e+001,
4546250000, -3.974643e+001,
4548125000, -3.901317e+001,
4550000000, -4.010640e+001,
4551875000, -4.128334e+001,
4553750000, -4.020673e+001,
4555625000, -3.973781e+001,
4557500000, -4.168586e+001,
4559375000, -4.124295e+001,
4561250000, -4.060090e+001,
4563125000, -4.152974e+001,
4565000000, -4.235247e+001,
4566875000, -4.123602e+001,
4568750000, -4.103437e+001,
4570625000, -4.165228e+001,
4572500000, -4.033118e+001,
4574375000, -4.022121e+001,
4576250000, -4.217906e+001,
4578125000, -4.133919e+001,
4580000000, -4.073523e+001,
4581875000, -4.144449e+001,
4583750000, -4.043753e+001,
4585625000, -4.045971e+001,
4587500000, -4.319193e+001,
4589375000, -4.230941e+001,
4591250000, -4.099971e+001,
4593125000, -4.286159e+001,
4595000000, -4.430385e+001,
4596875000, -4.688592e+001,
4598750000, -4.749576e+001,
4600625000, -4.386857e+001,
4602500000, -4.375665e+001,
4604375000, -4.760308e+001,
4606250000, -4.514224e+001,
4608125000, -4.725487e+001,
4610000000, -5.094403e+001,
4611875000, -4.970639e+001,
4613750000, -5.642425e+001,
4615625000, -5.604478e+001,
4617500000, -5.243212e+001,
4619375000, -6.987220e+001,
4621250000, -5.440579e+001,
4623125000, -7.331473e+001,
4625000000, -5.474635e+001,
4626875000, -6.371804e+001,
4628750000, -5.570136e+001,
4630625000, -6.062161e+001,
4632500000, -5.602701e+001,
4634375000, -5.461716e+001,
4636250000, -5.813461e+001,
4638125000, -5.069991e+001,
4640000000, -6.123141e+001,
4641875000, -4.880693e+001,
4643750000, -5.785448e+001,
4645625000, -4.951505e+001,
4647500000, -5.526310e+001,
4649375000, -5.094499e+001,
4651250000, -5.418958e+001,
4653125000, -5.286551e+001,
4655000000, -5.334122e+001,
4656875000, -5.502180e+001,
4658750000, -5.262761e+001,
4660625000, -5.530970e+001,
4662500000, -5.231377e+001,
4664375000, -5.387071e+001,
4666250000, -5.437566e+001,
4668125000, -5.362408e+001,
4670000000, -5.699582e+001,
4671875000, -5.421121e+001,
4673750000, -6.080429e+001,
4675625000, -5.508793e+001,
4677500000, -6.750063e+001,
4679375000, -5.498734e+001,
4681250000, -6.823265e+001,
4683125000, -5.570603e+001,
4685000000, -5.707435e+001,
4686875000, -6.401493e+001,
4688750000, -5.550508e+001,
4690625000, -6.394989e+001,
4692500000, -5.881776e+001,
4694375000, -5.651336e+001,
4696250000, -6.617733e+001,
4698125000, -6.003194e+001,
4700000000, -5.908005e+001,
4701875000, -6.611973e+001,
4703750000, -6.111692e+001,
4705625000, -5.882227e+001,
4707500000, -6.172349e+001,
4709375000, -6.374020e+001,
4711250000, -6.036034e+001,
4713125000, -6.067473e+001,
4715000000, -6.151980e+001,
4716875000, -6.156287e+001,
4718750000, -6.131699e+001,
4720625000, -6.156137e+001,
4722500000, -6.152707e+001,
4724375000, -6.109565e+001,
4726250000, -6.174503e+001,
4728125000, -6.124146e+001,
4730000000, -6.084673e+001,
4731875000, -6.101818e+001,
4733750000, -6.089122e+001,
4735625000, -6.087959e+001,
4737500000, -6.093690e+001,
4739375000, -6.118280e+001,
4741250000, -6.117016e+001,
4743125000, -6.119591e+001,
4745000000, -6.116728e+001,
4746875000, -6.125658e+001,
4748750000, -6.069709e+001,
4750625000, -6.089795e+001,
4752500000, -6.088945e+001,
4754375000, -6.109042e+001,
4756250000, -6.121410e+001,
4758125000, -6.104049e+001,
4760000000, -6.113921e+001,
4761875000, -6.101043e+001,
4763750000, -6.142530e+001,
4765625000, -6.119989e+001,
4767500000, -6.096257e+001,
4769375000, -6.117708e+001,
4771250000, -6.128883e+001,
4773125000, -6.095245e+001,
4775000000, -6.095894e+001,
4776875000, -6.104003e+001,
4778750000, -6.102657e+001,
4780625000, -6.100306e+001,
4782500000, -6.093995e+001,
4784375000, -6.093415e+001,
4786250000, -6.107542e+001,
4788125000, -6.118576e+001,
4790000000, -6.072487e+001,
4791875000, -6.072675e+001,
4793750000, -6.102774e+001,
4795625000, -6.083331e+001,
4797500000, -6.081223e+001,
4799375000, -6.118266e+001,
4801250000, -6.122879e+001,
4803125000, -6.115000e+001,
4805000000, -6.105371e+001,
4806875000, -6.103996e+001,
4808750000, -6.137664e+001,
4810625000, -6.102446e+001,
4812500000, -6.122278e+001,
4814375000, -6.146955e+001,
4816250000, -6.143242e+001,
4818125000, -6.157270e+001,
4820000000, -6.135492e+001,
4821875000, -6.183897e+001,
4823750000, -6.181532e+001,
4825625000, -6.161523e+001,
4827500000, -6.181771e+001,
4829375000, -6.205263e+001,
4831250000, -6.177620e+001,
4833125000, -6.220923e+001,
4835000000, -6.189051e+001,
4836875000, -6.215565e+001,
4838750000, -6.223059e+001,
4840625000, -6.248114e+001,
4842500000, -6.285976e+001,
4844375000, -6.264621e+001,
4846250000, -6.296539e+001,
4848125000, -6.265741e+001,
4850000000, -6.287546e+001,
4851875000, -6.237354e+001,
4853750000, -6.230076e+001,
4855625000, -6.303498e+001,
4857500000, -6.290816e+001,
4859375000, -6.282211e+001,
4861250000, -6.256284e+001,
4863125000, -6.310228e+001,
4865000000, -6.238698e+001,
4866875000, -6.237474e+001,
4868750000, -6.238160e+001,
4870625000, -6.212873e+001,
4872500000, -6.250915e+001,
4874375000, -6.233022e+001,
4876250000, -6.215375e+001,
4878125000, -6.249364e+001,
4880000000, -6.211885e+001,
4881875000, -6.211922e+001,
4883750000, -6.187790e+001,
4885625000, -6.176772e+001,
4887500000, -6.192981e+001,
4889375000, -6.158110e+001,
4891250000, -6.170656e+001,
4893125000, -6.179348e+001,
4895000000, -6.139330e+001,
4896875000, -6.145589e+001,
4898750000, -6.115964e+001,
4900625000, -6.117045e+001,
4902500000, -6.119962e+001,
4904375000, -6.154181e+001,
4906250000, -6.109044e+001,
4908125000, -6.092667e+001,
4910000000, -6.091051e+001,
4911875000, -6.084618e+001,
4913750000, -6.172912e+001,
4915625000, -6.123987e+001,
4917500000, -6.118325e+001,
4919375000, -6.145083e+001,
4921250000, -6.191869e+001,
4923125000, -6.137055e+001,
4925000000, -6.150804e+001,
4926875000, -6.198968e+001,
4928750000, -6.143304e+001,
4930625000, -6.181546e+001,
4932500000, -6.193821e+001,
4934375000, -6.174495e+001,
4936250000, -6.237183e+001,
4938125000, -6.203271e+001,
4940000000, -6.199158e+001,
4941875000, -6.241974e+001,
4943750000, -6.284286e+001,
4945625000, -6.295829e+001,
4947500000, -6.251878e+001,
4949375000, -6.267385e+001,
4951250000, -6.270718e+001,
4953125000, -6.294651e+001,
4955000000, -6.291956e+001,
4956875000, -6.305990e+001,
4958750000, -6.246598e+001,
4960625000, -6.274303e+001,
4962500000, -6.269994e+001,
4964375000, -6.240062e+001,
4966250000, -6.309188e+001,
4968125000, -6.313584e+001,
4970000000, -6.290266e+001,
4971875000, -6.280809e+001,
4973750000, -6.288272e+001,
4975625000, -6.326558e+001,
4977500000, -6.298714e+001,
4979375000, -6.233345e+001,
4981250000, -6.267480e+001,
4983125000, -6.277171e+001,
4985000000, -6.255690e+001,
4986875000, -6.257462e+001,
4988750000, -6.279659e+001,
4990625000, -6.274104e+001,
4992500000, -6.241786e+001,
4994375000, -6.198180e+001,
4996250000, -6.208770e+001,
4998125000, -6.226047e+001,
5000000000, -6.196591e+001,
