"S21 Log Mag"
"Frequency (Hz)","dB",
2000000000, -6.473193e+001,
2001875000, -6.322788e+001,
2003750000, -6.433270e+001,
2005625000, -6.328652e+001,
2007500000, -6.468641e+001,
2009375000, -6.426959e+001,
2011250000, -6.393211e+001,
2013125000, -6.394882e+001,
2015000000, -6.430183e+001,
2016875000, -6.499934e+001,
2018750000, -6.409103e+001,
2020625000, -6.496797e+001,
2022500000, -6.527319e+001,
2024375000, -6.419479e+001,
2026250000, -6.405370e+001,
2028125000, -6.542200e+001,
2030000000, -6.514148e+001,
2031875000, -6.474152e+001,
2033750000, -6.452206e+001,
2035625000, -6.427554e+001,
2037500000, -6.500164e+001,
2039375000, -6.473550e+001,
2041250000, -6.463425e+001,
2043125000, -6.515486e+001,
2045000000, -6.498329e+001,
2046875000, -6.446314e+001,
2048750000, -6.458048e+001,
2050625000, -6.457882e+001,
2052500000, -6.448946e+001,
2054375000, -6.505869e+001,
2056250000, -6.469252e+001,
2058125000, -6.410979e+001,
2060000000, -6.507965e+001,
2061875000, -6.500260e+001,
2063750000, -6.375125e+001,
2065625000, -6.461880e+001,
2067500000, -6.398822e+001,
2069375000, -6.376546e+001,
2071250000, -6.444295e+001,
2073125000, -6.462227e+001,
2075000000, -6.467251e+001,
2076875000, -6.488875e+001,
2078750000, -6.397698e+001,
2080625000, -6.363097e+001,
2082500000, -6.471303e+001,
2084375000, -6.557763e+001,
2086250000, -6.413976e+001,
2088125000, -6.421066e+001,
2090000000, -6.421345e+001,
2091875000, -6.502486e+001,
2093750000, -6.535721e+001,
2095625000, -6.477503e+001,
2097500000, -6.492176e+001,
2099375000, -6.518755e+001,
2101250000, -6.461132e+001,
2103125000, -6.362641e+001,
2105000000, -6.470920e+001,
2106875000, -6.496276e+001,
2108750000, -6.441666e+001,
2110625000, -6.466190e+001,
2112500000, -6.535157e+001,
2114375000, -6.446010e+001,
2116250000, -6.520222e+001,
2118125000, -6.412208e+001,
2120000000, -6.520306e+001,
2121875000, -6.428457e+001,
2123750000, -6.519083e+001,
2125625000, -6.543620e+001,
2127500000, -6.505864e+001,
2129375000, -6.566477e+001,
2131250000, -6.518964e+001,
2133125000, -6.556960e+001,
2135000000, -6.525753e+001,
2136875000, -6.526896e+001,
2138750000, -6.539174e+001,
2140625000, -6.565213e+001,
2142500000, -6.570728e+001,
2144375000, -6.575208e+001,
2146250000, -6.557239e+001,
2148125000, -6.618598e+001,
2150000000, -6.560656e+001,
2151875000, -6.568211e+001,
2153750000, -6.571394e+001,
2155625000, -6.616247e+001,
2157500000, -6.622469e+001,
2159375000, -6.583503e+001,
2161250000, -6.649500e+001,
2163125000, -6.623752e+001,
2165000000, -6.730645e+001,
2166875000, -6.691172e+001,
2168750000, -6.597803e+001,
2170625000, -6.687403e+001,
2172500000, -6.546996e+001,
2174375000, -6.671001e+001,
2176250000, -6.598804e+001,
2178125000, -6.641211e+001,
2180000000, -6.612178e+001,
2181875000, -6.645455e+001,
2183750000, -6.544579e+001,
2185625000, -6.624551e+001,
2187500000, -6.571265e+001,
2189375000, -6.565475e+001,
2191250000, -6.589883e+001,
2193125000, -6.559919e+001,
2195000000, -6.617229e+001,
2196875000, -6.542623e+001,
2198750000, -6.555370e+001,
2200625000, -6.569432e+001,
2202500000, -6.554346e+001,
2204375000, -6.479062e+001,
2206250000, -6.591647e+001,
2208125000, -6.519034e+001,
2210000000, -6.634612e+001,
2211875000, -6.633716e+001,
2213750000, -6.559853e+001,
2215625000, -6.527930e+001,
2217500000, -6.512154e+001,
2219375000, -6.671699e+001,
2221250000, -6.486961e+001,
2223125000, -6.533732e+001,
2225000000, -6.476855e+001,
2226875000, -6.540277e+001,
2228750000, -6.516794e+001,
2230625000, -6.502212e+001,
2232500000, -6.587997e+001,
2234375000, -6.492319e+001,
2236250000, -6.526516e+001,
2238125000, -6.506052e+001,
2240000000, -6.540573e+001,
2241875000, -6.538239e+001,
2243750000, -6.609550e+001,
2245625000, -6.580985e+001,
2247500000, -6.578064e+001,
2249375000, -6.540192e+001,
2251250000, -6.460201e+001,
2253125000, -6.587914e+001,
2255000000, -6.566258e+001,
2256875000, -6.565809e+001,
2258750000, -6.502936e+001,
2260625000, -6.630824e+001,
2262500000, -6.577639e+001,
2264375000, -6.573583e+001,
2266250000, -6.601000e+001,
2268125000, -6.736614e+001,
2270000000, -6.713213e+001,
2271875000, -6.680139e+001,
2273750000, -6.593775e+001,
2275625000, -6.781940e+001,
2277500000, -6.810421e+001,
2279375000, -6.671483e+001,
2281250000, -6.605975e+001,
2283125000, -6.760896e+001,
2285000000, -6.635343e+001,
2286875000, -6.629787e+001,
2288750000, -6.531086e+001,
2290625000, -6.701215e+001,
2292500000, -6.714867e+001,
2294375000, -6.645801e+001,
2296250000, -6.579616e+001,
2298125000, -6.667132e+001,
2300000000, -6.674989e+001,
2301875000, -6.677882e+001,
2303750000, -6.650994e+001,
2305625000, -6.684663e+001,
2307500000, -6.594740e+001,
2309375000, -6.610284e+001,
2311250000, -6.557738e+001,
2313125000, -6.603860e+001,
2315000000, -6.595253e+001,
2316875000, -6.671003e+001,
2318750000, -6.513985e+001,
2320625000, -6.561493e+001,
2322500000, -6.558181e+001,
2324375000, -6.607108e+001,
2326250000, -6.574393e+001,
2328125000, -6.488665e+001,
2330000000, -6.516762e+001,
2331875000, -6.627229e+001,
2333750000, -6.528069e+001,
2335625000, -6.514326e+001,
2337500000, -6.541606e+001,
2339375000, -6.510194e+001,
2341250000, -6.527424e+001,
2343125000, -6.500494e+001,
2345000000, -6.545675e+001,
2346875000, -6.496205e+001,
2348750000, -6.417522e+001,
2350625000, -6.587485e+001,
2352500000, -6.504572e+001,
2354375000, -6.486742e+001,
2356250000, -6.580370e+001,
2358125000, -6.464307e+001,
2360000000, -6.504131e+001,
2361875000, -6.617513e+001,
2363750000, -6.483386e+001,
2365625000, -6.570821e+001,
2367500000, -6.512426e+001,
2369375000, -6.609187e+001,
2371250000, -6.577747e+001,
2373125000, -6.543751e+001,
2375000000, -6.461056e+001,
2376875000, -6.478971e+001,
2378750000, -6.505109e+001,
2380625000, -6.551287e+001,
2382500000, -6.558127e+001,
2384375000, -6.497346e+001,
2386250000, -6.465755e+001,
2388125000, -6.525712e+001,
2390000000, -6.551533e+001,
2391875000, -6.521882e+001,
2393750000, -6.433713e+001,
2395625000, -6.585582e+001,
2397500000, -6.559146e+001,
2399375000, -6.496024e+001,
2401250000, -6.568681e+001,
2403125000, -6.613789e+001,
2405000000, -6.493388e+001,
2406875000, -6.536690e+001,
2408750000, -6.522048e+001,
2410625000, -6.567419e+001,
2412500000, -6.521693e+001,
2414375000, -6.536026e+001,
2416250000, -6.534890e+001,
2418125000, -6.585455e+001,
2420000000, -6.553130e+001,
2421875000, -6.523922e+001,
2423750000, -6.564540e+001,
2425625000, -6.495740e+001,
2427500000, -6.531160e+001,
2429375000, -6.575452e+001,
2431250000, -6.473949e+001,
2433125000, -6.485338e+001,
2435000000, -6.532035e+001,
2436875000, -6.550439e+001,
2438750000, -6.502397e+001,
2440625000, -6.420879e+001,
2442500000, -6.529235e+001,
2444375000, -6.533267e+001,
2446250000, -6.572227e+001,
2448125000, -6.482326e+001,
2450000000, -6.524612e+001,
2451875000, -6.453152e+001,
2453750000, -6.523288e+001,
2455625000, -6.458547e+001,
2457500000, -6.531765e+001,
2459375000, -6.533424e+001,
2461250000, -6.460836e+001,
2463125000, -6.462499e+001,
2465000000, -6.536197e+001,
2466875000, -6.480698e+001,
2468750000, -6.610170e+001,
2470625000, -6.489751e+001,
2472500000, -6.498949e+001,
2474375000, -6.517654e+001,
2476250000, -6.451928e+001,
2478125000, -6.476641e+001,
2480000000, -6.461285e+001,
2481875000, -6.544446e+001,
2483750000, -6.486881e+001,
2485625000, -6.470825e+001,
2487500000, -6.492619e+001,
2489375000, -6.371347e+001,
2491250000, -6.498573e+001,
2493125000, -6.462327e+001,
2495000000, -6.417942e+001,
2496875000, -6.485299e+001,
2498750000, -6.406693e+001,
2500625000, -6.456597e+001,
2502500000, -6.397489e+001,
2504375000, -6.406078e+001,
2506250000, -6.484836e+001,
2508125000, -6.441045e+001,
2510000000, -6.415278e+001,
2511875000, -6.431647e+001,
2513750000, -6.451066e+001,
2515625000, -6.423645e+001,
2517500000, -6.462984e+001,
2519375000, -6.448161e+001,
2521250000, -6.482378e+001,
2523125000, -6.485061e+001,
2525000000, -6.459578e+001,
2526875000, -6.477801e+001,
2528750000, -6.513554e+001,
2530625000, -6.459428e+001,
2532500000, -6.566570e+001,
2534375000, -6.496211e+001,
2536250000, -6.509074e+001,
2538125000, -6.581118e+001,
2540000000, -6.469523e+001,
2541875000, -6.575524e+001,
2543750000, -6.504263e+001,
2545625000, -6.588306e+001,
2547500000, -6.568611e+001,
2549375000, -6.464895e+001,
2551250000, -6.493653e+001,
2553125000, -6.525828e+001,
2555000000, -6.499435e+001,
2556875000, -6.493087e+001,
2558750000, -6.508807e+001,
2560625000, -6.537793e+001,
2562500000, -6.476135e+001,
2564375000, -6.556915e+001,
2566250000, -6.548287e+001,
2568125000, -6.580537e+001,
2570000000, -6.384913e+001,
2571875000, -6.580079e+001,
2573750000, -6.544319e+001,
2575625000, -6.571735e+001,
2577500000, -6.496386e+001,
2579375000, -6.471399e+001,
2581250000, -6.388651e+001,
2583125000, -6.455054e+001,
2585000000, -6.456257e+001,
2586875000, -6.416651e+001,
2588750000, -6.445806e+001,
2590625000, -6.375424e+001,
2592500000, -6.452552e+001,
2594375000, -6.392654e+001,
2596250000, -6.351651e+001,
2598125000, -6.413724e+001,
2600000000, -6.394814e+001,
2601875000, -6.419238e+001,
2603750000, -6.403600e+001,
2605625000, -6.368068e+001,
2607500000, -6.389705e+001,
2609375000, -6.357938e+001,
2611250000, -6.317202e+001,
2613125000, -6.354486e+001,
2615000000, -6.311570e+001,
2616875000, -6.420346e+001,
2618750000, -6.446365e+001,
2620625000, -6.331871e+001,
2622500000, -6.334523e+001,
2624375000, -6.357024e+001,
2626250000, -6.327717e+001,
2628125000, -6.304718e+001,
2630000000, -6.336148e+001,
2631875000, -6.374978e+001,
2633750000, -6.349936e+001,
2635625000, -6.398173e+001,
2637500000, -6.308753e+001,
2639375000, -6.367101e+001,
2641250000, -6.334376e+001,
2643125000, -6.331622e+001,
2645000000, -6.375500e+001,
2646875000, -6.418001e+001,
2648750000, -6.391118e+001,
2650625000, -6.408985e+001,
2652500000, -6.351207e+001,
2654375000, -6.413211e+001,
2656250000, -6.326695e+001,
2658125000, -6.416320e+001,
2660000000, -6.298935e+001,
2661875000, -6.354581e+001,
2663750000, -6.315689e+001,
2665625000, -6.319453e+001,
2667500000, -6.406625e+001,
2669375000, -6.336987e+001,
2671250000, -6.414553e+001,
2673125000, -6.448394e+001,
2675000000, -6.359728e+001,
2676875000, -6.319745e+001,
2678750000, -6.275207e+001,
2680625000, -6.367159e+001,
2682500000, -6.349265e+001,
2684375000, -6.371499e+001,
2686250000, -6.359166e+001,
2688125000, -6.389282e+001,
2690000000, -6.345678e+001,
2691875000, -6.376358e+001,
2693750000, -6.366970e+001,
2695625000, -6.337569e+001,
2697500000, -6.318710e+001,
2699375000, -6.332706e+001,
2701250000, -6.304061e+001,
2703125000, -6.258103e+001,
2705000000, -6.371272e+001,
2706875000, -6.353596e+001,
2708750000, -6.332208e+001,
2710625000, -6.325330e+001,
2712500000, -6.309179e+001,
2714375000, -6.298262e+001,
2716250000, -6.359688e+001,
2718125000, -6.322112e+001,
2720000000, -6.343083e+001,
2721875000, -6.393948e+001,
2723750000, -6.290744e+001,
2725625000, -6.340165e+001,
2727500000, -6.316974e+001,
2729375000, -6.338005e+001,
2731250000, -6.271038e+001,
2733125000, -6.288946e+001,
2735000000, -6.278308e+001,
2736875000, -6.344814e+001,
2738750000, -6.278939e+001,
2740625000, -6.294018e+001,
2742500000, -6.279186e+001,
2744375000, -6.272261e+001,
2746250000, -6.296123e+001,
2748125000, -6.234796e+001,
2750000000, -6.318116e+001,
2751875000, -6.198740e+001,
2753750000, -6.256411e+001,
2755625000, -6.271333e+001,
2757500000, -6.231576e+001,
2759375000, -6.269680e+001,
2761250000, -6.228850e+001,
2763125000, -6.284861e+001,
2765000000, -6.204386e+001,
2766875000, -6.352999e+001,
2768750000, -6.224086e+001,
2770625000, -6.322826e+001,
2772500000, -6.218961e+001,
2774375000, -6.171349e+001,
2776250000, -6.234035e+001,
2778125000, -6.182767e+001,
2780000000, -6.183419e+001,
2781875000, -6.199658e+001,
2783750000, -6.205460e+001,
2785625000, -6.213750e+001,
2787500000, -6.209941e+001,
2789375000, -6.178276e+001,
2791250000, -6.167558e+001,
2793125000, -6.197598e+001,
2795000000, -6.168933e+001,
2796875000, -6.208602e+001,
2798750000, -6.158055e+001,
2800625000, -6.190891e+001,
2802500000, -6.271899e+001,
2804375000, -6.200423e+001,
2806250000, -6.235441e+001,
2808125000, -6.206063e+001,
2810000000, -6.175571e+001,
2811875000, -6.225797e+001,
2813750000, -6.205146e+001,
2815625000, -6.198540e+001,
2817500000, -6.233212e+001,
2819375000, -6.160560e+001,
2821250000, -6.195498e+001,
2823125000, -6.216129e+001,
2825000000, -6.239566e+001,
2826875000, -6.264032e+001,
2828750000, -6.235572e+001,
2830625000, -6.132906e+001,
2832500000, -6.220861e+001,
2834375000, -6.202040e+001,
2836250000, -6.231189e+001,
2838125000, -6.182819e+001,
2840000000, -6.262785e+001,
2841875000, -6.297252e+001,
2843750000, -6.124910e+001,
2845625000, -6.127345e+001,
2847500000, -6.152980e+001,
2849375000, -6.154834e+001,
2851250000, -6.147486e+001,
2853125000, -6.117272e+001,
2855000000, -6.158941e+001,
2856875000, -6.120722e+001,
2858750000, -6.113790e+001,
2860625000, -6.082149e+001,
2862500000, -6.115571e+001,
2864375000, -6.130969e+001,
2866250000, -6.083488e+001,
2868125000, -6.021928e+001,
2870000000, -6.093438e+001,
2871875000, -6.053453e+001,
2873750000, -6.074866e+001,
2875625000, -6.046053e+001,
2877500000, -6.013822e+001,
2879375000, -6.045411e+001,
2881250000, -6.029807e+001,
2883125000, -6.065431e+001,
2885000000, -6.071271e+001,
2886875000, -6.071191e+001,
2888750000, -6.041213e+001,
2890625000, -6.024640e+001,
2892500000, -6.044452e+001,
2894375000, -6.030864e+001,
2896250000, -6.069645e+001,
2898125000, -6.017053e+001,
2900000000, -6.049426e+001,
2901875000, -6.093877e+001,
2903750000, -6.050294e+001,
2905625000, -6.037201e+001,
2907500000, -6.095482e+001,
2909375000, -6.034725e+001,
2911250000, -6.088940e+001,
2913125000, -6.090339e+001,
2915000000, -6.139295e+001,
2916875000, -6.108223e+001,
2918750000, -6.164627e+001,
2920625000, -6.118058e+001,
2922500000, -6.105264e+001,
2924375000, -6.123497e+001,
2926250000, -6.177655e+001,
2928125000, -6.111875e+001,
2930000000, -6.061722e+001,
2931875000, -6.118499e+001,
2933750000, -6.154900e+001,
2935625000, -6.074140e+001,
2937500000, -6.098587e+001,
2939375000, -6.121755e+001,
2941250000, -6.119298e+001,
2943125000, -6.096941e+001,
2945000000, -6.118392e+001,
2946875000, -6.078577e+001,
2948750000, -6.129935e+001,
2950625000, -6.143250e+001,
2952500000, -6.067757e+001,
2954375000, -6.094503e+001,
2956250000, -6.111072e+001,
2958125000, -6.131238e+001,
2960000000, -6.066974e+001,
2961875000, -6.027578e+001,
2963750000, -6.094300e+001,
2965625000, -6.092886e+001,
2967500000, -6.027563e+001,
2969375000, -6.049636e+001,
2971250000, -6.055566e+001,
2973125000, -6.048086e+001,
2975000000, -6.058814e+001,
2976875000, -6.059567e+001,
2978750000, -6.065454e+001,
2980625000, -6.069051e+001,
2982500000, -6.055938e+001,
2984375000, -6.055378e+001,
2986250000, -6.060385e+001,
2988125000, -6.062300e+001,
2990000000, -6.078352e+001,
2991875000, -6.047485e+001,
2993750000, -6.090076e+001,
2995625000, -6.091838e+001,
2997500000, -6.092707e+001,
2999375000, -6.074026e+001,
3001250000, -6.103462e+001,
3003125000, -6.106236e+001,
3005000000, -6.085171e+001,
3006875000, -6.124936e+001,
3008750000, -6.072775e+001,
3010625000, -6.088718e+001,
3012500000, -6.063158e+001,
3014375000, -6.082758e+001,
3016250000, -6.089965e+001,
3018125000, -6.087272e+001,
3020000000, -6.069571e+001,
3021875000, -6.063998e+001,
3023750000, -6.115210e+001,
3025625000, -6.131742e+001,
3027500000, -6.042763e+001,
3029375000, -6.085320e+001,
3031250000, -6.052330e+001,
3033125000, -6.120563e+001,
3035000000, -6.076553e+001,
3036875000, -6.047398e+001,
3038750000, -6.104018e+001,
3040625000, -6.100679e+001,
3042500000, -6.043405e+001,
3044375000, -6.056168e+001,
3046250000, -6.048381e+001,
3048125000, -6.065604e+001,
3050000000, -6.050954e+001,
3051875000, -5.982412e+001,
3053750000, -5.982571e+001,
3055625000, -6.045889e+001,
3057500000, -6.006453e+001,
3059375000, -5.992797e+001,
3061250000, -6.022377e+001,
3063125000, -5.998756e+001,
3065000000, -6.024467e+001,
3066875000, -6.022353e+001,
3068750000, -5.979854e+001,
3070625000, -6.004498e+001,
3072500000, -5.998755e+001,
3074375000, -6.011461e+001,
3076250000, -6.003642e+001,
3078125000, -5.931021e+001,
3080000000, -5.971539e+001,
3081875000, -6.026878e+001,
3083750000, -5.972697e+001,
3085625000, -5.985302e+001,
3087500000, -6.025448e+001,
3089375000, -6.020461e+001,
3091250000, -5.954864e+001,
3093125000, -5.980980e+001,
3095000000, -6.051893e+001,
3096875000, -6.051498e+001,
3098750000, -6.016091e+001,
3100625000, -6.050148e+001,
3102500000, -6.046711e+001,
3104375000, -6.048196e+001,
3106250000, -5.947361e+001,
3108125000, -6.046669e+001,
3110000000, -5.997927e+001,
3111875000, -5.990661e+001,
3113750000, -5.992354e+001,
3115625000, -6.049192e+001,
3117500000, -6.027688e+001,
3119375000, -6.014240e+001,
3121250000, -6.054994e+001,
3123125000, -6.051131e+001,
3125000000, -5.984726e+001,
3126875000, -5.992370e+001,
3128750000, -5.997419e+001,
3130625000, -5.970696e+001,
3132500000, -5.935610e+001,
3134375000, -5.997271e+001,
3136250000, -5.992586e+001,
3138125000, -5.985807e+001,
3140000000, -5.979202e+001,
3141875000, -5.986773e+001,
3143750000, -5.966890e+001,
3145625000, -5.933542e+001,
3147500000, -5.954567e+001,
3149375000, -5.950822e+001,
3151250000, -5.915238e+001,
3153125000, -5.924184e+001,
3155000000, -5.984431e+001,
3156875000, -5.909753e+001,
3158750000, -5.977164e+001,
3160625000, -5.950431e+001,
3162500000, -5.914837e+001,
3164375000, -5.898406e+001,
3166250000, -5.948493e+001,
3168125000, -5.963584e+001,
3170000000, -5.936758e+001,
3171875000, -5.925602e+001,
3173750000, -5.927719e+001,
3175625000, -5.949052e+001,
3177500000, -5.940802e+001,
3179375000, -5.963800e+001,
3181250000, -5.965530e+001,
3183125000, -5.929903e+001,
3185000000, -5.977654e+001,
3186875000, -5.968612e+001,
3188750000, -5.978495e+001,
3190625000, -5.954586e+001,
3192500000, -5.932500e+001,
3194375000, -5.948904e+001,
3196250000, -5.949408e+001,
3198125000, -5.939909e+001,
3200000000, -5.958035e+001,
3201875000, -5.976389e+001,
3203750000, -5.974559e+001,
3205625000, -5.975395e+001,
3207500000, -5.920385e+001,
3209375000, -5.955801e+001,
3211250000, -5.949442e+001,
3213125000, -5.962813e+001,
3215000000, -5.986105e+001,
3216875000, -5.943919e+001,
3218750000, -5.918474e+001,
3220625000, -5.893633e+001,
3222500000, -5.923349e+001,
3224375000, -5.946669e+001,
3226250000, -5.897506e+001,
3228125000, -5.947169e+001,
3230000000, -5.950231e+001,
3231875000, -5.894933e+001,
3233750000, -5.884468e+001,
3235625000, -5.919022e+001,
3237500000, -5.869495e+001,
3239375000, -5.935773e+001,
3241250000, -5.899704e+001,
3243125000, -5.868876e+001,
3245000000, -5.905226e+001,
3246875000, -5.888258e+001,
3248750000, -5.897795e+001,
3250625000, -5.884747e+001,
3252500000, -5.865240e+001,
3254375000, -5.862180e+001,
3256250000, -5.879585e+001,
3258125000, -5.880725e+001,
3260000000, -5.891618e+001,
3261875000, -5.871845e+001,
3263750000, -5.927732e+001,
3265625000, -5.882117e+001,
3267500000, -5.872142e+001,
3269375000, -5.922979e+001,
3271250000, -5.922587e+001,
3273125000, -5.876687e+001,
3275000000, -5.906613e+001,
3276875000, -5.907755e+001,
3278750000, -5.879534e+001,
3280625000, -5.885704e+001,
3282500000, -5.952486e+001,
3284375000, -5.917989e+001,
3286250000, -5.905512e+001,
3288125000, -5.915570e+001,
3290000000, -5.918470e+001,
3291875000, -5.941576e+001,
3293750000, -5.913998e+001,
3295625000, -5.877468e+001,
3297500000, -5.911047e+001,
3299375000, -5.889681e+001,
3301250000, -5.903483e+001,
3303125000, -5.867353e+001,
3305000000, -5.877900e+001,
3306875000, -5.847520e+001,
3308750000, -5.811072e+001,
3310625000, -5.836783e+001,
3312500000, -5.859785e+001,
3314375000, -5.827234e+001,
3316250000, -5.816219e+001,
3318125000, -5.827644e+001,
3320000000, -5.848131e+001,
3321875000, -5.821070e+001,
3323750000, -5.771613e+001,
3325625000, -5.816318e+001,
3327500000, -5.783561e+001,
3329375000, -5.800584e+001,
3331250000, -5.793192e+001,
3333125000, -5.760979e+001,
3335000000, -5.760584e+001,
3336875000, -5.784532e+001,
3338750000, -5.786003e+001,
3340625000, -5.762051e+001,
3342500000, -5.781544e+001,
3344375000, -5.780028e+001,
3346250000, -5.773455e+001,
3348125000, -5.759050e+001,
3350000000, -5.772252e+001,
3351875000, -5.769188e+001,
3353750000, -5.777561e+001,
3355625000, -5.741173e+001,
3357500000, -5.747747e+001,
3359375000, -5.794852e+001,
3361250000, -5.802011e+001,
3363125000, -5.795080e+001,
3365000000, -5.813425e+001,
3366875000, -5.849702e+001,
3368750000, -5.836296e+001,
3370625000, -5.856132e+001,
3372500000, -5.824208e+001,
3374375000, -5.868044e+001,
3376250000, -5.798175e+001,
3378125000, -5.890985e+001,
3380000000, -5.861369e+001,
3381875000, -5.859504e+001,
3383750000, -5.929734e+001,
3385625000, -5.889846e+001,
3387500000, -5.877142e+001,
3389375000, -5.910290e+001,
3391250000, -5.901409e+001,
3393125000, -5.896806e+001,
3395000000, -5.939395e+001,
3396875000, -5.882516e+001,
3398750000, -5.865543e+001,
3400625000, -5.848109e+001,
3402500000, -5.911361e+001,
3404375000, -5.862306e+001,
3406250000, -5.906097e+001,
3408125000, -5.853696e+001,
3410000000, -5.808282e+001,
3411875000, -5.849762e+001,
3413750000, -5.827655e+001,
3415625000, -5.862577e+001,
3417500000, -5.773316e+001,
3419375000, -5.807360e+001,
3421250000, -5.781206e+001,
3423125000, -5.783212e+001,
3425000000, -5.745097e+001,
3426875000, -5.709378e+001,
3428750000, -5.718673e+001,
3430625000, -5.735110e+001,
3432500000, -5.725733e+001,
3434375000, -5.696877e+001,
3436250000, -5.693705e+001,
3438125000, -5.674708e+001,
3440000000, -5.677386e+001,
3441875000, -5.671984e+001,
3443750000, -5.649223e+001,
3445625000, -5.645449e+001,
3447500000, -5.688647e+001,
3449375000, -5.682853e+001,
3451250000, -5.662604e+001,
3453125000, -5.669167e+001,
3455000000, -5.648366e+001,
3456875000, -5.666750e+001,
3458750000, -5.651643e+001,
3460625000, -5.664501e+001,
3462500000, -5.683306e+001,
3464375000, -5.717500e+001,
3466250000, -5.689698e+001,
3468125000, -5.691125e+001,
3470000000, -5.701390e+001,
3471875000, -5.728359e+001,
3473750000, -5.697705e+001,
3475625000, -5.753893e+001,
3477500000, -5.801013e+001,
3479375000, -5.762144e+001,
3481250000, -5.765454e+001,
3483125000, -5.744700e+001,
3485000000, -5.768552e+001,
3486875000, -5.785789e+001,
3488750000, -5.779149e+001,
3490625000, -5.840921e+001,
3492500000, -5.822922e+001,
3494375000, -5.844801e+001,
3496250000, -5.807168e+001,
3498125000, -5.815752e+001,
3500000000, -5.785178e+001,
3501875000, -5.825647e+001,
3503750000, -5.839709e+001,
3505625000, -5.775402e+001,
3507500000, -5.760354e+001,
3509375000, -5.850246e+001,
3511250000, -5.815113e+001,
3513125000, -5.815379e+001,
3515000000, -5.820618e+001,
3516875000, -5.762577e+001,
3518750000, -5.808068e+001,
3520625000, -5.776088e+001,
3522500000, -5.763784e+001,
3524375000, -5.769650e+001,
3526250000, -5.773554e+001,
3528125000, -5.792337e+001,
3530000000, -5.715943e+001,
3531875000, -5.773260e+001,
3533750000, -5.740125e+001,
3535625000, -5.739393e+001,
3537500000, -5.734676e+001,
3539375000, -5.745716e+001,
3541250000, -5.740272e+001,
3543125000, -5.760094e+001,
3545000000, -5.713084e+001,
3546875000, -5.721776e+001,
3548750000, -5.708959e+001,
3550625000, -5.693938e+001,
3552500000, -5.731601e+001,
3554375000, -5.719124e+001,
3556250000, -5.710903e+001,
3558125000, -5.707678e+001,
3560000000, -5.718539e+001,
3561875000, -5.719233e+001,
3563750000, -5.720740e+001,
3565625000, -5.731403e+001,
3567500000, -5.675925e+001,
3569375000, -5.723256e+001,
3571250000, -5.734879e+001,
3573125000, -5.750844e+001,
3575000000, -5.749647e+001,
3576875000, -5.746208e+001,
3578750000, -5.740530e+001,
3580625000, -5.727087e+001,
3582500000, -5.746888e+001,
3584375000, -5.757416e+001,
3586250000, -5.784064e+001,
3588125000, -5.780327e+001,
3590000000, -5.788111e+001,
3591875000, -5.752613e+001,
3593750000, -5.757733e+001,
3595625000, -5.793348e+001,
3597500000, -5.782430e+001,
3599375000, -5.772693e+001,
3601250000, -5.811328e+001,
3603125000, -5.817130e+001,
3605000000, -5.783851e+001,
3606875000, -5.812429e+001,
3608750000, -5.839483e+001,
3610625000, -5.845948e+001,
3612500000, -5.828100e+001,
3614375000, -5.846663e+001,
3616250000, -5.858312e+001,
3618125000, -5.844289e+001,
3620000000, -5.850842e+001,
3621875000, -5.928247e+001,
3623750000, -5.922248e+001,
3625625000, -5.895891e+001,
3627500000, -5.916678e+001,
3629375000, -5.928749e+001,
3631250000, -5.920218e+001,
3633125000, -5.938646e+001,
3635000000, -5.947057e+001,
3636875000, -5.934862e+001,
3638750000, -5.978463e+001,
3640625000, -6.015594e+001,
3642500000, -5.981121e+001,
3644375000, -6.070838e+001,
3646250000, -6.020312e+001,
3648125000, -5.996454e+001,
3650000000, -6.014999e+001,
3651875000, -6.035296e+001,
3653750000, -6.067794e+001,
3655625000, -6.138577e+001,
3657500000, -6.047673e+001,
3659375000, -5.997570e+001,
3661250000, -6.098246e+001,
3663125000, -6.057821e+001,
3665000000, -6.077505e+001,
3666875000, -5.966037e+001,
3668750000, -6.004840e+001,
3670625000, -6.081789e+001,
3672500000, -6.034739e+001,
3674375000, -6.001091e+001,
3676250000, -6.015480e+001,
3678125000, -6.044631e+001,
3680000000, -6.011876e+001,
3681875000, -5.972194e+001,
3683750000, -6.036661e+001,
3685625000, -5.992397e+001,
3687500000, -5.991660e+001,
3689375000, -5.952720e+001,
3691250000, -5.989053e+001,
3693125000, -5.962117e+001,
3695000000, -6.011527e+001,
3696875000, -6.071998e+001,
3698750000, -6.016966e+001,
3700625000, -5.990684e+001,
3702500000, -6.033671e+001,
3704375000, -5.982054e+001,
3706250000, -6.043122e+001,
3708125000, -6.006184e+001,
3710000000, -5.987704e+001,
3711875000, -6.037397e+001,
3713750000, -6.019862e+001,
3715625000, -6.040879e+001,
3717500000, -6.063101e+001,
3719375000, -6.186012e+001,
3721250000, -6.162912e+001,
3723125000, -6.058388e+001,
3725000000, -6.201968e+001,
3726875000, -6.200060e+001,
3728750000, -6.127815e+001,
3730625000, -6.127043e+001,
3732500000, -6.188530e+001,
3734375000, -6.247720e+001,
3736250000, -6.172846e+001,
3738125000, -6.292867e+001,
3740000000, -6.160249e+001,
3741875000, -6.322847e+001,
3743750000, -6.358369e+001,
3745625000, -6.133971e+001,
3747500000, -6.279081e+001,
3749375000, -6.320653e+001,
3751250000, -6.380264e+001,
3753125000, -6.256682e+001,
3755000000, -6.413528e+001,
3756875000, -6.425352e+001,
3758750000, -6.369444e+001,
3760625000, -6.428017e+001,
3762500000, -6.462119e+001,
3764375000, -6.449782e+001,
3766250000, -6.412757e+001,
3768125000, -6.378635e+001,
3770000000, -6.484572e+001,
3771875000, -6.374852e+001,
3773750000, -6.435924e+001,
3775625000, -6.403011e+001,
3777500000, -6.521829e+001,
3779375000, -6.461117e+001,
3781250000, -6.528222e+001,
3783125000, -6.344516e+001,
3785000000, -6.499229e+001,
3786875000, -6.342936e+001,
3788750000, -6.440447e+001,
3790625000, -6.256731e+001,
3792500000, -6.475198e+001,
3794375000, -6.506638e+001,
3796250000, -6.298775e+001,
3798125000, -6.275155e+001,
3800000000, -6.470095e+001,
3801875000, -6.383843e+001,
3803750000, -6.452633e+001,
3805625000, -6.377015e+001,
3807500000, -6.480333e+001,
3809375000, -6.328890e+001,
3811250000, -6.404584e+001,
3813125000, -6.295521e+001,
3815000000, -6.164487e+001,
3816875000, -6.523562e+001,
3818750000, -6.304283e+001,
3820625000, -6.359739e+001,
3822500000, -6.377348e+001,
3824375000, -6.507758e+001,
3826250000, -6.362667e+001,
3828125000, -6.775873e+001,
3830000000, -6.284912e+001,
3831875000, -6.367929e+001,
3833750000, -6.752794e+001,
3835625000, -6.290688e+001,
3837500000, -6.332127e+001,
3839375000, -6.602997e+001,
3841250000, -6.471199e+001,
3843125000, -6.652316e+001,
3845000000, -6.381098e+001,
3846875000, -6.295427e+001,
3848750000, -6.965885e+001,
3850625000, -6.316409e+001,
3852500000, -6.967418e+001,
3854375000, -6.462714e+001,
3856250000, -5.898119e+001,
3858125000, -7.111187e+001,
3860000000, -6.734744e+001,
3861875000, -6.405916e+001,
3863750000, -7.039554e+001,
3865625000, -6.426648e+001,
3867500000, -6.387008e+001,
3869375000, -7.493481e+001,
3871250000, -6.229401e+001,
3873125000, -6.853143e+001,
3875000000, -6.648431e+001,
3876875000, -6.397238e+001,
3878750000, -6.787504e+001,
3880625000, -6.961674e+001,
3882500000, -6.465148e+001,
3884375000, -6.754630e+001,
3886250000, -6.919764e+001,
3888125000, -6.061721e+001,
3890000000, -6.822284e+001,
3891875000, -6.455432e+001,
3893750000, -6.198725e+001,
3895625000, -6.832836e+001,
3897500000, -5.951840e+001,
3899375000, -5.602211e+001,
3901250000, -6.220494e+001,
3903125000, -6.858252e+001,
3905000000, -6.217872e+001,
3906875000, -6.891666e+001,
3908750000, -6.658299e+001,
3910625000, -6.518302e+001,
3912500000, -6.952780e+001,
3914375000, -6.165899e+001,
3916250000, -7.073609e+001,
3918125000, -7.720297e+001,
3920000000, -6.205028e+001,
3921875000, -6.029020e+001,
3923750000, -7.024604e+001,
3925625000, -5.661759e+001,
3927500000, -5.829805e+001,
3929375000, -7.113942e+001,
3931250000, -6.354636e+001,
3933125000, -5.899453e+001,
3935000000, -7.202554e+001,
3936875000, -6.424815e+001,
3938750000, -6.153401e+001,
3940625000, -6.182014e+001,
3942500000, -5.902539e+001,
3944375000, -5.831045e+001,
3946250000, -6.025503e+001,
3948125000, -7.609634e+001,
3950000000, -6.962557e+001,
3951875000, -6.566020e+001,
3953750000, -5.851943e+001,
3955625000, -6.737052e+001,
3957500000, -6.698340e+001,
3959375000, -6.039775e+001,
3961250000, -5.721140e+001,
3963125000, -6.408482e+001,
3965000000, -6.230335e+001,
3966875000, -5.723893e+001,
3968750000, -5.958850e+001,
3970625000, -5.972610e+001,
3972500000, -5.676746e+001,
3974375000, -5.618425e+001,
3976250000, -5.825388e+001,
3978125000, -6.161246e+001,
3980000000, -6.595721e+001,
3981875000, -6.052798e+001,
3983750000, -5.346156e+001,
3985625000, -5.219470e+001,
3987500000, -5.397059e+001,
3989375000, -5.808417e+001,
3991250000, -5.862728e+001,
3993125000, -6.066819e+001,
3995000000, -6.198547e+001,
3996875000, -6.057184e+001,
3998750000, -5.906136e+001,
4000625000, -6.499557e+001,
4002500000, -6.093434e+001,
4004375000, -6.298264e+001,
4006250000, -8.348517e+001,
4008125000, -6.257103e+001,
4010000000, -5.761339e+001,
4011875000, -5.901401e+001,
4013750000, -5.923124e+001,
4015625000, -5.851124e+001,
4017500000, -5.490943e+001,
4019375000, -5.071295e+001,
4021250000, -4.868576e+001,
4023125000, -4.715278e+001,
4025000000, -4.724660e+001,
4026875000, -4.925021e+001,
4028750000, -5.389971e+001,
4030625000, -6.049618e+001,
4032500000, -5.807360e+001,
4034375000, -5.938914e+001,
4036250000, -5.279601e+001,
4038125000, -4.918634e+001,
4040000000, -4.916634e+001,
4041875000, -5.038667e+001,
4043750000, -5.058162e+001,
4045625000, -5.341957e+001,
4047500000, -6.453627e+001,
4049375000, -5.832591e+001,
4051250000, -5.567772e+001,
4053125000, -5.789321e+001,
4055000000, -6.004138e+001,
4056875000, -6.200240e+001,
4058750000, -5.451145e+001,
4060625000, -5.757769e+001,
4062500000, -5.576419e+001,
4064375000, -5.552031e+001,
4066250000, -4.918807e+001,
4068125000, -4.851393e+001,
4070000000, -5.045929e+001,
4071875000, -5.197416e+001,
4073750000, -5.473527e+001,
4075625000, -5.418803e+001,
4077500000, -4.914502e+001,
4079375000, -4.728038e+001,
4081250000, -4.152483e+001,
4083125000, -3.797742e+001,
4085000000, -4.001710e+001,
4086875000, -4.385221e+001,
4088750000, -4.737863e+001,
4090625000, -5.099480e+001,
4092500000, -5.412442e+001,
4094375000, -5.340291e+001,
4096250000, -5.465273e+001,
4098125000, -4.517730e+001,
4100000000, -4.279704e+001,
4101875000, -4.258102e+001,
4103750000, -4.314495e+001,
4105625000, -4.469436e+001,
4107500000, -4.788368e+001,
4109375000, -4.378971e+001,
4111250000, -4.532774e+001,
4113125000, -5.076525e+001,
4115000000, -5.275706e+001,
4116875000, -6.449419e+001,
4118750000, -5.295748e+001,
4120625000, -5.089450e+001,
4122500000, -5.183261e+001,
4124375000, -5.293461e+001,
4126250000, -4.778332e+001,
4128125000, -4.563974e+001,
4130000000, -4.742179e+001,
4131875000, -5.313039e+001,
4133750000, -5.905697e+001,
4135625000, -6.179734e+001,
4137500000, -6.972585e+001,
4139375000, -6.019296e+001,
4141250000, -5.113993e+001,
4143125000, -4.556210e+001,
4145000000, -4.533395e+001,
4146875000, -4.494731e+001,
4148750000, -4.727410e+001,
4150625000, -4.975674e+001,
4152500000, -4.864452e+001,
4154375000, -5.273576e+001,
4156250000, -4.597172e+001,
4158125000, -4.440879e+001,
4160000000, -4.261557e+001,
4161875000, -4.049113e+001,
4163750000, -4.079150e+001,
4165625000, -3.656134e+001,
4167500000, -3.281418e+001,
4169375000, -3.130146e+001,
4171250000, -3.022975e+001,
4173125000, -3.189277e+001,
4175000000, -3.446338e+001,
4176875000, -3.825879e+001,
4178750000, -4.187931e+001,
4180625000, -4.032392e+001,
4182500000, -3.720184e+001,
4184375000, -3.486564e+001,
4186250000, -3.292870e+001,
4188125000, -3.188236e+001,
4190000000, -3.064057e+001,
4191875000, -3.007698e+001,
4193750000, -3.134546e+001,
4195625000, -3.428636e+001,
4197500000, -3.769732e+001,
4199375000, -4.093917e+001,
4201250000, -4.125736e+001,
4203125000, -3.603817e+001,
4205000000, -3.249857e+001,
4206875000, -3.076981e+001,
4208750000, -3.009746e+001,
4210625000, -2.919456e+001,
4212500000, -2.913569e+001,
4214375000, -2.874247e+001,
4216250000, -2.923085e+001,
4218125000, -3.028477e+001,
4220000000, -3.287346e+001,
4221875000, -3.873470e+001,
4223750000, -4.615987e+001,
4225625000, -3.696716e+001,
4227500000, -3.156589e+001,
4229375000, -2.918681e+001,
4231250000, -2.833696e+001,
4233125000, -2.860346e+001,
4235000000, -2.819089e+001,
4236875000, -2.793551e+001,
4238750000, -2.757149e+001,
4240625000, -2.879989e+001,
4242500000, -3.160199e+001,
4244375000, -3.921548e+001,
4246250000, -3.710962e+001,
4248125000, -3.237948e+001,
4250000000, -3.067928e+001,
4251875000, -2.985368e+001,
4253750000, -2.782320e+001,
4255625000, -2.639822e+001,
4257500000, -2.612257e+001,
4259375000, -2.721664e+001,
4261250000, -3.031733e+001,
4263125000, -3.739814e+001,
4265000000, -6.041097e+001,
4266875000, -4.229816e+001,
4268750000, -3.656413e+001,
4270625000, -3.016422e+001,
4272500000, -2.735889e+001,
4274375000, -2.620894e+001,
4276250000, -2.690282e+001,
4278125000, -2.949996e+001,
4280000000, -3.273428e+001,
4281875000, -3.641584e+001,
4283750000, -3.743784e+001,
4285625000, -4.457460e+001,
4287500000, -4.334954e+001,
4289375000, -3.288492e+001,
4291250000, -2.990270e+001,
4293125000, -2.942845e+001,
4295000000, -3.040286e+001,
4296875000, -3.169593e+001,
4298750000, -3.186073e+001,
4300625000, -3.215385e+001,
4302500000, -3.508072e+001,
4304375000, -4.815273e+001,
4306250000, -4.059607e+001,
4308125000, -3.523921e+001,
4310000000, -3.434079e+001,
4311875000, -3.265480e+001,
4313750000, -3.137368e+001,
4315625000, -3.088696e+001,
4317500000, -3.327248e+001,
4319375000, -3.718485e+001,
4321250000, -4.015563e+001,
4323125000, -4.076398e+001,
4325000000, -4.368998e+001,
4326875000, -3.984136e+001,
4328750000, -3.457850e+001,
4330625000, -3.312510e+001,
4332500000, -3.343659e+001,
4334375000, -3.479936e+001,
4336250000, -3.598784e+001,
4338125000, -3.751348e+001,
4340000000, -3.926397e+001,
4341875000, -4.215831e+001,
4343750000, -4.370860e+001,
4345625000, -3.997949e+001,
4347500000, -3.750501e+001,
4349375000, -3.558288e+001,
4351250000, -3.487070e+001,
4353125000, -3.464743e+001,
4355000000, -3.527254e+001,
4356875000, -3.687262e+001,
4358750000, -3.929376e+001,
4360625000, -4.232016e+001,
4362500000, -4.756189e+001,
4364375000, -3.996721e+001,
4366250000, -3.622779e+001,
4368125000, -3.569231e+001,
4370000000, -3.597939e+001,
4371875000, -3.715575e+001,
4373750000, -3.826740e+001,
4375625000, -3.981246e+001,
4377500000, -4.259367e+001,
4379375000, -4.639885e+001,
4381250000, -4.785898e+001,
4383125000, -4.158588e+001,
4385000000, -3.773491e+001,
4386875000, -3.694795e+001,
4388750000, -3.707882e+001,
4390625000, -4.223403e+001,
4392500000, -5.123835e+001,
4394375000, -3.855895e+001,
4396250000, -3.442042e+001,
4398125000, -3.417282e+001,
4400000000, -3.678915e+001,
4401875000, -4.610822e+001,
4403750000, -4.886283e+001,
4405625000, -3.905995e+001,
4407500000, -3.700772e+001,
4409375000, -3.665598e+001,
4411250000, -3.936413e+001,
4413125000, -4.543946e+001,
4415000000, -5.513352e+001,
4416875000, -4.620245e+001,
4418750000, -4.223441e+001,
4420625000, -3.758786e+001,
4422500000, -3.507164e+001,
4424375000, -3.391055e+001,
4426250000, -3.524566e+001,
4428125000, -4.048415e+001,
4430000000, -4.546001e+001,
4431875000, -4.768601e+001,
4433750000, -4.372548e+001,
4435625000, -4.140836e+001,
4437500000, -4.394480e+001,
4439375000, -5.203031e+001,
4441250000, -3.928505e+001,
4443125000, -3.586499e+001,
4445000000, -3.418472e+001,
4446875000, -3.519577e+001,
4448750000, -3.719117e+001,
4450625000, -4.010717e+001,
4452500000, -4.823641e+001,
4454375000, -5.380639e+001,
4456250000, -4.530452e+001,
4458125000, -4.447326e+001,
4460000000, -4.474159e+001,
4461875000, -4.386401e+001,
4463750000, -4.332021e+001,
4465625000, -4.927188e+001,
4467500000, -6.431821e+001,
4469375000, -4.808568e+001,
4471250000, -4.650226e+001,
4473125000, -4.571508e+001,
4475000000, -4.697343e+001,
4476875000, -4.770806e+001,
4478750000, -5.021861e+001,
4480625000, -4.939766e+001,
4482500000, -4.728752e+001,
4484375000, -4.951189e+001,
4486250000, -5.481216e+001,
4488125000, -5.766141e+001,
4490000000, -5.454900e+001,
4491875000, -5.084140e+001,
4493750000, -5.117530e+001,
4495625000, -5.264506e+001,
4497500000, -5.490454e+001,
4499375000, -5.362577e+001,
4501250000, -5.014434e+001,
4503125000, -4.796652e+001,
4505000000, -4.904599e+001,
4506875000, -5.313077e+001,
4508750000, -5.807563e+001,
4510625000, -5.863672e+001,
4512500000, -5.340257e+001,
4514375000, -5.086421e+001,
4516250000, -5.192069e+001,
4518125000, -5.870463e+001,
4520000000, -5.784470e+001,
4521875000, -5.908284e+001,
4523750000, -5.915549e+001,
4525625000, -5.311540e+001,
4527500000, -5.365316e+001,
4529375000, -5.942305e+001,
4531250000, -5.958496e+001,
4533125000, -6.530976e+001,
4535000000, -5.791257e+001,
4536875000, -5.241908e+001,
4538750000, -5.323276e+001,
4540625000, -5.960909e+001,
4542500000, -6.185124e+001,
4544375000, -6.975173e+001,
4546250000, -5.735686e+001,
4548125000, -5.281124e+001,
4550000000, -5.507159e+001,
4551875000, -6.146648e+001,
4553750000, -6.125377e+001,
4555625000, -7.138609e+001,
4557500000, -5.562488e+001,
4559375000, -5.459348e+001,
4561250000, -6.128730e+001,
4563125000, -6.300444e+001,
4565000000, -6.933302e+001,
4566875000, -5.989545e+001,
4568750000, -5.569568e+001,
4570625000, -5.814795e+001,
4572500000, -6.278519e+001,
4574375000, -6.499068e+001,
4576250000, -6.420296e+001,
4578125000, -5.782669e+001,
4580000000, -5.808627e+001,
4581875000, -6.249723e+001,
4583750000, -6.280435e+001,
4585625000, -6.355838e+001,
4587500000, -5.866066e+001,
4589375000, -5.833297e+001,
4591250000, -6.250344e+001,
4593125000, -6.293356e+001,
4595000000, -6.297133e+001,
4596875000, -5.972710e+001,
4598750000, -5.894920e+001,
4600625000, -6.225821e+001,
4602500000, -6.222356e+001,
4604375000, -6.246879e+001,
4606250000, -5.899554e+001,
4608125000, -5.936207e+001,
4610000000, -6.181939e+001,
4611875000, -6.185221e+001,
4613750000, -6.067293e+001,
4615625000, -5.850311e+001,
4617500000, -6.035069e+001,
4619375000, -6.153011e+001,
4621250000, -6.134937e+001,
4623125000, -5.924133e+001,
4625000000, -5.918122e+001,
4626875000, -6.114573e+001,
4628750000, -6.078903e+001,
4630625000, -5.980675e+001,
4632500000, -5.848074e+001,
4634375000, -6.049964e+001,
4636250000, -6.108437e+001,
4638125000, -5.997384e+001,
4640000000, -5.916510e+001,
4641875000, -5.983342e+001,
4643750000, -6.069303e+001,
4645625000, -5.984300e+001,
4647500000, -5.941713e+001,
4649375000, -5.971248e+001,
4651250000, -6.084782e+001,
4653125000, -6.095467e+001,
4655000000, -5.997663e+001,
4656875000, -6.006274e+001,
4658750000, -6.058360e+001,
4660625000, -6.097749e+001,
4662500000, -6.039718e+001,
4664375000, -5.994185e+001,
4666250000, -6.117236e+001,
4668125000, -6.102828e+001,
4670000000, -6.043527e+001,
4671875000, -6.021151e+001,
4673750000, -6.117676e+001,
4675625000, -6.135492e+001,
4677500000, -6.037162e+001,
4679375000, -6.129740e+001,
4681250000, -6.115541e+001,
4683125000, -6.078490e+001,
4685000000, -6.098203e+001,
4686875000, -6.098618e+001,
4688750000, -6.091275e+001,
4690625000, -6.101505e+001,
4692500000, -6.130905e+001,
4694375000, -6.152887e+001,
4696250000, -6.094889e+001,
4698125000, -6.125977e+001,
4700000000, -6.122516e+001,
4701875000, -6.112078e+001,
4703750000, -6.073968e+001,
4705625000, -6.068143e+001,
4707500000, -6.109312e+001,
4709375000, -6.087836e+001,
4711250000, -6.042252e+001,
4713125000, -6.137135e+001,
4715000000, -6.097511e+001,
4716875000, -6.074773e+001,
4718750000, -6.090865e+001,
4720625000, -6.093496e+001,
4722500000, -6.068202e+001,
4724375000, -6.082282e+001,
4726250000, -6.052987e+001,
4728125000, -6.053964e+001,
4730000000, -6.043258e+001,
4731875000, -6.072134e+001,
4733750000, -6.066135e+001,
4735625000, -6.051382e+001,
4737500000, -6.083564e+001,
4739375000, -6.086805e+001,
4741250000, -6.059706e+001,
4743125000, -6.051340e+001,
4745000000, -6.061642e+001,
4746875000, -6.072417e+001,
4748750000, -6.039110e+001,
4750625000, -6.073485e+001,
4752500000, -6.095358e+001,
4754375000, -6.032885e+001,
4756250000, -6.034037e+001,
4758125000, -6.064499e+001,
4760000000, -6.057135e+001,
4761875000, -6.036823e+001,
4763750000, -6.076368e+001,
4765625000, -6.078361e+001,
4767500000, -6.058467e+001,
4769375000, -6.076837e+001,
4771250000, -6.085199e+001,
4773125000, -6.073976e+001,
4775000000, -6.084624e+001,
4776875000, -6.046186e+001,
4778750000, -6.069993e+001,
4780625000, -6.049879e+001,
4782500000, -6.086557e+001,
4784375000, -6.065824e+001,
4786250000, -6.078186e+001,
4788125000, -6.057717e+001,
4790000000, -6.071944e+001,
4791875000, -6.058762e+001,
4793750000, -6.099665e+001,
4795625000, -6.080417e+001,
4797500000, -6.084558e+001,
4799375000, -6.076026e+001,
4801250000, -6.085913e+001,
4803125000, -6.047515e+001,
4805000000, -6.064944e+001,
4806875000, -6.048473e+001,
4808750000, -6.074627e+001,
4810625000, -6.079139e+001,
4812500000, -6.079144e+001,
4814375000, -6.077829e+001,
4816250000, -6.060258e+001,
4818125000, -6.111054e+001,
4820000000, -6.086279e+001,
4821875000, -6.111276e+001,
4823750000, -6.146193e+001,
4825625000, -6.083013e+001,
4827500000, -6.085295e+001,
4829375000, -6.101772e+001,
4831250000, -6.113634e+001,
4833125000, -6.154764e+001,
4835000000, -6.168749e+001,
4836875000, -6.148382e+001,
4838750000, -6.090030e+001,
4840625000, -6.161079e+001,
4842500000, -6.170716e+001,
4844375000, -6.153407e+001,
4846250000, -6.166832e+001,
4848125000, -6.194696e+001,
4850000000, -6.224569e+001,
4851875000, -6.230784e+001,
4853750000, -6.208369e+001,
4855625000, -6.203154e+001,
4857500000, -6.215240e+001,
4859375000, -6.200680e+001,
4861250000, -6.164533e+001,
4863125000, -6.147855e+001,
4865000000, -6.174382e+001,
4866875000, -6.219918e+001,
4868750000, -6.164848e+001,
4870625000, -6.159464e+001,
4872500000, -6.173054e+001,
4874375000, -6.198594e+001,
4876250000, -6.154754e+001,
4878125000, -6.117432e+001,
4880000000, -6.134369e+001,
4881875000, -6.147754e+001,
4883750000, -6.110959e+001,
4885625000, -6.110001e+001,
4887500000, -6.061815e+001,
4889375000, -6.094769e+001,
4891250000, -6.096119e+001,
4893125000, -6.063483e+001,
4895000000, -6.035806e+001,
4896875000, -6.048588e+001,
4898750000, -6.042210e+001,
4900625000, -6.027475e+001,
4902500000, -6.070962e+001,
4904375000, -6.024138e+001,
4906250000, -6.035315e+001,
4908125000, -6.020780e+001,
4910000000, -6.024807e+001,
4911875000, -6.037768e+001,
4913750000, -6.054092e+001,
4915625000, -6.046635e+001,
4917500000, -6.034072e+001,
4919375000, -6.054359e+001,
4921250000, -6.073294e+001,
4923125000, -6.044197e+001,
4925000000, -6.023560e+001,
4926875000, -6.073087e+001,
4928750000, -6.052614e+001,
4930625000, -6.092621e+001,
4932500000, -6.099642e+001,
4934375000, -6.082960e+001,
4936250000, -6.089012e+001,
4938125000, -6.140884e+001,
4940000000, -6.082298e+001,
4941875000, -6.156211e+001,
4943750000, -6.189381e+001,
4945625000, -6.170337e+001,
4947500000, -6.218500e+001,
4949375000, -6.137576e+001,
4951250000, -6.174698e+001,
4953125000, -6.205185e+001,
4955000000, -6.189918e+001,
4956875000, -6.268135e+001,
4958750000, -6.268751e+001,
4960625000, -6.221844e+001,
4962500000, -6.212322e+001,
4964375000, -6.239313e+001,
4966250000, -6.193782e+001,
4968125000, -6.276165e+001,
4970000000, -6.248386e+001,
4971875000, -6.207141e+001,
4973750000, -6.237122e+001,
4975625000, -6.227179e+001,
4977500000, -6.220112e+001,
4979375000, -6.240022e+001,
4981250000, -6.187356e+001,
4983125000, -6.209791e+001,
4985000000, -6.220947e+001,
4986875000, -6.200466e+001,
4988750000, -6.140733e+001,
4990625000, -6.147268e+001,
4992500000, -6.172449e+001,
4994375000, -6.183887e+001,
4996250000, -6.163702e+001,
4998125000, -6.135117e+001,
5000000000, -6.138885e+001,
