"S21 Log Mag"
"Frequency (Hz)","dB",
2000000000, -6.419321e+001,
2001875000, -6.428941e+001,
2003750000, -6.432305e+001,
2005625000, -6.416027e+001,
2007500000, -6.419524e+001,
2009375000, -6.384872e+001,
2011250000, -6.472771e+001,
2013125000, -6.445253e+001,
2015000000, -6.429211e+001,
2016875000, -6.561272e+001,
2018750000, -6.428574e+001,
2020625000, -6.443002e+001,
2022500000, -6.518193e+001,
2024375000, -6.412460e+001,
2026250000, -6.347776e+001,
2028125000, -6.405975e+001,
2030000000, -6.461963e+001,
2031875000, -6.365219e+001,
2033750000, -6.504375e+001,
2035625000, -6.470115e+001,
2037500000, -6.414481e+001,
2039375000, -6.496361e+001,
2041250000, -6.458286e+001,
2043125000, -6.469000e+001,
2045000000, -6.429228e+001,
2046875000, -6.454648e+001,
2048750000, -6.481731e+001,
2050625000, -6.446965e+001,
2052500000, -6.461392e+001,
2054375000, -6.434896e+001,
2056250000, -6.478159e+001,
2058125000, -6.378042e+001,
2060000000, -6.478143e+001,
2061875000, -6.435194e+001,
2063750000, -6.430430e+001,
2065625000, -6.428650e+001,
2067500000, -6.400063e+001,
2069375000, -6.411093e+001,
2071250000, -6.397697e+001,
2073125000, -6.482358e+001,
2075000000, -6.394941e+001,
2076875000, -6.491269e+001,
2078750000, -6.418929e+001,
2080625000, -6.398214e+001,
2082500000, -6.401426e+001,
2084375000, -6.420953e+001,
2086250000, -6.489095e+001,
2088125000, -6.418314e+001,
2090000000, -6.395166e+001,
2091875000, -6.481706e+001,
2093750000, -6.440274e+001,
2095625000, -6.445139e+001,
2097500000, -6.455916e+001,
2099375000, -6.449562e+001,
2101250000, -6.464023e+001,
2103125000, -6.405795e+001,
2105000000, -6.423167e+001,
2106875000, -6.439841e+001,
2108750000, -6.439875e+001,
2110625000, -6.529045e+001,
2112500000, -6.461989e+001,
2114375000, -6.491870e+001,
2116250000, -6.406757e+001,
2118125000, -6.482095e+001,
2120000000, -6.456254e+001,
2121875000, -6.528671e+001,
2123750000, -6.456190e+001,
2125625000, -6.492580e+001,
2127500000, -6.453822e+001,
2129375000, -6.400552e+001,
2131250000, -6.541483e+001,
2133125000, -6.553377e+001,
2135000000, -6.454689e+001,
2136875000, -6.508141e+001,
2138750000, -6.513978e+001,
2140625000, -6.590394e+001,
2142500000, -6.579154e+001,
2144375000, -6.545536e+001,
2146250000, -6.502134e+001,
2148125000, -6.585838e+001,
2150000000, -6.533839e+001,
2151875000, -6.554444e+001,
2153750000, -6.545750e+001,
2155625000, -6.581670e+001,
2157500000, -6.568237e+001,
2159375000, -6.533109e+001,
2161250000, -6.604802e+001,
2163125000, -6.569102e+001,
2165000000, -6.658575e+001,
2166875000, -6.592981e+001,
2168750000, -6.551655e+001,
2170625000, -6.571587e+001,
2172500000, -6.788705e+001,
2174375000, -6.648779e+001,
2176250000, -6.559918e+001,
2178125000, -6.681965e+001,
2180000000, -6.621458e+001,
2181875000, -6.580390e+001,
2183750000, -6.646416e+001,
2185625000, -6.531904e+001,
2187500000, -6.607810e+001,
2189375000, -6.672379e+001,
2191250000, -6.571920e+001,
2193125000, -6.532225e+001,
2195000000, -6.575502e+001,
2196875000, -6.562342e+001,
2198750000, -6.558478e+001,
2200625000, -6.610683e+001,
2202500000, -6.487222e+001,
2204375000, -6.546311e+001,
2206250000, -6.626713e+001,
2208125000, -6.487624e+001,
2210000000, -6.517928e+001,
2211875000, -6.609220e+001,
2213750000, -6.489114e+001,
2215625000, -6.417353e+001,
2217500000, -6.560511e+001,
2219375000, -6.459710e+001,
2221250000, -6.483870e+001,
2223125000, -6.482878e+001,
2225000000, -6.489619e+001,
2226875000, -6.537714e+001,
2228750000, -6.487401e+001,
2230625000, -6.483835e+001,
2232500000, -6.429854e+001,
2234375000, -6.502392e+001,
2236250000, -6.544279e+001,
2238125000, -6.450855e+001,
2240000000, -6.498084e+001,
2241875000, -6.489399e+001,
2243750000, -6.557358e+001,
2245625000, -6.579182e+001,
2247500000, -6.518960e+001,
2249375000, -6.478413e+001,
2251250000, -6.579567e+001,
2253125000, -6.622615e+001,
2255000000, -6.596246e+001,
2256875000, -6.609467e+001,
2258750000, -6.569561e+001,
2260625000, -6.598983e+001,
2262500000, -6.634064e+001,
2264375000, -6.525890e+001,
2266250000, -6.581115e+001,
2268125000, -6.581647e+001,
2270000000, -6.633976e+001,
2271875000, -6.483531e+001,
2273750000, -6.695420e+001,
2275625000, -6.630682e+001,
2277500000, -6.515637e+001,
2279375000, -6.673925e+001,
2281250000, -6.605402e+001,
2283125000, -6.809648e+001,
2285000000, -6.612739e+001,
2286875000, -6.580968e+001,
2288750000, -6.650410e+001,
2290625000, -6.751861e+001,
2292500000, -6.675932e+001,
2294375000, -6.558060e+001,
2296250000, -6.617438e+001,
2298125000, -6.626585e+001,
2300000000, -6.662983e+001,
2301875000, -6.728389e+001,
2303750000, -6.622318e+001,
2305625000, -6.625222e+001,
2307500000, -6.647743e+001,
2309375000, -6.610972e+001,
2311250000, -6.649981e+001,
2313125000, -6.613749e+001,
2315000000, -6.556468e+001,
2316875000, -6.565900e+001,
2318750000, -6.617136e+001,
2320625000, -6.599177e+001,
2322500000, -6.591366e+001,
2324375000, -6.610606e+001,
2326250000, -6.522406e+001,
2328125000, -6.601151e+001,
2330000000, -6.532518e+001,
2331875000, -6.516004e+001,
2333750000, -6.575581e+001,
2335625000, -6.527415e+001,
2337500000, -6.603635e+001,
2339375000, -6.596131e+001,
2341250000, -6.582503e+001,
2343125000, -6.487476e+001,
2345000000, -6.506806e+001,
2346875000, -6.706942e+001,
2348750000, -6.589498e+001,
2350625000, -6.495340e+001,
2352500000, -6.499545e+001,
2354375000, -6.577225e+001,
2356250000, -6.669985e+001,
2358125000, -6.537779e+001,
2360000000, -6.556680e+001,
2361875000, -6.625338e+001,
2363750000, -6.576591e+001,
2365625000, -6.549567e+001,
2367500000, -6.629543e+001,
2369375000, -6.560995e+001,
2371250000, -6.583081e+001,
2373125000, -6.570341e+001,
2375000000, -6.479957e+001,
2376875000, -6.744154e+001,
2378750000, -6.646849e+001,
2380625000, -6.570155e+001,
2382500000, -6.579653e+001,
2384375000, -6.583931e+001,
2386250000, -6.707088e+001,
2388125000, -6.568339e+001,
2390000000, -6.568686e+001,
2391875000, -6.552534e+001,
2393750000, -6.640553e+001,
2395625000, -6.617413e+001,
2397500000, -6.548528e+001,
2399375000, -6.544464e+001,
2401250000, -6.517246e+001,
2403125000, -6.573061e+001,
2405000000, -6.608102e+001,
2406875000, -6.507112e+001,
2408750000, -6.558076e+001,
2410625000, -6.605957e+001,
2412500000, -6.637708e+001,
2414375000, -6.526547e+001,
2416250000, -6.506888e+001,
2418125000, -6.554887e+001,
2420000000, -6.640494e+001,
2421875000, -6.566338e+001,
2423750000, -6.494233e+001,
2425625000, -6.574761e+001,
2427500000, -6.613387e+001,
2429375000, -6.545684e+001,
2431250000, -6.646114e+001,
2433125000, -6.538244e+001,
2435000000, -6.599908e+001,
2436875000, -6.482852e+001,
2438750000, -6.547318e+001,
2440625000, -6.545539e+001,
2442500000, -6.667143e+001,
2444375000, -6.533808e+001,
2446250000, -6.546704e+001,
2448125000, -6.576783e+001,
2450000000, -6.561008e+001,
2451875000, -6.500886e+001,
2453750000, -6.499910e+001,
2455625000, -6.530810e+001,
2457500000, -6.479369e+001,
2459375000, -6.699408e+001,
2461250000, -6.483009e+001,
2463125000, -6.463808e+001,
2465000000, -6.389297e+001,
2466875000, -6.483873e+001,
2468750000, -6.546654e+001,
2470625000, -6.385112e+001,
2472500000, -6.475863e+001,
2474375000, -6.513789e+001,
2476250000, -6.478484e+001,
2478125000, -6.468575e+001,
2480000000, -6.433090e+001,
2481875000, -6.488764e+001,
2483750000, -6.452513e+001,
2485625000, -6.432580e+001,
2487500000, -6.410748e+001,
2489375000, -6.456402e+001,
2491250000, -6.408541e+001,
2493125000, -6.343382e+001,
2495000000, -6.441327e+001,
2496875000, -6.441421e+001,
2498750000, -6.440510e+001,
2500625000, -6.414674e+001,
2502500000, -6.393610e+001,
2504375000, -6.366601e+001,
2506250000, -6.390825e+001,
2508125000, -6.412447e+001,
2510000000, -6.374246e+001,
2511875000, -6.470039e+001,
2513750000, -6.401196e+001,
2515625000, -6.449938e+001,
2517500000, -6.404350e+001,
2519375000, -6.396835e+001,
2521250000, -6.396938e+001,
2523125000, -6.399285e+001,
2525000000, -6.379325e+001,
2526875000, -6.469652e+001,
2528750000, -6.431529e+001,
2530625000, -6.446337e+001,
2532500000, -6.453513e+001,
2534375000, -6.391717e+001,
2536250000, -6.401111e+001,
2538125000, -6.553883e+001,
2540000000, -6.482541e+001,
2541875000, -6.426484e+001,
2543750000, -6.474655e+001,
2545625000, -6.524443e+001,
2547500000, -6.607656e+001,
2549375000, -6.482566e+001,
2551250000, -6.412394e+001,
2553125000, -6.478811e+001,
2555000000, -6.550828e+001,
2556875000, -6.468317e+001,
2558750000, -6.443948e+001,
2560625000, -6.498852e+001,
2562500000, -6.433697e+001,
2564375000, -6.538984e+001,
2566250000, -6.427494e+001,
2568125000, -6.376940e+001,
2570000000, -6.445287e+001,
2571875000, -6.397659e+001,
2573750000, -6.492496e+001,
2575625000, -6.439250e+001,
2577500000, -6.405044e+001,
2579375000, -6.537884e+001,
2581250000, -6.446233e+001,
2583125000, -6.443784e+001,
2585000000, -6.430843e+001,
2586875000, -6.375410e+001,
2588750000, -6.442454e+001,
2590625000, -6.374333e+001,
2592500000, -6.352639e+001,
2594375000, -6.368798e+001,
2596250000, -6.381091e+001,
2598125000, -6.315870e+001,
2600000000, -6.333440e+001,
2601875000, -6.320033e+001,
2603750000, -6.361798e+001,
2605625000, -6.298298e+001,
2607500000, -6.346231e+001,
2609375000, -6.343779e+001,
2611250000, -6.375383e+001,
2613125000, -6.341201e+001,
2615000000, -6.310287e+001,
2616875000, -6.308403e+001,
2618750000, -6.329232e+001,
2620625000, -6.294676e+001,
2622500000, -6.236211e+001,
2624375000, -6.319137e+001,
2626250000, -6.289629e+001,
2628125000, -6.311949e+001,
2630000000, -6.302523e+001,
2631875000, -6.330073e+001,
2633750000, -6.332764e+001,
2635625000, -6.294678e+001,
2637500000, -6.308842e+001,
2639375000, -6.326574e+001,
2641250000, -6.370247e+001,
2643125000, -6.456845e+001,
2645000000, -6.323755e+001,
2646875000, -6.385585e+001,
2648750000, -6.326983e+001,
2650625000, -6.417950e+001,
2652500000, -6.311959e+001,
2654375000, -6.264630e+001,
2656250000, -6.311791e+001,
2658125000, -6.317628e+001,
2660000000, -6.299142e+001,
2661875000, -6.361988e+001,
2663750000, -6.380542e+001,
2665625000, -6.351225e+001,
2667500000, -6.292948e+001,
2669375000, -6.323677e+001,
2671250000, -6.323410e+001,
2673125000, -6.371737e+001,
2675000000, -6.305254e+001,
2676875000, -6.292373e+001,
2678750000, -6.293320e+001,
2680625000, -6.320303e+001,
2682500000, -6.352011e+001,
2684375000, -6.290614e+001,
2686250000, -6.277198e+001,
2688125000, -6.282764e+001,
2690000000, -6.291542e+001,
2691875000, -6.327999e+001,
2693750000, -6.286428e+001,
2695625000, -6.327403e+001,
2697500000, -6.341757e+001,
2699375000, -6.279737e+001,
2701250000, -6.291834e+001,
2703125000, -6.293379e+001,
2705000000, -6.336279e+001,
2706875000, -6.268429e+001,
2708750000, -6.301508e+001,
2710625000, -6.282710e+001,
2712500000, -6.252458e+001,
2714375000, -6.260617e+001,
2716250000, -6.304023e+001,
2718125000, -6.292682e+001,
2720000000, -6.287844e+001,
2721875000, -6.411153e+001,
2723750000, -6.281152e+001,
2725625000, -6.214217e+001,
2727500000, -6.247920e+001,
2729375000, -6.314807e+001,
2731250000, -6.323955e+001,
2733125000, -6.312712e+001,
2735000000, -6.264912e+001,
2736875000, -6.265162e+001,
2738750000, -6.280908e+001,
2740625000, -6.288016e+001,
2742500000, -6.256339e+001,
2744375000, -6.238769e+001,
2746250000, -6.258905e+001,
2748125000, -6.231201e+001,
2750000000, -6.206647e+001,
2751875000, -6.204927e+001,
2753750000, -6.203727e+001,
2755625000, -6.212701e+001,
2757500000, -6.249537e+001,
2759375000, -6.298391e+001,
2761250000, -6.297722e+001,
2763125000, -6.291246e+001,
2765000000, -6.220006e+001,
2766875000, -6.271652e+001,
2768750000, -6.221167e+001,
2770625000, -6.306948e+001,
2772500000, -6.220359e+001,
2774375000, -6.214408e+001,
2776250000, -6.199740e+001,
2778125000, -6.258019e+001,
2780000000, -6.218859e+001,
2781875000, -6.205724e+001,
2783750000, -6.212949e+001,
2785625000, -6.274886e+001,
2787500000, -6.226982e+001,
2789375000, -6.177461e+001,
2791250000, -6.195446e+001,
2793125000, -6.252779e+001,
2795000000, -6.244018e+001,
2796875000, -6.210577e+001,
2798750000, -6.288774e+001,
2800625000, -6.259047e+001,
2802500000, -6.243110e+001,
2804375000, -6.203381e+001,
2806250000, -6.233019e+001,
2808125000, -6.251903e+001,
2810000000, -6.303848e+001,
2811875000, -6.271421e+001,
2813750000, -6.293831e+001,
2815625000, -6.234864e+001,
2817500000, -6.270819e+001,
2819375000, -6.254436e+001,
2821250000, -6.235778e+001,
2823125000, -6.263297e+001,
2825000000, -6.270265e+001,
2826875000, -6.270730e+001,
2828750000, -6.256445e+001,
2830625000, -6.197258e+001,
2832500000, -6.202506e+001,
2834375000, -6.281712e+001,
2836250000, -6.262718e+001,
2838125000, -6.189304e+001,
2840000000, -6.196286e+001,
2841875000, -6.259443e+001,
2843750000, -6.215816e+001,
2845625000, -6.191179e+001,
2847500000, -6.219884e+001,
2849375000, -6.194750e+001,
2851250000, -6.235649e+001,
2853125000, -6.175022e+001,
2855000000, -6.131907e+001,
2856875000, -6.166790e+001,
2858750000, -6.156124e+001,
2860625000, -6.143752e+001,
2862500000, -6.171861e+001,
2864375000, -6.170658e+001,
2866250000, -6.102876e+001,
2868125000, -6.132362e+001,
2870000000, -6.098945e+001,
2871875000, -6.131137e+001,
2873750000, -6.149175e+001,
2875625000, -6.090534e+001,
2877500000, -6.111429e+001,
2879375000, -6.074873e+001,
2881250000, -6.094171e+001,
2883125000, -6.056836e+001,
2885000000, -6.102969e+001,
2886875000, -6.079571e+001,
2888750000, -6.118558e+001,
2890625000, -6.097303e+001,
2892500000, -6.070652e+001,
2894375000, -6.100975e+001,
2896250000, -6.099613e+001,
2898125000, -6.085970e+001,
2900000000, -6.109210e+001,
2901875000, -6.102676e+001,
2903750000, -6.060273e+001,
2905625000, -6.101385e+001,
2907500000, -6.113146e+001,
2909375000, -6.121745e+001,
2911250000, -6.092523e+001,
2913125000, -6.101152e+001,
2915000000, -6.106833e+001,
2916875000, -6.117488e+001,
2918750000, -6.088257e+001,
2920625000, -6.111041e+001,
2922500000, -6.106567e+001,
2924375000, -6.142732e+001,
2926250000, -6.113505e+001,
2928125000, -6.082200e+001,
2930000000, -6.138239e+001,
2931875000, -6.175992e+001,
2933750000, -6.021070e+001,
2935625000, -6.152040e+001,
2937500000, -6.199401e+001,
2939375000, -6.107891e+001,
2941250000, -6.138139e+001,
2943125000, -6.129407e+001,
2945000000, -6.178355e+001,
2946875000, -6.157664e+001,
2948750000, -6.162805e+001,
2950625000, -6.063417e+001,
2952500000, -6.070700e+001,
2954375000, -6.136000e+001,
2956250000, -6.116226e+001,
2958125000, -6.100444e+001,
2960000000, -6.085102e+001,
2961875000, -6.086173e+001,
2963750000, -6.047718e+001,
2965625000, -6.060246e+001,
2967500000, -6.047745e+001,
2969375000, -6.092957e+001,
2971250000, -6.046033e+001,
2973125000, -6.082779e+001,
2975000000, -6.037135e+001,
2976875000, -6.023362e+001,
2978750000, -6.018090e+001,
2980625000, -6.034896e+001,
2982500000, -6.022734e+001,
2984375000, -6.041786e+001,
2986250000, -6.076386e+001,
2988125000, -6.053262e+001,
2990000000, -6.009793e+001,
2991875000, -6.065860e+001,
2993750000, -6.048774e+001,
2995625000, -6.044430e+001,
2997500000, -6.013269e+001,
2999375000, -6.079071e+001,
3001250000, -6.071007e+001,
3003125000, -6.043103e+001,
3005000000, -6.008538e+001,
3006875000, -6.045551e+001,
3008750000, -6.041415e+001,
3010625000, -6.080655e+001,
3012500000, -6.020020e+001,
3014375000, -6.065733e+001,
3016250000, -6.102958e+001,
3018125000, -6.088044e+001,
3020000000, -6.068071e+001,
3021875000, -6.143409e+001,
3023750000, -6.089270e+001,
3025625000, -6.043308e+001,
3027500000, -6.041999e+001,
3029375000, -6.036887e+001,
3031250000, -6.087468e+001,
3033125000, -6.039354e+001,
3035000000, -6.062662e+001,
3036875000, -6.039286e+001,
3038750000, -6.027442e+001,
3040625000, -6.044293e+001,
3042500000, -6.107088e+001,
3044375000, -6.043073e+001,
3046250000, -5.999205e+001,
3048125000, -6.026301e+001,
3050000000, -6.023143e+001,
3051875000, -6.018842e+001,
3053750000, -6.033168e+001,
3055625000, -6.019636e+001,
3057500000, -6.021441e+001,
3059375000, -6.001122e+001,
3061250000, -6.008590e+001,
3063125000, -5.980893e+001,
3065000000, -6.024467e+001,
3066875000, -5.988993e+001,
3068750000, -5.973846e+001,
3070625000, -6.004912e+001,
3072500000, -5.969095e+001,
3074375000, -5.989721e+001,
3076250000, -5.946774e+001,
3078125000, -6.015937e+001,
3080000000, -5.981882e+001,
3081875000, -5.970552e+001,
3083750000, -6.009081e+001,
3085625000, -5.959354e+001,
3087500000, -5.978416e+001,
3089375000, -5.963642e+001,
3091250000, -5.998190e+001,
3093125000, -6.023372e+001,
3095000000, -5.966112e+001,
3096875000, -5.998997e+001,
3098750000, -6.018045e+001,
3100625000, -5.974203e+001,
3102500000, -5.947339e+001,
3104375000, -5.940422e+001,
3106250000, -6.034384e+001,
3108125000, -6.029511e+001,
3110000000, -6.010060e+001,
3111875000, -6.019738e+001,
3113750000, -6.024591e+001,
3115625000, -6.044523e+001,
3117500000, -6.003180e+001,
3119375000, -6.046352e+001,
3121250000, -6.004174e+001,
3123125000, -6.044464e+001,
3125000000, -6.046700e+001,
3126875000, -6.000702e+001,
3128750000, -6.015923e+001,
3130625000, -5.952005e+001,
3132500000, -5.991448e+001,
3134375000, -5.973707e+001,
3136250000, -5.995335e+001,
3138125000, -5.988465e+001,
3140000000, -5.990973e+001,
3141875000, -5.971196e+001,
3143750000, -5.950821e+001,
3145625000, -5.938133e+001,
3147500000, -5.980004e+001,
3149375000, -5.950773e+001,
3151250000, -5.928162e+001,
3153125000, -5.983080e+001,
3155000000, -5.961272e+001,
3156875000, -5.971778e+001,
3158750000, -5.939602e+001,
3160625000, -5.937498e+001,
3162500000, -5.929417e+001,
3164375000, -5.956059e+001,
3166250000, -5.911062e+001,
3168125000, -5.959248e+001,
3170000000, -5.938530e+001,
3171875000, -5.915186e+001,
3173750000, -5.937199e+001,
3175625000, -5.958424e+001,
3177500000, -5.924903e+001,
3179375000, -5.951361e+001,
3181250000, -5.959368e+001,
3183125000, -5.949926e+001,
3185000000, -5.993044e+001,
3186875000, -5.951162e+001,
3188750000, -5.912145e+001,
3190625000, -5.989473e+001,
3192500000, -5.933157e+001,
3194375000, -5.982596e+001,
3196250000, -5.967262e+001,
3198125000, -5.971049e+001,
3200000000, -5.964771e+001,
3201875000, -5.963964e+001,
3203750000, -5.956113e+001,
3205625000, -5.948287e+001,
3207500000, -5.978326e+001,
3209375000, -5.970806e+001,
3211250000, -5.929075e+001,
3213125000, -5.941083e+001,
3215000000, -5.950022e+001,
3216875000, -5.940546e+001,
3218750000, -5.940006e+001,
3220625000, -5.919768e+001,
3222500000, -5.920526e+001,
3224375000, -5.942876e+001,
3226250000, -5.937780e+001,
3228125000, -5.893900e+001,
3230000000, -5.896963e+001,
3231875000, -5.921402e+001,
3233750000, -5.891024e+001,
3235625000, -5.894757e+001,
3237500000, -5.893056e+001,
3239375000, -5.928323e+001,
3241250000, -5.915037e+001,
3243125000, -5.919316e+001,
3245000000, -5.883829e+001,
3246875000, -5.900736e+001,
3248750000, -5.896021e+001,
3250625000, -5.890769e+001,
3252500000, -5.887466e+001,
3254375000, -5.904992e+001,
3256250000, -5.906311e+001,
3258125000, -5.918155e+001,
3260000000, -5.892127e+001,
3261875000, -5.873709e+001,
3263750000, -5.936248e+001,
3265625000, -5.923474e+001,
3267500000, -5.908847e+001,
3269375000, -5.890338e+001,
3271250000, -5.917729e+001,
3273125000, -5.948510e+001,
3275000000, -5.936735e+001,
3276875000, -5.955523e+001,
3278750000, -5.938662e+001,
3280625000, -5.939305e+001,
3282500000, -5.955133e+001,
3284375000, -5.937400e+001,
3286250000, -5.916696e+001,
3288125000, -5.951965e+001,
3290000000, -5.954082e+001,
3291875000, -5.898916e+001,
3293750000, -5.964747e+001,
3295625000, -5.949052e+001,
3297500000, -5.962782e+001,
3299375000, -5.945166e+001,
3301250000, -5.907808e+001,
3303125000, -5.912723e+001,
3305000000, -5.889856e+001,
3306875000, -5.897132e+001,
3308750000, -5.863832e+001,
3310625000, -5.920553e+001,
3312500000, -5.851351e+001,
3314375000, -5.853238e+001,
3316250000, -5.879887e+001,
3318125000, -5.830047e+001,
3320000000, -5.862822e+001,
3321875000, -5.845430e+001,
3323750000, -5.819537e+001,
3325625000, -5.817160e+001,
3327500000, -5.825724e+001,
3329375000, -5.800715e+001,
3331250000, -5.814620e+001,
3333125000, -5.789896e+001,
3335000000, -5.805803e+001,
3336875000, -5.803955e+001,
3338750000, -5.783139e+001,
3340625000, -5.766036e+001,
3342500000, -5.774096e+001,
3344375000, -5.783117e+001,
3346250000, -5.799385e+001,
3348125000, -5.795802e+001,
3350000000, -5.782084e+001,
3351875000, -5.800209e+001,
3353750000, -5.809358e+001,
3355625000, -5.808395e+001,
3357500000, -5.794010e+001,
3359375000, -5.792885e+001,
3361250000, -5.819933e+001,
3363125000, -5.877571e+001,
3365000000, -5.842633e+001,
3366875000, -5.873518e+001,
3368750000, -5.901656e+001,
3370625000, -5.886161e+001,
3372500000, -5.909805e+001,
3374375000, -5.902398e+001,
3376250000, -5.903043e+001,
3378125000, -5.922308e+001,
3380000000, -5.869453e+001,
3381875000, -5.909723e+001,
3383750000, -5.908244e+001,
3385625000, -5.938665e+001,
3387500000, -5.916709e+001,
3389375000, -5.922550e+001,
3391250000, -5.978790e+001,
3393125000, -5.906118e+001,
3395000000, -5.914424e+001,
3396875000, -5.951890e+001,
3398750000, -5.912495e+001,
3400625000, -5.946522e+001,
3402500000, -5.910294e+001,
3404375000, -5.904638e+001,
3406250000, -5.878983e+001,
3408125000, -5.873515e+001,
3410000000, -5.888222e+001,
3411875000, -5.835970e+001,
3413750000, -5.843181e+001,
3415625000, -5.849255e+001,
3417500000, -5.844728e+001,
3419375000, -5.803717e+001,
3421250000, -5.804306e+001,
3423125000, -5.796134e+001,
3425000000, -5.811185e+001,
3426875000, -5.769119e+001,
3428750000, -5.752829e+001,
3430625000, -5.787923e+001,
3432500000, -5.783583e+001,
3434375000, -5.752160e+001,
3436250000, -5.742138e+001,
3438125000, -5.725465e+001,
3440000000, -5.745277e+001,
3441875000, -5.711766e+001,
3443750000, -5.699880e+001,
3445625000, -5.677693e+001,
3447500000, -5.689605e+001,
3449375000, -5.707382e+001,
3451250000, -5.708141e+001,
3453125000, -5.693470e+001,
3455000000, -5.700207e+001,
3456875000, -5.716695e+001,
3458750000, -5.729823e+001,
3460625000, -5.718400e+001,
3462500000, -5.757380e+001,
3464375000, -5.717612e+001,
3466250000, -5.752361e+001,
3468125000, -5.754963e+001,
3470000000, -5.790510e+001,
3471875000, -5.773790e+001,
3473750000, -5.792039e+001,
3475625000, -5.749107e+001,
3477500000, -5.791739e+001,
3479375000, -5.788643e+001,
3481250000, -5.796960e+001,
3483125000, -5.791742e+001,
3485000000, -5.795216e+001,
3486875000, -5.817650e+001,
3488750000, -5.828156e+001,
3490625000, -5.836433e+001,
3492500000, -5.822178e+001,
3494375000, -5.829464e+001,
3496250000, -5.834189e+001,
3498125000, -5.830719e+001,
3500000000, -5.848873e+001,
3501875000, -5.821600e+001,
3503750000, -5.826717e+001,
3505625000, -5.831123e+001,
3507500000, -5.854859e+001,
3509375000, -5.851591e+001,
3511250000, -5.821520e+001,
3513125000, -5.819571e+001,
3515000000, -5.835413e+001,
3516875000, -5.816557e+001,
3518750000, -5.790181e+001,
3520625000, -5.831743e+001,
3522500000, -5.798489e+001,
3524375000, -5.783726e+001,
3526250000, -5.783181e+001,
3528125000, -5.786538e+001,
3530000000, -5.772433e+001,
3531875000, -5.773286e+001,
3533750000, -5.728762e+001,
3535625000, -5.758381e+001,
3537500000, -5.717921e+001,
3539375000, -5.719117e+001,
3541250000, -5.725096e+001,
3543125000, -5.714684e+001,
3545000000, -5.713048e+001,
3546875000, -5.712750e+001,
3548750000, -5.713060e+001,
3550625000, -5.697642e+001,
3552500000, -5.718694e+001,
3554375000, -5.739822e+001,
3556250000, -5.719896e+001,
3558125000, -5.708689e+001,
3560000000, -5.722015e+001,
3561875000, -5.747657e+001,
3563750000, -5.697847e+001,
3565625000, -5.751321e+001,
3567500000, -5.723981e+001,
3569375000, -5.706532e+001,
3571250000, -5.715722e+001,
3573125000, -5.710825e+001,
3575000000, -5.715859e+001,
3576875000, -5.716009e+001,
3578750000, -5.722357e+001,
3580625000, -5.704420e+001,
3582500000, -5.746283e+001,
3584375000, -5.729552e+001,
3586250000, -5.747698e+001,
3588125000, -5.686407e+001,
3590000000, -5.725225e+001,
3591875000, -5.764841e+001,
3593750000, -5.744310e+001,
3595625000, -5.736308e+001,
3597500000, -5.762573e+001,
3599375000, -5.725868e+001,
3601250000, -5.775030e+001,
3603125000, -5.767238e+001,
3605000000, -5.790437e+001,
3606875000, -5.749509e+001,
3608750000, -5.816941e+001,
3610625000, -5.792566e+001,
3612500000, -5.770063e+001,
3614375000, -5.798821e+001,
3616250000, -5.811997e+001,
3618125000, -5.810107e+001,
3620000000, -5.822295e+001,
3621875000, -5.807784e+001,
3623750000, -5.825935e+001,
3625625000, -5.871903e+001,
3627500000, -5.864734e+001,
3629375000, -5.859848e+001,
3631250000, -5.907837e+001,
3633125000, -5.882037e+001,
3635000000, -5.887248e+001,
3636875000, -5.934649e+001,
3638750000, -5.966124e+001,
3640625000, -5.906295e+001,
3642500000, -5.973471e+001,
3644375000, -5.922246e+001,
3646250000, -5.909216e+001,
3648125000, -5.944698e+001,
3650000000, -5.941829e+001,
3651875000, -5.981603e+001,
3653750000, -5.956178e+001,
3655625000, -5.932523e+001,
3657500000, -5.988635e+001,
3659375000, -5.957942e+001,
3661250000, -5.974192e+001,
3663125000, -5.931165e+001,
3665000000, -5.994275e+001,
3666875000, -5.955236e+001,
3668750000, -5.934026e+001,
3670625000, -5.946552e+001,
3672500000, -6.002378e+001,
3674375000, -5.960371e+001,
3676250000, -5.919023e+001,
3678125000, -6.015277e+001,
3680000000, -5.953616e+001,
3681875000, -5.888185e+001,
3683750000, -5.953705e+001,
3685625000, -5.933296e+001,
3687500000, -5.929664e+001,
3689375000, -5.918394e+001,
3691250000, -5.914684e+001,
3693125000, -5.920144e+001,
3695000000, -5.901490e+001,
3696875000, -5.898632e+001,
3698750000, -5.895172e+001,
3700625000, -5.895958e+001,
3702500000, -5.932772e+001,
3704375000, -5.899756e+001,
3706250000, -5.922162e+001,
3708125000, -5.972055e+001,
3710000000, -5.927073e+001,
3711875000, -5.898357e+001,
3713750000, -5.977256e+001,
3715625000, -6.059037e+001,
3717500000, -5.916454e+001,
3719375000, -6.001552e+001,
3721250000, -6.229851e+001,
3723125000, -5.993966e+001,
3725000000, -5.993871e+001,
3726875000, -5.999829e+001,
3728750000, -6.161463e+001,
3730625000, -6.098674e+001,
3732500000, -6.120344e+001,
3734375000, -6.121916e+001,
3736250000, -6.175481e+001,
3738125000, -6.215171e+001,
3740000000, -6.162758e+001,
3741875000, -6.178697e+001,
3743750000, -6.185372e+001,
3745625000, -6.272897e+001,
3747500000, -6.262549e+001,
3749375000, -6.148294e+001,
3751250000, -6.350440e+001,
3753125000, -6.335409e+001,
3755000000, -6.219129e+001,
3756875000, -6.213774e+001,
3758750000, -6.397069e+001,
3760625000, -6.532243e+001,
3762500000, -6.250613e+001,
3764375000, -6.241127e+001,
3766250000, -6.449218e+001,
3768125000, -6.306199e+001,
3770000000, -6.336501e+001,
3771875000, -6.215977e+001,
3773750000, -6.365936e+001,
3775625000, -6.385954e+001,
3777500000, -6.240765e+001,
3779375000, -6.381107e+001,
3781250000, -6.345964e+001,
3783125000, -6.273246e+001,
3785000000, -6.732257e+001,
3786875000, -6.045663e+001,
3788750000, -6.154639e+001,
3790625000, -6.634675e+001,
3792500000, -6.397378e+001,
3794375000, -6.341093e+001,
3796250000, -6.190986e+001,
3798125000, -6.440067e+001,
3800000000, -6.251779e+001,
3801875000, -6.400780e+001,
3803750000, -6.303444e+001,
3805625000, -6.281779e+001,
3807500000, -6.411189e+001,
3809375000, -6.476782e+001,
3811250000, -6.202331e+001,
3813125000, -6.385032e+001,
3815000000, -6.493800e+001,
3816875000, -6.212376e+001,
3818750000, -6.128783e+001,
3820625000, -6.606824e+001,
3822500000, -6.677756e+001,
3824375000, -6.306851e+001,
3826250000, -6.518420e+001,
3828125000, -6.244477e+001,
3830000000, -6.195179e+001,
3831875000, -6.927425e+001,
3833750000, -6.403677e+001,
3835625000, -6.399842e+001,
3837500000, -6.196608e+001,
3839375000, -6.954824e+001,
3841250000, -6.482383e+001,
3843125000, -6.491756e+001,
3845000000, -6.526858e+001,
3846875000, -7.177164e+001,
3848750000, -6.345304e+001,
3850625000, -6.452812e+001,
3852500000, -6.881408e+001,
3854375000, -6.656520e+001,
3856250000, -6.639286e+001,
3858125000, -6.789268e+001,
3860000000, -6.344367e+001,
3861875000, -6.166935e+001,
3863750000, -6.851498e+001,
3865625000, -6.944050e+001,
3867500000, -6.412122e+001,
3869375000, -6.493504e+001,
3871250000, -6.533986e+001,
3873125000, -6.561459e+001,
3875000000, -7.847935e+001,
3876875000, -6.212029e+001,
3878750000, -6.690742e+001,
3880625000, -7.078924e+001,
3882500000, -6.404280e+001,
3884375000, -6.992903e+001,
3886250000, -7.129775e+001,
3888125000, -6.483404e+001,
3890000000, -6.782198e+001,
3891875000, -7.002420e+001,
3893750000, -6.273740e+001,
3895625000, -6.368486e+001,
3897500000, -7.359255e+001,
3899375000, -7.308315e+001,
3901250000, -7.040544e+001,
3903125000, -6.776566e+001,
3905000000, -6.591441e+001,
3906875000, -6.624876e+001,
3908750000, -7.346861e+001,
3910625000, -6.984327e+001,
3912500000, -6.306991e+001,
3914375000, -6.379151e+001,
3916250000, -6.611021e+001,
3918125000, -7.274845e+001,
3920000000, -7.416868e+001,
3921875000, -6.720299e+001,
3923750000, -6.694093e+001,
3925625000, -8.526998e+001,
3927500000, -6.650275e+001,
3929375000, -6.584460e+001,
3931250000, -8.189944e+001,
3933125000, -6.390405e+001,
3935000000, -6.128773e+001,
3936875000, -6.516147e+001,
3938750000, -6.074504e+001,
3940625000, -5.877021e+001,
3942500000, -5.902351e+001,
3944375000, -6.521011e+001,
3946250000, -6.585756e+001,
3948125000, -6.604780e+001,
3950000000, -6.429369e+001,
3951875000, -6.196992e+001,
3953750000, -6.138914e+001,
3955625000, -6.312891e+001,
3957500000, -6.356635e+001,
3959375000, -6.090475e+001,
3961250000, -6.145879e+001,
3963125000, -6.182507e+001,
3965000000, -6.724644e+001,
3966875000, -6.591211e+001,
3968750000, -6.088546e+001,
3970625000, -5.941913e+001,
3972500000, -6.090857e+001,
3974375000, -6.263689e+001,
3976250000, -6.720000e+001,
3978125000, -7.449345e+001,
3980000000, -6.645656e+001,
3981875000, -6.699447e+001,
3983750000, -6.441923e+001,
3985625000, -5.847606e+001,
3987500000, -5.607589e+001,
3989375000, -6.013374e+001,
3991250000, -5.711950e+001,
3993125000, -5.680728e+001,
3995000000, -5.636549e+001,
3996875000, -5.411837e+001,
3998750000, -5.148478e+001,
4000625000, -5.146072e+001,
4002500000, -5.250898e+001,
4004375000, -5.447652e+001,
4006250000, -5.819355e+001,
4008125000, -6.382699e+001,
4010000000, -6.959830e+001,
4011875000, -6.332481e+001,
4013750000, -6.279776e+001,
4015625000, -6.327877e+001,
4017500000, -6.403920e+001,
4019375000, -6.725766e+001,
4021250000, -5.966742e+001,
4023125000, -5.728611e+001,
4025000000, -5.226609e+001,
4026875000, -4.995565e+001,
4028750000, -5.156605e+001,
4030625000, -5.421030e+001,
4032500000, -5.666874e+001,
4034375000, -5.569551e+001,
4036250000, -5.639292e+001,
4038125000, -5.534473e+001,
4040000000, -5.151451e+001,
4041875000, -4.777853e+001,
4043750000, -4.776070e+001,
4045625000, -4.731769e+001,
4047500000, -4.648231e+001,
4049375000, -4.606770e+001,
4051250000, -4.611893e+001,
4053125000, -4.784451e+001,
4055000000, -4.799163e+001,
4056875000, -5.100477e+001,
4058750000, -5.365633e+001,
4060625000, -5.491724e+001,
4062500000, -5.354500e+001,
4064375000, -5.326989e+001,
4066250000, -5.640973e+001,
4068125000, -5.666908e+001,
4070000000, -5.960058e+001,
4071875000, -5.286178e+001,
4073750000, -4.374761e+001,
4075625000, -3.971680e+001,
4077500000, -3.954814e+001,
4079375000, -3.935364e+001,
4081250000, -4.059838e+001,
4083125000, -4.248137e+001,
4085000000, -4.358721e+001,
4086875000, -4.482200e+001,
4088750000, -4.492398e+001,
4090625000, -4.330949e+001,
4092500000, -4.337659e+001,
4094375000, -4.238348e+001,
4096250000, -4.154441e+001,
4098125000, -4.182854e+001,
4100000000, -4.101620e+001,
4101875000, -4.025023e+001,
4103750000, -3.961833e+001,
4105625000, -4.175130e+001,
4107500000, -5.044271e+001,
4109375000, -4.536694e+001,
4111250000, -4.286141e+001,
4113125000, -3.970217e+001,
4115000000, -4.086665e+001,
4116875000, -4.480256e+001,
4118750000, -3.451238e+001,
4120625000, -3.058514e+001,
4122500000, -2.849108e+001,
4124375000, -2.783139e+001,
4126250000, -3.083629e+001,
4128125000, -3.395770e+001,
4130000000, -4.652786e+001,
4131875000, -4.321817e+001,
4133750000, -3.685997e+001,
4135625000, -3.805329e+001,
4137500000, -4.375791e+001,
4139375000, -3.458234e+001,
4141250000, -2.950057e+001,
4143125000, -2.674867e+001,
4145000000, -2.615177e+001,
4146875000, -2.772850e+001,
4148750000, -3.010511e+001,
4150625000, -3.764235e+001,
4152500000, -4.475798e+001,
4154375000, -4.214906e+001,
4156250000, -4.262260e+001,
4158125000, -3.452858e+001,
4160000000, -2.919576e+001,
4161875000, -2.693887e+001,
4163750000, -2.598812e+001,
4165625000, -2.666211e+001,
4167500000, -2.898749e+001,
4169375000, -3.171587e+001,
4171250000, -3.584002e+001,
4173125000, -4.281882e+001,
4175000000, -3.577623e+001,
4176875000, -2.867142e+001,
4178750000, -2.557858e+001,
4180625000, -2.454951e+001,
4182500000, -2.446489e+001,
4184375000, -2.647489e+001,
4186250000, -2.950983e+001,
4188125000, -3.188991e+001,
4190000000, -3.566063e+001,
4191875000, -4.856264e+001,
4193750000, -3.382772e+001,
4195625000, -2.777201e+001,
4197500000, -2.514497e+001,
4199375000, -2.489930e+001,
4201250000, -2.592211e+001,
4203125000, -2.933576e+001,
4205000000, -3.354396e+001,
4206875000, -3.419993e+001,
4208750000, -3.818853e+001,
4210625000, -4.227821e+001,
4212500000, -3.304860e+001,
4214375000, -2.747104e+001,
4216250000, -2.629074e+001,
4218125000, -2.637580e+001,
4220000000, -2.960097e+001,
4221875000, -3.397094e+001,
4223750000, -3.657011e+001,
4225625000, -3.615189e+001,
4227500000, -3.586227e+001,
4229375000, -3.272752e+001,
4231250000, -3.143514e+001,
4233125000, -2.870716e+001,
4235000000, -2.756360e+001,
4236875000, -2.833504e+001,
4238750000, -3.521309e+001,
4240625000, -4.441306e+001,
4242500000, -3.302216e+001,
4244375000, -3.193844e+001,
4246250000, -3.249144e+001,
4248125000, -3.083736e+001,
4250000000, -2.821292e+001,
4251875000, -2.747549e+001,
4253750000, -3.000822e+001,
4255625000, -3.730017e+001,
4257500000, -3.998300e+001,
4259375000, -3.264618e+001,
4261250000, -3.058056e+001,
4263125000, -2.910531e+001,
4265000000, -2.815341e+001,
4266875000, -2.844588e+001,
4268750000, -2.891308e+001,
4270625000, -3.327303e+001,
4272500000, -4.051316e+001,
4274375000, -3.359442e+001,
4276250000, -2.982564e+001,
4278125000, -2.827537e+001,
4280000000, -2.751841e+001,
4281875000, -2.798440e+001,
4283750000, -3.060836e+001,
4285625000, -3.455518e+001,
4287500000, -4.545506e+001,
4289375000, -3.672186e+001,
4291250000, -3.067392e+001,
4293125000, -2.802247e+001,
4295000000, -2.753995e+001,
4296875000, -2.855045e+001,
4298750000, -3.143484e+001,
4300625000, -3.697852e+001,
4302500000, -4.883757e+001,
4304375000, -4.020660e+001,
4306250000, -3.289991e+001,
4308125000, -2.987241e+001,
4310000000, -2.914906e+001,
4311875000, -3.047581e+001,
4313750000, -3.377886e+001,
4315625000, -4.174758e+001,
4317500000, -5.095969e+001,
4319375000, -3.937200e+001,
4321250000, -3.383453e+001,
4323125000, -3.048864e+001,
4325000000, -2.984492e+001,
4326875000, -3.216090e+001,
4328750000, -3.824760e+001,
4330625000, -6.215790e+001,
4332500000, -4.200019e+001,
4334375000, -4.308886e+001,
4336250000, -3.978935e+001,
4338125000, -3.369407e+001,
4340000000, -3.274282e+001,
4341875000, -3.344653e+001,
4343750000, -3.840738e+001,
4345625000, -4.925130e+001,
4347500000, -4.466455e+001,
4349375000, -3.717403e+001,
4351250000, -3.026860e+001,
4353125000, -2.840803e+001,
4355000000, -2.997993e+001,
4356875000, -3.524035e+001,
4358750000, -3.752110e+001,
4360625000, -3.735645e+001,
4362500000, -3.926965e+001,
4364375000, -3.696085e+001,
4366250000, -3.314788e+001,
4368125000, -3.406371e+001,
4370000000, -3.579649e+001,
4371875000, -3.722015e+001,
4373750000, -4.300219e+001,
4375625000, -3.771833e+001,
4377500000, -3.789687e+001,
4379375000, -3.808747e+001,
4381250000, -4.398352e+001,
4383125000, -4.261442e+001,
4385000000, -3.494837e+001,
4386875000, -3.339973e+001,
4388750000, -3.472886e+001,
4390625000, -3.347241e+001,
4392500000, -3.330214e+001,
4394375000, -3.685103e+001,
4396250000, -4.076910e+001,
4398125000, -3.585967e+001,
4400000000, -3.678800e+001,
4401875000, -4.205158e+001,
4403750000, -4.673273e+001,
4405625000, -4.933493e+001,
4407500000, -4.356964e+001,
4409375000, -4.254342e+001,
4411250000, -4.722741e+001,
4413125000, -5.050753e+001,
4415000000, -4.404250e+001,
4416875000, -4.482265e+001,
4418750000, -4.093169e+001,
4420625000, -3.841399e+001,
4422500000, -3.949907e+001,
4424375000, -4.294162e+001,
4426250000, -4.728857e+001,
4428125000, -4.610768e+001,
4430000000, -4.219604e+001,
4431875000, -3.950782e+001,
4433750000, -4.016644e+001,
4435625000, -4.593689e+001,
4437500000, -6.791122e+001,
4439375000, -4.903339e+001,
4441250000, -4.715902e+001,
4443125000, -4.681934e+001,
4445000000, -4.799626e+001,
4446875000, -6.147532e+001,
4448750000, -4.567746e+001,
4450625000, -4.383120e+001,
4452500000, -4.483711e+001,
4454375000, -4.562894e+001,
4456250000, -4.901405e+001,
4458125000, -5.755191e+001,
4460000000, -4.545023e+001,
4461875000, -4.484214e+001,
4463750000, -4.649150e+001,
4465625000, -4.826035e+001,
4467500000, -6.009627e+001,
4469375000, -4.916111e+001,
4471250000, -4.572417e+001,
4473125000, -4.956250e+001,
4475000000, -6.026226e+001,
4476875000, -5.693513e+001,
4478750000, -5.127348e+001,
4480625000, -4.802502e+001,
4482500000, -5.169119e+001,
4484375000, -6.059896e+001,
4486250000, -5.261081e+001,
4488125000, -5.373177e+001,
4490000000, -5.086911e+001,
4491875000, -5.440068e+001,
4493750000, -5.586372e+001,
4495625000, -5.121763e+001,
4497500000, -5.455785e+001,
4499375000, -5.395262e+001,
4501250000, -6.370465e+001,
4503125000, -5.302382e+001,
4505000000, -4.997355e+001,
4506875000, -5.893640e+001,
4508750000, -6.031326e+001,
4510625000, -7.112262e+001,
4512500000, -5.371420e+001,
4514375000, -5.154778e+001,
4516250000, -6.134635e+001,
4518125000, -6.014479e+001,
4520000000, -7.086485e+001,
4521875000, -5.525353e+001,
4523750000, -5.464643e+001,
4525625000, -5.870798e+001,
4527500000, -5.759350e+001,
4529375000, -7.049491e+001,
4531250000, -5.698799e+001,
4533125000, -6.019436e+001,
4535000000, -5.480547e+001,
4536875000, -5.808364e+001,
4538750000, -6.591940e+001,
4540625000, -5.987648e+001,
4542500000, -5.834578e+001,
4544375000, -5.490384e+001,
4546250000, -6.410898e+001,
4548125000, -6.076569e+001,
4550000000, -6.466186e+001,
4551875000, -5.571563e+001,
4553750000, -5.902896e+001,
4555625000, -5.982503e+001,
4557500000, -6.629704e+001,
4559375000, -5.842481e+001,
4561250000, -5.917702e+001,
4563125000, -5.897951e+001,
4565000000, -6.164957e+001,
4566875000, -6.242937e+001,
4568750000, -5.990007e+001,
4570625000, -5.914379e+001,
4572500000, -5.981399e+001,
4574375000, -6.430009e+001,
4576250000, -6.141498e+001,
4578125000, -5.920153e+001,
4580000000, -5.962582e+001,
4581875000, -6.233014e+001,
4583750000, -6.310857e+001,
4585625000, -5.997136e+001,
4587500000, -6.001148e+001,
4589375000, -6.023806e+001,
4591250000, -6.244660e+001,
4593125000, -6.022519e+001,
4595000000, -6.006095e+001,
4596875000, -6.043549e+001,
4598750000, -6.200096e+001,
4600625000, -6.128354e+001,
4602500000, -5.978046e+001,
4604375000, -6.057522e+001,
4606250000, -6.069253e+001,
4608125000, -6.072599e+001,
4610000000, -5.971679e+001,
4611875000, -6.025815e+001,
4613750000, -6.098101e+001,
4615625000, -6.044462e+001,
4617500000, -5.922821e+001,
4619375000, -6.008398e+001,
4621250000, -6.044929e+001,
4623125000, -6.011437e+001,
4625000000, -5.975996e+001,
4626875000, -6.005269e+001,
4628750000, -6.033157e+001,
4630625000, -5.952516e+001,
4632500000, -5.901879e+001,
4634375000, -6.007461e+001,
4636250000, -6.030558e+001,
4638125000, -5.930259e+001,
4640000000, -5.959210e+001,
4641875000, -6.020745e+001,
4643750000, -5.965035e+001,
4645625000, -5.978118e+001,
4647500000, -5.999581e+001,
4649375000, -5.998149e+001,
4651250000, -5.983649e+001,
4653125000, -6.041234e+001,
4655000000, -5.998174e+001,
4656875000, -5.991159e+001,
4658750000, -6.038697e+001,
4660625000, -6.042285e+001,
4662500000, -6.049995e+001,
4664375000, -6.003879e+001,
4666250000, -6.026311e+001,
4668125000, -6.049171e+001,
4670000000, -6.023663e+001,
4671875000, -6.077000e+001,
4673750000, -6.073981e+001,
4675625000, -6.037418e+001,
4677500000, -6.077427e+001,
4679375000, -6.111378e+001,
4681250000, -6.108212e+001,
4683125000, -6.081477e+001,
4685000000, -6.089312e+001,
4686875000, -6.097255e+001,
4688750000, -6.056048e+001,
4690625000, -6.073338e+001,
4692500000, -6.124768e+001,
4694375000, -6.087534e+001,
4696250000, -6.082246e+001,
4698125000, -6.097715e+001,
4700000000, -6.076311e+001,
4701875000, -6.116317e+001,
4703750000, -6.104641e+001,
4705625000, -6.085848e+001,
4707500000, -6.082205e+001,
4709375000, -6.066709e+001,
4711250000, -6.051553e+001,
4713125000, -6.067914e+001,
4715000000, -6.045431e+001,
4716875000, -6.069513e+001,
4718750000, -6.047003e+001,
4720625000, -6.040942e+001,
4722500000, -6.046667e+001,
4724375000, -6.028675e+001,
4726250000, -6.041926e+001,
4728125000, -6.030760e+001,
4730000000, -6.031612e+001,
4731875000, -6.006602e+001,
4733750000, -6.057001e+001,
4735625000, -6.008336e+001,
4737500000, -6.062158e+001,
4739375000, -6.025600e+001,
4741250000, -6.004615e+001,
4743125000, -6.024437e+001,
4745000000, -6.048075e+001,
4746875000, -6.061149e+001,
4748750000, -6.013409e+001,
4750625000, -6.017173e+001,
4752500000, -6.007636e+001,
4754375000, -6.057378e+001,
4756250000, -6.019618e+001,
4758125000, -6.020565e+001,
4760000000, -6.054987e+001,
4761875000, -6.031631e+001,
4763750000, -6.037370e+001,
4765625000, -6.039025e+001,
4767500000, -6.034453e+001,
4769375000, -6.045987e+001,
4771250000, -6.036332e+001,
4773125000, -6.086720e+001,
4775000000, -5.998218e+001,
4776875000, -6.026600e+001,
4778750000, -6.008353e+001,
4780625000, -5.998124e+001,
4782500000, -6.051685e+001,
4784375000, -6.031424e+001,
4786250000, -6.020440e+001,
4788125000, -6.022898e+001,
4790000000, -6.019079e+001,
4791875000, -6.035722e+001,
4793750000, -6.027137e+001,
4795625000, -6.015984e+001,
4797500000, -6.025850e+001,
4799375000, -6.065942e+001,
4801250000, -6.027598e+001,
4803125000, -6.077456e+001,
4805000000, -6.046717e+001,
4806875000, -6.022905e+001,
4808750000, -6.024146e+001,
4810625000, -6.055213e+001,
4812500000, -6.020413e+001,
4814375000, -5.996344e+001,
4816250000, -6.067847e+001,
4818125000, -6.048832e+001,
4820000000, -6.059081e+001,
4821875000, -6.055883e+001,
4823750000, -6.090289e+001,
4825625000, -6.093061e+001,
4827500000, -6.111713e+001,
4829375000, -6.111363e+001,
4831250000, -6.057566e+001,
4833125000, -6.105096e+001,
4835000000, -6.140110e+001,
4836875000, -6.107289e+001,
4838750000, -6.097939e+001,
4840625000, -6.119437e+001,
4842500000, -6.147799e+001,
4844375000, -6.177349e+001,
4846250000, -6.172330e+001,
4848125000, -6.152834e+001,
4850000000, -6.219516e+001,
4851875000, -6.165728e+001,
4853750000, -6.191943e+001,
4855625000, -6.198883e+001,
4857500000, -6.107112e+001,
4859375000, -6.193882e+001,
4861250000, -6.163923e+001,
4863125000, -6.139529e+001,
4865000000, -6.129012e+001,
4866875000, -6.170812e+001,
4868750000, -6.151226e+001,
4870625000, -6.193013e+001,
4872500000, -6.180436e+001,
4874375000, -6.124278e+001,
4876250000, -6.127994e+001,
4878125000, -6.098597e+001,
4880000000, -6.105409e+001,
4881875000, -6.109156e+001,
4883750000, -6.093404e+001,
4885625000, -6.075864e+001,
4887500000, -6.073452e+001,
4889375000, -6.071861e+001,
4891250000, -6.048062e+001,
4893125000, -6.025690e+001,
4895000000, -6.042718e+001,
4896875000, -6.054374e+001,
4898750000, -6.040202e+001,
4900625000, -6.010178e+001,
4902500000, -5.990504e+001,
4904375000, -6.027538e+001,
4906250000, -6.010902e+001,
4908125000, -6.046858e+001,
4910000000, -6.017378e+001,
4911875000, -5.987226e+001,
4913750000, -6.020215e+001,
4915625000, -6.017512e+001,
4917500000, -6.051438e+001,
4919375000, -6.022989e+001,
4921250000, -6.032518e+001,
4923125000, -6.036097e+001,
4925000000, -6.050674e+001,
4926875000, -6.037836e+001,
4928750000, -6.039118e+001,
4930625000, -6.086988e+001,
4932500000, -6.130156e+001,
4934375000, -6.083815e+001,
4936250000, -6.089398e+001,
4938125000, -6.125401e+001,
4940000000, -6.169728e+001,
4941875000, -6.096352e+001,
4943750000, -6.111705e+001,
4945625000, -6.158675e+001,
4947500000, -6.217730e+001,
4949375000, -6.206184e+001,
4951250000, -6.164353e+001,
4953125000, -6.178027e+001,
4955000000, -6.205059e+001,
4956875000, -6.185028e+001,
4958750000, -6.241765e+001,
4960625000, -6.212928e+001,
4962500000, -6.264645e+001,
4964375000, -6.228792e+001,
4966250000, -6.207233e+001,
4968125000, -6.224622e+001,
4970000000, -6.234201e+001,
4971875000, -6.217027e+001,
4973750000, -6.219403e+001,
4975625000, -6.193238e+001,
4977500000, -6.207807e+001,
4979375000, -6.194488e+001,
4981250000, -6.218149e+001,
4983125000, -6.172954e+001,
4985000000, -6.188691e+001,
4986875000, -6.165300e+001,
4988750000, -6.214143e+001,
4990625000, -6.181853e+001,
4992500000, -6.148225e+001,
4994375000, -6.159695e+001,
4996250000, -6.138747e+001,
4998125000, -6.110509e+001,
5000000000, -6.121566e+001,
