"S12 Log Mag"
"Frequency (Hz)","dB",
2000000000, -3.367807e+001,
2001875000, -3.371411e+001,
2003750000, -3.379805e+001,
2005625000, -3.384063e+001,
2007500000, -3.390983e+001,
2009375000, -3.397126e+001,
2011250000, -3.403121e+001,
2013125000, -3.406264e+001,
2015000000, -3.408740e+001,
2016875000, -3.413073e+001,
2018750000, -3.415570e+001,
2020625000, -3.416726e+001,
2022500000, -3.416334e+001,
2024375000, -3.418398e+001,
2026250000, -3.422116e+001,
2028125000, -3.422691e+001,
2030000000, -3.417746e+001,
2031875000, -3.419789e+001,
2033750000, -3.419358e+001,
2035625000, -3.417530e+001,
2037500000, -3.418827e+001,
2039375000, -3.415350e+001,
2041250000, -3.418248e+001,
2043125000, -3.414475e+001,
2045000000, -3.412695e+001,
2046875000, -3.411222e+001,
2048750000, -3.410289e+001,
2050625000, -3.404537e+001,
2052500000, -3.407443e+001,
2054375000, -3.404900e+001,
2056250000, -3.401694e+001,
2058125000, -3.400346e+001,
2060000000, -3.402402e+001,
2061875000, -3.394300e+001,
2063750000, -3.395044e+001,
2065625000, -3.398302e+001,
2067500000, -3.394928e+001,
2069375000, -3.392648e+001,
2071250000, -3.393830e+001,
2073125000, -3.392134e+001,
2075000000, -3.389729e+001,
2076875000, -3.393243e+001,
2078750000, -3.389785e+001,
2080625000, -3.391854e+001,
2082500000, -3.392007e+001,
2084375000, -3.393332e+001,
2086250000, -3.393340e+001,
2088125000, -3.392662e+001,
2090000000, -3.390786e+001,
2091875000, -3.394740e+001,
2093750000, -3.394873e+001,
2095625000, -3.394622e+001,
2097500000, -3.395161e+001,
2099375000, -3.397303e+001,
2101250000, -3.395999e+001,
2103125000, -3.401901e+001,
2105000000, -3.401750e+001,
2106875000, -3.398595e+001,
2108750000, -3.406379e+001,
2110625000, -3.407227e+001,
2112500000, -3.407014e+001,
2114375000, -3.408926e+001,
2116250000, -3.412210e+001,
2118125000, -3.412206e+001,
2120000000, -3.418171e+001,
2121875000, -3.420139e+001,
2123750000, -3.423838e+001,
2125625000, -3.429087e+001,
2127500000, -3.430157e+001,
2129375000, -3.432446e+001,
2131250000, -3.440838e+001,
2133125000, -3.441965e+001,
2135000000, -3.449718e+001,
2136875000, -3.452122e+001,
2138750000, -3.458991e+001,
2140625000, -3.460076e+001,
2142500000, -3.466242e+001,
2144375000, -3.474351e+001,
2146250000, -3.475463e+001,
2148125000, -3.482426e+001,
2150000000, -3.482817e+001,
2151875000, -3.490300e+001,
2153750000, -3.496937e+001,
2155625000, -3.498772e+001,
2157500000, -3.501670e+001,
2159375000, -3.504948e+001,
2161250000, -3.507988e+001,
2163125000, -3.511790e+001,
2165000000, -3.512413e+001,
2166875000, -3.518900e+001,
2168750000, -3.520790e+001,
2170625000, -3.517949e+001,
2172500000, -3.518917e+001,
2174375000, -3.517846e+001,
2176250000, -3.514441e+001,
2178125000, -3.519765e+001,
2180000000, -3.517925e+001,
2181875000, -3.509457e+001,
2183750000, -3.509687e+001,
2185625000, -3.503492e+001,
2187500000, -3.494328e+001,
2189375000, -3.493649e+001,
2191250000, -3.487824e+001,
2193125000, -3.481653e+001,
2195000000, -3.479849e+001,
2196875000, -3.465481e+001,
2198750000, -3.459111e+001,
2200625000, -3.459890e+001,
2202500000, -3.441843e+001,
2204375000, -3.438126e+001,
2206250000, -3.433867e+001,
2208125000, -3.425119e+001,
2210000000, -3.419846e+001,
2211875000, -3.408936e+001,
2213750000, -3.416577e+001,
2215625000, -3.399333e+001,
2217500000, -3.394927e+001,
2219375000, -3.396300e+001,
2221250000, -3.384092e+001,
2223125000, -3.387935e+001,
2225000000, -3.377258e+001,
2226875000, -3.388573e+001,
2228750000, -3.374641e+001,
2230625000, -3.381929e+001,
2232500000, -3.383755e+001,
2234375000, -3.390162e+001,
2236250000, -3.388494e+001,
2238125000, -3.392347e+001,
2240000000, -3.404965e+001,
2241875000, -3.402890e+001,
2243750000, -3.411978e+001,
2245625000, -3.416346e+001,
2247500000, -3.434588e+001,
2249375000, -3.432288e+001,
2251250000, -3.443361e+001,
2253125000, -3.448537e+001,
2255000000, -3.471856e+001,
2256875000, -3.466020e+001,
2258750000, -3.478128e+001,
2260625000, -3.485205e+001,
2262500000, -3.507826e+001,
2264375000, -3.507589e+001,
2266250000, -3.518459e+001,
2268125000, -3.524100e+001,
2270000000, -3.538297e+001,
2271875000, -3.542287e+001,
2273750000, -3.541352e+001,
2275625000, -3.548609e+001,
2277500000, -3.553944e+001,
2279375000, -3.567140e+001,
2281250000, -3.554089e+001,
2283125000, -3.556178e+001,
2285000000, -3.558371e+001,
2286875000, -3.574446e+001,
2288750000, -3.555166e+001,
2290625000, -3.559965e+001,
2292500000, -3.555861e+001,
2294375000, -3.558504e+001,
2296250000, -3.565099e+001,
2298125000, -3.544527e+001,
2300000000, -3.545898e+001,
2301875000, -3.535938e+001,
2303750000, -3.546659e+001,
2305625000, -3.532094e+001,
2307500000, -3.517411e+001,
2309375000, -3.518748e+001,
2311250000, -3.506960e+001,
2313125000, -3.515325e+001,
2315000000, -3.496376e+001,
2316875000, -3.487489e+001,
2318750000, -3.487430e+001,
2320625000, -3.475894e+001,
2322500000, -3.485809e+001,
2324375000, -3.461884e+001,
2326250000, -3.459547e+001,
2328125000, -3.459525e+001,
2330000000, -3.450513e+001,
2331875000, -3.465307e+001,
2333750000, -3.446476e+001,
2335625000, -3.439825e+001,
2337500000, -3.443659e+001,
2339375000, -3.434679e+001,
2341250000, -3.448514e+001,
2343125000, -3.444456e+001,
2345000000, -3.433470e+001,
2346875000, -3.440736e+001,
2348750000, -3.439892e+001,
2350625000, -3.445045e+001,
2352500000, -3.461913e+001,
2354375000, -3.446587e+001,
2356250000, -3.453712e+001,
2358125000, -3.458711e+001,
2360000000, -3.455977e+001,
2361875000, -3.479262e+001,
2363750000, -3.472767e+001,
2365625000, -3.465219e+001,
2367500000, -3.475765e+001,
2369375000, -3.477560e+001,
2371250000, -3.482676e+001,
2373125000, -3.502341e+001,
2375000000, -3.486585e+001,
2376875000, -3.489747e+001,
2378750000, -3.497454e+001,
2380625000, -3.495723e+001,
2382500000, -3.499042e+001,
2384375000, -3.519935e+001,
2386250000, -3.499294e+001,
2388125000, -3.498579e+001,
2390000000, -3.506234e+001,
2391875000, -3.501608e+001,
2393750000, -3.506554e+001,
2395625000, -3.525640e+001,
2397500000, -3.504745e+001,
2399375000, -3.507409e+001,
2401250000, -3.508763e+001,
2403125000, -3.509521e+001,
2405000000, -3.508813e+001,
2406875000, -3.526985e+001,
2408750000, -3.509280e+001,
2410625000, -3.500226e+001,
2412500000, -3.508989e+001,
2414375000, -3.512688e+001,
2416250000, -3.506986e+001,
2418125000, -3.520077e+001,
2420000000, -3.524557e+001,
2421875000, -3.502531e+001,
2423750000, -3.507069e+001,
2425625000, -3.513820e+001,
2427500000, -3.509535e+001,
2429375000, -3.511541e+001,
2431250000, -3.533184e+001,
2433125000, -3.521674e+001,
2435000000, -3.507497e+001,
2436875000, -3.517967e+001,
2438750000, -3.521299e+001,
2440625000, -3.519368e+001,
2442500000, -3.523127e+001,
2444375000, -3.544547e+001,
2446250000, -3.520715e+001,
2448125000, -3.517016e+001,
2450000000, -3.526611e+001,
2451875000, -3.528012e+001,
2453750000, -3.524820e+001,
2455625000, -3.526913e+001,
2457500000, -3.552071e+001,
2459375000, -3.523307e+001,
2461250000, -3.516107e+001,
2463125000, -3.528673e+001,
2465000000, -3.523048e+001,
2466875000, -3.521818e+001,
2468750000, -3.519260e+001,
2470625000, -3.542386e+001,
2472500000, -3.524451e+001,
2474375000, -3.503561e+001,
2476250000, -3.515006e+001,
2478125000, -3.511402e+001,
2480000000, -3.507168e+001,
2481875000, -3.496910e+001,
2483750000, -3.509404e+001,
2485625000, -3.516869e+001,
2487500000, -3.482180e+001,
2489375000, -3.487914e+001,
2491250000, -3.490898e+001,
2493125000, -3.490497e+001,
2495000000, -3.483393e+001,
2496875000, -3.476761e+001,
2498750000, -3.505978e+001,
2500625000, -3.495647e+001,
2502500000, -3.464546e+001,
2504375000, -3.476997e+001,
2506250000, -3.484727e+001,
2508125000, -3.484968e+001,
2510000000, -3.478135e+001,
2511875000, -3.482253e+001,
2513750000, -3.510394e+001,
2515625000, -3.505140e+001,
2517500000, -3.475553e+001,
2519375000, -3.493593e+001,
2521250000, -3.509699e+001,
2523125000, -3.511497e+001,
2525000000, -3.508465e+001,
2526875000, -3.512289e+001,
2528750000, -3.543654e+001,
2530625000, -3.548441e+001,
2532500000, -3.513631e+001,
2534375000, -3.527042e+001,
2536250000, -3.548960e+001,
2538125000, -3.554642e+001,
2540000000, -3.554503e+001,
2541875000, -3.543463e+001,
2543750000, -3.578780e+001,
2545625000, -3.593990e+001,
2547500000, -3.571183e+001,
2549375000, -3.553490e+001,
2551250000, -3.578081e+001,
2553125000, -3.589437e+001,
2555000000, -3.588553e+001,
2556875000, -3.571902e+001,
2558750000, -3.574621e+001,
2560625000, -3.602855e+001,
2562500000, -3.609725e+001,
2564375000, -3.569373e+001,
2566250000, -3.556874e+001,
2568125000, -3.576508e+001,
2570000000, -3.584962e+001,
2571875000, -3.579366e+001,
2573750000, -3.546273e+001,
2575625000, -3.558155e+001,
2577500000, -3.580482e+001,
2579375000, -3.574721e+001,
2581250000, -3.531210e+001,
2583125000, -3.509451e+001,
2585000000, -3.529555e+001,
2586875000, -3.539298e+001,
2588750000, -3.531128e+001,
2590625000, -3.502392e+001,
2592500000, -3.496188e+001,
2594375000, -3.525003e+001,
2596250000, -3.527438e+001,
2598125000, -3.495509e+001,
2600000000, -3.452451e+001,
2601875000, -3.469627e+001,
2603750000, -3.489943e+001,
2605625000, -3.493644e+001,
2607500000, -3.468730e+001,
2609375000, -3.444010e+001,
2611250000, -3.475340e+001,
2613125000, -3.495888e+001,
2615000000, -3.493269e+001,
2616875000, -3.448031e+001,
2618750000, -3.427740e+001,
2620625000, -3.458657e+001,
2622500000, -3.483305e+001,
2624375000, -3.488643e+001,
2626250000, -3.445465e+001,
2628125000, -3.448319e+001,
2630000000, -3.484884e+001,
2631875000, -3.510321e+001,
2633750000, -3.515688e+001,
2635625000, -3.463367e+001,
2637500000, -3.448725e+001,
2639375000, -3.481669e+001,
2641250000, -3.512798e+001,
2643125000, -3.529176e+001,
2645000000, -3.483422e+001,
2646875000, -3.474667e+001,
2648750000, -3.516174e+001,
2650625000, -3.545724e+001,
2652500000, -3.555389e+001,
2654375000, -3.520848e+001,
2656250000, -3.476208e+001,
2658125000, -3.501005e+001,
2660000000, -3.536118e+001,
2661875000, -3.572467e+001,
2663750000, -3.539073e+001,
2665625000, -3.487396e+001,
2667500000, -3.521132e+001,
2669375000, -3.550890e+001,
2671250000, -3.575850e+001,
2673125000, -3.568974e+001,
2675000000, -3.506305e+001,
2676875000, -3.484819e+001,
2678750000, -3.511748e+001,
2680625000, -3.551504e+001,
2682500000, -3.587079e+001,
2684375000, -3.516411e+001,
2686250000, -3.481376e+001,
2688125000, -3.520572e+001,
2690000000, -3.550973e+001,
2691875000, -3.571668e+001,
2693750000, -3.570255e+001,
2695625000, -3.498117e+001,
2697500000, -3.470065e+001,
2699375000, -3.496419e+001,
2701250000, -3.534007e+001,
2703125000, -3.589717e+001,
2705000000, -3.520280e+001,
2706875000, -3.468400e+001,
2708750000, -3.503481e+001,
2710625000, -3.535553e+001,
2712500000, -3.564500e+001,
2714375000, -3.577145e+001,
2716250000, -3.529626e+001,
2718125000, -3.460827e+001,
2720000000, -3.476423e+001,
2721875000, -3.506068e+001,
2723750000, -3.573066e+001,
2725625000, -3.571329e+001,
2727500000, -3.475975e+001,
2729375000, -3.474475e+001,
2731250000, -3.501683e+001,
2733125000, -3.544043e+001,
2735000000, -3.563318e+001,
2736875000, -3.570034e+001,
2738750000, -3.496691e+001,
2740625000, -3.452648e+001,
2742500000, -3.455515e+001,
2744375000, -3.485275e+001,
2746250000, -3.581287e+001,
2748125000, -3.539881e+001,
2750000000, -3.447252e+001,
2751875000, -3.444102e+001,
2753750000, -3.473281e+001,
2755625000, -3.508466e+001,
2757500000, -3.535301e+001,
2759375000, -3.548278e+001,
2761250000, -3.486448e+001,
2763125000, -3.422480e+001,
2765000000, -3.412008e+001,
2766875000, -3.433378e+001,
2768750000, -3.532763e+001,
2770625000, -3.551408e+001,
2772500000, -3.446486e+001,
2774375000, -3.413796e+001,
2776250000, -3.435725e+001,
2778125000, -3.471369e+001,
2780000000, -3.503600e+001,
2781875000, -3.534665e+001,
2783750000, -3.535918e+001,
2785625000, -3.447865e+001,
2787500000, -3.417494e+001,
2789375000, -3.415102e+001,
2791250000, -3.454762e+001,
2793125000, -3.585926e+001,
2795000000, -3.549447e+001,
2796875000, -3.455848e+001,
2798750000, -3.438930e+001,
2800625000, -3.465891e+001,
2802500000, -3.508154e+001,
2804375000, -3.544659e+001,
2806250000, -3.583868e+001,
2808125000, -3.586355e+001,
2810000000, -3.513091e+001,
2811875000, -3.480645e+001,
2813750000, -3.457845e+001,
2815625000, -3.496962e+001,
2817500000, -3.639018e+001,
2819375000, -3.649470e+001,
2821250000, -3.529136e+001,
2823125000, -3.497070e+001,
2825000000, -3.502753e+001,
2826875000, -3.537885e+001,
2828750000, -3.576228e+001,
2830625000, -3.609288e+001,
2832500000, -3.637335e+001,
2834375000, -3.591943e+001,
2836250000, -3.525327e+001,
2838125000, -3.481822e+001,
2840000000, -3.463786e+001,
2841875000, -3.540395e+001,
2843750000, -3.680091e+001,
2845625000, -3.605309e+001,
2847500000, -3.496173e+001,
2849375000, -3.464868e+001,
2851250000, -3.464837e+001,
2853125000, -3.490755e+001,
2855000000, -3.518938e+001,
2856875000, -3.549664e+001,
2858750000, -3.571453e+001,
2860625000, -3.523659e+001,
2862500000, -3.457747e+001,
2864375000, -3.397301e+001,
2866250000, -3.370330e+001,
2868125000, -3.444609e+001,
2870000000, -3.605447e+001,
2871875000, -3.558302e+001,
2873750000, -3.449171e+001,
2875625000, -3.397809e+001,
2877500000, -3.384637e+001,
2879375000, -3.404660e+001,
2881250000, -3.431431e+001,
2883125000, -3.472944e+001,
2885000000, -3.510835e+001,
2886875000, -3.495781e+001,
2888750000, -3.449689e+001,
2890625000, -3.399760e+001,
2892500000, -3.334213e+001,
2894375000, -3.345325e+001,
2896250000, -3.491872e+001,
2898125000, -3.641094e+001,
2900000000, -3.542785e+001,
2901875000, -3.463325e+001,
2903750000, -3.413139e+001,
2905625000, -3.411691e+001,
2907500000, -3.448391e+001,
2909375000, -3.471309e+001,
2911250000, -3.520328e+001,
2913125000, -3.564183e+001,
2915000000, -3.561440e+001,
2916875000, -3.519354e+001,
2918750000, -3.480603e+001,
2920625000, -3.391892e+001,
2922500000, -3.398432e+001,
2924375000, -3.526083e+001,
2926250000, -3.703278e+001,
2928125000, -3.669848e+001,
2930000000, -3.574691e+001,
2931875000, -3.516497e+001,
2933750000, -3.485116e+001,
2935625000, -3.489922e+001,
2937500000, -3.507012e+001,
2939375000, -3.540176e+001,
2941250000, -3.587754e+001,
2943125000, -3.613743e+001,
2945000000, -3.568547e+001,
2946875000, -3.535079e+001,
2948750000, -3.446515e+001,
2950625000, -3.368446e+001,
2952500000, -3.392601e+001,
2954375000, -3.538956e+001,
2956250000, -3.694389e+001,
2958125000, -3.648903e+001,
2960000000, -3.573253e+001,
2961875000, -3.500292e+001,
2963750000, -3.456262e+001,
2965625000, -3.448742e+001,
2967500000, -3.459809e+001,
2969375000, -3.478777e+001,
2971250000, -3.534542e+001,
2973125000, -3.562033e+001,
2975000000, -3.534300e+001,
2976875000, -3.498180e+001,
2978750000, -3.417937e+001,
2980625000, -3.293515e+001,
2982500000, -3.285985e+001,
2984375000, -3.409719e+001,
2986250000, -3.570927e+001,
2988125000, -3.642519e+001,
2990000000, -3.595510e+001,
2991875000, -3.526002e+001,
2993750000, -3.474545e+001,
2995625000, -3.448428e+001,
2997500000, -3.445972e+001,
2999375000, -3.449439e+001,
3001250000, -3.490406e+001,
3003125000, -3.544022e+001,
3005000000, -3.577255e+001,
3006875000, -3.555216e+001,
3008750000, -3.522653e+001,
3010625000, -3.406181e+001,
3012500000, -3.280131e+001,
3014375000, -3.273207e+001,
3016250000, -3.406523e+001,
3018125000, -3.563819e+001,
3020000000, -3.646546e+001,
3021875000, -3.636812e+001,
3023750000, -3.596819e+001,
3025625000, -3.538323e+001,
3027500000, -3.505599e+001,
3029375000, -3.473899e+001,
3031250000, -3.461769e+001,
3033125000, -3.494472e+001,
3035000000, -3.532348e+001,
3036875000, -3.601762e+001,
3038750000, -3.595685e+001,
3040625000, -3.569378e+001,
3042500000, -3.521610e+001,
3044375000, -3.320316e+001,
3046250000, -3.237417e+001,
3048125000, -3.273354e+001,
3050000000, -3.393239e+001,
3051875000, -3.531260e+001,
3053750000, -3.619858e+001,
3055625000, -3.615865e+001,
3057500000, -3.565619e+001,
3059375000, -3.516293e+001,
3061250000, -3.488811e+001,
3063125000, -3.446882e+001,
3065000000, -3.429447e+001,
3066875000, -3.449281e+001,
3068750000, -3.476730e+001,
3070625000, -3.537752e+001,
3072500000, -3.596455e+001,
3074375000, -3.600925e+001,
3076250000, -3.569534e+001,
3078125000, -3.388548e+001,
3080000000, -3.228149e+001,
3081875000, -3.221366e+001,
3083750000, -3.310886e+001,
3085625000, -3.456855e+001,
3087500000, -3.532676e+001,
3089375000, -3.608518e+001,
3091250000, -3.634502e+001,
3093125000, -3.586061e+001,
3095000000, -3.555505e+001,
3096875000, -3.531151e+001,
3098750000, -3.462968e+001,
3100625000, -3.457866e+001,
3102500000, -3.478714e+001,
3104375000, -3.501397e+001,
3106250000, -3.568849e+001,
3108125000, -3.619873e+001,
3110000000, -3.674758e+001,
3111875000, -3.686987e+001,
3113750000, -3.506481e+001,
3115625000, -3.301517e+001,
3117500000, -3.250674e+001,
3119375000, -3.291716e+001,
3121250000, -3.413672e+001,
3123125000, -3.533962e+001,
3125000000, -3.588597e+001,
3126875000, -3.646437e+001,
3128750000, -3.656089e+001,
3130625000, -3.634014e+001,
3132500000, -3.603557e+001,
3134375000, -3.540841e+001,
3136250000, -3.472328e+001,
3138125000, -3.436682e+001,
3140000000, -3.442076e+001,
3141875000, -3.461227e+001,
3143750000, -3.511087e+001,
3145625000, -3.595562e+001,
3147500000, -3.643742e+001,
3149375000, -3.650132e+001,
3151250000, -3.462778e+001,
3153125000, -3.265604e+001,
3155000000, -3.208326e+001,
3156875000, -3.223701e+001,
3158750000, -3.288693e+001,
3160625000, -3.411600e+001,
3162500000, -3.526419e+001,
3164375000, -3.613428e+001,
3166250000, -3.684751e+001,
3168125000, -3.683614e+001,
3170000000, -3.684699e+001,
3171875000, -3.613411e+001,
3173750000, -3.554104e+001,
3175625000, -3.535166e+001,
3177500000, -3.478451e+001,
3179375000, -3.442635e+001,
3181250000, -3.458909e+001,
3183125000, -3.500624e+001,
3185000000, -3.586057e+001,
3186875000, -3.659688e+001,
3188750000, -3.633178e+001,
3190625000, -3.397185e+001,
3192500000, -3.249912e+001,
3194375000, -3.195299e+001,
3196250000, -3.188980e+001,
3198125000, -3.253601e+001,
3200000000, -3.334604e+001,
3201875000, -3.467021e+001,
3203750000, -3.538092e+001,
3205625000, -3.658195e+001,
3207500000, -3.782552e+001,
3209375000, -3.884487e+001,
3211250000, -3.870343e+001,
3213125000, -3.788804e+001,
3215000000, -3.749871e+001,
3216875000, -3.674210e+001,
3218750000, -3.640202e+001,
3220625000, -3.581945e+001,
3222500000, -3.537789e+001,
3224375000, -3.544540e+001,
3226250000, -3.620264e+001,
3228125000, -3.661086e+001,
3230000000, -3.598512e+001,
3231875000, -3.330058e+001,
3233750000, -3.178835e+001,
3235625000, -3.120967e+001,
3237500000, -3.090371e+001,
3239375000, -3.084633e+001,
3241250000, -3.146326e+001,
3243125000, -3.217491e+001,
3245000000, -3.308018e+001,
3246875000, -3.395408e+001,
3248750000, -3.515919e+001,
3250625000, -3.687854e+001,
3252500000, -3.847579e+001,
3254375000, -3.958599e+001,
3256250000, -3.975289e+001,
3258125000, -3.998376e+001,
3260000000, -3.964270e+001,
3261875000, -3.812322e+001,
3263750000, -3.805599e+001,
3265625000, -3.771456e+001,
3267500000, -3.787050e+001,
3269375000, -3.868559e+001,
3271250000, -3.884421e+001,
3273125000, -3.669249e+001,
3275000000, -3.372579e+001,
3276875000, -3.220244e+001,
3278750000, -3.129136e+001,
3280625000, -3.048611e+001,
3282500000, -3.032195e+001,
3284375000, -3.023187e+001,
3286250000, -3.062867e+001,
3288125000, -3.110298e+001,
3290000000, -3.155225e+001,
3291875000, -3.243573e+001,
3293750000, -3.347962e+001,
3295625000, -3.446762e+001,
3297500000, -3.597212e+001,
3299375000, -3.722757e+001,
3301250000, -3.793393e+001,
3303125000, -3.914346e+001,
3305000000, -3.978600e+001,
3306875000, -4.026760e+001,
3308750000, -4.313114e+001,
3310625000, -4.400517e+001,
3312500000, -4.184263e+001,
3314375000, -4.455000e+001,
3316250000, -4.779662e+001,
3318125000, -4.305048e+001,
3320000000, -3.672731e+001,
3321875000, -3.352327e+001,
3323750000, -3.151539e+001,
3325625000, -3.053438e+001,
3327500000, -2.955368e+001,
3329375000, -2.906361e+001,
3331250000, -2.888897e+001,
3333125000, -2.871466e+001,
3335000000, -2.893931e+001,
3336875000, -2.892381e+001,
3338750000, -2.895793e+001,
3340625000, -2.960534e+001,
3342500000, -3.021941e+001,
3344375000, -3.102919e+001,
3346250000, -3.161813e+001,
3348125000, -3.228531e+001,
3350000000, -3.296505e+001,
3351875000, -3.405783e+001,
3353750000, -3.477897e+001,
3355625000, -3.568012e+001,
3357500000, -3.755701e+001,
3359375000, -3.824978e+001,
3361250000, -3.897136e+001,
3363125000, -4.060483e+001,
3365000000, -4.187071e+001,
3366875000, -4.107965e+001,
3368750000, -4.040120e+001,
3370625000, -3.892261e+001,
3372500000, -3.617911e+001,
3374375000, -3.366493e+001,
3376250000, -3.291136e+001,
3378125000, -3.214463e+001,
3380000000, -3.069853e+001,
3381875000, -2.985862e+001,
3383750000, -2.990200e+001,
3385625000, -2.953012e+001,
3387500000, -2.906813e+001,
3389375000, -2.913134e+001,
3391250000, -2.928282e+001,
3393125000, -2.957240e+001,
3395000000, -3.023408e+001,
3396875000, -3.081594e+001,
3398750000, -3.088668e+001,
3400625000, -3.043625e+001,
3402500000, -3.090618e+001,
3404375000, -3.196711e+001,
3406250000, -3.169716e+001,
3408125000, -3.138179e+001,
3410000000, -3.188699e+001,
3411875000, -3.279340e+001,
3413750000, -3.306900e+001,
3415625000, -3.305479e+001,
3417500000, -3.294289e+001,
3419375000, -3.310693e+001,
3421250000, -3.294719e+001,
3423125000, -3.281007e+001,
3425000000, -3.283719e+001,
3426875000, -3.340602e+001,
3428750000, -3.343339e+001,
3430625000, -3.167245e+001,
3432500000, -3.105055e+001,
3434375000, -3.119813e+001,
3436250000, -3.211942e+001,
3438125000, -3.029952e+001,
3440000000, -2.856608e+001,
3441875000, -2.829334e+001,
3443750000, -2.874863e+001,
3445625000, -2.852229e+001,
3447500000, -2.716607e+001,
3449375000, -2.586556e+001,
3451250000, -2.570534e+001,
3453125000, -2.619363e+001,
3455000000, -2.679849e+001,
3456875000, -2.663077e+001,
3458750000, -2.623450e+001,
3460625000, -2.573920e+001,
3462500000, -2.592235e+001,
3464375000, -2.642369e+001,
3466250000, -2.708106e+001,
3468125000, -2.730826e+001,
3470000000, -2.725261e+001,
3471875000, -2.726090e+001,
3473750000, -2.716059e+001,
3475625000, -2.738643e+001,
3477500000, -2.758315e+001,
3479375000, -2.812367e+001,
3481250000, -2.782445e+001,
3483125000, -2.781037e+001,
3485000000, -2.873312e+001,
3486875000, -2.882677e+001,
3488750000, -2.859948e+001,
3490625000, -2.904363e+001,
3492500000, -2.890510e+001,
3494375000, -2.902376e+001,
3496250000, -2.950314e+001,
3498125000, -2.917184e+001,
3500000000, -2.995712e+001,
3501875000, -3.039733e+001,
3503750000, -2.962953e+001,
3505625000, -2.843767e+001,
3507500000, -2.749799e+001,
3509375000, -2.745196e+001,
3511250000, -2.824657e+001,
3513125000, -2.881525e+001,
3515000000, -2.835259e+001,
3516875000, -2.904302e+001,
3518750000, -2.939732e+001,
3520625000, -2.745527e+001,
3522500000, -2.660049e+001,
3524375000, -2.543422e+001,
3526250000, -2.468070e+001,
3528125000, -2.423409e+001,
3530000000, -2.339361e+001,
3531875000, -2.318631e+001,
3533750000, -2.339029e+001,
3535625000, -2.320947e+001,
3537500000, -2.223498e+001,
3539375000, -2.047931e+001,
3541250000, -1.972125e+001,
3543125000, -1.904119e+001,
3545000000, -1.847867e+001,
3546875000, -1.881265e+001,
3548750000, -1.953541e+001,
3550625000, -1.865286e+001,
3552500000, -1.766609e+001,
3554375000, -1.676927e+001,
3556250000, -1.604707e+001,
3558125000, -1.548641e+001,
3560000000, -1.514975e+001,
3561875000, -1.499905e+001,
3563750000, -1.576372e+001,
3565625000, -1.608377e+001,
3567500000, -1.512020e+001,
3569375000, -1.420833e+001,
3571250000, -1.357179e+001,
3573125000, -1.332119e+001,
3575000000, -1.387036e+001,
3576875000, -1.484671e+001,
3578750000, -1.507130e+001,
3580625000, -1.463148e+001,
3582500000, -1.392623e+001,
3584375000, -1.344730e+001,
3586250000, -1.371186e+001,
3588125000, -1.430981e+001,
3590000000, -1.439123e+001,
3591875000, -1.438811e+001,
3593750000, -1.455772e+001,
3595625000, -1.386263e+001,
3597500000, -1.316470e+001,
3599375000, -1.295499e+001,
3601250000, -1.306089e+001,
3603125000, -1.335769e+001,
3605000000, -1.379827e+001,
3606875000, -1.388500e+001,
3608750000, -1.355548e+001,
3610625000, -1.314621e+001,
3612500000, -1.301992e+001,
3614375000, -1.286342e+001,
3616250000, -1.320286e+001,
3618125000, -1.402295e+001,
3620000000, -1.441226e+001,
3621875000, -1.399813e+001,
3623750000, -1.342431e+001,
3625625000, -1.327846e+001,
3627500000, -1.342113e+001,
3629375000, -1.410520e+001,
3631250000, -1.494805e+001,
3633125000, -1.529117e+001,
3635000000, -1.492554e+001,
3636875000, -1.416086e+001,
3638750000, -1.390272e+001,
3640625000, -1.423075e+001,
3642500000, -1.499445e+001,
3644375000, -1.572989e+001,
3646250000, -1.572614e+001,
3648125000, -1.510602e+001,
3650000000, -1.448929e+001,
3651875000, -1.438887e+001,
3653750000, -1.478453e+001,
3655625000, -1.553409e+001,
3657500000, -1.613556e+001,
3659375000, -1.565131e+001,
3661250000, -1.510357e+001,
3663125000, -1.479152e+001,
3665000000, -1.507299e+001,
3666875000, -1.582633e+001,
3668750000, -1.630441e+001,
3670625000, -1.676294e+001,
3672500000, -1.686731e+001,
3674375000, -1.695301e+001,
3676250000, -1.625048e+001,
3678125000, -1.596320e+001,
3680000000, -1.648617e+001,
3681875000, -1.674702e+001,
3683750000, -1.683447e+001,
3685625000, -1.726017e+001,
3687500000, -1.660872e+001,
3689375000, -1.633085e+001,
3691250000, -1.648446e+001,
3693125000, -1.609999e+001,
3695000000, -1.566363e+001,
3696875000, -1.565560e+001,
3698750000, -1.583689e+001,
3700625000, -1.628176e+001,
3702500000, -1.676447e+001,
3704375000, -1.615923e+001,
3706250000, -1.534487e+001,
3708125000, -1.523812e+001,
3710000000, -1.543887e+001,
3711875000, -1.609782e+001,
3713750000, -1.702785e+001,
3715625000, -1.675735e+001,
3717500000, -1.614001e+001,
3719375000, -1.580143e+001,
3721250000, -1.555212e+001,
3723125000, -1.605446e+001,
3725000000, -1.717401e+001,
3726875000, -1.777998e+001,
3728750000, -1.787700e+001,
3730625000, -1.768905e+001,
3732500000, -1.724148e+001,
3734375000, -1.730686e+001,
3736250000, -1.796121e+001,
3738125000, -1.892663e+001,
3740000000, -1.986064e+001,
3741875000, -2.043609e+001,
3743750000, -1.971924e+001,
3745625000, -1.955504e+001,
3747500000, -2.022772e+001,
3749375000, -2.024762e+001,
3751250000, -2.061454e+001,
3753125000, -2.102846e+001,
3755000000, -2.061692e+001,
3756875000, -2.102293e+001,
3758750000, -2.122198e+001,
3760625000, -2.086625e+001,
3762500000, -2.077524e+001,
3764375000, -2.040986e+001,
3766250000, -1.992884e+001,
3768125000, -2.013577e+001,
3770000000, -2.048657e+001,
3771875000, -2.017323e+001,
3773750000, -1.997268e+001,
3775625000, -1.956062e+001,
3777500000, -1.925415e+001,
3779375000, -1.931365e+001,
3781250000, -1.932324e+001,
3783125000, -1.936747e+001,
3785000000, -1.941498e+001,
3786875000, -1.931545e+001,
3788750000, -1.912337e+001,
3790625000, -1.907978e+001,
3792500000, -1.913855e+001,
3794375000, -1.947226e+001,
3796250000, -1.983453e+001,
3798125000, -1.987186e+001,
3800000000, -1.996981e+001,
3801875000, -2.034294e+001,
3803750000, -2.067787e+001,
3805625000, -2.111700e+001,
3807500000, -2.127410e+001,
3809375000, -2.207077e+001,
3811250000, -2.288700e+001,
3813125000, -2.326199e+001,
3815000000, -2.353396e+001,
3816875000, -2.393582e+001,
3818750000, -2.512448e+001,
3820625000, -2.619329e+001,
3822500000, -2.687450e+001,
3824375000, -2.741115e+001,
3826250000, -2.835551e+001,
3828125000, -3.006272e+001,
3830000000, -3.141764e+001,
3831875000, -3.298560e+001,
3833750000, -3.406853e+001,
3835625000, -3.592461e+001,
3837500000, -3.914093e+001,
3839375000, -4.280073e+001,
3841250000, -4.920855e+001,
3843125000, -4.530540e+001,
3845000000, -4.330077e+001,
3846875000, -4.035810e+001,
3848750000, -3.753263e+001,
3850625000, -3.547174e+001,
3852500000, -3.414252e+001,
3854375000, -3.307813e+001,
3856250000, -3.246596e+001,
3858125000, -3.186440e+001,
3860000000, -3.071674e+001,
3861875000, -3.019787e+001,
3863750000, -3.011179e+001,
3865625000, -2.996974e+001,
3867500000, -2.935410e+001,
3869375000, -2.893977e+001,
3871250000, -2.892896e+001,
3873125000, -2.897334e+001,
3875000000, -2.877089e+001,
3876875000, -2.867286e+001,
3878750000, -2.861723e+001,
3880625000, -2.847406e+001,
3882500000, -2.845175e+001,
3884375000, -2.860279e+001,
3886250000, -2.858518e+001,
3888125000, -2.847994e+001,
3890000000, -2.856440e+001,
3891875000, -2.882032e+001,
3893750000, -2.877259e+001,
3895625000, -2.880413e+001,
3897500000, -2.909787e+001,
3899375000, -2.925867e+001,
3901250000, -2.927530e+001,
3903125000, -2.955699e+001,
3905000000, -2.994472e+001,
3906875000, -3.021352e+001,
3908750000, -3.057159e+001,
3910625000, -3.101741e+001,
3912500000, -3.161426e+001,
3914375000, -3.213397e+001,
3916250000, -3.253628e+001,
3918125000, -3.317432e+001,
3920000000, -3.396336e+001,
3921875000, -3.390783e+001,
3923750000, -3.393577e+001,
3925625000, -3.434727e+001,
3927500000, -3.381318e+001,
3929375000, -3.319690e+001,
3931250000, -3.304702e+001,
3933125000, -3.234295e+001,
3935000000, -3.170561e+001,
3936875000, -3.122475e+001,
3938750000, -3.078416e+001,
3940625000, -3.011197e+001,
3942500000, -2.986526e+001,
3944375000, -2.945781e+001,
3946250000, -2.915763e+001,
3948125000, -2.881778e+001,
3950000000, -2.844749e+001,
3951875000, -2.854760e+001,
3953750000, -2.831539e+001,
3955625000, -2.812034e+001,
3957500000, -2.829072e+001,
3959375000, -2.814376e+001,
3961250000, -2.803832e+001,
3963125000, -2.824879e+001,
3965000000, -2.845543e+001,
3966875000, -2.867296e+001,
3968750000, -2.889258e+001,
3970625000, -2.903704e+001,
3972500000, -2.934640e+001,
3974375000, -2.948270e+001,
3976250000, -2.983995e+001,
3978125000, -3.024734e+001,
3980000000, -3.054004e+001,
3981875000, -3.099734e+001,
3983750000, -3.137889e+001,
3985625000, -3.189009e+001,
3987500000, -3.221061e+001,
3989375000, -3.259713e+001,
3991250000, -3.268909e+001,
3993125000, -3.296675e+001,
3995000000, -3.275036e+001,
3996875000, -3.253973e+001,
3998750000, -3.220457e+001,
4000625000, -3.162646e+001,
4002500000, -3.114677e+001,
4004375000, -3.049037e+001,
4006250000, -3.035329e+001,
4008125000, -3.002106e+001,
4010000000, -2.975496e+001,
4011875000, -2.975317e+001,
4013750000, -2.955759e+001,
4015625000, -2.967789e+001,
4017500000, -2.967679e+001,
4019375000, -2.962476e+001,
4021250000, -2.988101e+001,
4023125000, -3.002326e+001,
4025000000, -3.006078e+001,
4026875000, -3.050565e+001,
4028750000, -3.065907e+001,
4030625000, -3.111052e+001,
4032500000, -3.152460e+001,
4034375000, -3.182330e+001,
4036250000, -3.185744e+001,
4038125000, -3.232099e+001,
4040000000, -3.256816e+001,
4041875000, -3.270290e+001,
4043750000, -3.252460e+001,
4045625000, -3.235179e+001,
4047500000, -3.191569e+001,
4049375000, -3.262850e+001,
4051250000, -3.212874e+001,
4053125000, -3.223759e+001,
4055000000, -3.162123e+001,
4056875000, -3.132982e+001,
4058750000, -3.086828e+001,
4060625000, -3.063223e+001,
4062500000, -3.048018e+001,
4064375000, -2.999880e+001,
4066250000, -2.995694e+001,
4068125000, -2.952947e+001,
4070000000, -2.923579e+001,
4071875000, -2.901085e+001,
4073750000, -2.906190e+001,
4075625000, -2.898782e+001,
4077500000, -2.890672e+001,
4079375000, -2.908907e+001,
4081250000, -2.920831e+001,
4083125000, -2.943439e+001,
4085000000, -2.973743e+001,
4086875000, -2.998845e+001,
4088750000, -3.036653e+001,
4090625000, -3.071576e+001,
4092500000, -3.110305e+001,
4094375000, -3.144642e+001,
4096250000, -3.152187e+001,
4098125000, -3.151559e+001,
4100000000, -3.130313e+001,
4101875000, -3.117530e+001,
4103750000, -3.092653e+001,
4105625000, -3.058786e+001,
4107500000, -3.036736e+001,
4109375000, -3.007143e+001,
4111250000, -2.981771e+001,
4113125000, -2.973458e+001,
4115000000, -2.991085e+001,
4116875000, -2.987649e+001,
4118750000, -2.970938e+001,
4120625000, -2.988502e+001,
4122500000, -2.996311e+001,
4124375000, -3.026328e+001,
4126250000, -3.043978e+001,
4128125000, -3.069804e+001,
4130000000, -3.114060e+001,
4131875000, -3.143767e+001,
4133750000, -3.172369e+001,
4135625000, -3.188193e+001,
4137500000, -3.138127e+001,
4139375000, -3.127048e+001,
4141250000, -3.128841e+001,
4143125000, -3.114766e+001,
4145000000, -3.096819e+001,
4146875000, -3.071501e+001,
4148750000, -3.052836e+001,
4150625000, -3.026672e+001,
4152500000, -3.010130e+001,
4154375000, -3.003033e+001,
4156250000, -3.007502e+001,
4158125000, -3.013875e+001,
4160000000, -3.019888e+001,
4161875000, -3.041151e+001,
4163750000, -3.053778e+001,
4165625000, -3.088373e+001,
4167500000, -3.129016e+001,
4169375000, -3.160649e+001,
4171250000, -3.184161e+001,
4173125000, -3.193869e+001,
4175000000, -3.188376e+001,
4176875000, -3.169560e+001,
4178750000, -3.130103e+001,
4180625000, -3.088819e+001,
4182500000, -3.048897e+001,
4184375000, -3.016423e+001,
4186250000, -3.001409e+001,
4188125000, -3.003128e+001,
4190000000, -3.022178e+001,
4191875000, -3.045861e+001,
4193750000, -3.078471e+001,
4195625000, -3.115668e+001,
4197500000, -3.141891e+001,
4199375000, -3.163782e+001,
4201250000, -3.181918e+001,
4203125000, -3.160901e+001,
4205000000, -3.128285e+001,
4206875000, -3.102834e+001,
4208750000, -3.075756e+001,
4210625000, -3.059410e+001,
4212500000, -3.054276e+001,
4214375000, -3.061480e+001,
4216250000, -3.073024e+001,
4218125000, -3.090471e+001,
4220000000, -3.104941e+001,
4221875000, -3.113362e+001,
4223750000, -3.113554e+001,
4225625000, -3.115424e+001,
4227500000, -3.116018e+001,
4229375000, -3.109942e+001,
4231250000, -3.101355e+001,
4233125000, -3.097415e+001,
4235000000, -3.090094e+001,
4236875000, -3.083069e+001,
4238750000, -3.075494e+001,
4240625000, -3.063562e+001,
4242500000, -3.056935e+001,
4244375000, -3.050030e+001,
4246250000, -3.054653e+001,
4248125000, -3.060162e+001,
4250000000, -3.068556e+001,
4251875000, -3.077689e+001,
4253750000, -3.082197e+001,
4255625000, -3.082130e+001,
4257500000, -3.076067e+001,
4259375000, -3.066189e+001,
4261250000, -3.059049e+001,
4263125000, -3.054593e+001,
4265000000, -3.056357e+001,
4266875000, -3.060943e+001,
4268750000, -3.067257e+001,
4270625000, -3.075887e+001,
4272500000, -3.084960e+001,
4274375000, -3.094163e+001,
4276250000, -3.103403e+001,
4278125000, -3.110877e+001,
4280000000, -3.114378e+001,
4281875000, -3.114816e+001,
4283750000, -3.117255e+001,
4285625000, -3.124595e+001,
4287500000, -3.132119e+001,
4289375000, -3.144490e+001,
4291250000, -3.152861e+001,
4293125000, -3.157758e+001,
4295000000, -3.163279e+001,
4296875000, -3.167068e+001,
4298750000, -3.172637e+001,
4300625000, -3.180249e+001,
4302500000, -3.182992e+001,
4304375000, -3.189959e+001,
4306250000, -3.188085e+001,
4308125000, -3.187233e+001,
4310000000, -3.184058e+001,
4311875000, -3.185744e+001,
4313750000, -3.187076e+001,
4315625000, -3.192061e+001,
4317500000, -3.188320e+001,
4319375000, -3.184205e+001,
4321250000, -3.177311e+001,
4323125000, -3.171265e+001,
4325000000, -3.168546e+001,
4326875000, -3.163489e+001,
4328750000, -3.163692e+001,
4330625000, -3.160454e+001,
4332500000, -3.153426e+001,
4334375000, -3.141553e+001,
4336250000, -3.135541e+001,
4338125000, -3.132170e+001,
4340000000, -3.128855e+001,
4341875000, -3.124666e+001,
4343750000, -3.115437e+001,
4345625000, -3.107269e+001,
4347500000, -3.103556e+001,
4349375000, -3.099366e+001,
4351250000, -3.096099e+001,
4353125000, -3.091306e+001,
4355000000, -3.087369e+001,
4356875000, -3.083392e+001,
4358750000, -3.081350e+001,
4360625000, -3.081763e+001,
4362500000, -3.081690e+001,
4364375000, -3.080693e+001,
4366250000, -3.081976e+001,
4368125000, -3.084630e+001,
4370000000, -3.087012e+001,
4371875000, -3.089768e+001,
4373750000, -3.093724e+001,
4375625000, -3.099939e+001,
4377500000, -3.105068e+001,
4379375000, -3.111552e+001,
4381250000, -3.115045e+001,
4383125000, -3.124014e+001,
4385000000, -3.131673e+001,
4386875000, -3.137996e+001,
4388750000, -3.146983e+001,
4390625000, -3.155557e+001,
4392500000, -3.161291e+001,
4394375000, -3.167730e+001,
4396250000, -3.173577e+001,
4398125000, -3.179480e+001,
4400000000, -3.185328e+001,
4401875000, -3.191750e+001,
4403750000, -3.196292e+001,
4405625000, -3.199307e+001,
4407500000, -3.202667e+001,
4409375000, -3.206919e+001,
4411250000, -3.208476e+001,
4413125000, -3.209061e+001,
4415000000, -3.210508e+001,
4416875000, -3.209745e+001,
4418750000, -3.210019e+001,
4420625000, -3.207148e+001,
4422500000, -3.208665e+001,
4424375000, -3.206171e+001,
4426250000, -3.203266e+001,
4428125000, -3.199376e+001,
4430000000, -3.198405e+001,
4431875000, -3.196644e+001,
4433750000, -3.192618e+001,
4435625000, -3.188789e+001,
4437500000, -3.186672e+001,
4439375000, -3.184095e+001,
4441250000, -3.181348e+001,
4443125000, -3.178404e+001,
4445000000, -3.175783e+001,
4446875000, -3.174296e+001,
4448750000, -3.171355e+001,
4450625000, -3.170658e+001,
4452500000, -3.166363e+001,
4454375000, -3.166433e+001,
4456250000, -3.165238e+001,
4458125000, -3.164260e+001,
4460000000, -3.165298e+001,
4461875000, -3.164976e+001,
4463750000, -3.163584e+001,
4465625000, -3.165459e+001,
4467500000, -3.167340e+001,
4469375000, -3.167242e+001,
4471250000, -3.170734e+001,
4473125000, -3.171899e+001,
4475000000, -3.173249e+001,
4476875000, -3.174196e+001,
4478750000, -3.174802e+001,
4480625000, -3.178323e+001,
4482500000, -3.179991e+001,
4484375000, -3.181259e+001,
4486250000, -3.184091e+001,
4488125000, -3.183364e+001,
4490000000, -3.183302e+001,
4491875000, -3.186620e+001,
4493750000, -3.185922e+001,
4495625000, -3.187395e+001,
4497500000, -3.186355e+001,
4499375000, -3.183387e+001,
4501250000, -3.187416e+001,
4503125000, -3.187467e+001,
4505000000, -3.187855e+001,
4506875000, -3.185012e+001,
4508750000, -3.182830e+001,
4510625000, -3.183489e+001,
4512500000, -3.180746e+001,
4514375000, -3.179015e+001,
4516250000, -3.180636e+001,
4518125000, -3.179560e+001,
4520000000, -3.177962e+001,
4521875000, -3.178455e+001,
4523750000, -3.176818e+001,
4525625000, -3.174678e+001,
4527500000, -3.176702e+001,
4529375000, -3.177096e+001,
4531250000, -3.178719e+001,
4533125000, -3.178743e+001,
4535000000, -3.180552e+001,
4536875000, -3.182502e+001,
4538750000, -3.184765e+001,
4540625000, -3.189733e+001,
4542500000, -3.192144e+001,
4544375000, -3.198256e+001,
4546250000, -3.201014e+001,
4548125000, -3.207120e+001,
4550000000, -3.211049e+001,
4551875000, -3.216884e+001,
4553750000, -3.223392e+001,
4555625000, -3.226530e+001,
4557500000, -3.232236e+001,
4559375000, -3.239207e+001,
4561250000, -3.246421e+001,
4563125000, -3.250164e+001,
4565000000, -3.256786e+001,
4566875000, -3.262234e+001,
4568750000, -3.264627e+001,
4570625000, -3.270354e+001,
4572500000, -3.272835e+001,
4574375000, -3.278168e+001,
4576250000, -3.279053e+001,
4578125000, -3.280170e+001,
4580000000, -3.282435e+001,
4581875000, -3.285175e+001,
4583750000, -3.283376e+001,
4585625000, -3.282927e+001,
4587500000, -3.281287e+001,
4589375000, -3.279980e+001,
4591250000, -3.277858e+001,
4593125000, -3.274170e+001,
4595000000, -3.272453e+001,
4596875000, -3.269225e+001,
4598750000, -3.265255e+001,
4600625000, -3.259866e+001,
4602500000, -3.256349e+001,
4604375000, -3.252499e+001,
4606250000, -3.243750e+001,
4608125000, -3.241265e+001,
4610000000, -3.235089e+001,
4611875000, -3.229418e+001,
4613750000, -3.223706e+001,
4615625000, -3.219738e+001,
4617500000, -3.213296e+001,
4619375000, -3.210018e+001,
4621250000, -3.204465e+001,
4623125000, -3.199504e+001,
4625000000, -3.196358e+001,
4626875000, -3.195216e+001,
4628750000, -3.191889e+001,
4630625000, -3.191460e+001,
4632500000, -3.189036e+001,
4634375000, -3.189913e+001,
4636250000, -3.191278e+001,
4638125000, -3.193189e+001,
4640000000, -3.195309e+001,
4641875000, -3.199241e+001,
4643750000, -3.204551e+001,
4645625000, -3.208503e+001,
4647500000, -3.215161e+001,
4649375000, -3.222019e+001,
4651250000, -3.228473e+001,
4653125000, -3.236956e+001,
4655000000, -3.245674e+001,
4656875000, -3.253993e+001,
4658750000, -3.260988e+001,
4660625000, -3.271519e+001,
4662500000, -3.278490e+001,
4664375000, -3.285629e+001,
4666250000, -3.295238e+001,
4668125000, -3.303674e+001,
4670000000, -3.309940e+001,
4671875000, -3.314217e+001,
4673750000, -3.319415e+001,
4675625000, -3.327532e+001,
4677500000, -3.332332e+001,
4679375000, -3.334845e+001,
4681250000, -3.338848e+001,
4683125000, -3.341335e+001,
4685000000, -3.341611e+001,
4686875000, -3.343171e+001,
4688750000, -3.343070e+001,
4690625000, -3.345037e+001,
4692500000, -3.342769e+001,
4694375000, -3.340971e+001,
4696250000, -3.340847e+001,
4698125000, -3.337564e+001,
4700000000, -3.337421e+001,
4701875000, -3.335000e+001,
4703750000, -3.331429e+001,
4705625000, -3.328088e+001,
4707500000, -3.326559e+001,
4709375000, -3.322227e+001,
4711250000, -3.318326e+001,
4713125000, -3.313130e+001,
4715000000, -3.310284e+001,
4716875000, -3.307813e+001,
4718750000, -3.304773e+001,
4720625000, -3.301358e+001,
4722500000, -3.298946e+001,
4724375000, -3.294347e+001,
4726250000, -3.293462e+001,
4728125000, -3.290045e+001,
4730000000, -3.287826e+001,
4731875000, -3.286864e+001,
4733750000, -3.286877e+001,
4735625000, -3.284027e+001,
4737500000, -3.281515e+001,
4739375000, -3.282151e+001,
4741250000, -3.282932e+001,
4743125000, -3.281390e+001,
4745000000, -3.283367e+001,
4746875000, -3.279786e+001,
4748750000, -3.282410e+001,
4750625000, -3.284120e+001,
4752500000, -3.283658e+001,
4754375000, -3.285189e+001,
4756250000, -3.285565e+001,
4758125000, -3.285716e+001,
4760000000, -3.289419e+001,
4761875000, -3.288623e+001,
4763750000, -3.291746e+001,
4765625000, -3.291619e+001,
4767500000, -3.290496e+001,
4769375000, -3.291372e+001,
4771250000, -3.293816e+001,
4773125000, -3.290890e+001,
4775000000, -3.292842e+001,
4776875000, -3.290087e+001,
4778750000, -3.292458e+001,
4780625000, -3.291545e+001,
4782500000, -3.294036e+001,
4784375000, -3.292786e+001,
4786250000, -3.291527e+001,
4788125000, -3.292285e+001,
4790000000, -3.293810e+001,
4791875000, -3.293452e+001,
4793750000, -3.292949e+001,
4795625000, -3.295898e+001,
4797500000, -3.294665e+001,
4799375000, -3.296644e+001,
4801250000, -3.302529e+001,
4803125000, -3.303402e+001,
4805000000, -3.307869e+001,
4806875000, -3.310724e+001,
4808750000, -3.313729e+001,
4810625000, -3.319733e+001,
4812500000, -3.324194e+001,
4814375000, -3.327631e+001,
4816250000, -3.334114e+001,
4818125000, -3.340913e+001,
4820000000, -3.347105e+001,
4821875000, -3.354152e+001,
4823750000, -3.361348e+001,
4825625000, -3.368729e+001,
4827500000, -3.375050e+001,
4829375000, -3.383716e+001,
4831250000, -3.385964e+001,
4833125000, -3.394444e+001,
4835000000, -3.402359e+001,
4836875000, -3.409824e+001,
4838750000, -3.415018e+001,
4840625000, -3.417736e+001,
4842500000, -3.424888e+001,
4844375000, -3.430919e+001,
4846250000, -3.434121e+001,
4848125000, -3.436528e+001,
4850000000, -3.438939e+001,
4851875000, -3.442325e+001,
4853750000, -3.441928e+001,
4855625000, -3.440868e+001,
4857500000, -3.442365e+001,
4859375000, -3.441203e+001,
4861250000, -3.441099e+001,
4863125000, -3.436901e+001,
4865000000, -3.433888e+001,
4866875000, -3.430065e+001,
4868750000, -3.424308e+001,
4870625000, -3.421910e+001,
4872500000, -3.412473e+001,
4874375000, -3.407796e+001,
4876250000, -3.398042e+001,
4878125000, -3.393127e+001,
4880000000, -3.385939e+001,
4881875000, -3.380193e+001,
4883750000, -3.371086e+001,
4885625000, -3.363867e+001,
4887500000, -3.354168e+001,
4889375000, -3.347613e+001,
4891250000, -3.338096e+001,
4893125000, -3.331552e+001,
4895000000, -3.325101e+001,
4896875000, -3.318640e+001,
4898750000, -3.313957e+001,
4900625000, -3.308916e+001,
4902500000, -3.305326e+001,
4904375000, -3.301309e+001,
4906250000, -3.301827e+001,
4908125000, -3.301416e+001,
4910000000, -3.301332e+001,
4911875000, -3.305202e+001,
4913750000, -3.308778e+001,
4915625000, -3.313352e+001,
4917500000, -3.321713e+001,
4919375000, -3.329950e+001,
4921250000, -3.336286e+001,
4923125000, -3.345803e+001,
4925000000, -3.357635e+001,
4926875000, -3.367768e+001,
4928750000, -3.379845e+001,
4930625000, -3.388771e+001,
4932500000, -3.400474e+001,
4934375000, -3.413391e+001,
4936250000, -3.423962e+001,
4938125000, -3.434137e+001,
4940000000, -3.445387e+001,
4941875000, -3.457782e+001,
4943750000, -3.463193e+001,
4945625000, -3.471589e+001,
4947500000, -3.482663e+001,
4949375000, -3.492119e+001,
4951250000, -3.496347e+001,
4953125000, -3.501521e+001,
4955000000, -3.509322e+001,
4956875000, -3.510152e+001,
4958750000, -3.517972e+001,
4960625000, -3.518998e+001,
4962500000, -3.522337e+001,
4964375000, -3.525734e+001,
4966250000, -3.525246e+001,
4968125000, -3.522912e+001,
4970000000, -3.520559e+001,
4971875000, -3.519642e+001,
4973750000, -3.518805e+001,
4975625000, -3.517386e+001,
4977500000, -3.512196e+001,
4979375000, -3.509649e+001,
4981250000, -3.504356e+001,
4983125000, -3.499229e+001,
4985000000, -3.493591e+001,
4986875000, -3.488100e+001,
4988750000, -3.481729e+001,
4990625000, -3.474375e+001,
4992500000, -3.467953e+001,
4994375000, -3.461480e+001,
4996250000, -3.452769e+001,
4998125000, -3.448418e+001,
5000000000, -3.440092e+001,
