"S21 Log Mag"
"Frequency (Hz)","dB",
2000000000, -3.294134e+001,
2001875000, -3.298538e+001,
2003750000, -3.302609e+001,
2005625000, -3.309413e+001,
2007500000, -3.315368e+001,
2009375000, -3.322221e+001,
2011250000, -3.326327e+001,
2013125000, -3.329305e+001,
2015000000, -3.338648e+001,
2016875000, -3.336063e+001,
2018750000, -3.341298e+001,
2020625000, -3.343767e+001,
2022500000, -3.345590e+001,
2024375000, -3.348441e+001,
2026250000, -3.346926e+001,
2028125000, -3.347960e+001,
2030000000, -3.346890e+001,
2031875000, -3.351497e+001,
2033750000, -3.349601e+001,
2035625000, -3.348985e+001,
2037500000, -3.351247e+001,
2039375000, -3.346708e+001,
2041250000, -3.348858e+001,
2043125000, -3.341804e+001,
2045000000, -3.343508e+001,
2046875000, -3.337782e+001,
2048750000, -3.338459e+001,
2050625000, -3.335893e+001,
2052500000, -3.332809e+001,
2054375000, -3.331606e+001,
2056250000, -3.332440e+001,
2058125000, -3.329495e+001,
2060000000, -3.329148e+001,
2061875000, -3.325209e+001,
2063750000, -3.327143e+001,
2065625000, -3.324534e+001,
2067500000, -3.320312e+001,
2069375000, -3.320626e+001,
2071250000, -3.321805e+001,
2073125000, -3.317569e+001,
2075000000, -3.320002e+001,
2076875000, -3.318295e+001,
2078750000, -3.317175e+001,
2080625000, -3.321959e+001,
2082500000, -3.319028e+001,
2084375000, -3.320114e+001,
2086250000, -3.322998e+001,
2088125000, -3.316337e+001,
2090000000, -3.319969e+001,
2091875000, -3.321681e+001,
2093750000, -3.321935e+001,
2095625000, -3.325220e+001,
2097500000, -3.322719e+001,
2099375000, -3.324714e+001,
2101250000, -3.324367e+001,
2103125000, -3.330515e+001,
2105000000, -3.327402e+001,
2106875000, -3.326826e+001,
2108750000, -3.329145e+001,
2110625000, -3.335731e+001,
2112500000, -3.333815e+001,
2114375000, -3.336192e+001,
2116250000, -3.336395e+001,
2118125000, -3.342266e+001,
2120000000, -3.346841e+001,
2121875000, -3.349007e+001,
2123750000, -3.353288e+001,
2125625000, -3.352999e+001,
2127500000, -3.359335e+001,
2129375000, -3.363787e+001,
2131250000, -3.364857e+001,
2133125000, -3.373292e+001,
2135000000, -3.377679e+001,
2136875000, -3.380568e+001,
2138750000, -3.383562e+001,
2140625000, -3.390096e+001,
2142500000, -3.393903e+001,
2144375000, -3.400430e+001,
2146250000, -3.403421e+001,
2148125000, -3.407399e+001,
2150000000, -3.415034e+001,
2151875000, -3.418824e+001,
2153750000, -3.421745e+001,
2155625000, -3.425043e+001,
2157500000, -3.425593e+001,
2159375000, -3.437340e+001,
2161250000, -3.439087e+001,
2163125000, -3.441034e+001,
2165000000, -3.441919e+001,
2166875000, -3.442188e+001,
2168750000, -3.447166e+001,
2170625000, -3.443198e+001,
2172500000, -3.445826e+001,
2174375000, -3.446443e+001,
2176250000, -3.446843e+001,
2178125000, -3.444450e+001,
2180000000, -3.446682e+001,
2181875000, -3.440035e+001,
2183750000, -3.439520e+001,
2185625000, -3.433580e+001,
2187500000, -3.433758e+001,
2189375000, -3.423458e+001,
2191250000, -3.418019e+001,
2193125000, -3.413839e+001,
2195000000, -3.408574e+001,
2196875000, -3.401018e+001,
2198750000, -3.398216e+001,
2200625000, -3.387251e+001,
2202500000, -3.380453e+001,
2204375000, -3.368473e+001,
2206250000, -3.364917e+001,
2208125000, -3.356938e+001,
2210000000, -3.350177e+001,
2211875000, -3.344923e+001,
2213750000, -3.339677e+001,
2215625000, -3.328745e+001,
2217500000, -3.328905e+001,
2219375000, -3.324728e+001,
2221250000, -3.316859e+001,
2223125000, -3.316534e+001,
2225000000, -3.315650e+001,
2226875000, -3.309595e+001,
2228750000, -3.311172e+001,
2230625000, -3.312120e+001,
2232500000, -3.314766e+001,
2234375000, -3.315263e+001,
2236250000, -3.318750e+001,
2238125000, -3.325123e+001,
2240000000, -3.329395e+001,
2241875000, -3.330569e+001,
2243750000, -3.339783e+001,
2245625000, -3.351609e+001,
2247500000, -3.356885e+001,
2249375000, -3.365022e+001,
2251250000, -3.373557e+001,
2253125000, -3.385839e+001,
2255000000, -3.393310e+001,
2256875000, -3.403631e+001,
2258750000, -3.412493e+001,
2260625000, -3.422219e+001,
2262500000, -3.428245e+001,
2264375000, -3.435564e+001,
2266250000, -3.446502e+001,
2268125000, -3.451686e+001,
2270000000, -3.456188e+001,
2271875000, -3.463359e+001,
2273750000, -3.476483e+001,
2275625000, -3.482436e+001,
2277500000, -3.479828e+001,
2279375000, -3.488929e+001,
2281250000, -3.492599e+001,
2283125000, -3.490599e+001,
2285000000, -3.492661e+001,
2286875000, -3.492360e+001,
2288750000, -3.495957e+001,
2290625000, -3.498929e+001,
2292500000, -3.491866e+001,
2294375000, -3.489207e+001,
2296250000, -3.487876e+001,
2298125000, -3.482605e+001,
2300000000, -3.479748e+001,
2301875000, -3.469858e+001,
2303750000, -3.476150e+001,
2305625000, -3.464858e+001,
2307500000, -3.458030e+001,
2309375000, -3.448953e+001,
2311250000, -3.446320e+001,
2313125000, -3.438807e+001,
2315000000, -3.429227e+001,
2316875000, -3.423780e+001,
2318750000, -3.418507e+001,
2320625000, -3.414257e+001,
2322500000, -3.411167e+001,
2324375000, -3.400243e+001,
2326250000, -3.397046e+001,
2328125000, -3.390077e+001,
2330000000, -3.385678e+001,
2331875000, -3.384464e+001,
2333750000, -3.380578e+001,
2335625000, -3.376360e+001,
2337500000, -3.373742e+001,
2339375000, -3.374881e+001,
2341250000, -3.376704e+001,
2343125000, -3.374382e+001,
2345000000, -3.373090e+001,
2346875000, -3.373117e+001,
2348750000, -3.375707e+001,
2350625000, -3.383790e+001,
2352500000, -3.386082e+001,
2354375000, -3.384990e+001,
2356250000, -3.386969e+001,
2358125000, -3.390587e+001,
2360000000, -3.399441e+001,
2361875000, -3.405136e+001,
2363750000, -3.398782e+001,
2365625000, -3.407774e+001,
2367500000, -3.414084e+001,
2369375000, -3.415812e+001,
2371250000, -3.420277e+001,
2373125000, -3.418934e+001,
2375000000, -3.431433e+001,
2376875000, -3.425091e+001,
2378750000, -3.431359e+001,
2380625000, -3.435931e+001,
2382500000, -3.435530e+001,
2384375000, -3.438755e+001,
2386250000, -3.438305e+001,
2388125000, -3.441449e+001,
2390000000, -3.443139e+001,
2391875000, -3.447424e+001,
2393750000, -3.444095e+001,
2395625000, -3.446523e+001,
2397500000, -3.442510e+001,
2399375000, -3.446236e+001,
2401250000, -3.443509e+001,
2403125000, -3.445033e+001,
2405000000, -3.446550e+001,
2406875000, -3.447684e+001,
2408750000, -3.444657e+001,
2410625000, -3.445067e+001,
2412500000, -3.447751e+001,
2414375000, -3.450168e+001,
2416250000, -3.447668e+001,
2418125000, -3.447785e+001,
2420000000, -3.445817e+001,
2421875000, -3.449240e+001,
2423750000, -3.451099e+001,
2425625000, -3.450621e+001,
2427500000, -3.448097e+001,
2429375000, -3.454424e+001,
2431250000, -3.455936e+001,
2433125000, -3.452472e+001,
2435000000, -3.451887e+001,
2436875000, -3.456648e+001,
2438750000, -3.454055e+001,
2440625000, -3.457221e+001,
2442500000, -3.463887e+001,
2444375000, -3.464642e+001,
2446250000, -3.463881e+001,
2448125000, -3.467609e+001,
2450000000, -3.464751e+001,
2451875000, -3.466276e+001,
2453750000, -3.467640e+001,
2455625000, -3.470853e+001,
2457500000, -3.471286e+001,
2459375000, -3.471109e+001,
2461250000, -3.467187e+001,
2463125000, -3.469064e+001,
2465000000, -3.465289e+001,
2466875000, -3.462943e+001,
2468750000, -3.464849e+001,
2470625000, -3.466553e+001,
2472500000, -3.459484e+001,
2474375000, -3.453874e+001,
2476250000, -3.454179e+001,
2478125000, -3.449714e+001,
2480000000, -3.446930e+001,
2481875000, -3.446638e+001,
2483750000, -3.443729e+001,
2485625000, -3.440904e+001,
2487500000, -3.438005e+001,
2489375000, -3.432881e+001,
2491250000, -3.433941e+001,
2493125000, -3.428945e+001,
2495000000, -3.426030e+001,
2496875000, -3.426502e+001,
2498750000, -3.424229e+001,
2500625000, -3.423737e+001,
2502500000, -3.420532e+001,
2504375000, -3.420827e+001,
2506250000, -3.421099e+001,
2508125000, -3.421894e+001,
2510000000, -3.427166e+001,
2511875000, -3.426578e+001,
2513750000, -3.428424e+001,
2515625000, -3.430432e+001,
2517500000, -3.431291e+001,
2519375000, -3.438398e+001,
2521250000, -3.442303e+001,
2523125000, -3.452325e+001,
2525000000, -3.454259e+001,
2526875000, -3.460767e+001,
2528750000, -3.459895e+001,
2530625000, -3.461709e+001,
2532500000, -3.469812e+001,
2534375000, -3.476380e+001,
2536250000, -3.483904e+001,
2538125000, -3.488685e+001,
2540000000, -3.495786e+001,
2541875000, -3.501420e+001,
2543750000, -3.506607e+001,
2545625000, -3.506329e+001,
2547500000, -3.503416e+001,
2549375000, -3.511747e+001,
2551250000, -3.517604e+001,
2553125000, -3.522179e+001,
2555000000, -3.522551e+001,
2556875000, -3.528143e+001,
2558750000, -3.525118e+001,
2560625000, -3.522527e+001,
2562500000, -3.520001e+001,
2564375000, -3.517857e+001,
2566250000, -3.519494e+001,
2568125000, -3.517819e+001,
2570000000, -3.513901e+001,
2571875000, -3.513345e+001,
2573750000, -3.507211e+001,
2575625000, -3.501826e+001,
2577500000, -3.489016e+001,
2579375000, -3.484616e+001,
2581250000, -3.477586e+001,
2583125000, -3.477706e+001,
2585000000, -3.472255e+001,
2586875000, -3.467412e+001,
2588750000, -3.465125e+001,
2590625000, -3.455113e+001,
2592500000, -3.446414e+001,
2594375000, -3.442973e+001,
2596250000, -3.428070e+001,
2598125000, -3.421012e+001,
2600000000, -3.421839e+001,
2601875000, -3.420066e+001,
2603750000, -3.417930e+001,
2605625000, -3.416217e+001,
2607500000, -3.409996e+001,
2609375000, -3.402860e+001,
2611250000, -3.403418e+001,
2613125000, -3.396049e+001,
2615000000, -3.391246e+001,
2616875000, -3.395163e+001,
2618750000, -3.402608e+001,
2620625000, -3.404734e+001,
2622500000, -3.408879e+001,
2624375000, -3.405961e+001,
2626250000, -3.406603e+001,
2628125000, -3.413251e+001,
2630000000, -3.412083e+001,
2631875000, -3.408391e+001,
2633750000, -3.410620e+001,
2635625000, -3.421413e+001,
2637500000, -3.434293e+001,
2639375000, -3.434040e+001,
2641250000, -3.442720e+001,
2643125000, -3.443169e+001,
2645000000, -3.447809e+001,
2646875000, -3.448281e+001,
2648750000, -3.444985e+001,
2650625000, -3.446284e+001,
2652500000, -3.447920e+001,
2654375000, -3.455020e+001,
2656250000, -3.461838e+001,
2658125000, -3.465190e+001,
2660000000, -3.470797e+001,
2661875000, -3.470147e+001,
2663750000, -3.462109e+001,
2665625000, -3.468341e+001,
2667500000, -3.462894e+001,
2669375000, -3.459216e+001,
2671250000, -3.459887e+001,
2673125000, -3.460785e+001,
2675000000, -3.468613e+001,
2676875000, -3.471642e+001,
2678750000, -3.472169e+001,
2680625000, -3.476412e+001,
2682500000, -3.468213e+001,
2684375000, -3.472348e+001,
2686250000, -3.469094e+001,
2688125000, -3.456823e+001,
2690000000, -3.461019e+001,
2691875000, -3.452174e+001,
2693750000, -3.463589e+001,
2695625000, -3.459583e+001,
2697500000, -3.455109e+001,
2699375000, -3.465495e+001,
2701250000, -3.468710e+001,
2703125000, -3.457290e+001,
2705000000, -3.461756e+001,
2706875000, -3.452744e+001,
2708750000, -3.447245e+001,
2710625000, -3.447182e+001,
2712500000, -3.441183e+001,
2714375000, -3.449771e+001,
2716250000, -3.456277e+001,
2718125000, -3.451696e+001,
2720000000, -3.459021e+001,
2721875000, -3.462057e+001,
2723750000, -3.457611e+001,
2725625000, -3.464545e+001,
2727500000, -3.452734e+001,
2729375000, -3.446528e+001,
2731250000, -3.440669e+001,
2733125000, -3.438519e+001,
2735000000, -3.436842e+001,
2736875000, -3.450324e+001,
2738750000, -3.445124e+001,
2740625000, -3.440065e+001,
2742500000, -3.450844e+001,
2744375000, -3.445168e+001,
2746250000, -3.446368e+001,
2748125000, -3.448288e+001,
2750000000, -3.430439e+001,
2751875000, -3.423630e+001,
2753750000, -3.413613e+001,
2755625000, -3.406946e+001,
2757500000, -3.409848e+001,
2759375000, -3.409632e+001,
2761250000, -3.406425e+001,
2763125000, -3.407230e+001,
2765000000, -3.414884e+001,
2766875000, -3.407055e+001,
2768750000, -3.404028e+001,
2770625000, -3.410282e+001,
2772500000, -3.396330e+001,
2774375000, -3.389459e+001,
2776250000, -3.387016e+001,
2778125000, -3.378369e+001,
2780000000, -3.384557e+001,
2781875000, -3.390454e+001,
2783750000, -3.390715e+001,
2785625000, -3.401755e+001,
2787500000, -3.411153e+001,
2789375000, -3.408815e+001,
2791250000, -3.410218e+001,
2793125000, -3.420653e+001,
2795000000, -3.422843e+001,
2796875000, -3.422535e+001,
2798750000, -3.416969e+001,
2800625000, -3.419172e+001,
2802500000, -3.417054e+001,
2804375000, -3.430062e+001,
2806250000, -3.436734e+001,
2808125000, -3.441936e+001,
2810000000, -3.459135e+001,
2811875000, -3.472868e+001,
2813750000, -3.468226e+001,
2815625000, -3.473847e+001,
2817500000, -3.481568e+001,
2819375000, -3.478315e+001,
2821250000, -3.484930e+001,
2823125000, -3.483880e+001,
2825000000, -3.470886e+001,
2826875000, -3.474152e+001,
2828750000, -3.472532e+001,
2830625000, -3.478083e+001,
2832500000, -3.474249e+001,
2834375000, -3.487371e+001,
2836250000, -3.500194e+001,
2838125000, -3.488082e+001,
2840000000, -3.487814e+001,
2841875000, -3.490977e+001,
2843750000, -3.474483e+001,
2845625000, -3.469190e+001,
2847500000, -3.470571e+001,
2849375000, -3.460809e+001,
2851250000, -3.434081e+001,
2853125000, -3.426807e+001,
2855000000, -3.423494e+001,
2856875000, -3.412272e+001,
2858750000, -3.412072e+001,
2860625000, -3.416732e+001,
2862500000, -3.422190e+001,
2864375000, -3.411144e+001,
2866250000, -3.400209e+001,
2868125000, -3.408613e+001,
2870000000, -3.395941e+001,
2871875000, -3.378800e+001,
2873750000, -3.376368e+001,
2875625000, -3.381179e+001,
2877500000, -3.362105e+001,
2879375000, -3.346902e+001,
2881250000, -3.347768e+001,
2883125000, -3.349052e+001,
2885000000, -3.349209e+001,
2886875000, -3.361161e+001,
2888750000, -3.367888e+001,
2890625000, -3.374390e+001,
2892500000, -3.374179e+001,
2894375000, -3.389577e+001,
2896250000, -3.391266e+001,
2898125000, -3.394279e+001,
2900000000, -3.386199e+001,
2901875000, -3.395479e+001,
2903750000, -3.404519e+001,
2905625000, -3.399867e+001,
2907500000, -3.398658e+001,
2909375000, -3.403093e+001,
2911250000, -3.408352e+001,
2913125000, -3.421737e+001,
2915000000, -3.436713e+001,
2916875000, -3.444906e+001,
2918750000, -3.448165e+001,
2920625000, -3.448063e+001,
2922500000, -3.474240e+001,
2924375000, -3.479189e+001,
2926250000, -3.481049e+001,
2928125000, -3.469270e+001,
2930000000, -3.472829e+001,
2931875000, -3.467241e+001,
2933750000, -3.464631e+001,
2935625000, -3.463895e+001,
2937500000, -3.464089e+001,
2939375000, -3.451678e+001,
2941250000, -3.454756e+001,
2943125000, -3.463449e+001,
2945000000, -3.461364e+001,
2946875000, -3.469265e+001,
2948750000, -3.456239e+001,
2950625000, -3.459882e+001,
2952500000, -3.474745e+001,
2954375000, -3.474448e+001,
2956250000, -3.454219e+001,
2958125000, -3.448898e+001,
2960000000, -3.436061e+001,
2961875000, -3.429629e+001,
2963750000, -3.415981e+001,
2965625000, -3.410810e+001,
2967500000, -3.412046e+001,
2969375000, -3.400618e+001,
2971250000, -3.399859e+001,
2973125000, -3.406145e+001,
2975000000, -3.396823e+001,
2976875000, -3.395776e+001,
2978750000, -3.396001e+001,
2980625000, -3.402170e+001,
2982500000, -3.422164e+001,
2984375000, -3.424806e+001,
2986250000, -3.405434e+001,
2988125000, -3.409316e+001,
2990000000, -3.400026e+001,
2991875000, -3.394537e+001,
2993750000, -3.393037e+001,
2995625000, -3.393936e+001,
2997500000, -3.402214e+001,
2999375000, -3.409352e+001,
3001250000, -3.400634e+001,
3003125000, -3.399857e+001,
3005000000, -3.409557e+001,
3006875000, -3.406109e+001,
3008750000, -3.416094e+001,
3010625000, -3.424578e+001,
3012500000, -3.438831e+001,
3014375000, -3.455841e+001,
3016250000, -3.469697e+001,
3018125000, -3.440707e+001,
3020000000, -3.428291e+001,
3021875000, -3.438941e+001,
3023750000, -3.428743e+001,
3025625000, -3.431689e+001,
3027500000, -3.434562e+001,
3029375000, -3.428625e+001,
3031250000, -3.434445e+001,
3033125000, -3.434555e+001,
3035000000, -3.417365e+001,
3036875000, -3.392856e+001,
3038750000, -3.415553e+001,
3040625000, -3.412814e+001,
3042500000, -3.409520e+001,
3044375000, -3.417913e+001,
3046250000, -3.424294e+001,
3048125000, -3.427509e+001,
3050000000, -3.439957e+001,
3051875000, -3.406744e+001,
3053750000, -3.382224e+001,
3055625000, -3.392282e+001,
3057500000, -3.387721e+001,
3059375000, -3.392816e+001,
3061250000, -3.389553e+001,
3063125000, -3.385059e+001,
3065000000, -3.387241e+001,
3066875000, -3.394464e+001,
3068750000, -3.384113e+001,
3070625000, -3.344264e+001,
3072500000, -3.359289e+001,
3074375000, -3.360982e+001,
3076250000, -3.391252e+001,
3078125000, -3.403365e+001,
3080000000, -3.413528e+001,
3081875000, -3.417059e+001,
3083750000, -3.425911e+001,
3085625000, -3.414268e+001,
3087500000, -3.392255e+001,
3089375000, -3.400643e+001,
3091250000, -3.387630e+001,
3093125000, -3.395596e+001,
3095000000, -3.416301e+001,
3096875000, -3.429872e+001,
3098750000, -3.428899e+001,
3100625000, -3.425507e+001,
3102500000, -3.427869e+001,
3104375000, -3.409175e+001,
3106250000, -3.411515e+001,
3108125000, -3.409577e+001,
3110000000, -3.405629e+001,
3111875000, -3.439848e+001,
3113750000, -3.454003e+001,
3115625000, -3.473399e+001,
3117500000, -3.475778e+001,
3119375000, -3.486303e+001,
3121250000, -3.417710e+001,
3123125000, -3.431359e+001,
3125000000, -3.435181e+001,
3126875000, -3.404729e+001,
3128750000, -3.401318e+001,
3130625000, -3.397684e+001,
3132500000, -3.418072e+001,
3134375000, -3.433714e+001,
3136250000, -3.439562e+001,
3138125000, -3.417672e+001,
3140000000, -3.382714e+001,
3141875000, -3.396026e+001,
3143750000, -3.404029e+001,
3145625000, -3.360206e+001,
3147500000, -3.373967e+001,
3149375000, -3.375097e+001,
3151250000, -3.391677e+001,
3153125000, -3.406583e+001,
3155000000, -3.442885e+001,
3156875000, -3.464590e+001,
3158750000, -3.386784e+001,
3160625000, -3.373676e+001,
3162500000, -3.365850e+001,
3164375000, -3.359453e+001,
3166250000, -3.367941e+001,
3168125000, -3.357007e+001,
3170000000, -3.373090e+001,
3171875000, -3.388339e+001,
3173750000, -3.420274e+001,
3175625000, -3.420373e+001,
3177500000, -3.371672e+001,
3179375000, -3.381956e+001,
3181250000, -3.430026e+001,
3183125000, -3.411983e+001,
3185000000, -3.416945e+001,
3186875000, -3.382477e+001,
3188750000, -3.382012e+001,
3190625000, -3.414123e+001,
3192500000, -3.435545e+001,
3194375000, -3.475544e+001,
3196250000, -3.477195e+001,
3198125000, -3.461911e+001,
3200000000, -3.502578e+001,
3201875000, -3.452330e+001,
3203750000, -3.422804e+001,
3205625000, -3.407167e+001,
3207500000, -3.387751e+001,
3209375000, -3.398662e+001,
3211250000, -3.433388e+001,
3213125000, -3.451126e+001,
3215000000, -3.443409e+001,
3216875000, -3.425044e+001,
3218750000, -3.417957e+001,
3220625000, -3.438775e+001,
3222500000, -3.420241e+001,
3224375000, -3.465305e+001,
3226250000, -3.458164e+001,
3228125000, -3.386335e+001,
3230000000, -3.354534e+001,
3231875000, -3.335383e+001,
3233750000, -3.439598e+001,
3235625000, -3.465191e+001,
3237500000, -3.430036e+001,
3239375000, -3.443394e+001,
3241250000, -3.479172e+001,
3243125000, -3.451796e+001,
3245000000, -3.449274e+001,
3246875000, -3.425107e+001,
3248750000, -3.367127e+001,
3250625000, -3.338325e+001,
3252500000, -3.351910e+001,
3254375000, -3.422542e+001,
3256250000, -3.391615e+001,
3258125000, -3.365312e+001,
3260000000, -3.420793e+001,
3261875000, -3.477060e+001,
3263750000, -3.454689e+001,
3265625000, -3.448668e+001,
3267500000, -3.487194e+001,
3269375000, -3.489779e+001,
3271250000, -3.439181e+001,
3273125000, -3.367336e+001,
3275000000, -3.325877e+001,
3276875000, -3.420595e+001,
3278750000, -3.481754e+001,
3280625000, -3.464215e+001,
3282500000, -3.547963e+001,
3284375000, -3.597952e+001,
3286250000, -3.545392e+001,
3288125000, -3.494460e+001,
3290000000, -3.451507e+001,
3291875000, -3.468467e+001,
3293750000, -3.413478e+001,
3295625000, -3.400098e+001,
3297500000, -3.455481e+001,
3299375000, -3.482165e+001,
3301250000, -3.389161e+001,
3303125000, -3.362037e+001,
3305000000, -3.479767e+001,
3306875000, -3.508164e+001,
3308750000, -3.497041e+001,
3310625000, -3.557981e+001,
3312500000, -3.532079e+001,
3314375000, -3.522718e+001,
3316250000, -3.437718e+001,
3318125000, -3.364788e+001,
3320000000, -3.274968e+001,
3321875000, -3.327413e+001,
3323750000, -3.396542e+001,
3325625000, -3.284395e+001,
3327500000, -3.382877e+001,
3329375000, -3.490163e+001,
3331250000, -3.545813e+001,
3333125000, -3.549607e+001,
3335000000, -3.437952e+001,
3336875000, -3.455492e+001,
3338750000, -3.296570e+001,
3340625000, -3.271175e+001,
3342500000, -3.233652e+001,
3344375000, -3.313912e+001,
3346250000, -3.446531e+001,
3348125000, -3.318469e+001,
3350000000, -3.242307e+001,
3351875000, -3.359639e+001,
3353750000, -3.419398e+001,
3355625000, -3.453126e+001,
3357500000, -3.513461e+001,
3359375000, -3.583446e+001,
3361250000, -3.669222e+001,
3363125000, -3.616738e+001,
3365000000, -3.571346e+001,
3366875000, -3.432393e+001,
3368750000, -3.344216e+001,
3370625000, -3.446027e+001,
3372500000, -3.458318e+001,
3374375000, -3.399105e+001,
3376250000, -3.418486e+001,
3378125000, -3.397259e+001,
3380000000, -3.576631e+001,
3381875000, -3.661931e+001,
3383750000, -3.785524e+001,
3385625000, -3.788123e+001,
3387500000, -3.746356e+001,
3389375000, -3.654278e+001,
3391250000, -3.370716e+001,
3393125000, -3.313052e+001,
3395000000, -3.366955e+001,
3396875000, -3.590166e+001,
3398750000, -3.610344e+001,
3400625000, -3.412197e+001,
3402500000, -3.365759e+001,
3404375000, -3.412200e+001,
3406250000, -3.558204e+001,
3408125000, -3.512485e+001,
3410000000, -3.487233e+001,
3411875000, -3.679381e+001,
3413750000, -3.601609e+001,
3415625000, -3.714042e+001,
3417500000, -3.769579e+001,
3419375000, -3.644148e+001,
3421250000, -3.651031e+001,
3423125000, -3.435172e+001,
3425000000, -3.354204e+001,
3426875000, -3.480737e+001,
3428750000, -3.435808e+001,
3430625000, -3.430093e+001,
3432500000, -3.326838e+001,
3434375000, -3.143013e+001,
3436250000, -3.333050e+001,
3438125000, -3.434117e+001,
3440000000, -3.445387e+001,
3441875000, -3.721698e+001,
3443750000, -4.167832e+001,
3445625000, -3.816765e+001,
3447500000, -3.716420e+001,
3449375000, -3.415346e+001,
3451250000, -3.209945e+001,
3453125000, -3.072177e+001,
3455000000, -3.044460e+001,
3456875000, -3.222781e+001,
3458750000, -3.476511e+001,
3460625000, -3.268141e+001,
3462500000, -3.150696e+001,
3464375000, -3.513668e+001,
3466250000, -3.313101e+001,
3468125000, -3.130116e+001,
3470000000, -3.348150e+001,
3471875000, -3.388707e+001,
3473750000, -3.405680e+001,
3475625000, -3.139165e+001,
3477500000, -3.367497e+001,
3479375000, -3.657408e+001,
3481250000, -3.443222e+001,
3483125000, -3.470099e+001,
3485000000, -3.832119e+001,
3486875000, -4.078460e+001,
3488750000, -3.706005e+001,
3490625000, -3.536325e+001,
3492500000, -3.420047e+001,
3494375000, -3.833559e+001,
3496250000, -4.128426e+001,
3498125000, -3.601379e+001,
3500000000, -3.417495e+001,
3501875000, -3.485272e+001,
3503750000, -3.912753e+001,
3505625000, -3.790783e+001,
3507500000, -3.477967e+001,
3509375000, -3.375215e+001,
3511250000, -3.526335e+001,
3513125000, -3.734051e+001,
3515000000, -3.766042e+001,
3516875000, -3.623833e+001,
3518750000, -3.546164e+001,
3520625000, -3.566240e+001,
3522500000, -3.687357e+001,
3524375000, -3.534377e+001,
3526250000, -3.584460e+001,
3528125000, -3.666603e+001,
3530000000, -3.705748e+001,
3531875000, -3.924640e+001,
3533750000, -4.310680e+001,
3535625000, -4.533630e+001,
3537500000, -4.119531e+001,
3539375000, -3.852869e+001,
3541250000, -3.809672e+001,
3543125000, -3.446532e+001,
3545000000, -3.418758e+001,
3546875000, -4.015049e+001,
3548750000, -3.614224e+001,
3550625000, -3.239053e+001,
3552500000, -3.279779e+001,
3554375000, -3.164185e+001,
3556250000, -3.181005e+001,
3558125000, -3.372602e+001,
3560000000, -3.528132e+001,
3561875000, -3.107824e+001,
3563750000, -2.728536e+001,
3565625000, -2.653902e+001,
3567500000, -2.749320e+001,
3569375000, -3.050575e+001,
3571250000, -3.474140e+001,
3573125000, -3.023164e+001,
3575000000, -2.801689e+001,
3576875000, -2.621622e+001,
3578750000, -2.565196e+001,
3580625000, -2.801027e+001,
3582500000, -3.300217e+001,
3584375000, -2.974539e+001,
3586250000, -2.586591e+001,
3588125000, -2.515281e+001,
3590000000, -2.593581e+001,
3591875000, -2.905293e+001,
3593750000, -3.066321e+001,
3595625000, -3.007428e+001,
3597500000, -2.871751e+001,
3599375000, -2.762385e+001,
3601250000, -2.663502e+001,
3603125000, -2.764011e+001,
3605000000, -3.264450e+001,
3606875000, -3.740835e+001,
3608750000, -2.992341e+001,
3610625000, -2.672990e+001,
3612500000, -2.606680e+001,
3614375000, -2.672883e+001,
3616250000, -2.921745e+001,
3618125000, -3.344867e+001,
3620000000, -3.199070e+001,
3621875000, -2.840679e+001,
3623750000, -2.735415e+001,
3625625000, -2.951482e+001,
3627500000, -3.346830e+001,
3629375000, -3.478345e+001,
3631250000, -3.227035e+001,
3633125000, -3.007031e+001,
3635000000, -3.028820e+001,
3636875000, -3.103526e+001,
3638750000, -3.586259e+001,
3640625000, -3.970328e+001,
3642500000, -3.504486e+001,
3644375000, -3.267967e+001,
3646250000, -3.411948e+001,
3648125000, -3.954024e+001,
3650000000, -4.037915e+001,
3651875000, -3.730854e+001,
3653750000, -3.486181e+001,
3655625000, -3.364934e+001,
3657500000, -3.614478e+001,
3659375000, -4.035197e+001,
3661250000, -3.623693e+001,
3663125000, -3.506867e+001,
3665000000, -3.379586e+001,
3666875000, -3.238790e+001,
3668750000, -3.357570e+001,
3670625000, -3.499675e+001,
3672500000, -3.362579e+001,
3674375000, -3.208450e+001,
3676250000, -3.069287e+001,
3678125000, -3.036563e+001,
3680000000, -3.153032e+001,
3681875000, -3.178149e+001,
3683750000, -3.019627e+001,
3685625000, -2.928322e+001,
3687500000, -2.925204e+001,
3689375000, -2.959791e+001,
3691250000, -3.002215e+001,
3693125000, -3.045755e+001,
3695000000, -3.037217e+001,
3696875000, -3.028329e+001,
3698750000, -3.002446e+001,
3700625000, -3.006414e+001,
3702500000, -2.950161e+001,
3704375000, -2.806678e+001,
3706250000, -2.655409e+001,
3708125000, -2.630097e+001,
3710000000, -2.850171e+001,
3711875000, -2.736142e+001,
3713750000, -2.639218e+001,
3715625000, -2.653199e+001,
3717500000, -2.713471e+001,
3719375000, -2.908178e+001,
3721250000, -3.018669e+001,
3723125000, -2.784097e+001,
3725000000, -2.686872e+001,
3726875000, -2.687314e+001,
3728750000, -2.785916e+001,
3730625000, -2.941533e+001,
3732500000, -3.038856e+001,
3734375000, -2.833622e+001,
3736250000, -2.703408e+001,
3738125000, -2.754670e+001,
3740000000, -2.924190e+001,
3741875000, -3.040110e+001,
3743750000, -3.049541e+001,
3745625000, -2.893405e+001,
3747500000, -2.840767e+001,
3749375000, -2.954060e+001,
3751250000, -3.014445e+001,
3753125000, -3.071143e+001,
3755000000, -3.117388e+001,
3756875000, -3.003372e+001,
3758750000, -2.971746e+001,
3760625000, -3.006591e+001,
3762500000, -3.025569e+001,
3764375000, -3.143851e+001,
3766250000, -3.218328e+001,
3768125000, -3.014813e+001,
3770000000, -2.916062e+001,
3771875000, -3.006244e+001,
3773750000, -3.143417e+001,
3775625000, -3.169437e+001,
3777500000, -3.093702e+001,
3779375000, -2.950703e+001,
3781250000, -2.968705e+001,
3783125000, -3.105231e+001,
3785000000, -3.058657e+001,
3786875000, -2.991495e+001,
3788750000, -2.986409e+001,
3790625000, -3.014985e+001,
3792500000, -3.007151e+001,
3794375000, -2.952763e+001,
3796250000, -2.899763e+001,
3798125000, -2.956752e+001,
3800000000, -3.033906e+001,
3801875000, -2.935581e+001,
3803750000, -2.848642e+001,
3805625000, -2.855801e+001,
3807500000, -2.928539e+001,
3809375000, -2.976880e+001,
3811250000, -2.879975e+001,
3813125000, -2.808633e+001,
3815000000, -2.864556e+001,
3816875000, -2.913090e+001,
3818750000, -2.892391e+001,
3820625000, -2.871986e+001,
3822500000, -2.857890e+001,
3824375000, -2.890251e+001,
3826250000, -2.916517e+001,
3828125000, -2.861142e+001,
3830000000, -2.882781e+001,
3831875000, -2.949706e+001,
3833750000, -2.922097e+001,
3835625000, -2.902546e+001,
3837500000, -2.907409e+001,
3839375000, -2.947007e+001,
3841250000, -2.988556e+001,
3843125000, -2.951652e+001,
3845000000, -2.935469e+001,
3846875000, -2.967950e+001,
3848750000, -3.001723e+001,
3850625000, -3.000026e+001,
3852500000, -2.979702e+001,
3854375000, -2.990354e+001,
3856250000, -3.015661e+001,
3858125000, -3.014416e+001,
3860000000, -3.000750e+001,
3861875000, -3.012478e+001,
3863750000, -3.027836e+001,
3865625000, -3.026282e+001,
3867500000, -3.007689e+001,
3869375000, -3.020794e+001,
3871250000, -3.035546e+001,
3873125000, -3.024630e+001,
3875000000, -3.016024e+001,
3876875000, -3.025535e+001,
3878750000, -3.031035e+001,
3880625000, -3.022431e+001,
3882500000, -3.018579e+001,
3884375000, -3.023153e+001,
3886250000, -3.021880e+001,
3888125000, -3.015509e+001,
3890000000, -3.015089e+001,
3891875000, -3.016031e+001,
3893750000, -3.016122e+001,
3895625000, -3.008963e+001,
3897500000, -3.009990e+001,
3899375000, -3.009282e+001,
3901250000, -3.010000e+001,
3903125000, -3.005498e+001,
3905000000, -3.005153e+001,
3906875000, -3.005914e+001,
3908750000, -3.003772e+001,
3910625000, -3.004476e+001,
3912500000, -3.004625e+001,
3914375000, -3.005555e+001,
3916250000, -3.003707e+001,
3918125000, -3.003255e+001,
3920000000, -3.005423e+001,
3921875000, -3.003525e+001,
3923750000, -3.005170e+001,
3925625000, -3.006387e+001,
3927500000, -3.006199e+001,
3929375000, -3.005205e+001,
3931250000, -3.005998e+001,
3933125000, -3.005886e+001,
3935000000, -3.006985e+001,
3936875000, -3.005692e+001,
3938750000, -3.004857e+001,
3940625000, -3.007004e+001,
3942500000, -3.003843e+001,
3944375000, -3.000578e+001,
3946250000, -3.003250e+001,
3948125000, -3.000466e+001,
3950000000, -2.998054e+001,
3951875000, -2.997216e+001,
3953750000, -2.995740e+001,
3955625000, -2.989406e+001,
3957500000, -2.990123e+001,
3959375000, -2.986591e+001,
3961250000, -2.982187e+001,
3963125000, -2.979550e+001,
3965000000, -2.980001e+001,
3966875000, -2.976227e+001,
3968750000, -2.976375e+001,
3970625000, -2.974450e+001,
3972500000, -2.974036e+001,
3974375000, -2.972755e+001,
3976250000, -2.973074e+001,
3978125000, -2.973219e+001,
3980000000, -2.972736e+001,
3981875000, -2.974552e+001,
3983750000, -2.976425e+001,
3985625000, -2.976535e+001,
3987500000, -2.979496e+001,
3989375000, -2.982442e+001,
3991250000, -2.985793e+001,
3993125000, -2.988226e+001,
3995000000, -2.994386e+001,
3996875000, -2.997761e+001,
3998750000, -3.000992e+001,
4000625000, -3.009216e+001,
4002500000, -3.012958e+001,
4004375000, -3.017567e+001,
4006250000, -3.024459e+001,
4008125000, -3.028235e+001,
4010000000, -3.035960e+001,
4011875000, -3.041734e+001,
4013750000, -3.046193e+001,
4015625000, -3.053105e+001,
4017500000, -3.057058e+001,
4019375000, -3.059782e+001,
4021250000, -3.066782e+001,
4023125000, -3.072569e+001,
4025000000, -3.075851e+001,
4026875000, -3.081311e+001,
4028750000, -3.083969e+001,
4030625000, -3.086017e+001,
4032500000, -3.089099e+001,
4034375000, -3.088012e+001,
4036250000, -3.086896e+001,
4038125000, -3.089143e+001,
4040000000, -3.089021e+001,
4041875000, -3.085345e+001,
4043750000, -3.084460e+001,
4045625000, -3.081274e+001,
4047500000, -3.078890e+001,
4049375000, -3.075523e+001,
4051250000, -3.071665e+001,
4053125000, -3.064426e+001,
4055000000, -3.065103e+001,
4056875000, -3.056677e+001,
4058750000, -3.048529e+001,
4060625000, -3.045655e+001,
4062500000, -3.040311e+001,
4064375000, -3.032778e+001,
4066250000, -3.026972e+001,
4068125000, -3.022824e+001,
4070000000, -3.014902e+001,
4071875000, -3.010950e+001,
4073750000, -3.005861e+001,
4075625000, -3.001266e+001,
4077500000, -2.997095e+001,
4079375000, -2.992259e+001,
4081250000, -2.990995e+001,
4083125000, -2.989014e+001,
4085000000, -2.987481e+001,
4086875000, -2.988417e+001,
4088750000, -2.987732e+001,
4090625000, -2.987492e+001,
4092500000, -2.990579e+001,
4094375000, -2.993527e+001,
4096250000, -2.996213e+001,
4098125000, -3.000811e+001,
4100000000, -3.000372e+001,
4101875000, -3.008409e+001,
4103750000, -3.010489e+001,
4105625000, -3.017431e+001,
4107500000, -3.022698e+001,
4109375000, -3.026970e+001,
4111250000, -3.034425e+001,
4113125000, -3.040885e+001,
4115000000, -3.044857e+001,
4116875000, -3.048254e+001,
4118750000, -3.056246e+001,
4120625000, -3.060630e+001,
4122500000, -3.065375e+001,
4124375000, -3.068826e+001,
4126250000, -3.073703e+001,
4128125000, -3.076184e+001,
4130000000, -3.080323e+001,
4131875000, -3.082274e+001,
4133750000, -3.086591e+001,
4135625000, -3.088270e+001,
4137500000, -3.090748e+001,
4139375000, -3.090117e+001,
4141250000, -3.092463e+001,
4143125000, -3.090094e+001,
4145000000, -3.091514e+001,
4146875000, -3.090021e+001,
4148750000, -3.092027e+001,
4150625000, -3.089107e+001,
4152500000, -3.091390e+001,
4154375000, -3.088515e+001,
4156250000, -3.088523e+001,
4158125000, -3.085634e+001,
4160000000, -3.084764e+001,
4161875000, -3.083704e+001,
4163750000, -3.083087e+001,
4165625000, -3.081246e+001,
4167500000, -3.080882e+001,
4169375000, -3.077719e+001,
4171250000, -3.077226e+001,
4173125000, -3.075203e+001,
4175000000, -3.075863e+001,
4176875000, -3.073663e+001,
4178750000, -3.073763e+001,
4180625000, -3.075405e+001,
4182500000, -3.074541e+001,
4184375000, -3.073567e+001,
4186250000, -3.075576e+001,
4188125000, -3.076147e+001,
4190000000, -3.078676e+001,
4191875000, -3.081911e+001,
4193750000, -3.080340e+001,
4195625000, -3.084552e+001,
4197500000, -3.084573e+001,
4199375000, -3.088080e+001,
4201250000, -3.090830e+001,
4203125000, -3.091691e+001,
4205000000, -3.093334e+001,
4206875000, -3.093504e+001,
4208750000, -3.095037e+001,
4210625000, -3.095294e+001,
4212500000, -3.093582e+001,
4214375000, -3.095755e+001,
4216250000, -3.095792e+001,
4218125000, -3.095203e+001,
4220000000, -3.093858e+001,
4221875000, -3.090067e+001,
4223750000, -3.089509e+001,
4225625000, -3.085884e+001,
4227500000, -3.082100e+001,
4229375000, -3.077506e+001,
4231250000, -3.075471e+001,
4233125000, -3.072737e+001,
4235000000, -3.068812e+001,
4236875000, -3.063417e+001,
4238750000, -3.058816e+001,
4240625000, -3.057113e+001,
4242500000, -3.053811e+001,
4244375000, -3.048178e+001,
4246250000, -3.045544e+001,
4248125000, -3.042877e+001,
4250000000, -3.040160e+001,
4251875000, -3.038439e+001,
4253750000, -3.038216e+001,
4255625000, -3.036591e+001,
4257500000, -3.037598e+001,
4259375000, -3.038091e+001,
4261250000, -3.038968e+001,
4263125000, -3.038848e+001,
4265000000, -3.042129e+001,
4266875000, -3.043068e+001,
4268750000, -3.048824e+001,
4270625000, -3.051738e+001,
4272500000, -3.054179e+001,
4274375000, -3.059484e+001,
4276250000, -3.064447e+001,
4278125000, -3.069196e+001,
4280000000, -3.075626e+001,
4281875000, -3.081638e+001,
4283750000, -3.087259e+001,
4285625000, -3.092061e+001,
4287500000, -3.099840e+001,
4289375000, -3.103414e+001,
4291250000, -3.109617e+001,
4293125000, -3.114827e+001,
4295000000, -3.121732e+001,
4296875000, -3.125688e+001,
4298750000, -3.129735e+001,
4300625000, -3.135267e+001,
4302500000, -3.135537e+001,
4304375000, -3.142749e+001,
4306250000, -3.143065e+001,
4308125000, -3.143107e+001,
4310000000, -3.145443e+001,
4311875000, -3.143854e+001,
4313750000, -3.145161e+001,
4315625000, -3.142006e+001,
4317500000, -3.139405e+001,
4319375000, -3.136796e+001,
4321250000, -3.135762e+001,
4323125000, -3.129767e+001,
4325000000, -3.123621e+001,
4326875000, -3.116268e+001,
4328750000, -3.114076e+001,
4330625000, -3.108546e+001,
4332500000, -3.100041e+001,
4334375000, -3.093040e+001,
4336250000, -3.088658e+001,
4338125000, -3.080429e+001,
4340000000, -3.073441e+001,
4341875000, -3.063490e+001,
4343750000, -3.059529e+001,
4345625000, -3.052175e+001,
4347500000, -3.047899e+001,
4349375000, -3.043278e+001,
4351250000, -3.035678e+001,
4353125000, -3.033250e+001,
4355000000, -3.029074e+001,
4356875000, -3.026649e+001,
4358750000, -3.025030e+001,
4360625000, -3.023558e+001,
4362500000, -3.025073e+001,
4364375000, -3.023626e+001,
4366250000, -3.025507e+001,
4368125000, -3.028929e+001,
4370000000, -3.030087e+001,
4371875000, -3.035628e+001,
4373750000, -3.041533e+001,
4375625000, -3.046681e+001,
4377500000, -3.051195e+001,
4379375000, -3.057657e+001,
4381250000, -3.062561e+001,
4383125000, -3.070058e+001,
4385000000, -3.074860e+001,
4386875000, -3.084412e+001,
4388750000, -3.090837e+001,
4390625000, -3.097929e+001,
4392500000, -3.105231e+001,
4394375000, -3.111036e+001,
4396250000, -3.114931e+001,
4398125000, -3.121502e+001,
4400000000, -3.129304e+001,
4401875000, -3.132763e+001,
4403750000, -3.134908e+001,
4405625000, -3.141905e+001,
4407500000, -3.144571e+001,
4409375000, -3.146000e+001,
4411250000, -3.148775e+001,
4413125000, -3.150150e+001,
4415000000, -3.152880e+001,
4416875000, -3.151549e+001,
4418750000, -3.152541e+001,
4420625000, -3.152837e+001,
4422500000, -3.154227e+001,
4424375000, -3.150494e+001,
4426250000, -3.147395e+001,
4428125000, -3.145010e+001,
4430000000, -3.141264e+001,
4431875000, -3.139466e+001,
4433750000, -3.137563e+001,
4435625000, -3.135051e+001,
4437500000, -3.130412e+001,
4439375000, -3.127493e+001,
4441250000, -3.123341e+001,
4443125000, -3.120984e+001,
4445000000, -3.117071e+001,
4446875000, -3.113944e+001,
4448750000, -3.111526e+001,
4450625000, -3.108421e+001,
4452500000, -3.106132e+001,
4454375000, -3.104502e+001,
4456250000, -3.102541e+001,
4458125000, -3.103969e+001,
4460000000, -3.102608e+001,
4461875000, -3.104245e+001,
4463750000, -3.105042e+001,
4465625000, -3.105232e+001,
4467500000, -3.107708e+001,
4469375000, -3.108127e+001,
4471250000, -3.109769e+001,
4473125000, -3.114608e+001,
4475000000, -3.116318e+001,
4476875000, -3.117676e+001,
4478750000, -3.120050e+001,
4480625000, -3.124001e+001,
4482500000, -3.125212e+001,
4484375000, -3.123982e+001,
4486250000, -3.124122e+001,
4488125000, -3.125464e+001,
4490000000, -3.129446e+001,
4491875000, -3.127136e+001,
4493750000, -3.126073e+001,
4495625000, -3.127406e+001,
4497500000, -3.125649e+001,
4499375000, -3.124459e+001,
4501250000, -3.123112e+001,
4503125000, -3.122344e+001,
4505000000, -3.120778e+001,
4506875000, -3.121461e+001,
4508750000, -3.116220e+001,
4510625000, -3.117245e+001,
4512500000, -3.114568e+001,
4514375000, -3.114268e+001,
4516250000, -3.112876e+001,
4518125000, -3.111411e+001,
4520000000, -3.112051e+001,
4521875000, -3.110810e+001,
4523750000, -3.111871e+001,
4525625000, -3.111538e+001,
4527500000, -3.108185e+001,
4529375000, -3.113564e+001,
4531250000, -3.113084e+001,
4533125000, -3.113555e+001,
4535000000, -3.114678e+001,
4536875000, -3.117152e+001,
4538750000, -3.119494e+001,
4540625000, -3.121581e+001,
4542500000, -3.125951e+001,
4544375000, -3.128454e+001,
4546250000, -3.130193e+001,
4548125000, -3.135334e+001,
4550000000, -3.138837e+001,
4551875000, -3.141828e+001,
4553750000, -3.147537e+001,
4555625000, -3.151871e+001,
4557500000, -3.160368e+001,
4559375000, -3.162541e+001,
4561250000, -3.168826e+001,
4563125000, -3.173309e+001,
4565000000, -3.176383e+001,
4566875000, -3.179249e+001,
4568750000, -3.187159e+001,
4570625000, -3.192247e+001,
4572500000, -3.196083e+001,
4574375000, -3.197916e+001,
4576250000, -3.198939e+001,
4578125000, -3.199895e+001,
4580000000, -3.204439e+001,
4581875000, -3.205796e+001,
4583750000, -3.206112e+001,
4585625000, -3.206954e+001,
4587500000, -3.202283e+001,
4589375000, -3.203124e+001,
4591250000, -3.200771e+001,
4593125000, -3.195217e+001,
4595000000, -3.194245e+001,
4596875000, -3.187603e+001,
4598750000, -3.183201e+001,
4600625000, -3.178707e+001,
4602500000, -3.171174e+001,
4604375000, -3.166937e+001,
4606250000, -3.158825e+001,
4608125000, -3.153810e+001,
4610000000, -3.148606e+001,
4611875000, -3.141170e+001,
4613750000, -3.135176e+001,
4615625000, -3.126394e+001,
4617500000, -3.123730e+001,
4619375000, -3.116574e+001,
4621250000, -3.112992e+001,
4623125000, -3.109805e+001,
4625000000, -3.104197e+001,
4626875000, -3.101774e+001,
4628750000, -3.100031e+001,
4630625000, -3.099419e+001,
4632500000, -3.098908e+001,
4634375000, -3.098857e+001,
4636250000, -3.098326e+001,
4638125000, -3.101422e+001,
4640000000, -3.102240e+001,
4641875000, -3.107371e+001,
4643750000, -3.112761e+001,
4645625000, -3.115833e+001,
4647500000, -3.121889e+001,
4649375000, -3.128124e+001,
4651250000, -3.134879e+001,
4653125000, -3.142644e+001,
4655000000, -3.149672e+001,
4656875000, -3.157787e+001,
4658750000, -3.166028e+001,
4660625000, -3.173287e+001,
4662500000, -3.181882e+001,
4664375000, -3.189190e+001,
4666250000, -3.197917e+001,
4668125000, -3.204661e+001,
4670000000, -3.211295e+001,
4671875000, -3.218032e+001,
4673750000, -3.222598e+001,
4675625000, -3.229092e+001,
4677500000, -3.232298e+001,
4679375000, -3.235224e+001,
4681250000, -3.242742e+001,
4683125000, -3.244711e+001,
4685000000, -3.246464e+001,
4686875000, -3.247404e+001,
4688750000, -3.248739e+001,
4690625000, -3.252951e+001,
4692500000, -3.248560e+001,
4694375000, -3.251056e+001,
4696250000, -3.248235e+001,
4698125000, -3.247781e+001,
4700000000, -3.241825e+001,
4701875000, -3.240691e+001,
4703750000, -3.238388e+001,
4705625000, -3.235318e+001,
4707500000, -3.232517e+001,
4709375000, -3.227637e+001,
4711250000, -3.222925e+001,
4713125000, -3.220218e+001,
4715000000, -3.217122e+001,
4716875000, -3.211530e+001,
4718750000, -3.208509e+001,
4720625000, -3.204800e+001,
4722500000, -3.201413e+001,
4724375000, -3.197214e+001,
4726250000, -3.194469e+001,
4728125000, -3.191882e+001,
4730000000, -3.192049e+001,
4731875000, -3.188423e+001,
4733750000, -3.188698e+001,
4735625000, -3.186785e+001,
4737500000, -3.185414e+001,
4739375000, -3.187564e+001,
4741250000, -3.186739e+001,
4743125000, -3.187958e+001,
4745000000, -3.188722e+001,
4746875000, -3.190947e+001,
4748750000, -3.189402e+001,
4750625000, -3.191638e+001,
4752500000, -3.193213e+001,
4754375000, -3.192842e+001,
4756250000, -3.194954e+001,
4758125000, -3.193546e+001,
4760000000, -3.195718e+001,
4761875000, -3.195428e+001,
4763750000, -3.197296e+001,
4765625000, -3.195255e+001,
4767500000, -3.193824e+001,
4769375000, -3.194981e+001,
4771250000, -3.193542e+001,
4773125000, -3.195224e+001,
4775000000, -3.194282e+001,
4776875000, -3.195763e+001,
4778750000, -3.195914e+001,
4780625000, -3.194202e+001,
4782500000, -3.193316e+001,
4784375000, -3.193973e+001,
4786250000, -3.195137e+001,
4788125000, -3.196338e+001,
4790000000, -3.196209e+001,
4791875000, -3.196530e+001,
4793750000, -3.198822e+001,
4795625000, -3.201479e+001,
4797500000, -3.201170e+001,
4799375000, -3.201269e+001,
4801250000, -3.205566e+001,
4803125000, -3.208389e+001,
4805000000, -3.211493e+001,
4806875000, -3.213961e+001,
4808750000, -3.216602e+001,
4810625000, -3.218617e+001,
4812500000, -3.223367e+001,
4814375000, -3.228429e+001,
4816250000, -3.231563e+001,
4818125000, -3.236962e+001,
4820000000, -3.241950e+001,
4821875000, -3.246407e+001,
4823750000, -3.251207e+001,
4825625000, -3.256404e+001,
4827500000, -3.266080e+001,
4829375000, -3.272169e+001,
4831250000, -3.277327e+001,
4833125000, -3.280693e+001,
4835000000, -3.289459e+001,
4836875000, -3.296084e+001,
4838750000, -3.301524e+001,
4840625000, -3.307511e+001,
4842500000, -3.312075e+001,
4844375000, -3.315734e+001,
4846250000, -3.319105e+001,
4848125000, -3.323369e+001,
4850000000, -3.324500e+001,
4851875000, -3.329407e+001,
4853750000, -3.330075e+001,
4855625000, -3.329361e+001,
4857500000, -3.331396e+001,
4859375000, -3.328014e+001,
4861250000, -3.329429e+001,
4863125000, -3.323790e+001,
4865000000, -3.316181e+001,
4866875000, -3.314043e+001,
4868750000, -3.309424e+001,
4870625000, -3.302016e+001,
4872500000, -3.298569e+001,
4874375000, -3.287629e+001,
4876250000, -3.278036e+001,
4878125000, -3.272068e+001,
4880000000, -3.262394e+001,
4881875000, -3.253942e+001,
4883750000, -3.246682e+001,
4885625000, -3.235361e+001,
4887500000, -3.226779e+001,
4889375000, -3.218453e+001,
4891250000, -3.210025e+001,
4893125000, -3.203556e+001,
4895000000, -3.194752e+001,
4896875000, -3.188831e+001,
4898750000, -3.183590e+001,
4900625000, -3.179108e+001,
4902500000, -3.175930e+001,
4904375000, -3.171809e+001,
4906250000, -3.171411e+001,
4908125000, -3.171421e+001,
4910000000, -3.172182e+001,
4911875000, -3.174191e+001,
4913750000, -3.179073e+001,
4915625000, -3.182821e+001,
4917500000, -3.189439e+001,
4919375000, -3.195791e+001,
4921250000, -3.202409e+001,
4923125000, -3.210403e+001,
4925000000, -3.218928e+001,
4926875000, -3.229207e+001,
4928750000, -3.239019e+001,
4930625000, -3.248409e+001,
4932500000, -3.261747e+001,
4934375000, -3.270177e+001,
4936250000, -3.285555e+001,
4938125000, -3.294194e+001,
4940000000, -3.305168e+001,
4941875000, -3.315966e+001,
4943750000, -3.326977e+001,
4945625000, -3.335308e+001,
4947500000, -3.345059e+001,
4949375000, -3.353514e+001,
4951250000, -3.363295e+001,
4953125000, -3.366806e+001,
4955000000, -3.373974e+001,
4956875000, -3.379865e+001,
4958750000, -3.385087e+001,
4960625000, -3.387016e+001,
4962500000, -3.391100e+001,
4964375000, -3.394007e+001,
4966250000, -3.395510e+001,
4968125000, -3.393548e+001,
4970000000, -3.393212e+001,
4971875000, -3.392687e+001,
4973750000, -3.389355e+001,
4975625000, -3.388339e+001,
4977500000, -3.381207e+001,
4979375000, -3.378679e+001,
4981250000, -3.375658e+001,
4983125000, -3.369467e+001,
4985000000, -3.363300e+001,
4986875000, -3.357671e+001,
4988750000, -3.351566e+001,
4990625000, -3.343264e+001,
4992500000, -3.335430e+001,
4994375000, -3.329039e+001,
4996250000, -3.324051e+001,
4998125000, -3.314806e+001,
5000000000, -3.308930e+001,
