"S21 Log Mag"
"Frequency (Hz)","dB",
2000000000, -3.308270e+001,
2001875000, -3.316158e+001,
2003750000, -3.323734e+001,
2005625000, -3.331215e+001,
2007500000, -3.333225e+001,
2009375000, -3.337168e+001,
2011250000, -3.345856e+001,
2013125000, -3.348808e+001,
2015000000, -3.353585e+001,
2016875000, -3.356982e+001,
2018750000, -3.355566e+001,
2020625000, -3.361683e+001,
2022500000, -3.366401e+001,
2024375000, -3.362731e+001,
2026250000, -3.366572e+001,
2028125000, -3.365402e+001,
2030000000, -3.366698e+001,
2031875000, -3.365788e+001,
2033750000, -3.365883e+001,
2035625000, -3.368816e+001,
2037500000, -3.365391e+001,
2039375000, -3.362510e+001,
2041250000, -3.362103e+001,
2043125000, -3.361561e+001,
2045000000, -3.358639e+001,
2046875000, -3.358419e+001,
2048750000, -3.355007e+001,
2050625000, -3.353108e+001,
2052500000, -3.353504e+001,
2054375000, -3.347993e+001,
2056250000, -3.349249e+001,
2058125000, -3.345350e+001,
2060000000, -3.343814e+001,
2061875000, -3.343803e+001,
2063750000, -3.343460e+001,
2065625000, -3.340555e+001,
2067500000, -3.337708e+001,
2069375000, -3.340300e+001,
2071250000, -3.339273e+001,
2073125000, -3.335986e+001,
2075000000, -3.337887e+001,
2076875000, -3.335247e+001,
2078750000, -3.337545e+001,
2080625000, -3.338322e+001,
2082500000, -3.334874e+001,
2084375000, -3.336871e+001,
2086250000, -3.337826e+001,
2088125000, -3.337096e+001,
2090000000, -3.339365e+001,
2091875000, -3.338408e+001,
2093750000, -3.336911e+001,
2095625000, -3.343839e+001,
2097500000, -3.340504e+001,
2099375000, -3.341751e+001,
2101250000, -3.343078e+001,
2103125000, -3.346635e+001,
2105000000, -3.344756e+001,
2106875000, -3.348064e+001,
2108750000, -3.348544e+001,
2110625000, -3.350222e+001,
2112500000, -3.351631e+001,
2114375000, -3.351643e+001,
2116250000, -3.358572e+001,
2118125000, -3.357228e+001,
2120000000, -3.364765e+001,
2121875000, -3.366500e+001,
2123750000, -3.372457e+001,
2125625000, -3.370403e+001,
2127500000, -3.379074e+001,
2129375000, -3.379380e+001,
2131250000, -3.383952e+001,
2133125000, -3.389758e+001,
2135000000, -3.391975e+001,
2136875000, -3.398850e+001,
2138750000, -3.401843e+001,
2140625000, -3.408451e+001,
2142500000, -3.408148e+001,
2144375000, -3.417464e+001,
2146250000, -3.420417e+001,
2148125000, -3.427408e+001,
2150000000, -3.432415e+001,
2151875000, -3.433843e+001,
2153750000, -3.444292e+001,
2155625000, -3.440009e+001,
2157500000, -3.449812e+001,
2159375000, -3.449633e+001,
2161250000, -3.453232e+001,
2163125000, -3.457581e+001,
2165000000, -3.455243e+001,
2166875000, -3.465243e+001,
2168750000, -3.462938e+001,
2170625000, -3.461499e+001,
2172500000, -3.469967e+001,
2174375000, -3.459195e+001,
2176250000, -3.461769e+001,
2178125000, -3.463840e+001,
2180000000, -3.458563e+001,
2181875000, -3.460118e+001,
2183750000, -3.453050e+001,
2185625000, -3.450318e+001,
2187500000, -3.449468e+001,
2189375000, -3.444495e+001,
2191250000, -3.433294e+001,
2193125000, -3.434042e+001,
2195000000, -3.423212e+001,
2196875000, -3.418341e+001,
2198750000, -3.411268e+001,
2200625000, -3.401571e+001,
2202500000, -3.398524e+001,
2204375000, -3.395297e+001,
2206250000, -3.381236e+001,
2208125000, -3.369632e+001,
2210000000, -3.370416e+001,
2211875000, -3.362180e+001,
2213750000, -3.352842e+001,
2215625000, -3.353353e+001,
2217500000, -3.342898e+001,
2219375000, -3.336576e+001,
2221250000, -3.338860e+001,
2223125000, -3.336398e+001,
2225000000, -3.324716e+001,
2226875000, -3.331951e+001,
2228750000, -3.332287e+001,
2230625000, -3.329617e+001,
2232500000, -3.329268e+001,
2234375000, -3.340651e+001,
2236250000, -3.338380e+001,
2238125000, -3.341133e+001,
2240000000, -3.346985e+001,
2241875000, -3.356591e+001,
2243750000, -3.358795e+001,
2245625000, -3.365276e+001,
2247500000, -3.377233e+001,
2249375000, -3.386774e+001,
2251250000, -3.387947e+001,
2253125000, -3.398142e+001,
2255000000, -3.416326e+001,
2256875000, -3.417929e+001,
2258750000, -3.426126e+001,
2260625000, -3.437912e+001,
2262500000, -3.448511e+001,
2264375000, -3.451335e+001,
2266250000, -3.456932e+001,
2268125000, -3.471138e+001,
2270000000, -3.484636e+001,
2271875000, -3.485110e+001,
2273750000, -3.487746e+001,
2275625000, -3.497113e+001,
2277500000, -3.504237e+001,
2279375000, -3.505341e+001,
2281250000, -3.503587e+001,
2283125000, -3.514311e+001,
2285000000, -3.517249e+001,
2286875000, -3.513243e+001,
2288750000, -3.511977e+001,
2290625000, -3.510972e+001,
2292500000, -3.516021e+001,
2294375000, -3.509408e+001,
2296250000, -3.502648e+001,
2298125000, -3.500288e+001,
2300000000, -3.497387e+001,
2301875000, -3.493901e+001,
2303750000, -3.485157e+001,
2305625000, -3.477129e+001,
2307500000, -3.478058e+001,
2309375000, -3.470948e+001,
2311250000, -3.463335e+001,
2313125000, -3.455721e+001,
2315000000, -3.448923e+001,
2316875000, -3.447408e+001,
2318750000, -3.439106e+001,
2320625000, -3.432541e+001,
2322500000, -3.420454e+001,
2324375000, -3.423804e+001,
2326250000, -3.417349e+001,
2328125000, -3.411969e+001,
2330000000, -3.404821e+001,
2331875000, -3.400918e+001,
2333750000, -3.400378e+001,
2335625000, -3.397411e+001,
2337500000, -3.395345e+001,
2339375000, -3.392056e+001,
2341250000, -3.389040e+001,
2343125000, -3.392326e+001,
2345000000, -3.395115e+001,
2346875000, -3.392174e+001,
2348750000, -3.395621e+001,
2350625000, -3.396842e+001,
2352500000, -3.403178e+001,
2354375000, -3.406837e+001,
2356250000, -3.406873e+001,
2358125000, -3.409887e+001,
2360000000, -3.414120e+001,
2361875000, -3.419763e+001,
2363750000, -3.424101e+001,
2365625000, -3.423339e+001,
2367500000, -3.431055e+001,
2369375000, -3.433691e+001,
2371250000, -3.439071e+001,
2373125000, -3.443091e+001,
2375000000, -3.448191e+001,
2376875000, -3.445428e+001,
2378750000, -3.452728e+001,
2380625000, -3.454297e+001,
2382500000, -3.457114e+001,
2384375000, -3.455357e+001,
2386250000, -3.464594e+001,
2388125000, -3.463093e+001,
2390000000, -3.460839e+001,
2391875000, -3.462516e+001,
2393750000, -3.469136e+001,
2395625000, -3.468682e+001,
2397500000, -3.469652e+001,
2399375000, -3.464704e+001,
2401250000, -3.465836e+001,
2403125000, -3.465104e+001,
2405000000, -3.468031e+001,
2406875000, -3.464403e+001,
2408750000, -3.462276e+001,
2410625000, -3.464348e+001,
2412500000, -3.464203e+001,
2414375000, -3.466151e+001,
2416250000, -3.466519e+001,
2418125000, -3.469667e+001,
2420000000, -3.466735e+001,
2421875000, -3.465374e+001,
2423750000, -3.468036e+001,
2425625000, -3.471305e+001,
2427500000, -3.469989e+001,
2429375000, -3.474337e+001,
2431250000, -3.475333e+001,
2433125000, -3.471919e+001,
2435000000, -3.473923e+001,
2436875000, -3.478324e+001,
2438750000, -3.478813e+001,
2440625000, -3.480141e+001,
2442500000, -3.483781e+001,
2444375000, -3.480949e+001,
2446250000, -3.480790e+001,
2448125000, -3.483736e+001,
2450000000, -3.489944e+001,
2451875000, -3.485244e+001,
2453750000, -3.489593e+001,
2455625000, -3.490198e+001,
2457500000, -3.486712e+001,
2459375000, -3.484809e+001,
2461250000, -3.485727e+001,
2463125000, -3.491574e+001,
2465000000, -3.484564e+001,
2466875000, -3.486519e+001,
2468750000, -3.483366e+001,
2470625000, -3.480010e+001,
2472500000, -3.477489e+001,
2474375000, -3.478458e+001,
2476250000, -3.478796e+001,
2478125000, -3.466249e+001,
2480000000, -3.466786e+001,
2481875000, -3.465462e+001,
2483750000, -3.459015e+001,
2485625000, -3.456831e+001,
2487500000, -3.450198e+001,
2489375000, -3.459121e+001,
2491250000, -3.457883e+001,
2493125000, -3.447367e+001,
2495000000, -3.451361e+001,
2496875000, -3.445298e+001,
2498750000, -3.443078e+001,
2500625000, -3.437497e+001,
2502500000, -3.444700e+001,
2504375000, -3.446689e+001,
2506250000, -3.443796e+001,
2508125000, -3.444723e+001,
2510000000, -3.445832e+001,
2511875000, -3.446698e+001,
2513750000, -3.446611e+001,
2515625000, -3.447857e+001,
2517500000, -3.462061e+001,
2519375000, -3.461868e+001,
2521250000, -3.464532e+001,
2523125000, -3.467186e+001,
2525000000, -3.471829e+001,
2526875000, -3.472677e+001,
2528750000, -3.477731e+001,
2530625000, -3.482997e+001,
2532500000, -3.500290e+001,
2534375000, -3.499607e+001,
2536250000, -3.504517e+001,
2538125000, -3.506528e+001,
2540000000, -3.516370e+001,
2541875000, -3.512237e+001,
2543750000, -3.520323e+001,
2545625000, -3.524422e+001,
2547500000, -3.533458e+001,
2549375000, -3.534192e+001,
2551250000, -3.538295e+001,
2553125000, -3.538879e+001,
2555000000, -3.544091e+001,
2556875000, -3.537776e+001,
2558750000, -3.540815e+001,
2560625000, -3.539630e+001,
2562500000, -3.540080e+001,
2564375000, -3.548649e+001,
2566250000, -3.533223e+001,
2568125000, -3.536852e+001,
2570000000, -3.534902e+001,
2571875000, -3.527458e+001,
2573750000, -3.520549e+001,
2575625000, -3.514941e+001,
2577500000, -3.511692e+001,
2579375000, -3.513635e+001,
2581250000, -3.508430e+001,
2583125000, -3.497696e+001,
2585000000, -3.493579e+001,
2586875000, -3.484178e+001,
2588750000, -3.475803e+001,
2590625000, -3.466041e+001,
2592500000, -3.462420e+001,
2594375000, -3.458752e+001,
2596250000, -3.457438e+001,
2598125000, -3.455704e+001,
2600000000, -3.444524e+001,
2601875000, -3.440556e+001,
2603750000, -3.432664e+001,
2605625000, -3.431092e+001,
2607500000, -3.420242e+001,
2609375000, -3.418727e+001,
2611250000, -3.420242e+001,
2613125000, -3.417317e+001,
2615000000, -3.429361e+001,
2616875000, -3.420375e+001,
2618750000, -3.424517e+001,
2620625000, -3.416607e+001,
2622500000, -3.421929e+001,
2624375000, -3.421889e+001,
2626250000, -3.421880e+001,
2628125000, -3.425620e+001,
2630000000, -3.430824e+001,
2631875000, -3.441073e+001,
2633750000, -3.444348e+001,
2635625000, -3.447492e+001,
2637500000, -3.448088e+001,
2639375000, -3.445334e+001,
2641250000, -3.460345e+001,
2643125000, -3.454234e+001,
2645000000, -3.462893e+001,
2646875000, -3.458709e+001,
2648750000, -3.467514e+001,
2650625000, -3.483861e+001,
2652500000, -3.482710e+001,
2654375000, -3.482916e+001,
2656250000, -3.479032e+001,
2658125000, -3.474318e+001,
2660000000, -3.482356e+001,
2661875000, -3.483395e+001,
2663750000, -3.484115e+001,
2665625000, -3.486909e+001,
2667500000, -3.486111e+001,
2669375000, -3.492597e+001,
2671250000, -3.496189e+001,
2673125000, -3.495135e+001,
2675000000, -3.492379e+001,
2676875000, -3.485205e+001,
2678750000, -3.475175e+001,
2680625000, -3.487224e+001,
2682500000, -3.484293e+001,
2684375000, -3.482479e+001,
2686250000, -3.483352e+001,
2688125000, -3.486710e+001,
2690000000, -3.493814e+001,
2691875000, -3.486840e+001,
2693750000, -3.490045e+001,
2695625000, -3.487197e+001,
2697500000, -3.469366e+001,
2699375000, -3.473737e+001,
2701250000, -3.473759e+001,
2703125000, -3.473151e+001,
2705000000, -3.473303e+001,
2706875000, -3.474360e+001,
2708750000, -3.476157e+001,
2710625000, -3.479461e+001,
2712500000, -3.476310e+001,
2714375000, -3.485564e+001,
2716250000, -3.482410e+001,
2718125000, -3.464960e+001,
2720000000, -3.464828e+001,
2721875000, -3.467970e+001,
2723750000, -3.471161e+001,
2725625000, -3.471282e+001,
2727500000, -3.471665e+001,
2729375000, -3.471491e+001,
2731250000, -3.474843e+001,
2733125000, -3.474142e+001,
2735000000, -3.471408e+001,
2736875000, -3.483151e+001,
2738750000, -3.468754e+001,
2740625000, -3.443759e+001,
2742500000, -3.460612e+001,
2744375000, -3.456694e+001,
2746250000, -3.455100e+001,
2748125000, -3.454524e+001,
2750000000, -3.455853e+001,
2751875000, -3.454628e+001,
2753750000, -3.449758e+001,
2755625000, -3.445447e+001,
2757500000, -3.442450e+001,
2759375000, -3.448471e+001,
2761250000, -3.426749e+001,
2763125000, -3.413794e+001,
2765000000, -3.422795e+001,
2766875000, -3.414418e+001,
2768750000, -3.420053e+001,
2770625000, -3.418079e+001,
2772500000, -3.419200e+001,
2774375000, -3.423398e+001,
2776250000, -3.416080e+001,
2778125000, -3.417312e+001,
2780000000, -3.413839e+001,
2781875000, -3.429941e+001,
2783750000, -3.418401e+001,
2785625000, -3.397467e+001,
2787500000, -3.419236e+001,
2789375000, -3.417028e+001,
2791250000, -3.423656e+001,
2793125000, -3.431910e+001,
2795000000, -3.440442e+001,
2796875000, -3.445496e+001,
2798750000, -3.447079e+001,
2800625000, -3.450330e+001,
2802500000, -3.450975e+001,
2804375000, -3.468672e+001,
2806250000, -3.482943e+001,
2808125000, -3.450682e+001,
2810000000, -3.467625e+001,
2811875000, -3.472382e+001,
2813750000, -3.477042e+001,
2815625000, -3.481702e+001,
2817500000, -3.496968e+001,
2819375000, -3.502063e+001,
2821250000, -3.504195e+001,
2823125000, -3.504905e+001,
2825000000, -3.506139e+001,
2826875000, -3.504517e+001,
2828750000, -3.515018e+001,
2830625000, -3.526096e+001,
2832500000, -3.488970e+001,
2834375000, -3.496851e+001,
2836250000, -3.497903e+001,
2838125000, -3.494617e+001,
2840000000, -3.486886e+001,
2841875000, -3.502300e+001,
2843750000, -3.502414e+001,
2845625000, -3.498061e+001,
2847500000, -3.489630e+001,
2849375000, -3.478120e+001,
2851250000, -3.467529e+001,
2853125000, -3.469130e+001,
2855000000, -3.474667e+001,
2856875000, -3.449042e+001,
2858750000, -3.424574e+001,
2860625000, -3.437809e+001,
2862500000, -3.420858e+001,
2864375000, -3.409837e+001,
2866250000, -3.410094e+001,
2868125000, -3.417301e+001,
2870000000, -3.415757e+001,
2871875000, -3.407755e+001,
2873750000, -3.404659e+001,
2875625000, -3.391116e+001,
2877500000, -3.381026e+001,
2879375000, -3.393863e+001,
2881250000, -3.401838e+001,
2883125000, -3.379453e+001,
2885000000, -3.361228e+001,
2886875000, -3.386061e+001,
2888750000, -3.379359e+001,
2890625000, -3.375697e+001,
2892500000, -3.379799e+001,
2894375000, -3.398662e+001,
2896250000, -3.414485e+001,
2898125000, -3.410387e+001,
2900000000, -3.421951e+001,
2901875000, -3.417392e+001,
2903750000, -3.412212e+001,
2905625000, -3.425292e+001,
2907500000, -3.447950e+001,
2909375000, -3.445673e+001,
2911250000, -3.420996e+001,
2913125000, -3.448637e+001,
2915000000, -3.453305e+001,
2916875000, -3.460535e+001,
2918750000, -3.450531e+001,
2920625000, -3.469902e+001,
2922500000, -3.484999e+001,
2924375000, -3.492673e+001,
2926250000, -3.497676e+001,
2928125000, -3.509410e+001,
2930000000, -3.492522e+001,
2931875000, -3.482114e+001,
2933750000, -3.487433e+001,
2935625000, -3.510685e+001,
2937500000, -3.501230e+001,
2939375000, -3.465964e+001,
2941250000, -3.483010e+001,
2943125000, -3.488821e+001,
2945000000, -3.485459e+001,
2946875000, -3.466103e+001,
2948750000, -3.470835e+001,
2950625000, -3.488022e+001,
2952500000, -3.481537e+001,
2954375000, -3.476140e+001,
2956250000, -3.482093e+001,
2958125000, -3.471500e+001,
2960000000, -3.453159e+001,
2961875000, -3.446109e+001,
2963750000, -3.453140e+001,
2965625000, -3.459880e+001,
2967500000, -3.429209e+001,
2969375000, -3.417343e+001,
2971250000, -3.433900e+001,
2973125000, -3.422563e+001,
2975000000, -3.415918e+001,
2976875000, -3.404664e+001,
2978750000, -3.412911e+001,
2980625000, -3.434112e+001,
2982500000, -3.422656e+001,
2984375000, -3.416146e+001,
2986250000, -3.430414e+001,
2988125000, -3.431361e+001,
2990000000, -3.421287e+001,
2991875000, -3.418030e+001,
2993750000, -3.428116e+001,
2995625000, -3.435438e+001,
2997500000, -3.417964e+001,
2999375000, -3.407932e+001,
3001250000, -3.438340e+001,
3003125000, -3.436137e+001,
3005000000, -3.431565e+001,
3006875000, -3.412085e+001,
3008750000, -3.427537e+001,
3010625000, -3.456926e+001,
3012500000, -3.459153e+001,
3014375000, -3.447290e+001,
3016250000, -3.473146e+001,
3018125000, -3.456429e+001,
3020000000, -3.470548e+001,
3021875000, -3.462281e+001,
3023750000, -3.465415e+001,
3025625000, -3.460041e+001,
3027500000, -3.457560e+001,
3029375000, -3.429911e+001,
3031250000, -3.443972e+001,
3033125000, -3.462115e+001,
3035000000, -3.453096e+001,
3036875000, -3.436622e+001,
3038750000, -3.418168e+001,
3040625000, -3.413407e+001,
3042500000, -3.440617e+001,
3044375000, -3.442284e+001,
3046250000, -3.425965e+001,
3048125000, -3.452240e+001,
3050000000, -3.432673e+001,
3051875000, -3.439523e+001,
3053750000, -3.424622e+001,
3055625000, -3.427950e+001,
3057500000, -3.413399e+001,
3059375000, -3.413073e+001,
3061250000, -3.390750e+001,
3063125000, -3.380111e+001,
3065000000, -3.409442e+001,
3066875000, -3.416076e+001,
3068750000, -3.417465e+001,
3070625000, -3.390506e+001,
3072500000, -3.379433e+001,
3074375000, -3.392522e+001,
3076250000, -3.418273e+001,
3078125000, -3.396614e+001,
3080000000, -3.413017e+001,
3081875000, -3.437560e+001,
3083750000, -3.434385e+001,
3085625000, -3.442396e+001,
3087500000, -3.427613e+001,
3089375000, -3.426828e+001,
3091250000, -3.443324e+001,
3093125000, -3.427359e+001,
3095000000, -3.413065e+001,
3096875000, -3.414848e+001,
3098750000, -3.443170e+001,
3100625000, -3.451916e+001,
3102500000, -3.463462e+001,
3104375000, -3.448495e+001,
3106250000, -3.431903e+001,
3108125000, -3.431512e+001,
3110000000, -3.470374e+001,
3111875000, -3.461313e+001,
3113750000, -3.424568e+001,
3115625000, -3.470691e+001,
3117500000, -3.455932e+001,
3119375000, -3.489984e+001,
3121250000, -3.478166e+001,
3123125000, -3.476989e+001,
3125000000, -3.459795e+001,
3126875000, -3.456354e+001,
3128750000, -3.441980e+001,
3130625000, -3.415219e+001,
3132500000, -3.413493e+001,
3134375000, -3.436504e+001,
3136250000, -3.457937e+001,
3138125000, -3.448281e+001,
3140000000, -3.425305e+001,
3141875000, -3.404238e+001,
3143750000, -3.417456e+001,
3145625000, -3.435031e+001,
3147500000, -3.417334e+001,
3149375000, -3.367272e+001,
3151250000, -3.402398e+001,
3153125000, -3.392310e+001,
3155000000, -3.427066e+001,
3156875000, -3.437203e+001,
3158750000, -3.437026e+001,
3160625000, -3.435045e+001,
3162500000, -3.421634e+001,
3164375000, -3.397668e+001,
3166250000, -3.390558e+001,
3168125000, -3.373148e+001,
3170000000, -3.394604e+001,
3171875000, -3.417455e+001,
3173750000, -3.433706e+001,
3175625000, -3.441275e+001,
3177500000, -3.433087e+001,
3179375000, -3.406791e+001,
3181250000, -3.417162e+001,
3183125000, -3.459636e+001,
3185000000, -3.446007e+001,
3186875000, -3.380708e+001,
3188750000, -3.431544e+001,
3190625000, -3.422486e+001,
3192500000, -3.443557e+001,
3194375000, -3.489426e+001,
3196250000, -3.503720e+001,
3198125000, -3.502328e+001,
3200000000, -3.497829e+001,
3201875000, -3.467450e+001,
3203750000, -3.441885e+001,
3205625000, -3.431944e+001,
3207500000, -3.444733e+001,
3209375000, -3.458873e+001,
3211250000, -3.474886e+001,
3213125000, -3.483558e+001,
3215000000, -3.454591e+001,
3216875000, -3.439722e+001,
3218750000, -3.435595e+001,
3220625000, -3.449992e+001,
3222500000, -3.482787e+001,
3224375000, -3.453498e+001,
3226250000, -3.383208e+001,
3228125000, -3.423577e+001,
3230000000, -3.415596e+001,
3231875000, -3.421543e+001,
3233750000, -3.456931e+001,
3235625000, -3.477342e+001,
3237500000, -3.514187e+001,
3239375000, -3.516691e+001,
3241250000, -3.466156e+001,
3243125000, -3.420844e+001,
3245000000, -3.400625e+001,
3246875000, -3.438659e+001,
3248750000, -3.445852e+001,
3250625000, -3.437844e+001,
3252500000, -3.448465e+001,
3254375000, -3.452552e+001,
3256250000, -3.444092e+001,
3258125000, -3.423048e+001,
3260000000, -3.415960e+001,
3261875000, -3.447260e+001,
3263750000, -3.480910e+001,
3265625000, -3.435335e+001,
3267500000, -3.408521e+001,
3269375000, -3.424497e+001,
3271250000, -3.418450e+001,
3273125000, -3.422935e+001,
3275000000, -3.451486e+001,
3276875000, -3.491275e+001,
3278750000, -3.549797e+001,
3280625000, -3.586653e+001,
3282500000, -3.589757e+001,
3284375000, -3.552755e+001,
3286250000, -3.461227e+001,
3288125000, -3.477287e+001,
3290000000, -3.515151e+001,
3291875000, -3.526939e+001,
3293750000, -3.535209e+001,
3295625000, -3.532361e+001,
3297500000, -3.528796e+001,
3299375000, -3.532858e+001,
3301250000, -3.499514e+001,
3303125000, -3.488753e+001,
3305000000, -3.498506e+001,
3306875000, -3.522475e+001,
3308750000, -3.486306e+001,
3310625000, -3.415778e+001,
3312500000, -3.415420e+001,
3314375000, -3.406526e+001,
3316250000, -3.383949e+001,
3318125000, -3.359086e+001,
3320000000, -3.363680e+001,
3321875000, -3.418008e+001,
3323750000, -3.479588e+001,
3325625000, -3.524630e+001,
3327500000, -3.531076e+001,
3329375000, -3.451462e+001,
3331250000, -3.344896e+001,
3333125000, -3.369462e+001,
3335000000, -3.419335e+001,
3336875000, -3.428687e+001,
3338750000, -3.442015e+001,
3340625000, -3.440295e+001,
3342500000, -3.461002e+001,
3344375000, -3.511709e+001,
3346250000, -3.459050e+001,
3348125000, -3.450103e+001,
3350000000, -3.483670e+001,
3351875000, -3.533969e+001,
3353750000, -3.566824e+001,
3355625000, -3.512431e+001,
3357500000, -3.423930e+001,
3359375000, -3.465169e+001,
3361250000, -3.436069e+001,
3363125000, -3.439802e+001,
3365000000, -3.437959e+001,
3366875000, -3.421831e+001,
3368750000, -3.447846e+001,
3370625000, -3.483390e+001,
3372500000, -3.525191e+001,
3374375000, -3.624105e+001,
3376250000, -3.729668e+001,
3378125000, -3.549040e+001,
3380000000, -3.470572e+001,
3381875000, -3.511319e+001,
3383750000, -3.564013e+001,
3385625000, -3.572932e+001,
3387500000, -3.575187e+001,
3389375000, -3.575521e+001,
3391250000, -3.586287e+001,
3393125000, -3.645661e+001,
3395000000, -3.636326e+001,
3396875000, -3.630167e+001,
3398750000, -3.657802e+001,
3400625000, -3.664440e+001,
3402500000, -3.730883e+001,
3404375000, -3.762890e+001,
3406250000, -3.708589e+001,
3408125000, -3.695721e+001,
3410000000, -3.665319e+001,
3411875000, -3.639744e+001,
3413750000, -3.627583e+001,
3415625000, -3.635142e+001,
3417500000, -3.586157e+001,
3419375000, -3.513966e+001,
3421250000, -3.458263e+001,
3423125000, -3.455857e+001,
3425000000, -3.505415e+001,
3426875000, -3.516458e+001,
3428750000, -3.561730e+001,
3430625000, -3.691661e+001,
3432500000, -3.761748e+001,
3434375000, -3.566468e+001,
3436250000, -3.376161e+001,
3438125000, -3.403814e+001,
3440000000, -3.443576e+001,
3441875000, -3.468031e+001,
3443750000, -3.459686e+001,
3445625000, -3.446971e+001,
3447500000, -3.369289e+001,
3449375000, -3.326852e+001,
3451250000, -3.360788e+001,
3453125000, -3.428348e+001,
3455000000, -3.454009e+001,
3456875000, -3.387487e+001,
3458750000, -3.336001e+001,
3460625000, -3.397564e+001,
3462500000, -3.474813e+001,
3464375000, -3.549132e+001,
3466250000, -3.612236e+001,
3468125000, -3.596861e+001,
3470000000, -3.538607e+001,
3471875000, -3.591445e+001,
3473750000, -3.619927e+001,
3475625000, -3.640198e+001,
3477500000, -3.674142e+001,
3479375000, -3.758516e+001,
3481250000, -3.761013e+001,
3483125000, -3.735450e+001,
3485000000, -3.747123e+001,
3486875000, -3.829217e+001,
3488750000, -3.829592e+001,
3490625000, -3.875422e+001,
3492500000, -3.868092e+001,
3494375000, -3.874140e+001,
3496250000, -3.817480e+001,
3498125000, -3.713572e+001,
3500000000, -3.819621e+001,
3501875000, -3.742901e+001,
3503750000, -3.724081e+001,
3505625000, -3.987932e+001,
3507500000, -4.234821e+001,
3509375000, -4.109612e+001,
3511250000, -4.191663e+001,
3513125000, -4.481097e+001,
3515000000, -4.592857e+001,
3516875000, -4.265055e+001,
3518750000, -4.469069e+001,
3520625000, -4.424796e+001,
3522500000, -3.990594e+001,
3524375000, -3.748682e+001,
3526250000, -3.519254e+001,
3528125000, -3.432988e+001,
3530000000, -3.572691e+001,
3531875000, -3.826218e+001,
3533750000, -3.854684e+001,
3535625000, -3.449280e+001,
3537500000, -3.263200e+001,
3539375000, -3.070522e+001,
3541250000, -2.878563e+001,
3543125000, -2.916514e+001,
3545000000, -3.019015e+001,
3546875000, -3.303455e+001,
3548750000, -3.218986e+001,
3550625000, -3.000975e+001,
3552500000, -2.792168e+001,
3554375000, -2.624295e+001,
3556250000, -2.622384e+001,
3558125000, -2.797423e+001,
3560000000, -3.089650e+001,
3561875000, -3.047469e+001,
3563750000, -2.760196e+001,
3565625000, -2.603375e+001,
3567500000, -2.573169e+001,
3569375000, -2.674564e+001,
3571250000, -2.936929e+001,
3573125000, -3.095742e+001,
3575000000, -2.832057e+001,
3576875000, -2.615909e+001,
3578750000, -2.571074e+001,
3580625000, -2.654276e+001,
3582500000, -2.861047e+001,
3584375000, -3.051541e+001,
3586250000, -2.903110e+001,
3588125000, -2.719692e+001,
3590000000, -2.674002e+001,
3591875000, -2.749224e+001,
3593750000, -2.966817e+001,
3595625000, -3.336555e+001,
3597500000, -3.171329e+001,
3599375000, -2.810447e+001,
3601250000, -2.723413e+001,
3603125000, -2.785450e+001,
3605000000, -2.991641e+001,
3606875000, -3.426522e+001,
3608750000, -3.624430e+001,
3610625000, -3.292118e+001,
3612500000, -3.089775e+001,
3614375000, -3.027594e+001,
3616250000, -3.155374e+001,
3618125000, -3.679478e+001,
3620000000, -5.447481e+001,
3621875000, -3.867084e+001,
3623750000, -3.542994e+001,
3625625000, -3.437092e+001,
3627500000, -3.554748e+001,
3629375000, -3.747263e+001,
3631250000, -3.658119e+001,
3633125000, -3.537167e+001,
3635000000, -3.636923e+001,
3636875000, -3.965100e+001,
3638750000, -3.813514e+001,
3640625000, -3.303568e+001,
3642500000, -3.043066e+001,
3644375000, -3.032931e+001,
3646250000, -3.365675e+001,
3648125000, -4.730335e+001,
3650000000, -3.534830e+001,
3651875000, -2.904482e+001,
3653750000, -2.693341e+001,
3655625000, -2.717910e+001,
3657500000, -3.011553e+001,
3659375000, -3.716756e+001,
3661250000, -3.239848e+001,
3663125000, -2.747741e+001,
3665000000, -2.565079e+001,
3666875000, -2.584840e+001,
3668750000, -2.830769e+001,
3670625000, -3.389815e+001,
3672500000, -3.193763e+001,
3674375000, -2.699013e+001,
3676250000, -2.550305e+001,
3678125000, -2.639613e+001,
3680000000, -2.957909e+001,
3681875000, -3.071122e+001,
3683750000, -2.734931e+001,
3685625000, -2.528725e+001,
3687500000, -2.538732e+001,
3689375000, -2.694075e+001,
3691250000, -2.924497e+001,
3693125000, -2.833103e+001,
3695000000, -2.676112e+001,
3696875000, -2.619740e+001,
3698750000, -2.724949e+001,
3700625000, -2.951110e+001,
3702500000, -3.015765e+001,
3704375000, -2.787857e+001,
3706250000, -2.591614e+001,
3708125000, -2.620421e+001,
3710000000, -2.881047e+001,
3711875000, -3.227355e+001,
3713750000, -3.100692e+001,
3715625000, -2.788133e+001,
3717500000, -2.658677e+001,
3719375000, -2.823289e+001,
3721250000, -3.353642e+001,
3723125000, -3.380734e+001,
3725000000, -2.966416e+001,
3726875000, -2.802131e+001,
3728750000, -2.888750e+001,
3730625000, -3.252353e+001,
3732500000, -3.827418e+001,
3734375000, -3.248200e+001,
3736250000, -2.906004e+001,
3738125000, -2.947914e+001,
3740000000, -3.406312e+001,
3741875000, -3.645041e+001,
3743750000, -3.298158e+001,
3745625000, -3.023429e+001,
3747500000, -3.046561e+001,
3749375000, -3.277853e+001,
3751250000, -3.542416e+001,
3753125000, -3.123434e+001,
3755000000, -2.917703e+001,
3756875000, -3.024354e+001,
3758750000, -3.304545e+001,
3760625000, -3.183809e+001,
3762500000, -2.921850e+001,
3764375000, -2.780959e+001,
3766250000, -2.881350e+001,
3768125000, -3.241833e+001,
3770000000, -3.119391e+001,
3771875000, -2.787531e+001,
3773750000, -2.724320e+001,
3775625000, -2.867537e+001,
3777500000, -3.132653e+001,
3779375000, -3.013811e+001,
3781250000, -2.764599e+001,
3783125000, -2.740525e+001,
3785000000, -2.898559e+001,
3786875000, -3.091828e+001,
3788750000, -2.926540e+001,
3790625000, -2.762291e+001,
3792500000, -2.808657e+001,
3794375000, -3.023302e+001,
3796250000, -3.072980e+001,
3798125000, -2.865928e+001,
3800000000, -2.772242e+001,
3801875000, -2.935616e+001,
3803750000, -3.136645e+001,
3805625000, -3.030924e+001,
3807500000, -2.844089e+001,
3809375000, -2.894314e+001,
3811250000, -3.127854e+001,
3813125000, -3.205353e+001,
3815000000, -2.962973e+001,
3816875000, -2.916184e+001,
3818750000, -3.098585e+001,
3820625000, -3.273817e+001,
3822500000, -3.075186e+001,
3824375000, -2.919038e+001,
3826250000, -3.075102e+001,
3828125000, -3.290823e+001,
3830000000, -3.120819e+001,
3831875000, -2.942904e+001,
3833750000, -3.026670e+001,
3835625000, -3.251482e+001,
3837500000, -3.121537e+001,
3839375000, -2.903804e+001,
3841250000, -2.948138e+001,
3843125000, -3.162695e+001,
3845000000, -3.097522e+001,
3846875000, -2.890720e+001,
3848750000, -2.892821e+001,
3850625000, -3.070718e+001,
3852500000, -3.073288e+001,
3854375000, -2.880632e+001,
3856250000, -2.874004e+001,
3858125000, -3.013439e+001,
3860000000, -3.035238e+001,
3861875000, -2.888996e+001,
3863750000, -2.882811e+001,
3865625000, -3.017169e+001,
3867500000, -3.041071e+001,
3869375000, -2.906416e+001,
3871250000, -2.915109e+001,
3873125000, -3.030968e+001,
3875000000, -3.045887e+001,
3876875000, -2.941999e+001,
3878750000, -2.961298e+001,
3880625000, -3.064850e+001,
3882500000, -3.061298e+001,
3884375000, -2.977830e+001,
3886250000, -3.018193e+001,
3888125000, -3.111009e+001,
3890000000, -3.070678e+001,
3891875000, -3.005016e+001,
3893750000, -3.071000e+001,
3895625000, -3.135775e+001,
3897500000, -3.068095e+001,
3899375000, -3.044198e+001,
3901250000, -3.125365e+001,
3903125000, -3.116252e+001,
3905000000, -3.043807e+001,
3906875000, -3.076208e+001,
3908750000, -3.136673e+001,
3910625000, -3.055016e+001,
3912500000, -3.026339e+001,
3914375000, -3.102027e+001,
3916250000, -3.075007e+001,
3918125000, -3.004121e+001,
3920000000, -3.025167e+001,
3921875000, -3.057624e+001,
3923750000, -2.988549e+001,
3925625000, -2.978170e+001,
3927500000, -3.034554e+001,
3929375000, -3.000019e+001,
3931250000, -2.961270e+001,
3933125000, -3.008026e+001,
3935000000, -3.006011e+001,
3936875000, -2.963357e+001,
3938750000, -2.992641e+001,
3940625000, -3.015712e+001,
3942500000, -2.984449e+001,
3944375000, -2.991146e+001,
3946250000, -3.017217e+001,
3948125000, -2.996022e+001,
3950000000, -2.990139e+001,
3951875000, -3.019343e+001,
3953750000, -3.012757e+001,
3955625000, -2.999411e+001,
3957500000, -3.018268e+001,
3959375000, -3.019746e+001,
3961250000, -3.004060e+001,
3963125000, -3.013995e+001,
3965000000, -3.010413e+001,
3966875000, -2.998942e+001,
3968750000, -3.005267e+001,
3970625000, -3.001769e+001,
3972500000, -2.993810e+001,
3974375000, -2.997959e+001,
3976250000, -2.994269e+001,
3978125000, -2.990435e+001,
3980000000, -2.992260e+001,
3981875000, -2.990257e+001,
3983750000, -2.993093e+001,
3985625000, -2.991668e+001,
3987500000, -2.986026e+001,
3989375000, -2.992055e+001,
3991250000, -2.985934e+001,
3993125000, -2.985184e+001,
3995000000, -2.995785e+001,
3996875000, -2.986922e+001,
3998750000, -2.999265e+001,
4000625000, -3.006372e+001,
4002500000, -2.995617e+001,
4004375000, -3.014794e+001,
4006250000, -3.016427e+001,
4008125000, -3.015804e+001,
4010000000, -3.034289e+001,
4011875000, -3.024497e+001,
4013750000, -3.040403e+001,
4015625000, -3.049787e+001,
4017500000, -3.044646e+001,
4019375000, -3.066155e+001,
4021250000, -3.059377e+001,
4023125000, -3.062504e+001,
4025000000, -3.072847e+001,
4026875000, -3.064360e+001,
4028750000, -3.073813e+001,
4030625000, -3.070478e+001,
4032500000, -3.070733e+001,
4034375000, -3.078696e+001,
4036250000, -3.070340e+001,
4038125000, -3.077977e+001,
4040000000, -3.074683e+001,
4041875000, -3.071044e+001,
4043750000, -3.072038e+001,
4045625000, -3.063946e+001,
4047500000, -3.068197e+001,
4049375000, -3.059899e+001,
4051250000, -3.059066e+001,
4053125000, -3.056239e+001,
4055000000, -3.046542e+001,
4056875000, -3.046091e+001,
4058750000, -3.037566e+001,
4060625000, -3.033991e+001,
4062500000, -3.028930e+001,
4064375000, -3.020006e+001,
4066250000, -3.019160e+001,
4068125000, -3.008735e+001,
4070000000, -3.006575e+001,
4071875000, -2.999526e+001,
4073750000, -2.994504e+001,
4075625000, -2.989745e+001,
4077500000, -2.985765e+001,
4079375000, -2.980840e+001,
4081250000, -2.976909e+001,
4083125000, -2.973939e+001,
4085000000, -2.972955e+001,
4086875000, -2.970275e+001,
4088750000, -2.970164e+001,
4090625000, -2.970076e+001,
4092500000, -2.969931e+001,
4094375000, -2.973957e+001,
4096250000, -2.974866e+001,
4098125000, -2.977228e+001,
4100000000, -2.982884e+001,
4101875000, -2.985209e+001,
4103750000, -2.991882e+001,
4105625000, -2.996010e+001,
4107500000, -3.001576e+001,
4109375000, -3.005540e+001,
4111250000, -3.010761e+001,
4113125000, -3.014902e+001,
4115000000, -3.017813e+001,
4116875000, -3.025171e+001,
4118750000, -3.028174e+001,
4120625000, -3.034131e+001,
4122500000, -3.036039e+001,
4124375000, -3.041380e+001,
4126250000, -3.044916e+001,
4128125000, -3.050305e+001,
4130000000, -3.053856e+001,
4131875000, -3.058705e+001,
4133750000, -3.060951e+001,
4135625000, -3.062866e+001,
4137500000, -3.064987e+001,
4139375000, -3.066975e+001,
4141250000, -3.068186e+001,
4143125000, -3.068473e+001,
4145000000, -3.070210e+001,
4146875000, -3.070379e+001,
4148750000, -3.068077e+001,
4150625000, -3.071147e+001,
4152500000, -3.068022e+001,
4154375000, -3.068454e+001,
4156250000, -3.067017e+001,
4158125000, -3.064662e+001,
4160000000, -3.064064e+001,
4161875000, -3.060978e+001,
4163750000, -3.060781e+001,
4165625000, -3.059657e+001,
4167500000, -3.056959e+001,
4169375000, -3.056643e+001,
4171250000, -3.054182e+001,
4173125000, -3.054869e+001,
4175000000, -3.052399e+001,
4176875000, -3.051724e+001,
4178750000, -3.049772e+001,
4180625000, -3.051252e+001,
4182500000, -3.050714e+001,
4184375000, -3.050583e+001,
4186250000, -3.050497e+001,
4188125000, -3.051444e+001,
4190000000, -3.052591e+001,
4191875000, -3.053507e+001,
4193750000, -3.055784e+001,
4195625000, -3.058292e+001,
4197500000, -3.061335e+001,
4199375000, -3.059075e+001,
4201250000, -3.064774e+001,
4203125000, -3.063584e+001,
4205000000, -3.070371e+001,
4206875000, -3.070497e+001,
4208750000, -3.072981e+001,
4210625000, -3.070644e+001,
4212500000, -3.073929e+001,
4214375000, -3.073741e+001,
4216250000, -3.075176e+001,
4218125000, -3.069072e+001,
4220000000, -3.069302e+001,
4221875000, -3.067662e+001,
4223750000, -3.066018e+001,
4225625000, -3.063677e+001,
4227500000, -3.061909e+001,
4229375000, -3.056613e+001,
4231250000, -3.053682e+001,
4233125000, -3.050117e+001,
4235000000, -3.046001e+001,
4236875000, -3.041995e+001,
4238750000, -3.039932e+001,
4240625000, -3.037805e+001,
4242500000, -3.031362e+001,
4244375000, -3.029028e+001,
4246250000, -3.023419e+001,
4248125000, -3.024144e+001,
4250000000, -3.022290e+001,
4251875000, -3.020493e+001,
4253750000, -3.018907e+001,
4255625000, -3.019341e+001,
4257500000, -3.018705e+001,
4259375000, -3.019073e+001,
4261250000, -3.018505e+001,
4263125000, -3.018896e+001,
4265000000, -3.021331e+001,
4266875000, -3.023433e+001,
4268750000, -3.027249e+001,
4270625000, -3.028557e+001,
4272500000, -3.032771e+001,
4274375000, -3.039941e+001,
4276250000, -3.040608e+001,
4278125000, -3.046461e+001,
4280000000, -3.053541e+001,
4281875000, -3.060035e+001,
4283750000, -3.065891e+001,
4285625000, -3.071921e+001,
4287500000, -3.075995e+001,
4289375000, -3.083994e+001,
4291250000, -3.090088e+001,
4293125000, -3.094355e+001,
4295000000, -3.098510e+001,
4296875000, -3.104057e+001,
4298750000, -3.110539e+001,
4300625000, -3.114219e+001,
4302500000, -3.117482e+001,
4304375000, -3.121113e+001,
4306250000, -3.124005e+001,
4308125000, -3.124456e+001,
4310000000, -3.124261e+001,
4311875000, -3.123712e+001,
4313750000, -3.125539e+001,
4315625000, -3.122017e+001,
4317500000, -3.119873e+001,
4319375000, -3.115996e+001,
4321250000, -3.115781e+001,
4323125000, -3.110754e+001,
4325000000, -3.106802e+001,
4326875000, -3.101554e+001,
4328750000, -3.095546e+001,
4330625000, -3.089680e+001,
4332500000, -3.083134e+001,
4334375000, -3.077438e+001,
4336250000, -3.070383e+001,
4338125000, -3.064069e+001,
4340000000, -3.059116e+001,
4341875000, -3.048858e+001,
4343750000, -3.041457e+001,
4345625000, -3.036324e+001,
4347500000, -3.029455e+001,
4349375000, -3.024963e+001,
4351250000, -3.021000e+001,
4353125000, -3.016743e+001,
4355000000, -3.013282e+001,
4356875000, -3.010786e+001,
4358750000, -3.009379e+001,
4360625000, -3.007183e+001,
4362500000, -3.007890e+001,
4364375000, -3.007202e+001,
4366250000, -3.008808e+001,
4368125000, -3.010949e+001,
4370000000, -3.015113e+001,
4371875000, -3.019291e+001,
4373750000, -3.021782e+001,
4375625000, -3.027053e+001,
4377500000, -3.034483e+001,
4379375000, -3.040118e+001,
4381250000, -3.045417e+001,
4383125000, -3.053502e+001,
4385000000, -3.060581e+001,
4386875000, -3.069494e+001,
4388750000, -3.076425e+001,
4390625000, -3.081076e+001,
4392500000, -3.087346e+001,
4394375000, -3.093866e+001,
4396250000, -3.101814e+001,
4398125000, -3.105508e+001,
4400000000, -3.111629e+001,
4401875000, -3.115494e+001,
4403750000, -3.122060e+001,
4405625000, -3.126649e+001,
4407500000, -3.130454e+001,
4409375000, -3.132464e+001,
4411250000, -3.134725e+001,
4413125000, -3.137232e+001,
4415000000, -3.136993e+001,
4416875000, -3.138708e+001,
4418750000, -3.139421e+001,
4420625000, -3.139033e+001,
4422500000, -3.137777e+001,
4424375000, -3.137141e+001,
4426250000, -3.135060e+001,
4428125000, -3.130559e+001,
4430000000, -3.128066e+001,
4431875000, -3.127992e+001,
4433750000, -3.123279e+001,
4435625000, -3.121803e+001,
4437500000, -3.117123e+001,
4439375000, -3.114638e+001,
4441250000, -3.110763e+001,
4443125000, -3.108166e+001,
4445000000, -3.103336e+001,
4446875000, -3.100863e+001,
4448750000, -3.099796e+001,
4450625000, -3.096581e+001,
4452500000, -3.093329e+001,
4454375000, -3.092444e+001,
4456250000, -3.092539e+001,
4458125000, -3.092472e+001,
4460000000, -3.091938e+001,
4461875000, -3.090828e+001,
4463750000, -3.093065e+001,
4465625000, -3.092371e+001,
4467500000, -3.095982e+001,
4469375000, -3.097324e+001,
4471250000, -3.098501e+001,
4473125000, -3.101207e+001,
4475000000, -3.103788e+001,
4476875000, -3.103935e+001,
4478750000, -3.107289e+001,
4480625000, -3.111294e+001,
4482500000, -3.112199e+001,
4484375000, -3.111421e+001,
4486250000, -3.112214e+001,
4488125000, -3.114151e+001,
4490000000, -3.114711e+001,
4491875000, -3.114970e+001,
4493750000, -3.115312e+001,
4495625000, -3.113875e+001,
4497500000, -3.113974e+001,
4499375000, -3.110828e+001,
4501250000, -3.112209e+001,
4503125000, -3.110076e+001,
4505000000, -3.111430e+001,
4506875000, -3.109331e+001,
4508750000, -3.108687e+001,
4510625000, -3.108619e+001,
4512500000, -3.106994e+001,
4514375000, -3.105619e+001,
4516250000, -3.103947e+001,
4518125000, -3.102053e+001,
4520000000, -3.103569e+001,
4521875000, -3.101671e+001,
4523750000, -3.103442e+001,
4525625000, -3.101368e+001,
4527500000, -3.101957e+001,
4529375000, -3.102502e+001,
4531250000, -3.103426e+001,
4533125000, -3.105594e+001,
4535000000, -3.105823e+001,
4536875000, -3.107678e+001,
4538750000, -3.108668e+001,
4540625000, -3.110115e+001,
4542500000, -3.115911e+001,
4544375000, -3.117442e+001,
4546250000, -3.120369e+001,
4548125000, -3.122724e+001,
4550000000, -3.128834e+001,
4551875000, -3.133854e+001,
4553750000, -3.136312e+001,
4555625000, -3.141171e+001,
4557500000, -3.145759e+001,
4559375000, -3.151958e+001,
4561250000, -3.155760e+001,
4563125000, -3.160459e+001,
4565000000, -3.165855e+001,
4566875000, -3.171330e+001,
4568750000, -3.173479e+001,
4570625000, -3.180740e+001,
4572500000, -3.182113e+001,
4574375000, -3.185986e+001,
4576250000, -3.190814e+001,
4578125000, -3.192929e+001,
4580000000, -3.193362e+001,
4581875000, -3.193903e+001,
4583750000, -3.196471e+001,
4585625000, -3.196336e+001,
4587500000, -3.195871e+001,
4589375000, -3.193382e+001,
4591250000, -3.190566e+001,
4593125000, -3.189924e+001,
4595000000, -3.183573e+001,
4596875000, -3.181193e+001,
4598750000, -3.175524e+001,
4600625000, -3.171195e+001,
4602500000, -3.166141e+001,
4604375000, -3.157873e+001,
4606250000, -3.153018e+001,
4608125000, -3.146805e+001,
4610000000, -3.142509e+001,
4611875000, -3.134482e+001,
4613750000, -3.128290e+001,
4615625000, -3.122402e+001,
4617500000, -3.115853e+001,
4619375000, -3.111070e+001,
4621250000, -3.106690e+001,
4623125000, -3.102473e+001,
4625000000, -3.096485e+001,
4626875000, -3.094883e+001,
4628750000, -3.092614e+001,
4630625000, -3.091713e+001,
4632500000, -3.089264e+001,
4634375000, -3.090491e+001,
4636250000, -3.092462e+001,
4638125000, -3.093607e+001,
4640000000, -3.097141e+001,
4641875000, -3.099269e+001,
4643750000, -3.105075e+001,
4645625000, -3.109069e+001,
4647500000, -3.116091e+001,
4649375000, -3.122788e+001,
4651250000, -3.128270e+001,
4653125000, -3.135091e+001,
4655000000, -3.142172e+001,
4656875000, -3.149588e+001,
4658750000, -3.159470e+001,
4660625000, -3.164317e+001,
4662500000, -3.173633e+001,
4664375000, -3.179917e+001,
4666250000, -3.188771e+001,
4668125000, -3.196546e+001,
4670000000, -3.203377e+001,
4671875000, -3.207901e+001,
4673750000, -3.216105e+001,
4675625000, -3.219892e+001,
4677500000, -3.227728e+001,
4679375000, -3.233209e+001,
4681250000, -3.233771e+001,
4683125000, -3.238685e+001,
4685000000, -3.242865e+001,
4686875000, -3.242792e+001,
4688750000, -3.243668e+001,
4690625000, -3.244323e+001,
4692500000, -3.246740e+001,
4694375000, -3.244294e+001,
4696250000, -3.242110e+001,
4698125000, -3.242882e+001,
4700000000, -3.238226e+001,
4701875000, -3.236898e+001,
4703750000, -3.235257e+001,
4705625000, -3.231019e+001,
4707500000, -3.225745e+001,
4709375000, -3.222078e+001,
4711250000, -3.219395e+001,
4713125000, -3.214526e+001,
4715000000, -3.210956e+001,
4716875000, -3.208012e+001,
4718750000, -3.203343e+001,
4720625000, -3.198475e+001,
4722500000, -3.195091e+001,
4724375000, -3.192670e+001,
4726250000, -3.191294e+001,
4728125000, -3.184839e+001,
4730000000, -3.185879e+001,
4731875000, -3.185302e+001,
4733750000, -3.184942e+001,
4735625000, -3.182360e+001,
4737500000, -3.182353e+001,
4739375000, -3.183821e+001,
4741250000, -3.183268e+001,
4743125000, -3.183140e+001,
4745000000, -3.186244e+001,
4746875000, -3.185811e+001,
4748750000, -3.188732e+001,
4750625000, -3.186472e+001,
4752500000, -3.188291e+001,
4754375000, -3.188594e+001,
4756250000, -3.190023e+001,
4758125000, -3.190355e+001,
4760000000, -3.191481e+001,
4761875000, -3.191882e+001,
4763750000, -3.193612e+001,
4765625000, -3.192427e+001,
4767500000, -3.192404e+001,
4769375000, -3.192682e+001,
4771250000, -3.193275e+001,
4773125000, -3.191298e+001,
4775000000, -3.190525e+001,
4776875000, -3.192406e+001,
4778750000, -3.188393e+001,
4780625000, -3.191158e+001,
4782500000, -3.190471e+001,
4784375000, -3.191178e+001,
4786250000, -3.190603e+001,
4788125000, -3.192782e+001,
4790000000, -3.193641e+001,
4791875000, -3.194295e+001,
4793750000, -3.195498e+001,
4795625000, -3.197332e+001,
4797500000, -3.197382e+001,
4799375000, -3.198721e+001,
4801250000, -3.203923e+001,
4803125000, -3.203712e+001,
4805000000, -3.208826e+001,
4806875000, -3.212843e+001,
4808750000, -3.212885e+001,
4810625000, -3.217614e+001,
4812500000, -3.222136e+001,
4814375000, -3.225475e+001,
4816250000, -3.229611e+001,
4818125000, -3.232861e+001,
4820000000, -3.239381e+001,
4821875000, -3.244218e+001,
4823750000, -3.249803e+001,
4825625000, -3.253998e+001,
4827500000, -3.258111e+001,
4829375000, -3.264943e+001,
4831250000, -3.272087e+001,
4833125000, -3.277829e+001,
4835000000, -3.285486e+001,
4836875000, -3.292844e+001,
4838750000, -3.296735e+001,
4840625000, -3.302428e+001,
4842500000, -3.307871e+001,
4844375000, -3.313273e+001,
4846250000, -3.317838e+001,
4848125000, -3.319653e+001,
4850000000, -3.320992e+001,
4851875000, -3.325066e+001,
4853750000, -3.326039e+001,
4855625000, -3.326688e+001,
4857500000, -3.325061e+001,
4859375000, -3.322482e+001,
4861250000, -3.323073e+001,
4863125000, -3.319359e+001,
4865000000, -3.316259e+001,
4866875000, -3.312029e+001,
4868750000, -3.304572e+001,
4870625000, -3.299027e+001,
4872500000, -3.292902e+001,
4874375000, -3.286561e+001,
4876250000, -3.277254e+001,
4878125000, -3.267564e+001,
4880000000, -3.261975e+001,
4881875000, -3.252659e+001,
4883750000, -3.242647e+001,
4885625000, -3.232229e+001,
4887500000, -3.224637e+001,
4889375000, -3.215747e+001,
4891250000, -3.207718e+001,
4893125000, -3.202037e+001,
4895000000, -3.194168e+001,
4896875000, -3.188401e+001,
4898750000, -3.180081e+001,
4900625000, -3.177845e+001,
4902500000, -3.173982e+001,
4904375000, -3.171036e+001,
4906250000, -3.170014e+001,
4908125000, -3.169839e+001,
4910000000, -3.172398e+001,
4911875000, -3.173283e+001,
4913750000, -3.173822e+001,
4915625000, -3.180000e+001,
4917500000, -3.187222e+001,
4919375000, -3.193843e+001,
4921250000, -3.199801e+001,
4923125000, -3.209187e+001,
4925000000, -3.217098e+001,
4926875000, -3.229186e+001,
4928750000, -3.237989e+001,
4930625000, -3.247775e+001,
4932500000, -3.260559e+001,
4934375000, -3.268650e+001,
4936250000, -3.282518e+001,
4938125000, -3.292900e+001,
4940000000, -3.301360e+001,
4941875000, -3.313811e+001,
4943750000, -3.325068e+001,
4945625000, -3.334792e+001,
4947500000, -3.344007e+001,
4949375000, -3.349609e+001,
4951250000, -3.361136e+001,
4953125000, -3.365607e+001,
4955000000, -3.373273e+001,
4956875000, -3.378146e+001,
4958750000, -3.382544e+001,
4960625000, -3.387505e+001,
4962500000, -3.389296e+001,
4964375000, -3.393013e+001,
4966250000, -3.392992e+001,
4968125000, -3.393624e+001,
4970000000, -3.391362e+001,
4971875000, -3.392908e+001,
4973750000, -3.389988e+001,
4975625000, -3.386121e+001,
4977500000, -3.382861e+001,
4979375000, -3.375958e+001,
4981250000, -3.374242e+001,
4983125000, -3.369447e+001,
4985000000, -3.361682e+001,
4986875000, -3.353414e+001,
4988750000, -3.348820e+001,
4990625000, -3.342200e+001,
4992500000, -3.336919e+001,
4994375000, -3.327310e+001,
4996250000, -3.321306e+001,
4998125000, -3.314410e+001,
5000000000, -3.306074e+001,
