"S21 Log Mag"
"Frequency (Hz)","dB",
2000000000, -4.944050e+001,
2001875000, -4.943815e+001,
2003750000, -4.950456e+001,
2005625000, -4.936673e+001,
2007500000, -4.979113e+001,
2009375000, -4.968190e+001,
2011250000, -4.998676e+001,
2013125000, -4.973451e+001,
2015000000, -4.979005e+001,
2016875000, -4.987053e+001,
2018750000, -4.998700e+001,
2020625000, -4.989705e+001,
2022500000, -4.996312e+001,
2024375000, -5.009763e+001,
2026250000, -5.008815e+001,
2028125000, -5.003848e+001,
2030000000, -5.001609e+001,
2031875000, -5.008793e+001,
2033750000, -5.001791e+001,
2035625000, -4.990347e+001,
2037500000, -4.983886e+001,
2039375000, -5.000081e+001,
2041250000, -5.000737e+001,
2043125000, -4.983905e+001,
2045000000, -4.995032e+001,
2046875000, -4.990305e+001,
2048750000, -4.986995e+001,
2050625000, -4.999738e+001,
2052500000, -4.985098e+001,
2054375000, -4.979079e+001,
2056250000, -4.977756e+001,
2058125000, -4.982260e+001,
2060000000, -4.973817e+001,
2061875000, -4.983498e+001,
2063750000, -4.972783e+001,
2065625000, -4.988197e+001,
2067500000, -4.971547e+001,
2069375000, -4.979843e+001,
2071250000, -4.972575e+001,
2073125000, -4.986515e+001,
2075000000, -4.969882e+001,
2076875000, -4.962939e+001,
2078750000, -4.983083e+001,
2080625000, -4.982226e+001,
2082500000, -4.988085e+001,
2084375000, -4.982489e+001,
2086250000, -4.980252e+001,
2088125000, -4.968847e+001,
2090000000, -4.975760e+001,
2091875000, -4.961483e+001,
2093750000, -4.971650e+001,
2095625000, -4.978065e+001,
2097500000, -4.975534e+001,
2099375000, -4.975810e+001,
2101250000, -4.963457e+001,
2103125000, -4.980585e+001,
2105000000, -4.974084e+001,
2106875000, -4.960151e+001,
2108750000, -4.971239e+001,
2110625000, -4.973284e+001,
2112500000, -4.967387e+001,
2114375000, -4.985736e+001,
2116250000, -4.971200e+001,
2118125000, -4.989481e+001,
2120000000, -4.997712e+001,
2121875000, -4.992286e+001,
2123750000, -4.986879e+001,
2125625000, -5.013589e+001,
2127500000, -4.998301e+001,
2129375000, -5.014439e+001,
2131250000, -5.001907e+001,
2133125000, -5.015402e+001,
2135000000, -5.026754e+001,
2136875000, -5.037234e+001,
2138750000, -5.024428e+001,
2140625000, -5.033725e+001,
2142500000, -5.031722e+001,
2144375000, -5.038473e+001,
2146250000, -5.065997e+001,
2148125000, -5.067489e+001,
2150000000, -5.054441e+001,
2151875000, -5.082901e+001,
2153750000, -5.060599e+001,
2155625000, -5.077541e+001,
2157500000, -5.069027e+001,
2159375000, -5.095975e+001,
2161250000, -5.087733e+001,
2163125000, -5.075636e+001,
2165000000, -5.079481e+001,
2166875000, -5.088144e+001,
2168750000, -5.082005e+001,
2170625000, -5.087004e+001,
2172500000, -5.107189e+001,
2174375000, -5.086515e+001,
2176250000, -5.098447e+001,
2178125000, -5.087335e+001,
2180000000, -5.079162e+001,
2181875000, -5.079128e+001,
2183750000, -5.060117e+001,
2185625000, -5.082624e+001,
2187500000, -5.067247e+001,
2189375000, -5.057042e+001,
2191250000, -5.060019e+001,
2193125000, -5.052386e+001,
2195000000, -5.043085e+001,
2196875000, -5.037542e+001,
2198750000, -5.038824e+001,
2200625000, -5.036710e+001,
2202500000, -5.022746e+001,
2204375000, -5.026295e+001,
2206250000, -5.009446e+001,
2208125000, -4.988209e+001,
2210000000, -4.993198e+001,
2211875000, -4.971943e+001,
2213750000, -4.968114e+001,
2215625000, -4.984485e+001,
2217500000, -4.980700e+001,
2219375000, -4.967217e+001,
2221250000, -4.968419e+001,
2223125000, -4.967659e+001,
2225000000, -4.947715e+001,
2226875000, -4.958673e+001,
2228750000, -4.968957e+001,
2230625000, -4.956659e+001,
2232500000, -4.972927e+001,
2234375000, -4.956681e+001,
2236250000, -4.968047e+001,
2238125000, -4.976854e+001,
2240000000, -4.985354e+001,
2241875000, -4.979360e+001,
2243750000, -4.982212e+001,
2245625000, -4.993117e+001,
2247500000, -5.022934e+001,
2249375000, -5.010677e+001,
2251250000, -5.005058e+001,
2253125000, -5.032655e+001,
2255000000, -5.043583e+001,
2256875000, -5.044869e+001,
2258750000, -5.039605e+001,
2260625000, -5.059042e+001,
2262500000, -5.069922e+001,
2264375000, -5.063113e+001,
2266250000, -5.072217e+001,
2268125000, -5.086930e+001,
2270000000, -5.110794e+001,
2271875000, -5.100963e+001,
2273750000, -5.121736e+001,
2275625000, -5.108127e+001,
2277500000, -5.125541e+001,
2279375000, -5.122559e+001,
2281250000, -5.138831e+001,
2283125000, -5.131497e+001,
2285000000, -5.124465e+001,
2286875000, -5.118592e+001,
2288750000, -5.135477e+001,
2290625000, -5.111348e+001,
2292500000, -5.130310e+001,
2294375000, -5.138482e+001,
2296250000, -5.133998e+001,
2298125000, -5.116617e+001,
2300000000, -5.086296e+001,
2301875000, -5.111858e+001,
2303750000, -5.108897e+001,
2305625000, -5.084974e+001,
2307500000, -5.071017e+001,
2309375000, -5.085253e+001,
2311250000, -5.088529e+001,
2313125000, -5.070234e+001,
2315000000, -5.047252e+001,
2316875000, -5.056801e+001,
2318750000, -5.055230e+001,
2320625000, -5.036192e+001,
2322500000, -5.035843e+001,
2324375000, -5.018379e+001,
2326250000, -5.026309e+001,
2328125000, -5.022779e+001,
2330000000, -5.013704e+001,
2331875000, -5.009511e+001,
2333750000, -4.995242e+001,
2335625000, -5.005136e+001,
2337500000, -4.995034e+001,
2339375000, -4.998815e+001,
2341250000, -5.007689e+001,
2343125000, -5.002964e+001,
2345000000, -5.000904e+001,
2346875000, -4.998227e+001,
2348750000, -5.003349e+001,
2350625000, -5.011551e+001,
2352500000, -5.015143e+001,
2354375000, -5.029152e+001,
2356250000, -5.025778e+001,
2358125000, -5.023228e+001,
2360000000, -5.036443e+001,
2361875000, -5.033629e+001,
2363750000, -5.010363e+001,
2365625000, -5.048491e+001,
2367500000, -5.057944e+001,
2369375000, -5.051273e+001,
2371250000, -5.051428e+001,
2373125000, -5.055744e+001,
2375000000, -5.062416e+001,
2376875000, -5.081139e+001,
2378750000, -5.061390e+001,
2380625000, -5.067381e+001,
2382500000, -5.058756e+001,
2384375000, -5.061542e+001,
2386250000, -5.080676e+001,
2388125000, -5.059734e+001,
2390000000, -5.075221e+001,
2391875000, -5.086465e+001,
2393750000, -5.060894e+001,
2395625000, -5.081000e+001,
2397500000, -5.077189e+001,
2399375000, -5.090480e+001,
2401250000, -5.066622e+001,
2403125000, -5.082330e+001,
2405000000, -5.063077e+001,
2406875000, -5.083731e+001,
2408750000, -5.072469e+001,
2410625000, -5.071897e+001,
2412500000, -5.072206e+001,
2414375000, -5.075332e+001,
2416250000, -5.067645e+001,
2418125000, -5.066133e+001,
2420000000, -5.074907e+001,
2421875000, -5.076215e+001,
2423750000, -5.063398e+001,
2425625000, -5.070192e+001,
2427500000, -5.085419e+001,
2429375000, -5.076841e+001,
2431250000, -5.082726e+001,
2433125000, -5.077003e+001,
2435000000, -5.080063e+001,
2436875000, -5.080768e+001,
2438750000, -5.086843e+001,
2440625000, -5.069183e+001,
2442500000, -5.097311e+001,
2444375000, -5.081530e+001,
2446250000, -5.075488e+001,
2448125000, -5.083932e+001,
2450000000, -5.072989e+001,
2451875000, -5.090702e+001,
2453750000, -5.099039e+001,
2455625000, -5.093515e+001,
2457500000, -5.075595e+001,
2459375000, -5.078473e+001,
2461250000, -5.073080e+001,
2463125000, -5.109110e+001,
2465000000, -5.071099e+001,
2466875000, -5.094727e+001,
2468750000, -5.083209e+001,
2470625000, -5.072836e+001,
2472500000, -5.084731e+001,
2474375000, -5.068513e+001,
2476250000, -5.063322e+001,
2478125000, -5.066647e+001,
2480000000, -5.056983e+001,
2481875000, -5.055909e+001,
2483750000, -5.050468e+001,
2485625000, -5.051151e+001,
2487500000, -5.061092e+001,
2489375000, -5.039185e+001,
2491250000, -5.024582e+001,
2493125000, -5.033180e+001,
2495000000, -5.019453e+001,
2496875000, -5.031167e+001,
2498750000, -5.022995e+001,
2500625000, -5.027361e+001,
2502500000, -5.031190e+001,
2504375000, -5.023550e+001,
2506250000, -5.020112e+001,
2508125000, -5.019357e+001,
2510000000, -5.036893e+001,
2511875000, -5.023404e+001,
2513750000, -5.030490e+001,
2515625000, -5.040080e+001,
2517500000, -5.040613e+001,
2519375000, -5.043440e+001,
2521250000, -5.034883e+001,
2523125000, -5.036331e+001,
2525000000, -5.047591e+001,
2526875000, -5.042231e+001,
2528750000, -5.056885e+001,
2530625000, -5.055866e+001,
2532500000, -5.065893e+001,
2534375000, -5.081863e+001,
2536250000, -5.084227e+001,
2538125000, -5.061638e+001,
2540000000, -5.091239e+001,
2541875000, -5.090915e+001,
2543750000, -5.103231e+001,
2545625000, -5.105238e+001,
2547500000, -5.107249e+001,
2549375000, -5.117612e+001,
2551250000, -5.121167e+001,
2553125000, -5.106728e+001,
2555000000, -5.121096e+001,
2556875000, -5.111650e+001,
2558750000, -5.125658e+001,
2560625000, -5.100370e+001,
2562500000, -5.100372e+001,
2564375000, -5.116188e+001,
2566250000, -5.131145e+001,
2568125000, -5.102423e+001,
2570000000, -5.107428e+001,
2571875000, -5.103599e+001,
2573750000, -5.096809e+001,
2575625000, -5.097870e+001,
2577500000, -5.095258e+001,
2579375000, -5.082032e+001,
2581250000, -5.077001e+001,
2583125000, -5.077424e+001,
2585000000, -5.059032e+001,
2586875000, -5.057771e+001,
2588750000, -5.051767e+001,
2590625000, -5.031572e+001,
2592500000, -5.031099e+001,
2594375000, -5.030352e+001,
2596250000, -5.020537e+001,
2598125000, -5.013308e+001,
2600000000, -5.001960e+001,
2601875000, -4.995770e+001,
2603750000, -5.004272e+001,
2605625000, -4.984793e+001,
2607500000, -4.978240e+001,
2609375000, -4.979855e+001,
2611250000, -4.979946e+001,
2613125000, -4.985778e+001,
2615000000, -4.985583e+001,
2616875000, -4.967093e+001,
2618750000, -4.993487e+001,
2620625000, -4.966548e+001,
2622500000, -4.983724e+001,
2624375000, -4.968904e+001,
2626250000, -4.989418e+001,
2628125000, -5.007206e+001,
2630000000, -4.984809e+001,
2631875000, -4.980233e+001,
2633750000, -4.987249e+001,
2635625000, -4.994742e+001,
2637500000, -5.008157e+001,
2639375000, -4.999687e+001,
2641250000, -5.007721e+001,
2643125000, -5.011654e+001,
2645000000, -5.017404e+001,
2646875000, -5.015342e+001,
2648750000, -5.002166e+001,
2650625000, -5.021661e+001,
2652500000, -5.016962e+001,
2654375000, -5.029571e+001,
2656250000, -5.021422e+001,
2658125000, -5.029078e+001,
2660000000, -5.044786e+001,
2661875000, -5.045134e+001,
2663750000, -5.029517e+001,
2665625000, -5.034882e+001,
2667500000, -5.023931e+001,
2669375000, -5.035425e+001,
2671250000, -5.028470e+001,
2673125000, -5.029996e+001,
2675000000, -5.028688e+001,
2676875000, -5.011716e+001,
2678750000, -5.035100e+001,
2680625000, -5.026732e+001,
2682500000, -5.023850e+001,
2684375000, -5.016655e+001,
2686250000, -5.029640e+001,
2688125000, -5.023943e+001,
2690000000, -5.008816e+001,
2691875000, -5.025595e+001,
2693750000, -4.998754e+001,
2695625000, -5.017557e+001,
2697500000, -4.997419e+001,
2699375000, -5.019990e+001,
2701250000, -5.013304e+001,
2703125000, -5.005640e+001,
2705000000, -5.010558e+001,
2706875000, -5.005108e+001,
2708750000, -5.015060e+001,
2710625000, -5.005528e+001,
2712500000, -4.984225e+001,
2714375000, -5.002686e+001,
2716250000, -5.006239e+001,
2718125000, -5.002523e+001,
2720000000, -5.009724e+001,
2721875000, -5.007896e+001,
2723750000, -5.007955e+001,
2725625000, -4.993161e+001,
2727500000, -5.020350e+001,
2729375000, -4.993486e+001,
2731250000, -5.006385e+001,
2733125000, -5.000084e+001,
2735000000, -4.989563e+001,
2736875000, -4.996194e+001,
2738750000, -4.971958e+001,
2740625000, -4.997334e+001,
2742500000, -5.013213e+001,
2744375000, -4.960016e+001,
2746250000, -4.974325e+001,
2748125000, -4.978881e+001,
2750000000, -4.982952e+001,
2751875000, -4.971348e+001,
2753750000, -4.976075e+001,
2755625000, -4.987274e+001,
2757500000, -4.970198e+001,
2759375000, -4.965985e+001,
2761250000, -4.937260e+001,
2763125000, -4.948039e+001,
2765000000, -4.974834e+001,
2766875000, -4.944731e+001,
2768750000, -4.930345e+001,
2770625000, -4.949778e+001,
2772500000, -4.942204e+001,
2774375000, -4.920334e+001,
2776250000, -4.946901e+001,
2778125000, -4.932009e+001,
2780000000, -4.958048e+001,
2781875000, -4.954123e+001,
2783750000, -4.925959e+001,
2785625000, -4.946189e+001,
2787500000, -4.954832e+001,
2789375000, -4.946638e+001,
2791250000, -4.966002e+001,
2793125000, -4.933893e+001,
2795000000, -4.972469e+001,
2796875000, -4.966563e+001,
2798750000, -4.968888e+001,
2800625000, -4.966550e+001,
2802500000, -4.960276e+001,
2804375000, -4.981521e+001,
2806250000, -4.986459e+001,
2808125000, -4.986594e+001,
2810000000, -4.992070e+001,
2811875000, -4.998780e+001,
2813750000, -4.988031e+001,
2815625000, -4.993403e+001,
2817500000, -4.972929e+001,
2819375000, -5.035850e+001,
2821250000, -5.016064e+001,
2823125000, -5.007612e+001,
2825000000, -5.027026e+001,
2826875000, -5.017864e+001,
2828750000, -5.016160e+001,
2830625000, -5.026670e+001,
2832500000, -5.034082e+001,
2834375000, -4.974516e+001,
2836250000, -5.033033e+001,
2838125000, -4.992923e+001,
2840000000, -5.037988e+001,
2841875000, -4.973790e+001,
2843750000, -5.019799e+001,
2845625000, -4.993627e+001,
2847500000, -4.981214e+001,
2849375000, -4.992094e+001,
2851250000, -4.990580e+001,
2853125000, -4.952293e+001,
2855000000, -4.942994e+001,
2856875000, -4.953161e+001,
2858750000, -4.964910e+001,
2860625000, -4.917727e+001,
2862500000, -4.899305e+001,
2864375000, -4.920856e+001,
2866250000, -4.926369e+001,
2868125000, -4.886245e+001,
2870000000, -4.903836e+001,
2871875000, -4.889744e+001,
2873750000, -4.865738e+001,
2875625000, -4.891001e+001,
2877500000, -4.887867e+001,
2879375000, -4.887291e+001,
2881250000, -4.858623e+001,
2883125000, -4.859156e+001,
2885000000, -4.911162e+001,
2886875000, -4.873412e+001,
2888750000, -4.869617e+001,
2890625000, -4.845103e+001,
2892500000, -4.916081e+001,
2894375000, -4.854726e+001,
2896250000, -4.887683e+001,
2898125000, -4.894322e+001,
2900000000, -4.879584e+001,
2901875000, -4.891301e+001,
2903750000, -4.923540e+001,
2905625000, -4.948116e+001,
2907500000, -4.925145e+001,
2909375000, -4.902029e+001,
2911250000, -4.934645e+001,
2913125000, -4.944444e+001,
2915000000, -4.991711e+001,
2916875000, -4.917114e+001,
2918750000, -4.949863e+001,
2920625000, -5.011310e+001,
2922500000, -4.935320e+001,
2924375000, -4.980285e+001,
2926250000, -4.997781e+001,
2928125000, -4.979632e+001,
2930000000, -4.954394e+001,
2931875000, -4.985257e+001,
2933750000, -5.004625e+001,
2935625000, -5.001236e+001,
2937500000, -4.949883e+001,
2939375000, -4.992693e+001,
2941250000, -4.979192e+001,
2943125000, -5.016964e+001,
2945000000, -4.965002e+001,
2946875000, -4.959795e+001,
2948750000, -4.994582e+001,
2950625000, -4.967279e+001,
2952500000, -4.924938e+001,
2954375000, -4.983280e+001,
2956250000, -4.987266e+001,
2958125000, -4.947217e+001,
2960000000, -4.925711e+001,
2961875000, -4.937722e+001,
2963750000, -4.975741e+001,
2965625000, -4.958998e+001,
2967500000, -4.922224e+001,
2969375000, -4.945784e+001,
2971250000, -4.870602e+001,
2973125000, -5.012729e+001,
2975000000, -4.871043e+001,
2976875000, -4.899068e+001,
2978750000, -4.935384e+001,
2980625000, -4.920957e+001,
2982500000, -4.862770e+001,
2984375000, -4.890936e+001,
2986250000, -4.965541e+001,
2988125000, -4.935121e+001,
2990000000, -4.900333e+001,
2991875000, -4.886733e+001,
2993750000, -4.895255e+001,
2995625000, -4.947344e+001,
2997500000, -4.916587e+001,
2999375000, -4.976600e+001,
3001250000, -4.897482e+001,
3003125000, -4.918636e+001,
3005000000, -4.992891e+001,
3006875000, -4.881501e+001,
3008750000, -4.960366e+001,
3010625000, -4.985695e+001,
3012500000, -4.924762e+001,
3014375000, -4.901095e+001,
3016250000, -4.912115e+001,
3018125000, -4.987049e+001,
3020000000, -5.000928e+001,
3021875000, -4.932998e+001,
3023750000, -4.922683e+001,
3025625000, -4.938689e+001,
3027500000, -4.909390e+001,
3029375000, -4.982841e+001,
3031250000, -4.973712e+001,
3033125000, -4.927990e+001,
3035000000, -4.924060e+001,
3036875000, -4.966214e+001,
3038750000, -4.860626e+001,
3040625000, -4.888473e+001,
3042500000, -4.991703e+001,
3044375000, -4.953512e+001,
3046250000, -4.883271e+001,
3048125000, -4.848081e+001,
3050000000, -4.879276e+001,
3051875000, -4.928331e+001,
3053750000, -4.969676e+001,
3055625000, -4.900331e+001,
3057500000, -4.870391e+001,
3059375000, -4.885356e+001,
3061250000, -4.850244e+001,
3063125000, -4.968840e+001,
3065000000, -4.855713e+001,
3066875000, -4.897318e+001,
3068750000, -4.933747e+001,
3070625000, -4.917699e+001,
3072500000, -4.785002e+001,
3074375000, -4.802286e+001,
3076250000, -4.964429e+001,
3078125000, -5.002654e+001,
3080000000, -4.884645e+001,
3081875000, -4.843331e+001,
3083750000, -4.837497e+001,
3085625000, -4.890204e+001,
3087500000, -4.950447e+001,
3089375000, -4.950969e+001,
3091250000, -4.954413e+001,
3093125000, -4.896432e+001,
3095000000, -4.844902e+001,
3096875000, -4.930120e+001,
3098750000, -4.976757e+001,
3100625000, -4.830031e+001,
3102500000, -4.969604e+001,
3104375000, -5.018108e+001,
3106250000, -4.980849e+001,
3108125000, -4.844699e+001,
3110000000, -4.849884e+001,
3111875000, -4.931159e+001,
3113750000, -5.060353e+001,
3115625000, -5.040290e+001,
3117500000, -4.905471e+001,
3119375000, -4.903563e+001,
3121250000, -4.898860e+001,
3123125000, -4.955307e+001,
3125000000, -4.987382e+001,
3126875000, -4.964547e+001,
3128750000, -4.938072e+001,
3130625000, -4.911519e+001,
3132500000, -4.901480e+001,
3134375000, -5.006511e+001,
3136250000, -4.771975e+001,
3138125000, -4.852674e+001,
3140000000, -5.052375e+001,
3141875000, -5.013746e+001,
3143750000, -4.919685e+001,
3145625000, -4.765915e+001,
3147500000, -4.830178e+001,
3149375000, -4.860815e+001,
3151250000, -4.970316e+001,
3153125000, -5.015529e+001,
3155000000, -4.892326e+001,
3156875000, -4.837437e+001,
3158750000, -4.844085e+001,
3160625000, -4.858874e+001,
3162500000, -4.912526e+001,
3164375000, -4.936601e+001,
3166250000, -4.923628e+001,
3168125000, -4.853954e+001,
3170000000, -4.946041e+001,
3171875000, -5.003199e+001,
3173750000, -4.769945e+001,
3175625000, -4.723927e+001,
3177500000, -4.869440e+001,
3179375000, -5.111000e+001,
3181250000, -5.078113e+001,
3183125000, -4.854197e+001,
3185000000, -4.833183e+001,
3186875000, -4.808042e+001,
3188750000, -4.896983e+001,
3190625000, -4.939967e+001,
3192500000, -4.977987e+001,
3194375000, -5.069681e+001,
3196250000, -4.916393e+001,
3198125000, -4.874355e+001,
3200000000, -4.892554e+001,
3201875000, -4.931969e+001,
3203750000, -4.972852e+001,
3205625000, -4.868862e+001,
3207500000, -5.001037e+001,
3209375000, -5.172152e+001,
3211250000, -5.076833e+001,
3213125000, -4.759262e+001,
3215000000, -4.705512e+001,
3216875000, -4.849698e+001,
3218750000, -4.909093e+001,
3220625000, -5.197629e+001,
3222500000, -5.069526e+001,
3224375000, -4.908793e+001,
3226250000, -4.835648e+001,
3228125000, -4.825530e+001,
3230000000, -4.862135e+001,
3231875000, -5.054144e+001,
3233750000, -5.031046e+001,
3235625000, -4.955336e+001,
3237500000, -4.961788e+001,
3239375000, -4.936736e+001,
3241250000, -4.942089e+001,
3243125000, -4.880474e+001,
3245000000, -4.802621e+001,
3246875000, -4.719477e+001,
3248750000, -4.946963e+001,
3250625000, -5.044753e+001,
3252500000, -5.433206e+001,
3254375000, -4.926845e+001,
3256250000, -4.886203e+001,
3258125000, -4.716284e+001,
3260000000, -4.763270e+001,
3261875000, -4.966652e+001,
3263750000, -5.070173e+001,
3265625000, -5.234605e+001,
3267500000, -4.876662e+001,
3269375000, -4.904786e+001,
3271250000, -4.827118e+001,
3273125000, -4.755994e+001,
3275000000, -4.864401e+001,
3276875000, -5.028191e+001,
3278750000, -5.135954e+001,
3280625000, -5.241881e+001,
3282500000, -5.252618e+001,
3284375000, -5.032085e+001,
3286250000, -4.957551e+001,
3288125000, -4.914141e+001,
3290000000, -4.759515e+001,
3291875000, -4.785223e+001,
3293750000, -4.975720e+001,
3295625000, -5.364275e+001,
3297500000, -5.064535e+001,
3299375000, -4.984713e+001,
3301250000, -4.743915e+001,
3303125000, -4.958784e+001,
3305000000, -4.922227e+001,
3306875000, -5.053288e+001,
3308750000, -5.173769e+001,
3310625000, -5.276705e+001,
3312500000, -4.976109e+001,
3314375000, -5.015010e+001,
3316250000, -4.988482e+001,
3318125000, -4.791717e+001,
3320000000, -4.602148e+001,
3321875000, -4.692061e+001,
3323750000, -4.791452e+001,
3325625000, -4.680523e+001,
3327500000, -4.884144e+001,
3329375000, -5.361246e+001,
3331250000, -5.419411e+001,
3333125000, -5.254451e+001,
3335000000, -4.837249e+001,
3336875000, -4.773864e+001,
3338750000, -4.768506e+001,
3340625000, -4.959798e+001,
3342500000, -5.061428e+001,
3344375000, -5.251747e+001,
3346250000, -4.783652e+001,
3348125000, -4.554767e+001,
3350000000, -4.626205e+001,
3351875000, -4.570451e+001,
3353750000, -4.540886e+001,
3355625000, -4.738404e+001,
3357500000, -5.041970e+001,
3359375000, -5.389953e+001,
3361250000, -5.407575e+001,
3363125000, -5.414172e+001,
3365000000, -5.880813e+001,
3366875000, -5.084572e+001,
3368750000, -4.909576e+001,
3370625000, -4.799234e+001,
3372500000, -4.828514e+001,
3374375000, -4.803977e+001,
3376250000, -4.681569e+001,
3378125000, -4.686714e+001,
3380000000, -4.808002e+001,
3381875000, -5.253956e+001,
3383750000, -4.878693e+001,
3385625000, -4.831642e+001,
3387500000, -5.180185e+001,
3389375000, -5.315064e+001,
3391250000, -5.261563e+001,
3393125000, -5.379572e+001,
3395000000, -5.770541e+001,
3396875000, -5.176540e+001,
3398750000, -5.051929e+001,
3400625000, -5.097127e+001,
3402500000, -4.757810e+001,
3404375000, -4.486074e+001,
3406250000, -4.332497e+001,
3408125000, -4.414322e+001,
3410000000, -4.550751e+001,
3411875000, -4.689473e+001,
3413750000, -4.612626e+001,
3415625000, -4.572816e+001,
3417500000, -4.621532e+001,
3419375000, -4.998622e+001,
3421250000, -5.668013e+001,
3423125000, -5.581246e+001,
3425000000, -5.744995e+001,
3426875000, -6.044923e+001,
3428750000, -5.386009e+001,
3430625000, -5.115356e+001,
3432500000, -4.681118e+001,
3434375000, -4.282123e+001,
3436250000, -4.497860e+001,
3438125000, -5.093164e+001,
3440000000, -4.456182e+001,
3441875000, -4.155356e+001,
3443750000, -3.855986e+001,
3445625000, -3.892556e+001,
3447500000, -4.180990e+001,
3449375000, -4.262580e+001,
3451250000, -4.359945e+001,
3453125000, -4.713258e+001,
3455000000, -5.209953e+001,
3456875000, -5.475709e+001,
3458750000, -5.169730e+001,
3460625000, -4.552436e+001,
3462500000, -4.248586e+001,
3464375000, -4.321473e+001,
3466250000, -4.576138e+001,
3468125000, -4.588342e+001,
3470000000, -4.406079e+001,
3471875000, -4.345912e+001,
3473750000, -4.174784e+001,
3475625000, -4.041102e+001,
3477500000, -4.085674e+001,
3479375000, -4.125004e+001,
3481250000, -4.182187e+001,
3483125000, -4.115728e+001,
3485000000, -4.128979e+001,
3486875000, -4.190773e+001,
3488750000, -4.322606e+001,
3490625000, -4.372679e+001,
3492500000, -4.561609e+001,
3494375000, -5.186306e+001,
3496250000, -5.527582e+001,
3498125000, -4.790099e+001,
3500000000, -4.625891e+001,
3501875000, -4.562921e+001,
3503750000, -4.862378e+001,
3505625000, -5.037590e+001,
3507500000, -4.324200e+001,
3509375000, -4.163167e+001,
3511250000, -4.328743e+001,
3513125000, -4.751123e+001,
3515000000, -5.018300e+001,
3516875000, -5.054561e+001,
3518750000, -4.251207e+001,
3520625000, -3.674338e+001,
3522500000, -3.569197e+001,
3524375000, -3.587292e+001,
3526250000, -3.932932e+001,
3528125000, -4.333010e+001,
3530000000, -7.208290e+001,
3531875000, -4.380171e+001,
3533750000, -3.832018e+001,
3535625000, -3.312545e+001,
3537500000, -3.170733e+001,
3539375000, -3.162105e+001,
3541250000, -3.364429e+001,
3543125000, -3.855443e+001,
3545000000, -4.992777e+001,
3546875000, -4.723795e+001,
3548750000, -3.895433e+001,
3550625000, -3.457630e+001,
3552500000, -3.153321e+001,
3554375000, -3.019519e+001,
3556250000, -3.081579e+001,
3558125000, -3.322400e+001,
3560000000, -3.642859e+001,
3561875000, -4.135559e+001,
3563750000, -5.876900e+001,
3565625000, -3.679615e+001,
3567500000, -3.134565e+001,
3569375000, -2.966180e+001,
3571250000, -2.920488e+001,
3573125000, -3.047079e+001,
3575000000, -3.258584e+001,
3576875000, -3.556364e+001,
3578750000, -4.523194e+001,
3580625000, -3.857671e+001,
3582500000, -3.118811e+001,
3584375000, -2.856980e+001,
3586250000, -2.848577e+001,
3588125000, -2.973788e+001,
3590000000, -3.133665e+001,
3591875000, -3.607453e+001,
3593750000, -4.707046e+001,
3595625000, -3.391536e+001,
3597500000, -3.078572e+001,
3599375000, -2.990157e+001,
3601250000, -2.994913e+001,
3603125000, -3.170478e+001,
3605000000, -3.543983e+001,
3606875000, -4.130994e+001,
3608750000, -4.212412e+001,
3610625000, -3.552531e+001,
3612500000, -3.323382e+001,
3614375000, -3.177066e+001,
3616250000, -2.998489e+001,
3618125000, -3.060760e+001,
3620000000, -3.309395e+001,
3621875000, -3.724104e+001,
3623750000, -4.021805e+001,
3625625000, -3.763150e+001,
3627500000, -3.294094e+001,
3629375000, -3.105844e+001,
3631250000, -3.001855e+001,
3633125000, -3.001138e+001,
3635000000, -3.155833e+001,
3636875000, -3.451924e+001,
3638750000, -3.821669e+001,
3640625000, -3.726199e+001,
3642500000, -3.216163e+001,
3644375000, -2.971436e+001,
3646250000, -2.952214e+001,
3648125000, -3.009219e+001,
3650000000, -3.244447e+001,
3651875000, -4.033654e+001,
3653750000, -3.961449e+001,
3655625000, -3.354622e+001,
3657500000, -3.099292e+001,
3659375000, -3.046260e+001,
3661250000, -3.073043e+001,
3663125000, -3.169201e+001,
3665000000, -3.314407e+001,
3666875000, -3.965286e+001,
3668750000, -3.937523e+001,
3670625000, -3.294540e+001,
3672500000, -3.126974e+001,
3674375000, -3.130578e+001,
3676250000, -3.166315e+001,
3678125000, -3.256109e+001,
3680000000, -3.571275e+001,
3681875000, -3.790028e+001,
3683750000, -3.460789e+001,
3685625000, -3.248987e+001,
3687500000, -3.276051e+001,
3689375000, -3.267917e+001,
3691250000, -3.427222e+001,
3693125000, -3.884503e+001,
3695000000, -3.769850e+001,
3696875000, -3.601630e+001,
3698750000, -3.714036e+001,
3700625000, -3.746814e+001,
3702500000, -3.583712e+001,
3704375000, -3.658599e+001,
3706250000, -3.971570e+001,
3708125000, -3.932954e+001,
3710000000, -3.807319e+001,
3711875000, -3.850917e+001,
3713750000, -3.694129e+001,
3715625000, -3.650294e+001,
3717500000, -4.076447e+001,
3719375000, -4.206366e+001,
3721250000, -3.682187e+001,
3723125000, -3.686180e+001,
3725000000, -3.592006e+001,
3726875000, -3.219191e+001,
3728750000, -3.159930e+001,
3730625000, -3.531138e+001,
3732500000, -4.415688e+001,
3734375000, -4.926408e+001,
3736250000, -3.842867e+001,
3738125000, -3.432070e+001,
3740000000, -3.328167e+001,
3741875000, -3.381090e+001,
3743750000, -3.511613e+001,
3745625000, -3.599666e+001,
3747500000, -3.768666e+001,
3749375000, -3.955136e+001,
3751250000, -3.838303e+001,
3753125000, -3.610769e+001,
3755000000, -3.544914e+001,
3756875000, -3.483501e+001,
3758750000, -3.608002e+001,
3760625000, -4.232955e+001,
3762500000, -4.176632e+001,
3764375000, -3.555407e+001,
3766250000, -3.514885e+001,
3768125000, -3.660194e+001,
3770000000, -3.965014e+001,
3771875000, -4.561700e+001,
3773750000, -3.720304e+001,
3775625000, -3.360467e+001,
3777500000, -3.365794e+001,
3779375000, -3.528660e+001,
3781250000, -3.937151e+001,
3783125000, -4.678769e+001,
3785000000, -4.195819e+001,
3786875000, -3.771716e+001,
3788750000, -3.572539e+001,
3790625000, -3.456261e+001,
3792500000, -3.415544e+001,
3794375000, -3.716444e+001,
3796250000, -4.762787e+001,
3798125000, -4.001452e+001,
3800000000, -3.434891e+001,
3801875000, -3.388163e+001,
3803750000, -3.517085e+001,
3805625000, -3.763148e+001,
3807500000, -3.870559e+001,
3809375000, -3.719723e+001,
3811250000, -3.607608e+001,
3813125000, -3.672609e+001,
3815000000, -4.036517e+001,
3816875000, -4.447589e+001,
3818750000, -4.101350e+001,
3820625000, -4.020739e+001,
3822500000, -4.206590e+001,
3824375000, -4.385649e+001,
3826250000, -4.506179e+001,
3828125000, -4.846328e+001,
3830000000, -4.768918e+001,
3831875000, -4.194660e+001,
3833750000, -3.744646e+001,
3835625000, -3.713915e+001,
3837500000, -3.997169e+001,
3839375000, -4.222567e+001,
3841250000, -4.011883e+001,
3843125000, -3.839262e+001,
3845000000, -3.777763e+001,
3846875000, -3.963198e+001,
3848750000, -4.539984e+001,
3850625000, -4.554262e+001,
3852500000, -4.165472e+001,
3854375000, -4.301126e+001,
3856250000, -4.799562e+001,
3858125000, -5.414493e+001,
3860000000, -5.386085e+001,
3861875000, -7.117371e+001,
3863750000, -4.908009e+001,
3865625000, -4.312696e+001,
3867500000, -4.193938e+001,
3869375000, -4.556069e+001,
3871250000, -4.735457e+001,
3873125000, -4.197442e+001,
3875000000, -4.061005e+001,
3876875000, -4.389714e+001,
3878750000, -4.915231e+001,
3880625000, -4.549333e+001,
3882500000, -4.318114e+001,
3884375000, -4.569878e+001,
3886250000, -6.258212e+001,
3888125000, -4.899452e+001,
3890000000, -4.697588e+001,
3891875000, -5.323074e+001,
3893750000, -5.150315e+001,
3895625000, -4.499762e+001,
3897500000, -4.543298e+001,
3899375000, -5.184122e+001,
3901250000, -4.660823e+001,
3903125000, -4.258777e+001,
3905000000, -4.437482e+001,
3906875000, -5.004292e+001,
3908750000, -4.513572e+001,
3910625000, -4.274773e+001,
3912500000, -4.734631e+001,
3914375000, -5.518267e+001,
3916250000, -4.588367e+001,
3918125000, -4.576516e+001,
3920000000, -6.390964e+001,
3921875000, -4.750419e+001,
3923750000, -4.479395e+001,
3925625000, -5.062744e+001,
3927500000, -4.892226e+001,
3929375000, -4.274499e+001,
3931250000, -4.337914e+001,
3933125000, -5.046535e+001,
3935000000, -4.401011e+001,
3936875000, -4.222060e+001,
3938750000, -4.698459e+001,
3940625000, -5.102221e+001,
3942500000, -4.479316e+001,
3944375000, -4.802820e+001,
3946250000, -5.820584e+001,
3948125000, -4.701377e+001,
3950000000, -4.874627e+001,
3951875000, -5.399505e+001,
3953750000, -4.522029e+001,
3955625000, -4.530457e+001,
3957500000, -4.920561e+001,
3959375000, -4.497493e+001,
3961250000, -4.369417e+001,
3963125000, -4.712411e+001,
3965000000, -4.677855e+001,
3966875000, -4.504583e+001,
3968750000, -4.789616e+001,
3970625000, -4.898901e+001,
3972500000, -4.713753e+001,
3974375000, -4.993177e+001,
3976250000, -5.011280e+001,
3978125000, -4.751038e+001,
3980000000, -4.872706e+001,
3981875000, -4.785988e+001,
3983750000, -4.600827e+001,
3985625000, -4.685471e+001,
3987500000, -4.709907e+001,
3989375000, -4.580437e+001,
3991250000, -4.700522e+001,
3993125000, -4.792604e+001,
3995000000, -4.718901e+001,
3996875000, -4.889402e+001,
3998750000, -4.906744e+001,
4000625000, -4.827701e+001,
4002500000, -4.930951e+001,
4004375000, -4.760704e+001,
4006250000, -4.772950e+001,
4008125000, -4.736804e+001,
4010000000, -4.674013e+001,
4011875000, -4.758781e+001,
4013750000, -4.727491e+001,
4015625000, -4.795489e+001,
4017500000, -4.866445e+001,
4019375000, -4.839634e+001,
4021250000, -4.914294e+001,
4023125000, -4.848523e+001,
4025000000, -4.838412e+001,
4026875000, -4.821814e+001,
4028750000, -4.750708e+001,
4030625000, -4.789444e+001,
4032500000, -4.779015e+001,
4034375000, -4.779409e+001,
4036250000, -4.847949e+001,
4038125000, -4.827329e+001,
4040000000, -4.889245e+001,
4041875000, -4.884325e+001,
4043750000, -4.831248e+001,
4045625000, -4.875518e+001,
4047500000, -4.799483e+001,
4049375000, -4.785628e+001,
4051250000, -4.794260e+001,
4053125000, -4.763887e+001,
4055000000, -4.786271e+001,
4056875000, -4.782744e+001,
4058750000, -4.808717e+001,
4060625000, -4.807938e+001,
4062500000, -4.793948e+001,
4064375000, -4.800227e+001,
4066250000, -4.773257e+001,
4068125000, -4.776242e+001,
4070000000, -4.760768e+001,
4071875000, -4.729515e+001,
4073750000, -4.746701e+001,
4075625000, -4.726414e+001,
4077500000, -4.728108e+001,
4079375000, -4.746602e+001,
4081250000, -4.747258e+001,
4083125000, -4.757675e+001,
4085000000, -4.734563e+001,
4086875000, -4.752915e+001,
4088750000, -4.720523e+001,
4090625000, -4.727176e+001,
4092500000, -4.714175e+001,
4094375000, -4.721907e+001,
4096250000, -4.729321e+001,
4098125000, -4.737953e+001,
4100000000, -4.752254e+001,
4101875000, -4.753098e+001,
4103750000, -4.747837e+001,
4105625000, -4.744709e+001,
4107500000, -4.730648e+001,
4109375000, -4.729668e+001,
4111250000, -4.748830e+001,
4113125000, -4.761252e+001,
4115000000, -4.780317e+001,
4116875000, -4.783776e+001,
4118750000, -4.797904e+001,
4120625000, -4.789526e+001,
4122500000, -4.775952e+001,
4124375000, -4.778999e+001,
4126250000, -4.784278e+001,
4128125000, -4.782761e+001,
4130000000, -4.804550e+001,
4131875000, -4.800056e+001,
4133750000, -4.814455e+001,
4135625000, -4.806828e+001,
4137500000, -4.809513e+001,
4139375000, -4.801529e+001,
4141250000, -4.799284e+001,
4143125000, -4.792102e+001,
4145000000, -4.804357e+001,
4146875000, -4.820195e+001,
4148750000, -4.817812e+001,
4150625000, -4.810707e+001,
4152500000, -4.809808e+001,
4154375000, -4.807335e+001,
4156250000, -4.792699e+001,
4158125000, -4.787860e+001,
4160000000, -4.792238e+001,
4161875000, -4.818292e+001,
4163750000, -4.817836e+001,
4165625000, -4.809946e+001,
4167500000, -4.796202e+001,
4169375000, -4.796214e+001,
4171250000, -4.792414e+001,
4173125000, -4.787809e+001,
4175000000, -4.788351e+001,
4176875000, -4.798773e+001,
4178750000, -4.796484e+001,
4180625000, -4.800572e+001,
4182500000, -4.797064e+001,
4184375000, -4.786058e+001,
4186250000, -4.791243e+001,
4188125000, -4.799893e+001,
4190000000, -4.801528e+001,
4191875000, -4.794400e+001,
4193750000, -4.808515e+001,
4195625000, -4.796553e+001,
4197500000, -4.810347e+001,
4199375000, -4.802023e+001,
4201250000, -4.806639e+001,
4203125000, -4.809809e+001,
4205000000, -4.801601e+001,
4206875000, -4.800842e+001,
4208750000, -4.802885e+001,
4210625000, -4.815491e+001,
4212500000, -4.812422e+001,
4214375000, -4.812070e+001,
4216250000, -4.815807e+001,
4218125000, -4.801868e+001,
4220000000, -4.813882e+001,
4221875000, -4.806266e+001,
4223750000, -4.818811e+001,
4225625000, -4.809412e+001,
4227500000, -4.810160e+001,
4229375000, -4.809953e+001,
4231250000, -4.810273e+001,
4233125000, -4.798639e+001,
4235000000, -4.787313e+001,
4236875000, -4.788879e+001,
4238750000, -4.781240e+001,
4240625000, -4.788248e+001,
4242500000, -4.774135e+001,
4244375000, -4.779414e+001,
4246250000, -4.774206e+001,
4248125000, -4.770250e+001,
4250000000, -4.769340e+001,
4251875000, -4.772385e+001,
4253750000, -4.765923e+001,
4255625000, -4.770748e+001,
4257500000, -4.768152e+001,
4259375000, -4.770767e+001,
4261250000, -4.769557e+001,
4263125000, -4.769236e+001,
4265000000, -4.773813e+001,
4266875000, -4.776284e+001,
4268750000, -4.784949e+001,
4270625000, -4.772377e+001,
4272500000, -4.783313e+001,
4274375000, -4.785585e+001,
4276250000, -4.798880e+001,
4278125000, -4.800873e+001,
4280000000, -4.802348e+001,
4281875000, -4.817225e+001,
4283750000, -4.819356e+001,
4285625000, -4.811377e+001,
4287500000, -4.829609e+001,
4289375000, -4.830902e+001,
4291250000, -4.836555e+001,
4293125000, -4.844915e+001,
4295000000, -4.852034e+001,
4296875000, -4.857872e+001,
4298750000, -4.863050e+001,
4300625000, -4.872250e+001,
4302500000, -4.869955e+001,
4304375000, -4.889521e+001,
4306250000, -4.875705e+001,
4308125000, -4.888464e+001,
4310000000, -4.876157e+001,
4311875000, -4.892595e+001,
4313750000, -4.880811e+001,
4315625000, -4.893872e+001,
4317500000, -4.896532e+001,
4319375000, -4.877640e+001,
4321250000, -4.877988e+001,
4323125000, -4.870721e+001,
4325000000, -4.876553e+001,
4326875000, -4.864572e+001,
4328750000, -4.850789e+001,
4330625000, -4.853453e+001,
4332500000, -4.846303e+001,
4334375000, -4.845993e+001,
4336250000, -4.831589e+001,
4338125000, -4.833199e+001,
4340000000, -4.821505e+001,
4341875000, -4.818555e+001,
4343750000, -4.806078e+001,
4345625000, -4.799637e+001,
4347500000, -4.795484e+001,
4349375000, -4.784897e+001,
4351250000, -4.797618e+001,
4353125000, -4.782088e+001,
4355000000, -4.782071e+001,
4356875000, -4.783034e+001,
4358750000, -4.780167e+001,
4360625000, -4.783138e+001,
4362500000, -4.779173e+001,
4364375000, -4.772385e+001,
4366250000, -4.788578e+001,
4368125000, -4.785451e+001,
4370000000, -4.784732e+001,
4371875000, -4.791922e+001,
4373750000, -4.796113e+001,
4375625000, -4.792440e+001,
4377500000, -4.807817e+001,
4379375000, -4.816799e+001,
4381250000, -4.819986e+001,
4383125000, -4.835141e+001,
4385000000, -4.830050e+001,
4386875000, -4.847994e+001,
4388750000, -4.848996e+001,
4390625000, -4.853045e+001,
4392500000, -4.866807e+001,
4394375000, -4.870246e+001,
4396250000, -4.869563e+001,
4398125000, -4.874898e+001,
4400000000, -4.892160e+001,
4401875000, -4.897540e+001,
4403750000, -4.899749e+001,
4405625000, -4.906570e+001,
4407500000, -4.899110e+001,
4409375000, -4.901866e+001,
4411250000, -4.914761e+001,
4413125000, -4.914631e+001,
4415000000, -4.920241e+001,
4416875000, -4.900707e+001,
4418750000, -4.918744e+001,
4420625000, -4.928883e+001,
4422500000, -4.913560e+001,
4424375000, -4.909725e+001,
4426250000, -4.915652e+001,
4428125000, -4.916652e+001,
4430000000, -4.907026e+001,
4431875000, -4.906203e+001,
4433750000, -4.909501e+001,
4435625000, -4.898277e+001,
4437500000, -4.911177e+001,
4439375000, -4.903088e+001,
4441250000, -4.892348e+001,
4443125000, -4.884821e+001,
4445000000, -4.889587e+001,
4446875000, -4.876885e+001,
4448750000, -4.879914e+001,
4450625000, -4.883371e+001,
4452500000, -4.881446e+001,
4454375000, -4.879259e+001,
4456250000, -4.887127e+001,
4458125000, -4.882118e+001,
4460000000, -4.879373e+001,
4461875000, -4.879242e+001,
4463750000, -4.886511e+001,
4465625000, -4.876539e+001,
4467500000, -4.885569e+001,
4469375000, -4.898591e+001,
4471250000, -4.883249e+001,
4473125000, -4.874004e+001,
4475000000, -4.889748e+001,
4476875000, -4.894921e+001,
4478750000, -4.898058e+001,
4480625000, -4.893429e+001,
4482500000, -4.890727e+001,
4484375000, -4.911723e+001,
4486250000, -4.912473e+001,
4488125000, -4.889917e+001,
4490000000, -4.915190e+001,
4491875000, -4.901119e+001,
4493750000, -4.902039e+001,
4495625000, -4.914166e+001,
4497500000, -4.895766e+001,
4499375000, -4.910723e+001,
4501250000, -4.908644e+001,
4503125000, -4.902085e+001,
4505000000, -4.911989e+001,
4506875000, -4.899937e+001,
4508750000, -4.895075e+001,
4510625000, -4.896469e+001,
4512500000, -4.895116e+001,
4514375000, -4.897652e+001,
4516250000, -4.889030e+001,
4518125000, -4.883538e+001,
4520000000, -4.895020e+001,
4521875000, -4.890697e+001,
4523750000, -4.896696e+001,
4525625000, -4.892353e+001,
4527500000, -4.887847e+001,
4529375000, -4.879227e+001,
4531250000, -4.891513e+001,
4533125000, -4.894090e+001,
4535000000, -4.894344e+001,
4536875000, -4.898199e+001,
4538750000, -4.896570e+001,
4540625000, -4.900899e+001,
4542500000, -4.904945e+001,
4544375000, -4.909551e+001,
4546250000, -4.914960e+001,
4548125000, -4.921749e+001,
4550000000, -4.914194e+001,
4551875000, -4.925304e+001,
4553750000, -4.934119e+001,
4555625000, -4.933142e+001,
4557500000, -4.945792e+001,
4559375000, -4.940515e+001,
4561250000, -4.948922e+001,
4563125000, -4.968335e+001,
4565000000, -4.959088e+001,
4566875000, -4.964791e+001,
4568750000, -4.972906e+001,
4570625000, -4.976670e+001,
4572500000, -4.976522e+001,
4574375000, -4.983394e+001,
4576250000, -4.980583e+001,
4578125000, -4.993716e+001,
4580000000, -4.993275e+001,
4581875000, -4.989473e+001,
4583750000, -4.992352e+001,
4585625000, -4.996088e+001,
4587500000, -4.999994e+001,
4589375000, -4.987687e+001,
4591250000, -4.994818e+001,
4593125000, -4.982590e+001,
4595000000, -4.977911e+001,
4596875000, -4.981327e+001,
4598750000, -4.974348e+001,
4600625000, -4.972911e+001,
4602500000, -4.953719e+001,
4604375000, -4.954023e+001,
4606250000, -4.953056e+001,
4608125000, -4.940417e+001,
4610000000, -4.933964e+001,
4611875000, -4.924782e+001,
4613750000, -4.929052e+001,
4615625000, -4.916756e+001,
4617500000, -4.919652e+001,
4619375000, -4.907280e+001,
4621250000, -4.898239e+001,
4623125000, -4.900988e+001,
4625000000, -4.896406e+001,
4626875000, -4.889843e+001,
4628750000, -4.894482e+001,
4630625000, -4.887248e+001,
4632500000, -4.884347e+001,
4634375000, -4.892251e+001,
4636250000, -4.895552e+001,
4638125000, -4.895491e+001,
4640000000, -4.891714e+001,
4641875000, -4.894401e+001,
4643750000, -4.907872e+001,
4645625000, -4.901437e+001,
4647500000, -4.916447e+001,
4649375000, -4.924332e+001,
4651250000, -4.925083e+001,
4653125000, -4.927534e+001,
4655000000, -4.948296e+001,
4656875000, -4.956789e+001,
4658750000, -4.963041e+001,
4660625000, -4.956190e+001,
4662500000, -4.970151e+001,
4664375000, -4.971844e+001,
4666250000, -4.996098e+001,
4668125000, -5.006601e+001,
4670000000, -5.001021e+001,
4671875000, -5.002686e+001,
4673750000, -5.019808e+001,
4675625000, -5.018341e+001,
4677500000, -5.024800e+001,
4679375000, -5.029810e+001,
4681250000, -5.029007e+001,
4683125000, -5.046525e+001,
4685000000, -5.043082e+001,
4686875000, -5.056908e+001,
4688750000, -5.044689e+001,
4690625000, -5.042017e+001,
4692500000, -5.051305e+001,
4694375000, -5.058409e+001,
4696250000, -5.057906e+001,
4698125000, -5.053584e+001,
4700000000, -5.050252e+001,
4701875000, -5.040610e+001,
4703750000, -5.037891e+001,
4705625000, -5.031021e+001,
4707500000, -5.032406e+001,
4709375000, -5.028841e+001,
4711250000, -5.026965e+001,
4713125000, -5.022276e+001,
4715000000, -5.025145e+001,
4716875000, -5.012531e+001,
4718750000, -5.012164e+001,
4720625000, -5.007491e+001,
4722500000, -5.009724e+001,
4724375000, -5.001807e+001,
4726250000, -4.997692e+001,
4728125000, -4.995833e+001,
4730000000, -5.000051e+001,
4731875000, -4.992941e+001,
4733750000, -4.998392e+001,
4735625000, -5.001003e+001,
4737500000, -4.994559e+001,
4739375000, -5.015658e+001,
4741250000, -5.009701e+001,
4743125000, -5.000981e+001,
4745000000, -5.001454e+001,
4746875000, -5.009362e+001,
4748750000, -5.007451e+001,
4750625000, -5.009716e+001,
4752500000, -5.018461e+001,
4754375000, -5.003068e+001,
4756250000, -5.011012e+001,
4758125000, -5.004457e+001,
4760000000, -5.017851e+001,
4761875000, -5.007940e+001,
4763750000, -5.012025e+001,
4765625000, -5.012006e+001,
4767500000, -5.007971e+001,
4769375000, -5.004755e+001,
4771250000, -5.019053e+001,
4773125000, -5.014241e+001,
4775000000, -5.013519e+001,
4776875000, -5.012306e+001,
4778750000, -5.014745e+001,
4780625000, -5.003653e+001,
4782500000, -5.009585e+001,
4784375000, -5.003451e+001,
4786250000, -5.005337e+001,
4788125000, -5.007300e+001,
4790000000, -5.006739e+001,
4791875000, -5.007257e+001,
4793750000, -5.017886e+001,
4795625000, -5.009489e+001,
4797500000, -5.018266e+001,
4799375000, -5.028026e+001,
4801250000, -5.023093e+001,
4803125000, -5.029933e+001,
4805000000, -5.036868e+001,
4806875000, -5.029462e+001,
4808750000, -5.030613e+001,
4810625000, -5.045975e+001,
4812500000, -5.046183e+001,
4814375000, -5.052619e+001,
4816250000, -5.052394e+001,
4818125000, -5.068371e+001,
4820000000, -5.068023e+001,
4821875000, -5.074708e+001,
4823750000, -5.074500e+001,
4825625000, -5.081143e+001,
4827500000, -5.083486e+001,
4829375000, -5.094128e+001,
4831250000, -5.108168e+001,
4833125000, -5.113769e+001,
4835000000, -5.108621e+001,
4836875000, -5.124068e+001,
4838750000, -5.122015e+001,
4840625000, -5.136886e+001,
4842500000, -5.151389e+001,
4844375000, -5.154492e+001,
4846250000, -5.149796e+001,
4848125000, -5.142988e+001,
4850000000, -5.156148e+001,
4851875000, -5.150641e+001,
4853750000, -5.166232e+001,
4855625000, -5.163654e+001,
4857500000, -5.149992e+001,
4859375000, -5.152764e+001,
4861250000, -5.141249e+001,
4863125000, -5.152734e+001,
4865000000, -5.152790e+001,
4866875000, -5.163282e+001,
4868750000, -5.134553e+001,
4870625000, -5.141531e+001,
4872500000, -5.119921e+001,
4874375000, -5.127244e+001,
4876250000, -5.109696e+001,
4878125000, -5.107674e+001,
4880000000, -5.100227e+001,
4881875000, -5.086188e+001,
4883750000, -5.077279e+001,
4885625000, -5.073521e+001,
4887500000, -5.049380e+001,
4889375000, -5.051636e+001,
4891250000, -5.045444e+001,
4893125000, -5.037027e+001,
4895000000, -5.032485e+001,
4896875000, -5.018629e+001,
4898750000, -5.017530e+001,
4900625000, -5.016865e+001,
4902500000, -5.008181e+001,
4904375000, -5.009288e+001,
4906250000, -5.011524e+001,
4908125000, -5.010917e+001,
4910000000, -5.017831e+001,
4911875000, -5.006754e+001,
4913750000, -5.006937e+001,
4915625000, -5.018852e+001,
4917500000, -5.029304e+001,
4919375000, -5.038686e+001,
4921250000, -5.047936e+001,
4923125000, -5.062453e+001,
4925000000, -5.062718e+001,
4926875000, -5.061329e+001,
4928750000, -5.084861e+001,
4930625000, -5.092427e+001,
4932500000, -5.110335e+001,
4934375000, -5.103284e+001,
4936250000, -5.127486e+001,
4938125000, -5.146848e+001,
4940000000, -5.144048e+001,
4941875000, -5.155103e+001,
4943750000, -5.169091e+001,
4945625000, -5.178516e+001,
4947500000, -5.196277e+001,
4949375000, -5.203581e+001,
4951250000, -5.188380e+001,
4953125000, -5.209902e+001,
4955000000, -5.208057e+001,
4956875000, -5.224165e+001,
4958750000, -5.229245e+001,
4960625000, -5.224638e+001,
4962500000, -5.227323e+001,
4964375000, -5.233306e+001,
4966250000, -5.232470e+001,
4968125000, -5.228043e+001,
4970000000, -5.251307e+001,
4971875000, -5.231535e+001,
4973750000, -5.248563e+001,
4975625000, -5.233757e+001,
4977500000, -5.219231e+001,
4979375000, -5.227555e+001,
4981250000, -5.223172e+001,
4983125000, -5.208691e+001,
4985000000, -5.215940e+001,
4986875000, -5.193632e+001,
4988750000, -5.204127e+001,
4990625000, -5.205827e+001,
4992500000, -5.183566e+001,
4994375000, -5.176357e+001,
4996250000, -5.166768e+001,
4998125000, -5.169833e+001,
5000000000, -5.159221e+001,
