"S12 Log Mag"
"Frequency (Hz)","dB",
2000000000, -5.170340e+001,
2001875000, -5.200825e+001,
2003750000, -5.168292e+001,
2005625000, -5.209340e+001,
2007500000, -5.190399e+001,
2009375000, -5.196810e+001,
2011250000, -5.215763e+001,
2013125000, -5.202405e+001,
2015000000, -5.204502e+001,
2016875000, -5.213982e+001,
2018750000, -5.232348e+001,
2020625000, -5.222412e+001,
2022500000, -5.223896e+001,
2024375000, -5.237096e+001,
2026250000, -5.236185e+001,
2028125000, -5.229589e+001,
2030000000, -5.238035e+001,
2031875000, -5.216185e+001,
2033750000, -5.222030e+001,
2035625000, -5.232616e+001,
2037500000, -5.224258e+001,
2039375000, -5.217425e+001,
2041250000, -5.229314e+001,
2043125000, -5.217532e+001,
2045000000, -5.227781e+001,
2046875000, -5.212252e+001,
2048750000, -5.217590e+001,
2050625000, -5.204898e+001,
2052500000, -5.224876e+001,
2054375000, -5.216336e+001,
2056250000, -5.212963e+001,
2058125000, -5.195212e+001,
2060000000, -5.190734e+001,
2061875000, -5.190290e+001,
2063750000, -5.211003e+001,
2065625000, -5.210629e+001,
2067500000, -5.185412e+001,
2069375000, -5.206932e+001,
2071250000, -5.202771e+001,
2073125000, -5.196059e+001,
2075000000, -5.201229e+001,
2076875000, -5.203091e+001,
2078750000, -5.199933e+001,
2080625000, -5.199477e+001,
2082500000, -5.195082e+001,
2084375000, -5.204037e+001,
2086250000, -5.190067e+001,
2088125000, -5.198247e+001,
2090000000, -5.201021e+001,
2091875000, -5.189710e+001,
2093750000, -5.184998e+001,
2095625000, -5.160681e+001,
2097500000, -5.223351e+001,
2099375000, -5.214985e+001,
2101250000, -5.194418e+001,
2103125000, -5.190834e+001,
2105000000, -5.205325e+001,
2106875000, -5.179787e+001,
2108750000, -5.201560e+001,
2110625000, -5.221241e+001,
2112500000, -5.219682e+001,
2114375000, -5.208721e+001,
2116250000, -5.214873e+001,
2118125000, -5.213216e+001,
2120000000, -5.214170e+001,
2121875000, -5.233096e+001,
2123750000, -5.214865e+001,
2125625000, -5.231541e+001,
2127500000, -5.220042e+001,
2129375000, -5.218839e+001,
2131250000, -5.234315e+001,
2133125000, -5.261109e+001,
2135000000, -5.256638e+001,
2136875000, -5.256928e+001,
2138750000, -5.259541e+001,
2140625000, -5.266867e+001,
2142500000, -5.282604e+001,
2144375000, -5.265651e+001,
2146250000, -5.284893e+001,
2148125000, -5.286280e+001,
2150000000, -5.288039e+001,
2151875000, -5.294937e+001,
2153750000, -5.284276e+001,
2155625000, -5.304697e+001,
2157500000, -5.318369e+001,
2159375000, -5.316877e+001,
2161250000, -5.314901e+001,
2163125000, -5.320190e+001,
2165000000, -5.310873e+001,
2166875000, -5.304598e+001,
2168750000, -5.326868e+001,
2170625000, -5.317039e+001,
2172500000, -5.304250e+001,
2174375000, -5.320412e+001,
2176250000, -5.294147e+001,
2178125000, -5.323831e+001,
2180000000, -5.312263e+001,
2181875000, -5.330033e+001,
2183750000, -5.295715e+001,
2185625000, -5.310508e+001,
2187500000, -5.286050e+001,
2189375000, -5.291117e+001,
2191250000, -5.278493e+001,
2193125000, -5.283277e+001,
2195000000, -5.273009e+001,
2196875000, -5.261092e+001,
2198750000, -5.267418e+001,
2200625000, -5.275377e+001,
2202500000, -5.247550e+001,
2204375000, -5.252451e+001,
2206250000, -5.216388e+001,
2208125000, -5.216527e+001,
2210000000, -5.207665e+001,
2211875000, -5.203326e+001,
2213750000, -5.221946e+001,
2215625000, -5.190779e+001,
2217500000, -5.192065e+001,
2219375000, -5.189679e+001,
2221250000, -5.182478e+001,
2223125000, -5.177177e+001,
2225000000, -5.181786e+001,
2226875000, -5.184308e+001,
2228750000, -5.180447e+001,
2230625000, -5.180096e+001,
2232500000, -5.201264e+001,
2234375000, -5.189691e+001,
2236250000, -5.192757e+001,
2238125000, -5.183582e+001,
2240000000, -5.202925e+001,
2241875000, -5.202133e+001,
2243750000, -5.196942e+001,
2245625000, -5.203054e+001,
2247500000, -5.222004e+001,
2249375000, -5.241920e+001,
2251250000, -5.237907e+001,
2253125000, -5.238706e+001,
2255000000, -5.255352e+001,
2256875000, -5.258815e+001,
2258750000, -5.265799e+001,
2260625000, -5.290865e+001,
2262500000, -5.316422e+001,
2264375000, -5.303578e+001,
2266250000, -5.304515e+001,
2268125000, -5.323793e+001,
2270000000, -5.315509e+001,
2271875000, -5.327503e+001,
2273750000, -5.331237e+001,
2275625000, -5.332220e+001,
2277500000, -5.324300e+001,
2279375000, -5.311952e+001,
2281250000, -5.345377e+001,
2283125000, -5.353413e+001,
2285000000, -5.362415e+001,
2286875000, -5.363750e+001,
2288750000, -5.342969e+001,
2290625000, -5.371968e+001,
2292500000, -5.346363e+001,
2294375000, -5.352432e+001,
2296250000, -5.305430e+001,
2298125000, -5.321451e+001,
2300000000, -5.336411e+001,
2301875000, -5.319655e+001,
2303750000, -5.321450e+001,
2305625000, -5.308395e+001,
2307500000, -5.310047e+001,
2309375000, -5.320116e+001,
2311250000, -5.296695e+001,
2313125000, -5.299688e+001,
2315000000, -5.288057e+001,
2316875000, -5.286686e+001,
2318750000, -5.258345e+001,
2320625000, -5.275961e+001,
2322500000, -5.261792e+001,
2324375000, -5.248445e+001,
2326250000, -5.242309e+001,
2328125000, -5.225571e+001,
2330000000, -5.233921e+001,
2331875000, -5.219863e+001,
2333750000, -5.242337e+001,
2335625000, -5.215208e+001,
2337500000, -5.225145e+001,
2339375000, -5.220292e+001,
2341250000, -5.221821e+001,
2343125000, -5.218283e+001,
2345000000, -5.219436e+001,
2346875000, -5.234438e+001,
2348750000, -5.225439e+001,
2350625000, -5.225797e+001,
2352500000, -5.213297e+001,
2354375000, -5.231550e+001,
2356250000, -5.233821e+001,
2358125000, -5.243543e+001,
2360000000, -5.242727e+001,
2361875000, -5.241955e+001,
2363750000, -5.255935e+001,
2365625000, -5.260328e+001,
2367500000, -5.251143e+001,
2369375000, -5.262482e+001,
2371250000, -5.247313e+001,
2373125000, -5.262148e+001,
2375000000, -5.268454e+001,
2376875000, -5.268308e+001,
2378750000, -5.275696e+001,
2380625000, -5.272702e+001,
2382500000, -5.274034e+001,
2384375000, -5.290200e+001,
2386250000, -5.291423e+001,
2388125000, -5.285395e+001,
2390000000, -5.296159e+001,
2391875000, -5.287652e+001,
2393750000, -5.285310e+001,
2395625000, -5.284636e+001,
2397500000, -5.273751e+001,
2399375000, -5.290163e+001,
2401250000, -5.286773e+001,
2403125000, -5.284547e+001,
2405000000, -5.281649e+001,
2406875000, -5.289891e+001,
2408750000, -5.284732e+001,
2410625000, -5.303157e+001,
2412500000, -5.290617e+001,
2414375000, -5.289615e+001,
2416250000, -5.301477e+001,
2418125000, -5.276991e+001,
2420000000, -5.292387e+001,
2421875000, -5.292975e+001,
2423750000, -5.294196e+001,
2425625000, -5.278973e+001,
2427500000, -5.292081e+001,
2429375000, -5.288195e+001,
2431250000, -5.300394e+001,
2433125000, -5.288782e+001,
2435000000, -5.294551e+001,
2436875000, -5.287282e+001,
2438750000, -5.282318e+001,
2440625000, -5.295139e+001,
2442500000, -5.285896e+001,
2444375000, -5.313839e+001,
2446250000, -5.277068e+001,
2448125000, -5.269671e+001,
2450000000, -5.294678e+001,
2451875000, -5.305627e+001,
2453750000, -5.306108e+001,
2455625000, -5.293752e+001,
2457500000, -5.283496e+001,
2459375000, -5.297548e+001,
2461250000, -5.302074e+001,
2463125000, -5.276308e+001,
2465000000, -5.276419e+001,
2466875000, -5.301809e+001,
2468750000, -5.272280e+001,
2470625000, -5.276207e+001,
2472500000, -5.262287e+001,
2474375000, -5.280584e+001,
2476250000, -5.264919e+001,
2478125000, -5.260875e+001,
2480000000, -5.261084e+001,
2481875000, -5.243310e+001,
2483750000, -5.262937e+001,
2485625000, -5.261369e+001,
2487500000, -5.259330e+001,
2489375000, -5.238384e+001,
2491250000, -5.240551e+001,
2493125000, -5.251309e+001,
2495000000, -5.245041e+001,
2496875000, -5.248447e+001,
2498750000, -5.230532e+001,
2500625000, -5.245993e+001,
2502500000, -5.217707e+001,
2504375000, -5.206247e+001,
2506250000, -5.208837e+001,
2508125000, -5.232307e+001,
2510000000, -5.244372e+001,
2511875000, -5.217211e+001,
2513750000, -5.234601e+001,
2515625000, -5.255486e+001,
2517500000, -5.239633e+001,
2519375000, -5.247581e+001,
2521250000, -5.239050e+001,
2523125000, -5.255327e+001,
2525000000, -5.241590e+001,
2526875000, -5.261459e+001,
2528750000, -5.266600e+001,
2530625000, -5.269167e+001,
2532500000, -5.287863e+001,
2534375000, -5.259488e+001,
2536250000, -5.287557e+001,
2538125000, -5.301062e+001,
2540000000, -5.290432e+001,
2541875000, -5.290719e+001,
2543750000, -5.285674e+001,
2545625000, -5.296431e+001,
2547500000, -5.301379e+001,
2549375000, -5.312641e+001,
2551250000, -5.309780e+001,
2553125000, -5.306459e+001,
2555000000, -5.332690e+001,
2556875000, -5.301574e+001,
2558750000, -5.308414e+001,
2560625000, -5.322906e+001,
2562500000, -5.337047e+001,
2564375000, -5.329084e+001,
2566250000, -5.311840e+001,
2568125000, -5.304793e+001,
2570000000, -5.296353e+001,
2571875000, -5.285937e+001,
2573750000, -5.280021e+001,
2575625000, -5.247343e+001,
2577500000, -5.290131e+001,
2579375000, -5.280515e+001,
2581250000, -5.268307e+001,
2583125000, -5.265349e+001,
2585000000, -5.262965e+001,
2586875000, -5.266013e+001,
2588750000, -5.246501e+001,
2590625000, -5.243843e+001,
2592500000, -5.217792e+001,
2594375000, -5.229098e+001,
2596250000, -5.239899e+001,
2598125000, -5.207945e+001,
2600000000, -5.226954e+001,
2601875000, -5.199745e+001,
2603750000, -5.221080e+001,
2605625000, -5.195523e+001,
2607500000, -5.174018e+001,
2609375000, -5.199089e+001,
2611250000, -5.181466e+001,
2613125000, -5.180156e+001,
2615000000, -5.192879e+001,
2616875000, -5.163657e+001,
2618750000, -5.183741e+001,
2620625000, -5.192738e+001,
2622500000, -5.169144e+001,
2624375000, -5.195468e+001,
2626250000, -5.155769e+001,
2628125000, -5.186808e+001,
2630000000, -5.166907e+001,
2631875000, -5.146227e+001,
2633750000, -5.207947e+001,
2635625000, -5.171235e+001,
2637500000, -5.204648e+001,
2639375000, -5.195168e+001,
2641250000, -5.188454e+001,
2643125000, -5.218695e+001,
2645000000, -5.205847e+001,
2646875000, -5.210434e+001,
2648750000, -5.228880e+001,
2650625000, -5.211803e+001,
2652500000, -5.213068e+001,
2654375000, -5.245139e+001,
2656250000, -5.194411e+001,
2658125000, -5.264591e+001,
2660000000, -5.208452e+001,
2661875000, -5.261137e+001,
2663750000, -5.274476e+001,
2665625000, -5.214276e+001,
2667500000, -5.210415e+001,
2669375000, -5.265899e+001,
2671250000, -5.213632e+001,
2673125000, -5.212815e+001,
2675000000, -5.239574e+001,
2676875000, -5.200542e+001,
2678750000, -5.248093e+001,
2680625000, -5.207796e+001,
2682500000, -5.219754e+001,
2684375000, -5.258604e+001,
2686250000, -5.207647e+001,
2688125000, -5.193210e+001,
2690000000, -5.261293e+001,
2691875000, -5.226980e+001,
2693750000, -5.185065e+001,
2695625000, -5.263631e+001,
2697500000, -5.186697e+001,
2699375000, -5.199129e+001,
2701250000, -5.252345e+001,
2703125000, -5.197500e+001,
2705000000, -5.221983e+001,
2706875000, -5.269063e+001,
2708750000, -5.165226e+001,
2710625000, -5.191996e+001,
2712500000, -5.220127e+001,
2714375000, -5.196184e+001,
2716250000, -5.203687e+001,
2718125000, -5.247442e+001,
2720000000, -5.179090e+001,
2721875000, -5.209349e+001,
2723750000, -5.238712e+001,
2725625000, -5.195679e+001,
2727500000, -5.188416e+001,
2729375000, -5.268279e+001,
2731250000, -5.160836e+001,
2733125000, -5.196698e+001,
2735000000, -5.224207e+001,
2736875000, -5.181482e+001,
2738750000, -5.172854e+001,
2740625000, -5.228705e+001,
2742500000, -5.169120e+001,
2744375000, -5.189436e+001,
2746250000, -5.190819e+001,
2748125000, -5.209287e+001,
2750000000, -5.148777e+001,
2751875000, -5.224204e+001,
2753750000, -5.202084e+001,
2755625000, -5.111473e+001,
2757500000, -5.184377e+001,
2759375000, -5.155645e+001,
2761250000, -5.121391e+001,
2763125000, -5.160626e+001,
2765000000, -5.165284e+001,
2766875000, -5.131535e+001,
2768750000, -5.164899e+001,
2770625000, -5.186138e+001,
2772500000, -5.143290e+001,
2774375000, -5.129499e+001,
2776250000, -5.205747e+001,
2778125000, -5.143913e+001,
2780000000, -5.134053e+001,
2781875000, -5.155999e+001,
2783750000, -5.159200e+001,
2785625000, -5.116134e+001,
2787500000, -5.161562e+001,
2789375000, -5.163406e+001,
2791250000, -5.151506e+001,
2793125000, -5.148177e+001,
2795000000, -5.203711e+001,
2796875000, -5.163210e+001,
2798750000, -5.169001e+001,
2800625000, -5.215941e+001,
2802500000, -5.211814e+001,
2804375000, -5.157080e+001,
2806250000, -5.206538e+001,
2808125000, -5.183685e+001,
2810000000, -5.185746e+001,
2811875000, -5.170613e+001,
2813750000, -5.229022e+001,
2815625000, -5.219563e+001,
2817500000, -5.227503e+001,
2819375000, -5.247547e+001,
2821250000, -5.235693e+001,
2823125000, -5.211476e+001,
2825000000, -5.220807e+001,
2826875000, -5.276026e+001,
2828750000, -5.188415e+001,
2830625000, -5.188071e+001,
2832500000, -5.270627e+001,
2834375000, -5.194744e+001,
2836250000, -5.177203e+001,
2838125000, -5.226125e+001,
2840000000, -5.210620e+001,
2841875000, -5.219139e+001,
2843750000, -5.213940e+001,
2845625000, -5.229387e+001,
2847500000, -5.217793e+001,
2849375000, -5.156039e+001,
2851250000, -5.164039e+001,
2853125000, -5.332572e+001,
2855000000, -5.135103e+001,
2856875000, -5.105224e+001,
2858750000, -5.190242e+001,
2860625000, -5.202798e+001,
2862500000, -5.080745e+001,
2864375000, -5.133880e+001,
2866250000, -5.150607e+001,
2868125000, -5.111868e+001,
2870000000, -5.093264e+001,
2871875000, -5.126125e+001,
2873750000, -5.171867e+001,
2875625000, -5.147797e+001,
2877500000, -4.988003e+001,
2879375000, -5.116399e+001,
2881250000, -5.249680e+001,
2883125000, -5.034052e+001,
2885000000, -5.042812e+001,
2886875000, -5.147395e+001,
2888750000, -5.118155e+001,
2890625000, -5.036613e+001,
2892500000, -5.073053e+001,
2894375000, -5.145868e+001,
2896250000, -5.120163e+001,
2898125000, -5.032258e+001,
2900000000, -5.099405e+001,
2901875000, -5.188977e+001,
2903750000, -5.218441e+001,
2905625000, -5.060759e+001,
2907500000, -5.004418e+001,
2909375000, -5.309882e+001,
2911250000, -5.194450e+001,
2913125000, -5.038736e+001,
2915000000, -5.094970e+001,
2916875000, -5.308163e+001,
2918750000, -5.112531e+001,
2920625000, -5.069873e+001,
2922500000, -5.164080e+001,
2924375000, -5.244307e+001,
2926250000, -5.239687e+001,
2928125000, -5.089442e+001,
2930000000, -5.077354e+001,
2931875000, -5.270839e+001,
2933750000, -5.338666e+001,
2935625000, -5.076880e+001,
2937500000, -5.054353e+001,
2939375000, -5.246969e+001,
2941250000, -5.332634e+001,
2943125000, -5.077009e+001,
2945000000, -5.089362e+001,
2946875000, -5.276044e+001,
2948750000, -5.239349e+001,
2950625000, -5.013781e+001,
2952500000, -5.057877e+001,
2954375000, -5.205730e+001,
2956250000, -5.315919e+001,
2958125000, -5.176925e+001,
2960000000, -5.030674e+001,
2961875000, -5.065047e+001,
2963750000, -5.254333e+001,
2965625000, -5.248662e+001,
2967500000, -5.047457e+001,
2969375000, -5.057608e+001,
2971250000, -5.156433e+001,
2973125000, -5.202768e+001,
2975000000, -5.116585e+001,
2976875000, -4.996622e+001,
2978750000, -5.153131e+001,
2980625000, -5.249156e+001,
2982500000, -4.945806e+001,
2984375000, -4.938915e+001,
2986250000, -5.081204e+001,
2988125000, -5.262403e+001,
2990000000, -5.247878e+001,
2991875000, -5.008667e+001,
2993750000, -4.967622e+001,
2995625000, -5.207793e+001,
2997500000, -5.099921e+001,
2999375000, -5.164980e+001,
3001250000, -5.110324e+001,
3003125000, -5.112727e+001,
3005000000, -5.115450e+001,
3006875000, -5.112933e+001,
3008750000, -5.170508e+001,
3010625000, -5.105247e+001,
3012500000, -5.127394e+001,
3014375000, -5.238675e+001,
3016250000, -4.954023e+001,
3018125000, -4.969534e+001,
3020000000, -5.110464e+001,
3021875000, -5.221333e+001,
3023750000, -5.356995e+001,
3025625000, -5.005261e+001,
3027500000, -5.060472e+001,
3029375000, -5.284932e+001,
3031250000, -5.046346e+001,
3033125000, -5.150204e+001,
3035000000, -5.171058e+001,
3036875000, -5.187589e+001,
3038750000, -5.127504e+001,
3040625000, -5.002286e+001,
3042500000, -5.100423e+001,
3044375000, -5.210555e+001,
3046250000, -5.202205e+001,
3048125000, -5.123972e+001,
3050000000, -5.017471e+001,
3051875000, -4.928391e+001,
3053750000, -4.950720e+001,
3055625000, -5.198973e+001,
3057500000, -5.270610e+001,
3059375000, -5.066605e+001,
3061250000, -5.075713e+001,
3063125000, -5.076625e+001,
3065000000, -5.131594e+001,
3066875000, -5.021226e+001,
3068750000, -5.057882e+001,
3070625000, -5.170075e+001,
3072500000, -5.181723e+001,
3074375000, -5.195042e+001,
3076250000, -4.912931e+001,
3078125000, -4.890149e+001,
3080000000, -5.139943e+001,
3081875000, -5.302576e+001,
3083750000, -5.243311e+001,
3085625000, -5.037188e+001,
3087500000, -4.909068e+001,
3089375000, -4.834540e+001,
3091250000, -4.960042e+001,
3093125000, -5.503406e+001,
3095000000, -5.167291e+001,
3096875000, -5.092887e+001,
3098750000, -5.193456e+001,
3100625000, -5.009928e+001,
3102500000, -5.085704e+001,
3104375000, -5.038032e+001,
3106250000, -5.203368e+001,
3108125000, -5.167533e+001,
3110000000, -5.303072e+001,
3111875000, -5.240501e+001,
3113750000, -5.012608e+001,
3115625000, -4.911909e+001,
3117500000, -4.973367e+001,
3119375000, -5.223082e+001,
3121250000, -5.563104e+001,
3123125000, -5.357345e+001,
3125000000, -4.936306e+001,
3126875000, -4.750079e+001,
3128750000, -4.783498e+001,
3130625000, -5.194187e+001,
3132500000, -5.272098e+001,
3134375000, -5.397074e+001,
3136250000, -5.188702e+001,
3138125000, -5.160511e+001,
3140000000, -5.050973e+001,
3141875000, -4.863454e+001,
3143750000, -4.935454e+001,
3145625000, -5.157072e+001,
3147500000, -5.310535e+001,
3149375000, -5.526839e+001,
3151250000, -5.115219e+001,
3153125000, -4.956026e+001,
3155000000, -4.861820e+001,
3156875000, -4.794215e+001,
3158750000, -4.901056e+001,
3160625000, -5.351810e+001,
3162500000, -5.759604e+001,
3164375000, -5.135061e+001,
3166250000, -4.781464e+001,
3168125000, -4.782788e+001,
3170000000, -4.835307e+001,
3171875000, -4.842134e+001,
3173750000, -5.294406e+001,
3175625000, -5.723283e+001,
3177500000, -5.212331e+001,
3179375000, -5.196492e+001,
3181250000, -5.032783e+001,
3183125000, -4.799075e+001,
3185000000, -4.806270e+001,
3186875000, -4.823589e+001,
3188750000, -5.265878e+001,
3190625000, -6.264103e+001,
3192500000, -5.422726e+001,
3194375000, -4.990728e+001,
3196250000, -4.777192e+001,
3198125000, -4.624437e+001,
3200000000, -4.608848e+001,
3201875000, -4.802862e+001,
3203750000, -5.812346e+001,
3205625000, -5.590466e+001,
3207500000, -4.910723e+001,
3209375000, -4.950949e+001,
3211250000, -4.643736e+001,
3213125000, -4.664234e+001,
3215000000, -4.844902e+001,
3216875000, -5.162446e+001,
3218750000, -6.200400e+001,
3220625000, -5.501062e+001,
3222500000, -5.435329e+001,
3224375000, -5.097664e+001,
3226250000, -4.687836e+001,
3228125000, -4.667019e+001,
3230000000, -4.684948e+001,
3231875000, -4.907511e+001,
3233750000, -5.220087e+001,
3235625000, -6.158862e+001,
3237500000, -5.620679e+001,
3239375000, -4.975843e+001,
3241250000, -4.451928e+001,
3243125000, -4.257067e+001,
3245000000, -4.291005e+001,
3246875000, -4.618412e+001,
3248750000, -5.206986e+001,
3250625000, -5.848428e+001,
3252500000, -5.236713e+001,
3254375000, -4.606352e+001,
3256250000, -4.453706e+001,
3258125000, -4.526817e+001,
3260000000, -4.560804e+001,
3261875000, -4.604814e+001,
3263750000, -5.022045e+001,
3265625000, -6.000055e+001,
3267500000, -7.064495e+001,
3269375000, -4.989256e+001,
3271250000, -4.680504e+001,
3273125000, -4.693002e+001,
3275000000, -4.690215e+001,
3276875000, -4.744271e+001,
3278750000, -4.859357e+001,
3280625000, -4.980628e+001,
3282500000, -5.345127e+001,
3284375000, -5.447211e+001,
3286250000, -4.593744e+001,
3288125000, -4.277781e+001,
3290000000, -4.204150e+001,
3291875000, -4.191282e+001,
3293750000, -4.318684e+001,
3295625000, -4.492508e+001,
3297500000, -4.494150e+001,
3299375000, -4.736641e+001,
3301250000, -4.920610e+001,
3303125000, -4.721879e+001,
3305000000, -4.561062e+001,
3306875000, -4.385831e+001,
3308750000, -4.168935e+001,
3310625000, -4.229044e+001,
3312500000, -4.383614e+001,
3314375000, -4.418404e+001,
3316250000, -4.861052e+001,
3318125000, -5.317525e+001,
3320000000, -5.014418e+001,
3321875000, -5.031044e+001,
3323750000, -4.769534e+001,
3325625000, -4.464241e+001,
3327500000, -4.541967e+001,
3329375000, -4.728100e+001,
3331250000, -4.859449e+001,
3333125000, -4.758937e+001,
3335000000, -4.621479e+001,
3336875000, -4.206808e+001,
3338750000, -4.092012e+001,
3340625000, -3.918671e+001,
3342500000, -3.720390e+001,
3344375000, -3.743069e+001,
3346250000, -3.789769e+001,
3348125000, -3.815370e+001,
3350000000, -3.979253e+001,
3351875000, -4.374146e+001,
3353750000, -4.460088e+001,
3355625000, -4.416051e+001,
3357500000, -4.090172e+001,
3359375000, -4.202317e+001,
3361250000, -4.230336e+001,
3363125000, -4.009349e+001,
3365000000, -3.985920e+001,
3366875000, -4.243216e+001,
3368750000, -4.591396e+001,
3370625000, -4.973014e+001,
3372500000, -5.050740e+001,
3374375000, -5.007101e+001,
3376250000, -5.081600e+001,
3378125000, -4.867270e+001,
3380000000, -4.297038e+001,
3381875000, -3.988066e+001,
3383750000, -4.030931e+001,
3385625000, -4.035136e+001,
3387500000, -3.901096e+001,
3389375000, -3.928031e+001,
3391250000, -4.053115e+001,
3393125000, -3.833134e+001,
3395000000, -3.804391e+001,
3396875000, -3.695747e+001,
3398750000, -3.534520e+001,
3400625000, -3.363334e+001,
3402500000, -3.362448e+001,
3404375000, -3.441371e+001,
3406250000, -3.457287e+001,
3408125000, -3.449269e+001,
3410000000, -3.469420e+001,
3411875000, -3.414858e+001,
3413750000, -3.418767e+001,
3415625000, -3.668978e+001,
3417500000, -3.776127e+001,
3419375000, -3.772595e+001,
3421250000, -3.775203e+001,
3423125000, -3.990383e+001,
3425000000, -4.383660e+001,
3426875000, -4.521124e+001,
3428750000, -4.850904e+001,
3430625000, -4.243200e+001,
3432500000, -3.905294e+001,
3434375000, -3.896320e+001,
3436250000, -4.352412e+001,
3438125000, -3.618375e+001,
3440000000, -3.282468e+001,
3441875000, -3.049953e+001,
3443750000, -3.033380e+001,
3445625000, -3.034600e+001,
3447500000, -2.852151e+001,
3449375000, -2.864904e+001,
3451250000, -2.955925e+001,
3453125000, -3.038482e+001,
3455000000, -2.932259e+001,
3456875000, -2.857607e+001,
3458750000, -2.833615e+001,
3460625000, -2.887269e+001,
3462500000, -2.980823e+001,
3464375000, -3.119596e+001,
3466250000, -3.150282e+001,
3468125000, -2.968015e+001,
3470000000, -2.933363e+001,
3471875000, -2.847818e+001,
3473750000, -2.855596e+001,
3475625000, -3.008926e+001,
3477500000, -3.159227e+001,
3479375000, -3.272007e+001,
3481250000, -3.099606e+001,
3483125000, -2.897152e+001,
3485000000, -2.826369e+001,
3486875000, -3.004930e+001,
3488750000, -3.237365e+001,
3490625000, -3.384195e+001,
3492500000, -3.402360e+001,
3494375000, -3.297665e+001,
3496250000, -3.233416e+001,
3498125000, -3.138268e+001,
3500000000, -3.180601e+001,
3501875000, -3.309865e+001,
3503750000, -3.347770e+001,
3505625000, -3.406192e+001,
3507500000, -3.362133e+001,
3509375000, -3.230230e+001,
3511250000, -3.162995e+001,
3513125000, -3.011845e+001,
3515000000, -2.953072e+001,
3516875000, -2.962156e+001,
3518750000, -2.771851e+001,
3520625000, -2.652648e+001,
3522500000, -2.488080e+001,
3524375000, -2.424542e+001,
3526250000, -2.408376e+001,
3528125000, -2.404181e+001,
3530000000, -2.517303e+001,
3531875000, -2.504099e+001,
3533750000, -2.482102e+001,
3535625000, -2.461468e+001,
3537500000, -2.374913e+001,
3539375000, -2.291710e+001,
3541250000, -2.247557e+001,
3543125000, -2.188870e+001,
3545000000, -2.176196e+001,
3546875000, -2.027482e+001,
3548750000, -1.910809e+001,
3550625000, -1.847351e+001,
3552500000, -1.803284e+001,
3554375000, -1.768066e+001,
3556250000, -1.725944e+001,
3558125000, -1.733763e+001,
3560000000, -1.778198e+001,
3561875000, -1.750637e+001,
3563750000, -1.697963e+001,
3565625000, -1.659960e+001,
3567500000, -1.634715e+001,
3569375000, -1.614682e+001,
3571250000, -1.560017e+001,
3573125000, -1.530603e+001,
3575000000, -1.532522e+001,
3576875000, -1.568487e+001,
3578750000, -1.624283e+001,
3580625000, -1.655838e+001,
3582500000, -1.639976e+001,
3584375000, -1.578395e+001,
3586250000, -1.517248e+001,
3588125000, -1.503257e+001,
3590000000, -1.496177e+001,
3591875000, -1.486117e+001,
3593750000, -1.494869e+001,
3595625000, -1.528590e+001,
3597500000, -1.577846e+001,
3599375000, -1.642538e+001,
3601250000, -1.622166e+001,
3603125000, -1.545737e+001,
3605000000, -1.482278e+001,
3606875000, -1.430777e+001,
3608750000, -1.397687e+001,
3610625000, -1.398628e+001,
3612500000, -1.441132e+001,
3614375000, -1.484201e+001,
3616250000, -1.510246e+001,
3618125000, -1.521261e+001,
3620000000, -1.501782e+001,
3621875000, -1.476083e+001,
3623750000, -1.450704e+001,
3625625000, -1.441734e+001,
3627500000, -1.460152e+001,
3629375000, -1.493561e+001,
3631250000, -1.555116e+001,
3633125000, -1.599302e+001,
3635000000, -1.605233e+001,
3636875000, -1.590200e+001,
3638750000, -1.545594e+001,
3640625000, -1.514972e+001,
3642500000, -1.501914e+001,
3644375000, -1.516380e+001,
3646250000, -1.549370e+001,
3648125000, -1.594080e+001,
3650000000, -1.633738e+001,
3651875000, -1.648450e+001,
3653750000, -1.620305e+001,
3655625000, -1.579095e+001,
3657500000, -1.538029e+001,
3659375000, -1.551639e+001,
3661250000, -1.590593e+001,
3663125000, -1.615384e+001,
3665000000, -1.658412e+001,
3666875000, -1.717553e+001,
3668750000, -1.753264e+001,
3670625000, -1.713064e+001,
3672500000, -1.647270e+001,
3674375000, -1.609644e+001,
3676250000, -1.595531e+001,
3678125000, -1.603720e+001,
3680000000, -1.622669e+001,
3681875000, -1.634618e+001,
3683750000, -1.659100e+001,
3685625000, -1.668003e+001,
3687500000, -1.665406e+001,
3689375000, -1.658241e+001,
3691250000, -1.607265e+001,
3693125000, -1.585976e+001,
3695000000, -1.608791e+001,
3696875000, -1.644491e+001,
3698750000, -1.682762e+001,
3700625000, -1.696989e+001,
3702500000, -1.695862e+001,
3704375000, -1.684591e+001,
3706250000, -1.665633e+001,
3708125000, -1.648568e+001,
3710000000, -1.649709e+001,
3711875000, -1.662355e+001,
3713750000, -1.679755e+001,
3715625000, -1.714010e+001,
3717500000, -1.721576e+001,
3719375000, -1.696172e+001,
3721250000, -1.661288e+001,
3723125000, -1.635924e+001,
3725000000, -1.641308e+001,
3726875000, -1.659052e+001,
3728750000, -1.676024e+001,
3730625000, -1.720295e+001,
3732500000, -1.755218e+001,
3734375000, -1.758585e+001,
3736250000, -1.748643e+001,
3738125000, -1.732608e+001,
3740000000, -1.735508e+001,
3741875000, -1.771031e+001,
3743750000, -1.814747e+001,
3745625000, -1.870088e+001,
3747500000, -1.919302e+001,
3749375000, -1.952245e+001,
3751250000, -1.982412e+001,
3753125000, -1.990969e+001,
3755000000, -2.010208e+001,
3756875000, -2.030860e+001,
3758750000, -2.045639e+001,
3760625000, -2.058267e+001,
3762500000, -2.097368e+001,
3764375000, -2.137050e+001,
3766250000, -2.190903e+001,
3768125000, -2.237061e+001,
3770000000, -2.290602e+001,
3771875000, -2.330327e+001,
3773750000, -2.357522e+001,
3775625000, -2.386215e+001,
3777500000, -2.413939e+001,
3779375000, -2.470049e+001,
3781250000, -2.536298e+001,
3783125000, -2.621309e+001,
3785000000, -2.728062e+001,
3786875000, -2.802381e+001,
3788750000, -2.854657e+001,
3790625000, -2.888104e+001,
3792500000, -2.931081e+001,
3794375000, -2.965401e+001,
3796250000, -2.997226e+001,
3798125000, -3.019975e+001,
3800000000, -3.017576e+001,
3801875000, -3.069049e+001,
3803750000, -3.116350e+001,
3805625000, -3.187219e+001,
3807500000, -3.261667e+001,
3809375000, -3.283809e+001,
3811250000, -3.334944e+001,
3813125000, -3.381283e+001,
3815000000, -3.467277e+001,
3816875000, -3.574105e+001,
3818750000, -3.657069e+001,
3820625000, -3.695142e+001,
3822500000, -3.749119e+001,
3824375000, -3.759329e+001,
3826250000, -3.723177e+001,
3828125000, -3.697447e+001,
3830000000, -3.558979e+001,
3831875000, -3.407894e+001,
3833750000, -3.346299e+001,
3835625000, -3.316863e+001,
3837500000, -3.333521e+001,
3839375000, -3.367193e+001,
3841250000, -3.380534e+001,
3843125000, -3.378564e+001,
3845000000, -3.474190e+001,
3846875000, -3.662119e+001,
3848750000, -3.810875e+001,
3850625000, -3.876080e+001,
3852500000, -3.738992e+001,
3854375000, -3.656400e+001,
3856250000, -3.639215e+001,
3858125000, -3.634210e+001,
3860000000, -3.663119e+001,
3861875000, -3.638765e+001,
3863750000, -3.545238e+001,
3865625000, -3.490137e+001,
3867500000, -3.559100e+001,
3869375000, -3.726851e+001,
3871250000, -3.809809e+001,
3873125000, -3.794432e+001,
3875000000, -3.806659e+001,
3876875000, -3.976259e+001,
3878750000, -4.303429e+001,
3880625000, -4.677755e+001,
3882500000, -4.819705e+001,
3884375000, -4.577073e+001,
3886250000, -4.353609e+001,
3888125000, -4.254037e+001,
3890000000, -4.236058e+001,
3891875000, -4.198146e+001,
3893750000, -4.101812e+001,
3895625000, -3.907058e+001,
3897500000, -3.866661e+001,
3899375000, -4.020994e+001,
3901250000, -4.181084e+001,
3903125000, -4.284451e+001,
3905000000, -4.391678e+001,
3906875000, -4.473376e+001,
3908750000, -4.627993e+001,
3910625000, -4.930253e+001,
3912500000, -4.957529e+001,
3914375000, -4.582245e+001,
3916250000, -4.187202e+001,
3918125000, -3.974842e+001,
3920000000, -3.978822e+001,
3921875000, -4.027566e+001,
3923750000, -4.057199e+001,
3925625000, -3.979758e+001,
3927500000, -4.039249e+001,
3929375000, -4.211586e+001,
3931250000, -4.484791e+001,
3933125000, -4.833082e+001,
3935000000, -5.133261e+001,
3936875000, -4.658536e+001,
3938750000, -4.565231e+001,
3940625000, -4.341519e+001,
3942500000, -4.192365e+001,
3944375000, -4.145041e+001,
3946250000, -4.118821e+001,
3948125000, -4.065031e+001,
3950000000, -4.159397e+001,
3951875000, -4.268417e+001,
3953750000, -4.456191e+001,
3955625000, -4.957942e+001,
3957500000, -5.344895e+001,
3959375000, -5.330002e+001,
3961250000, -5.095456e+001,
3963125000, -4.759399e+001,
3965000000, -4.768377e+001,
3966875000, -4.437596e+001,
3968750000, -4.452479e+001,
3970625000, -4.460900e+001,
3972500000, -4.643304e+001,
3974375000, -4.441789e+001,
3976250000, -4.581733e+001,
3978125000, -4.702243e+001,
3980000000, -4.837066e+001,
3981875000, -5.124858e+001,
3983750000, -5.780462e+001,
3985625000, -5.744080e+001,
3987500000, -5.365221e+001,
3989375000, -5.024484e+001,
3991250000, -4.708972e+001,
3993125000, -4.514378e+001,
3995000000, -4.411642e+001,
3996875000, -4.417871e+001,
3998750000, -4.440763e+001,
4000625000, -4.563867e+001,
4002500000, -4.872245e+001,
4004375000, -4.930427e+001,
4006250000, -5.528071e+001,
4008125000, -6.899551e+001,
4010000000, -4.887616e+001,
4011875000, -4.718293e+001,
4013750000, -4.314842e+001,
4015625000, -4.303955e+001,
4017500000, -4.340979e+001,
4019375000, -4.347830e+001,
4021250000, -4.582018e+001,
4023125000, -4.916111e+001,
4025000000, -5.510812e+001,
4026875000, -5.931695e+001,
4028750000, -4.990956e+001,
4030625000, -4.540485e+001,
4032500000, -4.345072e+001,
4034375000, -4.327729e+001,
4036250000, -4.301255e+001,
4038125000, -4.345661e+001,
4040000000, -4.489975e+001,
4041875000, -4.780976e+001,
4043750000, -5.404099e+001,
4045625000, -6.221976e+001,
4047500000, -5.378712e+001,
4049375000, -4.895544e+001,
4051250000, -4.517918e+001,
4053125000, -4.442670e+001,
4055000000, -4.375580e+001,
4056875000, -4.402825e+001,
4058750000, -4.461806e+001,
4060625000, -4.718046e+001,
4062500000, -5.362361e+001,
4064375000, -6.654506e+001,
4066250000, -5.138714e+001,
4068125000, -4.836129e+001,
4070000000, -4.538015e+001,
4071875000, -4.450217e+001,
4073750000, -4.540277e+001,
4075625000, -4.559064e+001,
4077500000, -4.716328e+001,
4079375000, -5.049150e+001,
4081250000, -5.332158e+001,
4083125000, -5.454998e+001,
4085000000, -5.150237e+001,
4086875000, -4.804970e+001,
4088750000, -4.597061e+001,
4090625000, -4.457676e+001,
4092500000, -4.551276e+001,
4094375000, -4.778536e+001,
4096250000, -5.269504e+001,
4098125000, -5.689193e+001,
4100000000, -5.052112e+001,
4101875000, -4.648206e+001,
4103750000, -4.477683e+001,
4105625000, -4.444892e+001,
4107500000, -4.561982e+001,
4109375000, -4.865445e+001,
4111250000, -5.597668e+001,
4113125000, -5.658043e+001,
4115000000, -4.922234e+001,
4116875000, -4.620162e+001,
4118750000, -4.487994e+001,
4120625000, -4.509389e+001,
4122500000, -4.712507e+001,
4124375000, -5.154058e+001,
4126250000, -6.010174e+001,
4128125000, -5.492678e+001,
4130000000, -4.903579e+001,
4131875000, -4.636187e+001,
4133750000, -4.569231e+001,
4135625000, -4.683589e+001,
4137500000, -5.005570e+001,
4139375000, -5.524483e+001,
4141250000, -5.492007e+001,
4143125000, -4.969839e+001,
4145000000, -4.764664e+001,
4146875000, -4.712032e+001,
4148750000, -4.799204e+001,
4150625000, -5.038010e+001,
4152500000, -5.296344e+001,
4154375000, -5.270093e+001,
4156250000, -5.037526e+001,
4158125000, -4.878322e+001,
4160000000, -4.842395e+001,
4161875000, -4.899025e+001,
4163750000, -4.997169e+001,
4165625000, -5.083862e+001,
4167500000, -5.092884e+001,
4169375000, -5.031680e+001,
4171250000, -4.943121e+001,
4173125000, -4.920893e+001,
4175000000, -4.947994e+001,
4176875000, -5.017611e+001,
4178750000, -5.050249e+001,
4180625000, -5.021266e+001,
4182500000, -4.978616e+001,
4184375000, -4.977024e+001,
4186250000, -5.002372e+001,
4188125000, -5.020320e+001,
4190000000, -5.004972e+001,
4191875000, -4.996472e+001,
4193750000, -5.005228e+001,
4195625000, -5.012991e+001,
4197500000, -5.010339e+001,
4199375000, -5.025346e+001,
4201250000, -5.027300e+001,
4203125000, -5.015121e+001,
4205000000, -5.039702e+001,
4206875000, -5.024426e+001,
4208750000, -5.041414e+001,
4210625000, -5.033268e+001,
4212500000, -5.022533e+001,
4214375000, -5.024692e+001,
4216250000, -5.035020e+001,
4218125000, -5.025926e+001,
4220000000, -5.028647e+001,
4221875000, -5.030344e+001,
4223750000, -5.036382e+001,
4225625000, -5.024696e+001,
4227500000, -5.029475e+001,
4229375000, -5.026217e+001,
4231250000, -5.024473e+001,
4233125000, -5.028757e+001,
4235000000, -5.011674e+001,
4236875000, -4.997928e+001,
4238750000, -5.030647e+001,
4240625000, -5.022108e+001,
4242500000, -4.998975e+001,
4244375000, -5.000274e+001,
4246250000, -5.001390e+001,
4248125000, -5.012336e+001,
4250000000, -5.021651e+001,
4251875000, -4.989870e+001,
4253750000, -4.979008e+001,
4255625000, -5.013204e+001,
4257500000, -5.028894e+001,
4259375000, -4.982963e+001,
4261250000, -4.966463e+001,
4263125000, -5.026808e+001,
4265000000, -5.021148e+001,
4266875000, -4.985692e+001,
4268750000, -4.991611e+001,
4270625000, -5.047808e+001,
4272500000, -5.023325e+001,
4274375000, -5.007695e+001,
4276250000, -5.037525e+001,
4278125000, -5.067318e+001,
4280000000, -5.050236e+001,
4281875000, -5.044968e+001,
4283750000, -5.077593e+001,
4285625000, -5.078127e+001,
4287500000, -5.062615e+001,
4289375000, -5.091415e+001,
4291250000, -5.096628e+001,
4293125000, -5.093675e+001,
4295000000, -5.090679e+001,
4296875000, -5.124952e+001,
4298750000, -5.114445e+001,
4300625000, -5.111677e+001,
4302500000, -5.129821e+001,
4304375000, -5.121681e+001,
4306250000, -5.133313e+001,
4308125000, -5.118171e+001,
4310000000, -5.134095e+001,
4311875000, -5.133097e+001,
4313750000, -5.133135e+001,
4315625000, -5.147264e+001,
4317500000, -5.126175e+001,
4319375000, -5.131413e+001,
4321250000, -5.122156e+001,
4323125000, -5.125429e+001,
4325000000, -5.122048e+001,
4326875000, -5.109478e+001,
4328750000, -5.113553e+001,
4330625000, -5.105138e+001,
4332500000, -5.110437e+001,
4334375000, -5.096578e+001,
4336250000, -5.086354e+001,
4338125000, -5.079570e+001,
4340000000, -5.079836e+001,
4341875000, -5.070393e+001,
4343750000, -5.054515e+001,
4345625000, -5.052050e+001,
4347500000, -5.044547e+001,
4349375000, -5.038133e+001,
4351250000, -5.038246e+001,
4353125000, -5.039113e+001,
4355000000, -5.034740e+001,
4356875000, -5.020218e+001,
4358750000, -5.030742e+001,
4360625000, -5.026418e+001,
4362500000, -5.020766e+001,
4364375000, -5.027818e+001,
4366250000, -5.031293e+001,
4368125000, -5.023193e+001,
4370000000, -5.032379e+001,
4371875000, -5.024072e+001,
4373750000, -5.030972e+001,
4375625000, -5.040611e+001,
4377500000, -5.055710e+001,
4379375000, -5.046251e+001,
4381250000, -5.055125e+001,
4383125000, -5.058107e+001,
4385000000, -5.061454e+001,
4386875000, -5.075138e+001,
4388750000, -5.085894e+001,
4390625000, -5.095858e+001,
4392500000, -5.095423e+001,
4394375000, -5.106145e+001,
4396250000, -5.107649e+001,
4398125000, -5.128136e+001,
4400000000, -5.124236e+001,
4401875000, -5.143733e+001,
4403750000, -5.134610e+001,
4405625000, -5.132258e+001,
4407500000, -5.130724e+001,
4409375000, -5.140234e+001,
4411250000, -5.141877e+001,
4413125000, -5.147910e+001,
4415000000, -5.140070e+001,
4416875000, -5.146557e+001,
4418750000, -5.146709e+001,
4420625000, -5.143150e+001,
4422500000, -5.139888e+001,
4424375000, -5.120360e+001,
4426250000, -5.130791e+001,
4428125000, -5.128031e+001,
4430000000, -5.137617e+001,
4431875000, -5.126886e+001,
4433750000, -5.123273e+001,
4435625000, -5.119228e+001,
4437500000, -5.116380e+001,
4439375000, -5.109483e+001,
4441250000, -5.105552e+001,
4443125000, -5.121238e+001,
4445000000, -5.101462e+001,
4446875000, -5.100816e+001,
4448750000, -5.097448e+001,
4450625000, -5.099749e+001,
4452500000, -5.093390e+001,
4454375000, -5.085136e+001,
4456250000, -5.096997e+001,
4458125000, -5.104131e+001,
4460000000, -5.082965e+001,
4461875000, -5.083477e+001,
4463750000, -5.093476e+001,
4465625000, -5.079080e+001,
4467500000, -5.086576e+001,
4469375000, -5.091619e+001,
4471250000, -5.080020e+001,
4473125000, -5.091221e+001,
4475000000, -5.088277e+001,
4476875000, -5.099501e+001,
4478750000, -5.098968e+001,
4480625000, -5.100151e+001,
4482500000, -5.095099e+001,
4484375000, -5.109327e+001,
4486250000, -5.111079e+001,
4488125000, -5.092520e+001,
4490000000, -5.104980e+001,
4491875000, -5.092095e+001,
4493750000, -5.110355e+001,
4495625000, -5.101968e+001,
4497500000, -5.099759e+001,
4499375000, -5.102542e+001,
4501250000, -5.097804e+001,
4503125000, -5.104410e+001,
4505000000, -5.088140e+001,
4506875000, -5.101481e+001,
4508750000, -5.094433e+001,
4510625000, -5.092638e+001,
4512500000, -5.081530e+001,
4514375000, -5.099499e+001,
4516250000, -5.090006e+001,
4518125000, -5.080220e+001,
4520000000, -5.086702e+001,
4521875000, -5.088917e+001,
4523750000, -5.089328e+001,
4525625000, -5.087947e+001,
4527500000, -5.081472e+001,
4529375000, -5.080706e+001,
4531250000, -5.089773e+001,
4533125000, -5.094264e+001,
4535000000, -5.087340e+001,
4536875000, -5.076097e+001,
4538750000, -5.093530e+001,
4540625000, -5.092193e+001,
4542500000, -5.095389e+001,
4544375000, -5.103127e+001,
4546250000, -5.104401e+001,
4548125000, -5.113186e+001,
4550000000, -5.108932e+001,
4551875000, -5.113069e+001,
4553750000, -5.131692e+001,
4555625000, -5.131738e+001,
4557500000, -5.131046e+001,
4559375000, -5.137687e+001,
4561250000, -5.150340e+001,
4563125000, -5.164157e+001,
4565000000, -5.167150e+001,
4566875000, -5.175543e+001,
4568750000, -5.161898e+001,
4570625000, -5.170697e+001,
4572500000, -5.176450e+001,
4574375000, -5.178407e+001,
4576250000, -5.188890e+001,
4578125000, -5.176668e+001,
4580000000, -5.189988e+001,
4581875000, -5.201993e+001,
4583750000, -5.187222e+001,
4585625000, -5.186632e+001,
4587500000, -5.175832e+001,
4589375000, -5.181402e+001,
4591250000, -5.185323e+001,
4593125000, -5.184403e+001,
4595000000, -5.184053e+001,
4596875000, -5.170610e+001,
4598750000, -5.174557e+001,
4600625000, -5.169779e+001,
4602500000, -5.157505e+001,
4604375000, -5.164663e+001,
4606250000, -5.153250e+001,
4608125000, -5.142141e+001,
4610000000, -5.145533e+001,
4611875000, -5.142202e+001,
4613750000, -5.130126e+001,
4615625000, -5.115163e+001,
4617500000, -5.120347e+001,
4619375000, -5.118143e+001,
4621250000, -5.107033e+001,
4623125000, -5.092365e+001,
4625000000, -5.097135e+001,
4626875000, -5.085024e+001,
4628750000, -5.092543e+001,
4630625000, -5.099207e+001,
4632500000, -5.090066e+001,
4634375000, -5.087291e+001,
4636250000, -5.085490e+001,
4638125000, -5.097842e+001,
4640000000, -5.088119e+001,
4641875000, -5.085628e+001,
4643750000, -5.101389e+001,
4645625000, -5.100356e+001,
4647500000, -5.110539e+001,
4649375000, -5.115036e+001,
4651250000, -5.125251e+001,
4653125000, -5.140738e+001,
4655000000, -5.145802e+001,
4656875000, -5.146689e+001,
4658750000, -5.171474e+001,
4660625000, -5.183576e+001,
4662500000, -5.168816e+001,
4664375000, -5.184362e+001,
4666250000, -5.195246e+001,
4668125000, -5.196465e+001,
4670000000, -5.191364e+001,
4671875000, -5.224889e+001,
4673750000, -5.218810e+001,
4675625000, -5.224069e+001,
4677500000, -5.219498e+001,
4679375000, -5.222389e+001,
4681250000, -5.250292e+001,
4683125000, -5.239628e+001,
4685000000, -5.237045e+001,
4686875000, -5.236233e+001,
4688750000, -5.244171e+001,
4690625000, -5.230469e+001,
4692500000, -5.224257e+001,
4694375000, -5.246669e+001,
4696250000, -5.238270e+001,
4698125000, -5.238530e+001,
4700000000, -5.235559e+001,
4701875000, -5.231831e+001,
4703750000, -5.216094e+001,
4705625000, -5.234497e+001,
4707500000, -5.221397e+001,
4709375000, -5.218997e+001,
4711250000, -5.224805e+001,
4713125000, -5.204252e+001,
4715000000, -5.206808e+001,
4716875000, -5.209909e+001,
4718750000, -5.196452e+001,
4720625000, -5.191108e+001,
4722500000, -5.188897e+001,
4724375000, -5.196035e+001,
4726250000, -5.185004e+001,
4728125000, -5.168862e+001,
4730000000, -5.191286e+001,
4731875000, -5.186483e+001,
4733750000, -5.187030e+001,
4735625000, -5.180801e+001,
4737500000, -5.192604e+001,
4739375000, -5.175405e+001,
4741250000, -5.176418e+001,
4743125000, -5.175119e+001,
4745000000, -5.186035e+001,
4746875000, -5.180658e+001,
4748750000, -5.161536e+001,
4750625000, -5.173614e+001,
4752500000, -5.187465e+001,
4754375000, -5.169818e+001,
4756250000, -5.174703e+001,
4758125000, -5.180140e+001,
4760000000, -5.183308e+001,
4761875000, -5.184355e+001,
4763750000, -5.178851e+001,
4765625000, -5.191511e+001,
4767500000, -5.191828e+001,
4769375000, -5.188425e+001,
4771250000, -5.195377e+001,
4773125000, -5.194800e+001,
4775000000, -5.188628e+001,
4776875000, -5.187734e+001,
4778750000, -5.198164e+001,
4780625000, -5.196606e+001,
4782500000, -5.202617e+001,
4784375000, -5.188153e+001,
4786250000, -5.190061e+001,
4788125000, -5.182182e+001,
4790000000, -5.186826e+001,
4791875000, -5.180909e+001,
4793750000, -5.185466e+001,
4795625000, -5.198511e+001,
4797500000, -5.194605e+001,
4799375000, -5.196490e+001,
4801250000, -5.187127e+001,
4803125000, -5.194797e+001,
4805000000, -5.202881e+001,
4806875000, -5.203891e+001,
4808750000, -5.205955e+001,
4810625000, -5.219860e+001,
4812500000, -5.223368e+001,
4814375000, -5.211992e+001,
4816250000, -5.232106e+001,
4818125000, -5.229148e+001,
4820000000, -5.243779e+001,
4821875000, -5.244133e+001,
4823750000, -5.243091e+001,
4825625000, -5.253300e+001,
4827500000, -5.276317e+001,
4829375000, -5.267424e+001,
4831250000, -5.278809e+001,
4833125000, -5.299612e+001,
4835000000, -5.299147e+001,
4836875000, -5.308113e+001,
4838750000, -5.315150e+001,
4840625000, -5.306982e+001,
4842500000, -5.319381e+001,
4844375000, -5.330985e+001,
4846250000, -5.331746e+001,
4848125000, -5.318732e+001,
4850000000, -5.343663e+001,
4851875000, -5.340264e+001,
4853750000, -5.321302e+001,
4855625000, -5.331563e+001,
4857500000, -5.341076e+001,
4859375000, -5.334660e+001,
4861250000, -5.334891e+001,
4863125000, -5.328163e+001,
4865000000, -5.334775e+001,
4866875000, -5.328337e+001,
4868750000, -5.329402e+001,
4870625000, -5.306229e+001,
4872500000, -5.302709e+001,
4874375000, -5.303360e+001,
4876250000, -5.305166e+001,
4878125000, -5.297974e+001,
4880000000, -5.293138e+001,
4881875000, -5.272141e+001,
4883750000, -5.264020e+001,
4885625000, -5.251252e+001,
4887500000, -5.245790e+001,
4889375000, -5.256129e+001,
4891250000, -5.236097e+001,
4893125000, -5.215694e+001,
4895000000, -5.222352e+001,
4896875000, -5.207027e+001,
4898750000, -5.206985e+001,
4900625000, -5.196116e+001,
4902500000, -5.191907e+001,
4904375000, -5.188541e+001,
4906250000, -5.192559e+001,
4908125000, -5.184546e+001,
4910000000, -5.194071e+001,
4911875000, -5.198576e+001,
4913750000, -5.193201e+001,
4915625000, -5.215847e+001,
4917500000, -5.207109e+001,
4919375000, -5.220781e+001,
4921250000, -5.238449e+001,
4923125000, -5.240497e+001,
4925000000, -5.238647e+001,
4926875000, -5.260743e+001,
4928750000, -5.265044e+001,
4930625000, -5.270578e+001,
4932500000, -5.302447e+001,
4934375000, -5.296267e+001,
4936250000, -5.313892e+001,
4938125000, -5.320769e+001,
4940000000, -5.350713e+001,
4941875000, -5.343822e+001,
4943750000, -5.365093e+001,
4945625000, -5.372220e+001,
4947500000, -5.367612e+001,
4949375000, -5.366604e+001,
4951250000, -5.397440e+001,
4953125000, -5.397068e+001,
4955000000, -5.410834e+001,
4956875000, -5.413295e+001,
4958750000, -5.408512e+001,
4960625000, -5.404288e+001,
4962500000, -5.418385e+001,
4964375000, -5.422798e+001,
4966250000, -5.412797e+001,
4968125000, -5.401458e+001,
4970000000, -5.415482e+001,
4971875000, -5.422242e+001,
4973750000, -5.395518e+001,
4975625000, -5.408275e+001,
4977500000, -5.394703e+001,
4979375000, -5.405080e+001,
4981250000, -5.391999e+001,
4983125000, -5.380436e+001,
4985000000, -5.386810e+001,
4986875000, -5.382351e+001,
4988750000, -5.377568e+001,
4990625000, -5.364342e+001,
4992500000, -5.351526e+001,
4994375000, -5.354939e+001,
4996250000, -5.333359e+001,
4998125000, -5.330769e+001,
5000000000, -5.324564e+001,
