"S21 Log Mag"
"Frequency (Hz)","dB",
2000000000, -5.134296e+001,
2001875000, -5.131653e+001,
2003750000, -5.130538e+001,
2005625000, -5.140575e+001,
2007500000, -5.164769e+001,
2009375000, -5.180130e+001,
2011250000, -5.151658e+001,
2013125000, -5.175570e+001,
2015000000, -5.149049e+001,
2016875000, -5.180733e+001,
2018750000, -5.162608e+001,
2020625000, -5.170127e+001,
2022500000, -5.198151e+001,
2024375000, -5.195491e+001,
2026250000, -5.200106e+001,
2028125000, -5.201789e+001,
2030000000, -5.196867e+001,
2031875000, -5.200422e+001,
2033750000, -5.187655e+001,
2035625000, -5.185909e+001,
2037500000, -5.175620e+001,
2039375000, -5.191043e+001,
2041250000, -5.176330e+001,
2043125000, -5.196119e+001,
2045000000, -5.159290e+001,
2046875000, -5.175431e+001,
2048750000, -5.191910e+001,
2050625000, -5.167073e+001,
2052500000, -5.170275e+001,
2054375000, -5.170884e+001,
2056250000, -5.159781e+001,
2058125000, -5.168991e+001,
2060000000, -5.159291e+001,
2061875000, -5.163705e+001,
2063750000, -5.163302e+001,
2065625000, -5.150316e+001,
2067500000, -5.166772e+001,
2069375000, -5.141388e+001,
2071250000, -5.175669e+001,
2073125000, -5.168953e+001,
2075000000, -5.170870e+001,
2076875000, -5.144319e+001,
2078750000, -5.163154e+001,
2080625000, -5.163319e+001,
2082500000, -5.155635e+001,
2084375000, -5.135177e+001,
2086250000, -5.157510e+001,
2088125000, -5.155557e+001,
2090000000, -5.170298e+001,
2091875000, -5.151505e+001,
2093750000, -5.162954e+001,
2095625000, -5.147297e+001,
2097500000, -5.168674e+001,
2099375000, -5.164156e+001,
2101250000, -5.159640e+001,
2103125000, -5.176328e+001,
2105000000, -5.166057e+001,
2106875000, -5.168343e+001,
2108750000, -5.159011e+001,
2110625000, -5.166997e+001,
2112500000, -5.180328e+001,
2114375000, -5.175107e+001,
2116250000, -5.170290e+001,
2118125000, -5.186248e+001,
2120000000, -5.184100e+001,
2121875000, -5.186131e+001,
2123750000, -5.178933e+001,
2125625000, -5.183563e+001,
2127500000, -5.185601e+001,
2129375000, -5.195325e+001,
2131250000, -5.200655e+001,
2133125000, -5.203782e+001,
2135000000, -5.213976e+001,
2136875000, -5.204239e+001,
2138750000, -5.211141e+001,
2140625000, -5.231712e+001,
2142500000, -5.223320e+001,
2144375000, -5.238140e+001,
2146250000, -5.238373e+001,
2148125000, -5.239580e+001,
2150000000, -5.246755e+001,
2151875000, -5.246124e+001,
2153750000, -5.252763e+001,
2155625000, -5.257526e+001,
2157500000, -5.278180e+001,
2159375000, -5.285236e+001,
2161250000, -5.288838e+001,
2163125000, -5.263292e+001,
2165000000, -5.292942e+001,
2166875000, -5.264838e+001,
2168750000, -5.285389e+001,
2170625000, -5.275166e+001,
2172500000, -5.294190e+001,
2174375000, -5.271959e+001,
2176250000, -5.302289e+001,
2178125000, -5.284898e+001,
2180000000, -5.269462e+001,
2181875000, -5.267399e+001,
2183750000, -5.280210e+001,
2185625000, -5.261878e+001,
2187500000, -5.260603e+001,
2189375000, -5.249723e+001,
2191250000, -5.257941e+001,
2193125000, -5.250646e+001,
2195000000, -5.233069e+001,
2196875000, -5.253639e+001,
2198750000, -5.216153e+001,
2200625000, -5.208126e+001,
2202500000, -5.203305e+001,
2204375000, -5.199445e+001,
2206250000, -5.204095e+001,
2208125000, -5.187936e+001,
2210000000, -5.187270e+001,
2211875000, -5.187275e+001,
2213750000, -5.164291e+001,
2215625000, -5.165123e+001,
2217500000, -5.140878e+001,
2219375000, -5.146060e+001,
2221250000, -5.132701e+001,
2223125000, -5.156840e+001,
2225000000, -5.140129e+001,
2226875000, -5.137192e+001,
2228750000, -5.134367e+001,
2230625000, -5.163080e+001,
2232500000, -5.145687e+001,
2234375000, -5.141108e+001,
2236250000, -5.138062e+001,
2238125000, -5.156401e+001,
2240000000, -5.162852e+001,
2241875000, -5.155767e+001,
2243750000, -5.163522e+001,
2245625000, -5.201110e+001,
2247500000, -5.184661e+001,
2249375000, -5.208439e+001,
2251250000, -5.206374e+001,
2253125000, -5.214764e+001,
2255000000, -5.222345e+001,
2256875000, -5.245909e+001,
2258750000, -5.243699e+001,
2260625000, -5.238762e+001,
2262500000, -5.255768e+001,
2264375000, -5.259668e+001,
2266250000, -5.280221e+001,
2268125000, -5.279200e+001,
2270000000, -5.289348e+001,
2271875000, -5.308312e+001,
2273750000, -5.280521e+001,
2275625000, -5.307955e+001,
2277500000, -5.313973e+001,
2279375000, -5.324907e+001,
2281250000, -5.330866e+001,
2283125000, -5.332712e+001,
2285000000, -5.313788e+001,
2286875000, -5.313305e+001,
2288750000, -5.320753e+001,
2290625000, -5.292425e+001,
2292500000, -5.308954e+001,
2294375000, -5.312869e+001,
2296250000, -5.294526e+001,
2298125000, -5.309166e+001,
2300000000, -5.304541e+001,
2301875000, -5.298788e+001,
2303750000, -5.298089e+001,
2305625000, -5.271546e+001,
2307500000, -5.247182e+001,
2309375000, -5.272651e+001,
2311250000, -5.248175e+001,
2313125000, -5.244021e+001,
2315000000, -5.249483e+001,
2316875000, -5.240795e+001,
2318750000, -5.250133e+001,
2320625000, -5.232656e+001,
2322500000, -5.222317e+001,
2324375000, -5.211051e+001,
2326250000, -5.223520e+001,
2328125000, -5.209875e+001,
2330000000, -5.197570e+001,
2331875000, -5.213079e+001,
2333750000, -5.193874e+001,
2335625000, -5.198840e+001,
2337500000, -5.199541e+001,
2339375000, -5.188205e+001,
2341250000, -5.195002e+001,
2343125000, -5.178244e+001,
2345000000, -5.201052e+001,
2346875000, -5.186113e+001,
2348750000, -5.196206e+001,
2350625000, -5.214021e+001,
2352500000, -5.208530e+001,
2354375000, -5.210170e+001,
2356250000, -5.219254e+001,
2358125000, -5.204381e+001,
2360000000, -5.220303e+001,
2361875000, -5.222203e+001,
2363750000, -5.216299e+001,
2365625000, -5.231733e+001,
2367500000, -5.257642e+001,
2369375000, -5.230057e+001,
2371250000, -5.234032e+001,
2373125000, -5.222992e+001,
2375000000, -5.241621e+001,
2376875000, -5.259295e+001,
2378750000, -5.251373e+001,
2380625000, -5.265683e+001,
2382500000, -5.237403e+001,
2384375000, -5.253857e+001,
2386250000, -5.265422e+001,
2388125000, -5.258511e+001,
2390000000, -5.254171e+001,
2391875000, -5.268561e+001,
2393750000, -5.262072e+001,
2395625000, -5.260056e+001,
2397500000, -5.267739e+001,
2399375000, -5.249020e+001,
2401250000, -5.267932e+001,
2403125000, -5.270232e+001,
2405000000, -5.283499e+001,
2406875000, -5.272664e+001,
2408750000, -5.264301e+001,
2410625000, -5.255114e+001,
2412500000, -5.257373e+001,
2414375000, -5.252522e+001,
2416250000, -5.254008e+001,
2418125000, -5.249384e+001,
2420000000, -5.239532e+001,
2421875000, -5.268890e+001,
2423750000, -5.278825e+001,
2425625000, -5.263528e+001,
2427500000, -5.253893e+001,
2429375000, -5.265306e+001,
2431250000, -5.264808e+001,
2433125000, -5.261733e+001,
2435000000, -5.249900e+001,
2436875000, -5.276417e+001,
2438750000, -5.269424e+001,
2440625000, -5.260294e+001,
2442500000, -5.253874e+001,
2444375000, -5.259963e+001,
2446250000, -5.283636e+001,
2448125000, -5.275000e+001,
2450000000, -5.264454e+001,
2451875000, -5.276246e+001,
2453750000, -5.276805e+001,
2455625000, -5.273481e+001,
2457500000, -5.269827e+001,
2459375000, -5.276988e+001,
2461250000, -5.263269e+001,
2463125000, -5.251831e+001,
2465000000, -5.243737e+001,
2466875000, -5.232494e+001,
2468750000, -5.272641e+001,
2470625000, -5.266602e+001,
2472500000, -5.261530e+001,
2474375000, -5.241447e+001,
2476250000, -5.260621e+001,
2478125000, -5.238945e+001,
2480000000, -5.245559e+001,
2481875000, -5.241824e+001,
2483750000, -5.249809e+001,
2485625000, -5.231275e+001,
2487500000, -5.250680e+001,
2489375000, -5.235588e+001,
2491250000, -5.215646e+001,
2493125000, -5.227586e+001,
2495000000, -5.208963e+001,
2496875000, -5.221944e+001,
2498750000, -5.188848e+001,
2500625000, -5.236320e+001,
2502500000, -5.221314e+001,
2504375000, -5.212018e+001,
2506250000, -5.209270e+001,
2508125000, -5.216050e+001,
2510000000, -5.206416e+001,
2511875000, -5.224361e+001,
2513750000, -5.216711e+001,
2515625000, -5.232384e+001,
2517500000, -5.225171e+001,
2519375000, -5.231913e+001,
2521250000, -5.219801e+001,
2523125000, -5.215779e+001,
2525000000, -5.242768e+001,
2526875000, -5.253020e+001,
2528750000, -5.237626e+001,
2530625000, -5.221932e+001,
2532500000, -5.270481e+001,
2534375000, -5.272161e+001,
2536250000, -5.253320e+001,
2538125000, -5.269357e+001,
2540000000, -5.257417e+001,
2541875000, -5.278361e+001,
2543750000, -5.268796e+001,
2545625000, -5.292435e+001,
2547500000, -5.297237e+001,
2549375000, -5.301025e+001,
2551250000, -5.290284e+001,
2553125000, -5.277982e+001,
2555000000, -5.295411e+001,
2556875000, -5.319584e+001,
2558750000, -5.304013e+001,
2560625000, -5.306332e+001,
2562500000, -5.291205e+001,
2564375000, -5.291328e+001,
2566250000, -5.288263e+001,
2568125000, -5.290969e+001,
2570000000, -5.266858e+001,
2571875000, -5.298446e+001,
2573750000, -5.275391e+001,
2575625000, -5.250498e+001,
2577500000, -5.244688e+001,
2579375000, -5.263340e+001,
2581250000, -5.258385e+001,
2583125000, -5.225194e+001,
2585000000, -5.257201e+001,
2586875000, -5.231503e+001,
2588750000, -5.240423e+001,
2590625000, -5.200053e+001,
2592500000, -5.229480e+001,
2594375000, -5.188803e+001,
2596250000, -5.209253e+001,
2598125000, -5.191628e+001,
2600000000, -5.183296e+001,
2601875000, -5.182413e+001,
2603750000, -5.182238e+001,
2605625000, -5.164200e+001,
2607500000, -5.168252e+001,
2609375000, -5.155958e+001,
2611250000, -5.142965e+001,
2613125000, -5.171786e+001,
2615000000, -5.170539e+001,
2616875000, -5.148382e+001,
2618750000, -5.144643e+001,
2620625000, -5.149594e+001,
2622500000, -5.152327e+001,
2624375000, -5.165802e+001,
2626250000, -5.158254e+001,
2628125000, -5.164544e+001,
2630000000, -5.153367e+001,
2631875000, -5.165137e+001,
2633750000, -5.179717e+001,
2635625000, -5.165141e+001,
2637500000, -5.178381e+001,
2639375000, -5.202849e+001,
2641250000, -5.201524e+001,
2643125000, -5.202728e+001,
2645000000, -5.189986e+001,
2646875000, -5.182877e+001,
2648750000, -5.207593e+001,
2650625000, -5.212109e+001,
2652500000, -5.213043e+001,
2654375000, -5.190142e+001,
2656250000, -5.191994e+001,
2658125000, -5.191934e+001,
2660000000, -5.201265e+001,
2661875000, -5.212992e+001,
2663750000, -5.221947e+001,
2665625000, -5.193677e+001,
2667500000, -5.202010e+001,
2669375000, -5.207903e+001,
2671250000, -5.198653e+001,
2673125000, -5.221388e+001,
2675000000, -5.200708e+001,
2676875000, -5.192020e+001,
2678750000, -5.203910e+001,
2680625000, -5.192513e+001,
2682500000, -5.203365e+001,
2684375000, -5.212442e+001,
2686250000, -5.201979e+001,
2688125000, -5.202364e+001,
2690000000, -5.213949e+001,
2691875000, -5.200698e+001,
2693750000, -5.194781e+001,
2695625000, -5.184444e+001,
2697500000, -5.187527e+001,
2699375000, -5.187461e+001,
2701250000, -5.200552e+001,
2703125000, -5.197625e+001,
2705000000, -5.200279e+001,
2706875000, -5.206144e+001,
2708750000, -5.189421e+001,
2710625000, -5.183789e+001,
2712500000, -5.185283e+001,
2714375000, -5.180600e+001,
2716250000, -5.182273e+001,
2718125000, -5.182517e+001,
2720000000, -5.195287e+001,
2721875000, -5.201674e+001,
2723750000, -5.193754e+001,
2725625000, -5.209071e+001,
2727500000, -5.206409e+001,
2729375000, -5.197115e+001,
2731250000, -5.193200e+001,
2733125000, -5.186395e+001,
2735000000, -5.185442e+001,
2736875000, -5.175207e+001,
2738750000, -5.160958e+001,
2740625000, -5.139613e+001,
2742500000, -5.161011e+001,
2744375000, -5.166798e+001,
2746250000, -5.174525e+001,
2748125000, -5.177673e+001,
2750000000, -5.154342e+001,
2751875000, -5.160314e+001,
2753750000, -5.150516e+001,
2755625000, -5.138431e+001,
2757500000, -5.142163e+001,
2759375000, -5.140664e+001,
2761250000, -5.125859e+001,
2763125000, -5.137739e+001,
2765000000, -5.142778e+001,
2766875000, -5.140459e+001,
2768750000, -5.121724e+001,
2770625000, -5.135442e+001,
2772500000, -5.115745e+001,
2774375000, -5.131628e+001,
2776250000, -5.143596e+001,
2778125000, -5.134431e+001,
2780000000, -5.133643e+001,
2781875000, -5.096353e+001,
2783750000, -5.115097e+001,
2785625000, -5.126057e+001,
2787500000, -5.139054e+001,
2789375000, -5.123486e+001,
2791250000, -5.134913e+001,
2793125000, -5.140944e+001,
2795000000, -5.152867e+001,
2796875000, -5.149672e+001,
2798750000, -5.172226e+001,
2800625000, -5.168023e+001,
2802500000, -5.158531e+001,
2804375000, -5.184728e+001,
2806250000, -5.130881e+001,
2808125000, -5.152846e+001,
2810000000, -5.153279e+001,
2811875000, -5.183443e+001,
2813750000, -5.178045e+001,
2815625000, -5.193436e+001,
2817500000, -5.194619e+001,
2819375000, -5.215911e+001,
2821250000, -5.205820e+001,
2823125000, -5.216500e+001,
2825000000, -5.223906e+001,
2826875000, -5.217260e+001,
2828750000, -5.175389e+001,
2830625000, -5.227586e+001,
2832500000, -5.222985e+001,
2834375000, -5.178146e+001,
2836250000, -5.195552e+001,
2838125000, -5.196804e+001,
2840000000, -5.206431e+001,
2841875000, -5.222710e+001,
2843750000, -5.189168e+001,
2845625000, -5.163207e+001,
2847500000, -5.183110e+001,
2849375000, -5.164740e+001,
2851250000, -5.161456e+001,
2853125000, -5.145844e+001,
2855000000, -5.129848e+001,
2856875000, -5.131393e+001,
2858750000, -5.133359e+001,
2860625000, -5.119176e+001,
2862500000, -5.103755e+001,
2864375000, -5.115212e+001,
2866250000, -5.104134e+001,
2868125000, -5.101079e+001,
2870000000, -5.103999e+001,
2871875000, -5.096835e+001,
2873750000, -5.088676e+001,
2875625000, -5.083518e+001,
2877500000, -5.059174e+001,
2879375000, -5.113512e+001,
2881250000, -5.070677e+001,
2883125000, -5.044028e+001,
2885000000, -5.052800e+001,
2886875000, -5.077920e+001,
2888750000, -5.064218e+001,
2890625000, -5.052103e+001,
2892500000, -5.074320e+001,
2894375000, -5.069436e+001,
2896250000, -5.101966e+001,
2898125000, -5.088667e+001,
2900000000, -5.112576e+001,
2901875000, -5.115546e+001,
2903750000, -5.120782e+001,
2905625000, -5.096007e+001,
2907500000, -5.119341e+001,
2909375000, -5.096150e+001,
2911250000, -5.119758e+001,
2913125000, -5.111410e+001,
2915000000, -5.114173e+001,
2916875000, -5.126902e+001,
2918750000, -5.154006e+001,
2920625000, -5.114812e+001,
2922500000, -5.139233e+001,
2924375000, -5.164487e+001,
2926250000, -5.168824e+001,
2928125000, -5.175315e+001,
2930000000, -5.181717e+001,
2931875000, -5.177483e+001,
2933750000, -5.186247e+001,
2935625000, -5.150005e+001,
2937500000, -5.138265e+001,
2939375000, -5.184707e+001,
2941250000, -5.174557e+001,
2943125000, -5.151994e+001,
2945000000, -5.170933e+001,
2946875000, -5.142015e+001,
2948750000, -5.139537e+001,
2950625000, -5.156215e+001,
2952500000, -5.146175e+001,
2954375000, -5.147926e+001,
2956250000, -5.141267e+001,
2958125000, -5.143913e+001,
2960000000, -5.122448e+001,
2961875000, -5.105398e+001,
2963750000, -5.132835e+001,
2965625000, -5.100984e+001,
2967500000, -5.081276e+001,
2969375000, -5.075157e+001,
2971250000, -5.092416e+001,
2973125000, -5.117894e+001,
2975000000, -5.102817e+001,
2976875000, -5.078324e+001,
2978750000, -5.066718e+001,
2980625000, -5.061584e+001,
2982500000, -5.064788e+001,
2984375000, -5.074379e+001,
2986250000, -5.081330e+001,
2988125000, -5.125337e+001,
2990000000, -5.083140e+001,
2991875000, -5.072571e+001,
2993750000, -5.077753e+001,
2995625000, -5.066547e+001,
2997500000, -5.085174e+001,
2999375000, -5.097413e+001,
3001250000, -5.063890e+001,
3003125000, -5.087224e+001,
3005000000, -5.078508e+001,
3006875000, -5.091301e+001,
3008750000, -5.139655e+001,
3010625000, -5.126859e+001,
3012500000, -5.086659e+001,
3014375000, -5.091809e+001,
3016250000, -5.078474e+001,
3018125000, -5.119648e+001,
3020000000, -5.140450e+001,
3021875000, -5.164180e+001,
3023750000, -5.166912e+001,
3025625000, -5.034439e+001,
3027500000, -5.115309e+001,
3029375000, -5.093156e+001,
3031250000, -5.110614e+001,
3033125000, -5.141224e+001,
3035000000, -5.097804e+001,
3036875000, -5.086346e+001,
3038750000, -5.097531e+001,
3040625000, -5.065584e+001,
3042500000, -5.092365e+001,
3044375000, -5.157549e+001,
3046250000, -5.115349e+001,
3048125000, -5.084141e+001,
3050000000, -5.059001e+001,
3051875000, -5.028334e+001,
3053750000, -5.060124e+001,
3055625000, -5.132320e+001,
3057500000, -5.144876e+001,
3059375000, -5.044659e+001,
3061250000, -5.028172e+001,
3063125000, -5.041275e+001,
3065000000, -5.033577e+001,
3066875000, -5.055848e+001,
3068750000, -5.106000e+001,
3070625000, -5.050032e+001,
3072500000, -5.037066e+001,
3074375000, -5.086874e+001,
3076250000, -5.015901e+001,
3078125000, -5.066082e+001,
3080000000, -5.094617e+001,
3081875000, -5.082648e+001,
3083750000, -5.105736e+001,
3085625000, -5.058531e+001,
3087500000, -5.059560e+001,
3089375000, -5.021302e+001,
3091250000, -5.035963e+001,
3093125000, -5.193034e+001,
3095000000, -5.098527e+001,
3096875000, -5.057498e+001,
3098750000, -5.116954e+001,
3100625000, -5.023749e+001,
3102500000, -5.060789e+001,
3104375000, -5.076029e+001,
3106250000, -5.166699e+001,
3108125000, -5.097023e+001,
3110000000, -5.125345e+001,
3111875000, -5.128466e+001,
3113750000, -5.111142e+001,
3115625000, -5.116988e+001,
3117500000, -5.117531e+001,
3119375000, -5.082262e+001,
3121250000, -5.175130e+001,
3123125000, -5.178725e+001,
3125000000, -5.031621e+001,
3126875000, -5.039435e+001,
3128750000, -5.071589e+001,
3130625000, -5.148138e+001,
3132500000, -5.082026e+001,
3134375000, -5.125258e+001,
3136250000, -5.121098e+001,
3138125000, -5.134886e+001,
3140000000, -4.994786e+001,
3141875000, -4.994435e+001,
3143750000, -5.083056e+001,
3145625000, -5.109277e+001,
3147500000, -5.145609e+001,
3149375000, -5.080807e+001,
3151250000, -5.014172e+001,
3153125000, -5.099266e+001,
3155000000, -5.089749e+001,
3156875000, -5.063351e+001,
3158750000, -5.007932e+001,
3160625000, -5.056001e+001,
3162500000, -5.244376e+001,
3164375000, -5.035578e+001,
3166250000, -4.940484e+001,
3168125000, -4.984659e+001,
3170000000, -5.104881e+001,
3171875000, -5.077487e+001,
3173750000, -5.043708e+001,
3175625000, -5.149135e+001,
3177500000, -5.108421e+001,
3179375000, -5.177870e+001,
3181250000, -5.066581e+001,
3183125000, -5.018080e+001,
3185000000, -5.011389e+001,
3186875000, -5.075346e+001,
3188750000, -5.244238e+001,
3190625000, -5.108764e+001,
3192500000, -5.102007e+001,
3194375000, -5.136542e+001,
3196250000, -5.171925e+001,
3198125000, -5.007855e+001,
3200000000, -5.122720e+001,
3201875000, -5.088577e+001,
3203750000, -5.194621e+001,
3205625000, -5.235329e+001,
3207500000, -4.983794e+001,
3209375000, -5.053704e+001,
3211250000, -5.118537e+001,
3213125000, -5.074726e+001,
3215000000, -5.143501e+001,
3216875000, -5.086795e+001,
3218750000, -5.190832e+001,
3220625000, -5.072977e+001,
3222500000, -5.151676e+001,
3224375000, -5.206810e+001,
3226250000, -5.017893e+001,
3228125000, -5.025262e+001,
3230000000, -5.023910e+001,
3231875000, -5.254650e+001,
3233750000, -5.068734e+001,
3235625000, -5.204226e+001,
3237500000, -5.157018e+001,
3239375000, -5.260415e+001,
3241250000, -5.033796e+001,
3243125000, -4.877457e+001,
3245000000, -4.920419e+001,
3246875000, -4.981949e+001,
3248750000, -5.338326e+001,
3250625000, -5.224354e+001,
3252500000, -5.145828e+001,
3254375000, -4.992100e+001,
3256250000, -5.039813e+001,
3258125000, -5.068336e+001,
3260000000, -5.144723e+001,
3261875000, -5.064645e+001,
3263750000, -5.125898e+001,
3265625000, -5.123242e+001,
3267500000, -5.183780e+001,
3269375000, -5.166888e+001,
3271250000, -5.078606e+001,
3273125000, -5.306012e+001,
3275000000, -5.161870e+001,
3276875000, -5.120700e+001,
3278750000, -5.059135e+001,
3280625000, -5.175852e+001,
3282500000, -5.297909e+001,
3284375000, -5.424998e+001,
3286250000, -5.208248e+001,
3288125000, -4.964037e+001,
3290000000, -5.081380e+001,
3291875000, -4.845491e+001,
3293750000, -4.862171e+001,
3295625000, -5.071154e+001,
3297500000, -5.205098e+001,
3299375000, -5.463595e+001,
3301250000, -5.447068e+001,
3303125000, -5.243562e+001,
3305000000, -5.229645e+001,
3306875000, -5.153592e+001,
3308750000, -4.843853e+001,
3310625000, -5.089231e+001,
3312500000, -4.991817e+001,
3314375000, -4.977570e+001,
3316250000, -5.485374e+001,
3318125000, -5.189571e+001,
3320000000, -5.241496e+001,
3321875000, -5.200375e+001,
3323750000, -5.274702e+001,
3325625000, -4.955968e+001,
3327500000, -4.853115e+001,
3329375000, -5.113741e+001,
3331250000, -5.752702e+001,
3333125000, -5.050834e+001,
3335000000, -5.400344e+001,
3336875000, -4.891349e+001,
3338750000, -4.866497e+001,
3340625000, -4.905239e+001,
3342500000, -4.521914e+001,
3344375000, -4.816109e+001,
3346250000, -5.176418e+001,
3348125000, -4.862544e+001,
3350000000, -4.939359e+001,
3351875000, -5.257624e+001,
3353750000, -5.520288e+001,
3355625000, -5.226351e+001,
3357500000, -6.321731e+001,
3359375000, -5.214697e+001,
3361250000, -5.385276e+001,
3363125000, -4.762948e+001,
3365000000, -4.673219e+001,
3366875000, -4.997820e+001,
3368750000, -4.916854e+001,
3370625000, -4.784297e+001,
3372500000, -5.131569e+001,
3374375000, -6.817117e+001,
3376250000, -5.059129e+001,
3378125000, -4.783109e+001,
3380000000, -5.018956e+001,
3381875000, -4.867862e+001,
3383750000, -5.778306e+001,
3385625000, -4.983614e+001,
3387500000, -5.083023e+001,
3389375000, -6.282170e+001,
3391250000, -5.294676e+001,
3393125000, -5.418215e+001,
3395000000, -5.214526e+001,
3396875000, -5.168044e+001,
3398750000, -4.823973e+001,
3400625000, -4.785239e+001,
3402500000, -4.540892e+001,
3404375000, -4.730183e+001,
3406250000, -4.781253e+001,
3408125000, -4.866809e+001,
3410000000, -4.450676e+001,
3411875000, -4.396981e+001,
3413750000, -4.829533e+001,
3415625000, -5.844844e+001,
3417500000, -5.479898e+001,
3419375000, -5.294725e+001,
3421250000, -5.270337e+001,
3423125000, -4.855735e+001,
3425000000, -4.552279e+001,
3426875000, -4.618897e+001,
3428750000, -4.990376e+001,
3430625000, -5.417583e+001,
3432500000, -5.540068e+001,
3434375000, -5.651506e+001,
3436250000, -5.121450e+001,
3438125000, -6.693188e+001,
3440000000, -4.540348e+001,
3441875000, -4.159557e+001,
3443750000, -4.224731e+001,
3445625000, -4.506703e+001,
3447500000, -4.389515e+001,
3449375000, -4.615639e+001,
3451250000, -5.406546e+001,
3453125000, -4.638310e+001,
3455000000, -4.244945e+001,
3456875000, -4.297722e+001,
3458750000, -4.327972e+001,
3460625000, -4.405494e+001,
3462500000, -4.610788e+001,
3464375000, -4.877456e+001,
3466250000, -4.879160e+001,
3468125000, -4.447314e+001,
3470000000, -4.091074e+001,
3471875000, -3.787531e+001,
3473750000, -3.812901e+001,
3475625000, -4.236909e+001,
3477500000, -5.724385e+001,
3479375000, -4.394751e+001,
3481250000, -3.813077e+001,
3483125000, -3.682749e+001,
3485000000, -3.633289e+001,
3486875000, -3.959771e+001,
3488750000, -4.682834e+001,
3490625000, -7.894736e+001,
3492500000, -4.485725e+001,
3494375000, -4.035165e+001,
3496250000, -4.017781e+001,
3498125000, -3.985067e+001,
3500000000, -4.135722e+001,
3501875000, -4.447164e+001,
3503750000, -4.616779e+001,
3505625000, -5.193798e+001,
3507500000, -6.227052e+001,
3509375000, -5.064215e+001,
3511250000, -4.359912e+001,
3513125000, -3.965366e+001,
3515000000, -3.863301e+001,
3516875000, -4.015243e+001,
3518750000, -4.227496e+001,
3520625000, -4.093959e+001,
3522500000, -3.649892e+001,
3524375000, -3.385382e+001,
3526250000, -3.235911e+001,
3528125000, -3.200513e+001,
3530000000, -3.291422e+001,
3531875000, -3.494757e+001,
3533750000, -3.622103e+001,
3535625000, -3.990266e+001,
3537500000, -4.414339e+001,
3539375000, -4.395157e+001,
3541250000, -3.796869e+001,
3543125000, -3.461727e+001,
3545000000, -3.536568e+001,
3546875000, -3.151021e+001,
3548750000, -2.941983e+001,
3550625000, -2.881125e+001,
3552500000, -2.849938e+001,
3554375000, -2.855387e+001,
3556250000, -3.050688e+001,
3558125000, -3.446716e+001,
3560000000, -3.734097e+001,
3561875000, -3.308930e+001,
3563750000, -2.841659e+001,
3565625000, -2.605054e+001,
3567500000, -2.554753e+001,
3569375000, -2.544919e+001,
3571250000, -2.559493e+001,
3573125000, -2.609746e+001,
3575000000, -2.755928e+001,
3576875000, -3.054597e+001,
3578750000, -3.304897e+001,
3580625000, -3.156716e+001,
3582500000, -2.864750e+001,
3584375000, -2.599778e+001,
3586250000, -2.442285e+001,
3588125000, -2.417194e+001,
3590000000, -2.444092e+001,
3591875000, -2.513754e+001,
3593750000, -2.641778e+001,
3595625000, -2.911394e+001,
3597500000, -3.275063e+001,
3599375000, -3.138289e+001,
3601250000, -2.774778e+001,
3603125000, -2.554130e+001,
3605000000, -2.459439e+001,
3606875000, -2.440194e+001,
3608750000, -2.489074e+001,
3610625000, -2.606612e+001,
3612500000, -2.828323e+001,
3614375000, -3.183080e+001,
3616250000, -3.237063e+001,
3618125000, -2.935118e+001,
3620000000, -2.702069e+001,
3621875000, -2.586252e+001,
3623750000, -2.548095e+001,
3625625000, -2.563622e+001,
3627500000, -2.650125e+001,
3629375000, -2.853727e+001,
3631250000, -3.174285e+001,
3633125000, -3.643586e+001,
3635000000, -3.541469e+001,
3636875000, -3.023003e+001,
3638750000, -2.747046e+001,
3640625000, -2.636539e+001,
3642500000, -2.618590e+001,
3644375000, -2.673698e+001,
3646250000, -2.842322e+001,
3648125000, -3.223952e+001,
3650000000, -4.055239e+001,
3651875000, -3.874079e+001,
3653750000, -3.210657e+001,
3655625000, -2.873598e+001,
3657500000, -2.763339e+001,
3659375000, -2.788306e+001,
3661250000, -2.910669e+001,
3663125000, -3.106662e+001,
3665000000, -3.432705e+001,
3666875000, -4.114799e+001,
3668750000, -4.143730e+001,
3670625000, -3.481552e+001,
3672500000, -3.134556e+001,
3674375000, -2.928924e+001,
3676250000, -2.853102e+001,
3678125000, -2.885570e+001,
3680000000, -3.034442e+001,
3681875000, -3.262467e+001,
3683750000, -3.736184e+001,
3685625000, -4.264162e+001,
3687500000, -3.607921e+001,
3689375000, -3.346039e+001,
3691250000, -3.168515e+001,
3693125000, -3.061615e+001,
3695000000, -3.165280e+001,
3696875000, -3.451250e+001,
3698750000, -3.746667e+001,
3700625000, -3.951464e+001,
3702500000, -4.197775e+001,
3704375000, -3.673932e+001,
3706250000, -3.370768e+001,
3708125000, -3.215441e+001,
3710000000, -3.115487e+001,
3711875000, -3.122803e+001,
3713750000, -3.272221e+001,
3715625000, -3.538897e+001,
3717500000, -4.435867e+001,
3719375000, -4.219106e+001,
3721250000, -3.344131e+001,
3723125000, -3.061419e+001,
3725000000, -2.957200e+001,
3726875000, -2.902333e+001,
3728750000, -2.931113e+001,
3730625000, -3.170161e+001,
3732500000, -3.771456e+001,
3734375000, -5.441141e+001,
3736250000, -4.052017e+001,
3738125000, -3.505916e+001,
3740000000, -3.233410e+001,
3741875000, -3.167635e+001,
3743750000, -3.283548e+001,
3745625000, -3.527484e+001,
3747500000, -3.757856e+001,
3749375000, -4.019954e+001,
3751250000, -4.656857e+001,
3753125000, -4.412155e+001,
3755000000, -3.914297e+001,
3756875000, -3.772638e+001,
3758750000, -3.668107e+001,
3760625000, -3.627806e+001,
3762500000, -3.725850e+001,
3764375000, -3.923831e+001,
3766250000, -3.855576e+001,
3768125000, -3.745565e+001,
3770000000, -3.716771e+001,
3771875000, -3.784111e+001,
3773750000, -4.025644e+001,
3775625000, -4.500195e+001,
3777500000, -6.116028e+001,
3779375000, -4.693500e+001,
3781250000, -4.295690e+001,
3783125000, -4.171566e+001,
3785000000, -4.050526e+001,
3786875000, -3.952932e+001,
3788750000, -3.911509e+001,
3790625000, -4.000331e+001,
3792500000, -4.377700e+001,
3794375000, -4.981132e+001,
3796250000, -4.464975e+001,
3798125000, -3.992791e+001,
3800000000, -3.743923e+001,
3801875000, -3.760932e+001,
3803750000, -3.978326e+001,
3805625000, -4.317040e+001,
3807500000, -4.819734e+001,
3809375000, -4.655921e+001,
3811250000, -4.491673e+001,
3813125000, -4.719397e+001,
3815000000, -5.313415e+001,
3816875000, -5.328041e+001,
3818750000, -4.982787e+001,
3820625000, -5.055391e+001,
3822500000, -5.146797e+001,
3824375000, -4.676922e+001,
3826250000, -4.283722e+001,
3828125000, -4.098954e+001,
3830000000, -4.109588e+001,
3831875000, -4.329509e+001,
3833750000, -4.674022e+001,
3835625000, -4.587659e+001,
3837500000, -4.337575e+001,
3839375000, -4.323259e+001,
3841250000, -4.623423e+001,
3843125000, -5.425576e+001,
3845000000, -5.388604e+001,
3846875000, -5.119903e+001,
3848750000, -5.671537e+001,
3850625000, -5.435778e+001,
3852500000, -4.615047e+001,
3854375000, -4.330822e+001,
3856250000, -4.328295e+001,
3858125000, -4.571810e+001,
3860000000, -4.687754e+001,
3861875000, -4.490316e+001,
3863750000, -4.322026e+001,
3865625000, -4.431995e+001,
3867500000, -4.836077e+001,
3869375000, -5.452341e+001,
3871250000, -5.074939e+001,
3873125000, -5.058351e+001,
3875000000, -5.626682e+001,
3876875000, -6.008676e+001,
3878750000, -5.059993e+001,
3880625000, -4.850619e+001,
3882500000, -4.930806e+001,
3884375000, -4.978350e+001,
3886250000, -4.695108e+001,
3888125000, -4.503040e+001,
3890000000, -4.547282e+001,
3891875000, -4.774121e+001,
3893750000, -4.850240e+001,
3895625000, -4.716798e+001,
3897500000, -4.790869e+001,
3899375000, -5.169089e+001,
3901250000, -5.556646e+001,
3903125000, -5.258277e+001,
3905000000, -5.207056e+001,
3906875000, -5.396801e+001,
3908750000, -5.045378e+001,
3910625000, -4.750741e+001,
3912500000, -4.714763e+001,
3914375000, -4.785435e+001,
3916250000, -4.743926e+001,
3918125000, -4.675781e+001,
3920000000, -4.776331e+001,
3921875000, -4.999646e+001,
3923750000, -5.147794e+001,
3925625000, -5.071637e+001,
3927500000, -5.169976e+001,
3929375000, -5.260380e+001,
3931250000, -5.039057e+001,
3933125000, -4.880611e+001,
3935000000, -4.911482e+001,
3936875000, -4.862095e+001,
3938750000, -4.763543e+001,
3940625000, -4.747642e+001,
3942500000, -4.792239e+001,
3944375000, -4.850938e+001,
3946250000, -4.890418e+001,
3948125000, -4.919891e+001,
3950000000, -5.102073e+001,
3951875000, -5.145792e+001,
3953750000, -5.034782e+001,
3955625000, -4.997850e+001,
3957500000, -4.976291e+001,
3959375000, -4.877911e+001,
3961250000, -4.801488e+001,
3963125000, -4.785933e+001,
3965000000, -4.864879e+001,
3966875000, -4.844382e+001,
3968750000, -4.802551e+001,
3970625000, -4.898452e+001,
3972500000, -4.953330e+001,
3974375000, -4.924982e+001,
3976250000, -4.938498e+001,
3978125000, -5.005794e+001,
3980000000, -5.013168e+001,
3981875000, -4.916655e+001,
3983750000, -4.876870e+001,
3985625000, -4.880510e+001,
3987500000, -4.835477e+001,
3989375000, -4.837965e+001,
3991250000, -4.908531e+001,
3993125000, -4.944538e+001,
3995000000, -4.917604e+001,
3996875000, -4.956379e+001,
3998750000, -4.985876e+001,
4000625000, -4.944228e+001,
4002500000, -4.954284e+001,
4004375000, -4.966396e+001,
4006250000, -4.897218e+001,
4008125000, -4.852186e+001,
4010000000, -4.904103e+001,
4011875000, -4.939193e+001,
4013750000, -4.942927e+001,
4015625000, -5.009011e+001,
4017500000, -5.017327e+001,
4019375000, -4.967769e+001,
4021250000, -4.970759e+001,
4023125000, -4.974869e+001,
4025000000, -4.940228e+001,
4026875000, -4.954958e+001,
4028750000, -5.007124e+001,
4030625000, -4.962320e+001,
4032500000, -5.003927e+001,
4034375000, -5.027402e+001,
4036250000, -4.993726e+001,
4038125000, -5.023801e+001,
4040000000, -4.993539e+001,
4041875000, -4.955084e+001,
4043750000, -4.959907e+001,
4045625000, -4.980526e+001,
4047500000, -4.969524e+001,
4049375000, -4.967297e+001,
4051250000, -4.976700e+001,
4053125000, -4.981204e+001,
4055000000, -4.981902e+001,
4056875000, -4.971251e+001,
4058750000, -4.936922e+001,
4060625000, -4.943380e+001,
4062500000, -4.930499e+001,
4064375000, -4.923059e+001,
4066250000, -4.939209e+001,
4068125000, -4.917951e+001,
4070000000, -4.918594e+001,
4071875000, -4.919961e+001,
4073750000, -4.925954e+001,
4075625000, -4.897593e+001,
4077500000, -4.912554e+001,
4079375000, -4.903630e+001,
4081250000, -4.882885e+001,
4083125000, -4.897521e+001,
4085000000, -4.890878e+001,
4086875000, -4.909751e+001,
4088750000, -4.910014e+001,
4090625000, -4.876724e+001,
4092500000, -4.894146e+001,
4094375000, -4.888290e+001,
4096250000, -4.890567e+001,
4098125000, -4.901454e+001,
4100000000, -4.906162e+001,
4101875000, -4.901808e+001,
4103750000, -4.909543e+001,
4105625000, -4.907655e+001,
4107500000, -4.923098e+001,
4109375000, -4.908348e+001,
4111250000, -4.926026e+001,
4113125000, -4.911684e+001,
4115000000, -4.921492e+001,
4116875000, -4.933733e+001,
4118750000, -4.941981e+001,
4120625000, -4.940575e+001,
4122500000, -4.941230e+001,
4124375000, -4.955634e+001,
4126250000, -4.960393e+001,
4128125000, -4.971959e+001,
4130000000, -4.974959e+001,
4131875000, -4.977156e+001,
4133750000, -4.973410e+001,
4135625000, -4.965983e+001,
4137500000, -4.978542e+001,
4139375000, -4.977010e+001,
4141250000, -4.992179e+001,
4143125000, -4.994338e+001,
4145000000, -4.984362e+001,
4146875000, -4.984424e+001,
4148750000, -4.991553e+001,
4150625000, -4.982820e+001,
4152500000, -4.990274e+001,
4154375000, -4.990880e+001,
4156250000, -4.988046e+001,
4158125000, -4.981897e+001,
4160000000, -4.978154e+001,
4161875000, -4.986651e+001,
4163750000, -4.979574e+001,
4165625000, -4.970831e+001,
4167500000, -4.976305e+001,
4169375000, -4.976154e+001,
4171250000, -4.971315e+001,
4173125000, -4.987222e+001,
4175000000, -4.975478e+001,
4176875000, -4.974312e+001,
4178750000, -4.981012e+001,
4180625000, -4.979689e+001,
4182500000, -4.974145e+001,
4184375000, -4.976830e+001,
4186250000, -4.982739e+001,
4188125000, -4.981021e+001,
4190000000, -4.975206e+001,
4191875000, -4.987650e+001,
4193750000, -4.980645e+001,
4195625000, -4.997678e+001,
4197500000, -4.979912e+001,
4199375000, -4.998915e+001,
4201250000, -5.003920e+001,
4203125000, -5.004999e+001,
4205000000, -5.010405e+001,
4206875000, -5.006273e+001,
4208750000, -5.014102e+001,
4210625000, -5.000458e+001,
4212500000, -5.009136e+001,
4214375000, -5.021082e+001,
4216250000, -5.028733e+001,
4218125000, -5.000977e+001,
4220000000, -5.006107e+001,
4221875000, -5.026832e+001,
4223750000, -5.018437e+001,
4225625000, -5.007460e+001,
4227500000, -5.005553e+001,
4229375000, -5.002685e+001,
4231250000, -4.997773e+001,
4233125000, -4.996525e+001,
4235000000, -4.997531e+001,
4236875000, -4.994432e+001,
4238750000, -4.988041e+001,
4240625000, -4.984378e+001,
4242500000, -4.972164e+001,
4244375000, -4.987226e+001,
4246250000, -4.984878e+001,
4248125000, -4.985800e+001,
4250000000, -4.980487e+001,
4251875000, -4.979580e+001,
4253750000, -4.982790e+001,
4255625000, -4.973325e+001,
4257500000, -4.981686e+001,
4259375000, -4.968771e+001,
4261250000, -4.982529e+001,
4263125000, -4.978952e+001,
4265000000, -4.991327e+001,
4266875000, -4.989508e+001,
4268750000, -4.979224e+001,
4270625000, -4.999134e+001,
4272500000, -5.000961e+001,
4274375000, -5.013881e+001,
4276250000, -5.002216e+001,
4278125000, -5.011602e+001,
4280000000, -5.020014e+001,
4281875000, -5.016713e+001,
4283750000, -5.027919e+001,
4285625000, -5.035733e+001,
4287500000, -5.046490e+001,
4289375000, -5.043577e+001,
4291250000, -5.050330e+001,
4293125000, -5.063865e+001,
4295000000, -5.072756e+001,
4296875000, -5.072264e+001,
4298750000, -5.093733e+001,
4300625000, -5.075977e+001,
4302500000, -5.104728e+001,
4304375000, -5.094506e+001,
4306250000, -5.098396e+001,
4308125000, -5.104905e+001,
4310000000, -5.106507e+001,
4311875000, -5.115839e+001,
4313750000, -5.100546e+001,
4315625000, -5.108156e+001,
4317500000, -5.102372e+001,
4319375000, -5.103450e+001,
4321250000, -5.096447e+001,
4323125000, -5.094979e+001,
4325000000, -5.087046e+001,
4326875000, -5.097969e+001,
4328750000, -5.077083e+001,
4330625000, -5.054228e+001,
4332500000, -5.064727e+001,
4334375000, -5.045066e+001,
4336250000, -5.057895e+001,
4338125000, -5.048854e+001,
4340000000, -5.032907e+001,
4341875000, -5.033839e+001,
4343750000, -5.026374e+001,
4345625000, -5.022151e+001,
4347500000, -5.007212e+001,
4349375000, -5.011694e+001,
4351250000, -5.013490e+001,
4353125000, -5.001239e+001,
4355000000, -5.004673e+001,
4356875000, -4.994388e+001,
4358750000, -4.991813e+001,
4360625000, -4.991117e+001,
4362500000, -4.988355e+001,
4364375000, -4.984939e+001,
4366250000, -4.992759e+001,
4368125000, -5.002234e+001,
4370000000, -5.003392e+001,
4371875000, -5.008658e+001,
4373750000, -5.002747e+001,
4375625000, -5.005478e+001,
4377500000, -5.010583e+001,
4379375000, -5.018074e+001,
4381250000, -5.029664e+001,
4383125000, -5.023612e+001,
4385000000, -5.045694e+001,
4386875000, -5.051520e+001,
4388750000, -5.052147e+001,
4390625000, -5.046604e+001,
4392500000, -5.065606e+001,
4394375000, -5.077361e+001,
4396250000, -5.081738e+001,
4398125000, -5.076406e+001,
4400000000, -5.092773e+001,
4401875000, -5.094815e+001,
4403750000, -5.100169e+001,
4405625000, -5.112344e+001,
4407500000, -5.118146e+001,
4409375000, -5.109891e+001,
4411250000, -5.106888e+001,
4413125000, -5.107909e+001,
4415000000, -5.106374e+001,
4416875000, -5.125362e+001,
4418750000, -5.111801e+001,
4420625000, -5.111386e+001,
4422500000, -5.109492e+001,
4424375000, -5.100688e+001,
4426250000, -5.107572e+001,
4428125000, -5.113977e+001,
4430000000, -5.095628e+001,
4431875000, -5.098808e+001,
4433750000, -5.090120e+001,
4435625000, -5.092280e+001,
4437500000, -5.096217e+001,
4439375000, -5.084528e+001,
4441250000, -5.086718e+001,
4443125000, -5.076689e+001,
4445000000, -5.078752e+001,
4446875000, -5.071490e+001,
4448750000, -5.070076e+001,
4450625000, -5.065122e+001,
4452500000, -5.066224e+001,
4454375000, -5.061811e+001,
4456250000, -5.059167e+001,
4458125000, -5.064100e+001,
4460000000, -5.048579e+001,
4461875000, -5.067567e+001,
4463750000, -5.069260e+001,
4465625000, -5.055437e+001,
4467500000, -5.066402e+001,
4469375000, -5.070548e+001,
4471250000, -5.068928e+001,
4473125000, -5.071054e+001,
4475000000, -5.068651e+001,
4476875000, -5.071683e+001,
4478750000, -5.085117e+001,
4480625000, -5.074465e+001,
4482500000, -5.087189e+001,
4484375000, -5.085950e+001,
4486250000, -5.066596e+001,
4488125000, -5.075809e+001,
4490000000, -5.074957e+001,
4491875000, -5.085683e+001,
4493750000, -5.085767e+001,
4495625000, -5.088600e+001,
4497500000, -5.075289e+001,
4499375000, -5.068448e+001,
4501250000, -5.067312e+001,
4503125000, -5.077993e+001,
4505000000, -5.062706e+001,
4506875000, -5.070720e+001,
4508750000, -5.081202e+001,
4510625000, -5.064211e+001,
4512500000, -5.065522e+001,
4514375000, -5.066516e+001,
4516250000, -5.075385e+001,
4518125000, -5.062452e+001,
4520000000, -5.055651e+001,
4521875000, -5.067561e+001,
4523750000, -5.064628e+001,
4525625000, -5.059467e+001,
4527500000, -5.060130e+001,
4529375000, -5.051136e+001,
4531250000, -5.058355e+001,
4533125000, -5.062732e+001,
4535000000, -5.059976e+001,
4536875000, -5.067438e+001,
4538750000, -5.077395e+001,
4540625000, -5.069443e+001,
4542500000, -5.081578e+001,
4544375000, -5.074694e+001,
4546250000, -5.074409e+001,
4548125000, -5.084346e+001,
4550000000, -5.091503e+001,
4551875000, -5.106580e+001,
4553750000, -5.101114e+001,
4555625000, -5.100871e+001,
4557500000, -5.107492e+001,
4559375000, -5.117311e+001,
4561250000, -5.124625e+001,
4563125000, -5.128922e+001,
4565000000, -5.132254e+001,
4566875000, -5.124486e+001,
4568750000, -5.142232e+001,
4570625000, -5.149173e+001,
4572500000, -5.142918e+001,
4574375000, -5.145572e+001,
4576250000, -5.153248e+001,
4578125000, -5.159400e+001,
4580000000, -5.146960e+001,
4581875000, -5.145964e+001,
4583750000, -5.134485e+001,
4585625000, -5.152270e+001,
4587500000, -5.171819e+001,
4589375000, -5.159400e+001,
4591250000, -5.146558e+001,
4593125000, -5.136576e+001,
4595000000, -5.140471e+001,
4596875000, -5.147388e+001,
4598750000, -5.138135e+001,
4600625000, -5.129157e+001,
4602500000, -5.129452e+001,
4604375000, -5.124385e+001,
4606250000, -5.116201e+001,
4608125000, -5.109806e+001,
4610000000, -5.101472e+001,
4611875000, -5.098396e+001,
4613750000, -5.089351e+001,
4615625000, -5.085713e+001,
4617500000, -5.070078e+001,
4619375000, -5.069444e+001,
4621250000, -5.066992e+001,
4623125000, -5.063032e+001,
4625000000, -5.063553e+001,
4626875000, -5.048015e+001,
4628750000, -5.063483e+001,
4630625000, -5.051356e+001,
4632500000, -5.052364e+001,
4634375000, -5.050572e+001,
4636250000, -5.059909e+001,
4638125000, -5.050260e+001,
4640000000, -5.054184e+001,
4641875000, -5.065767e+001,
4643750000, -5.069932e+001,
4645625000, -5.074793e+001,
4647500000, -5.070651e+001,
4649375000, -5.083817e+001,
4651250000, -5.079411e+001,
4653125000, -5.095113e+001,
4655000000, -5.099195e+001,
4656875000, -5.107215e+001,
4658750000, -5.120644e+001,
4660625000, -5.123650e+001,
4662500000, -5.142308e+001,
4664375000, -5.132948e+001,
4666250000, -5.149800e+001,
4668125000, -5.147365e+001,
4670000000, -5.160131e+001,
4671875000, -5.172529e+001,
4673750000, -5.174089e+001,
4675625000, -5.171010e+001,
4677500000, -5.186451e+001,
4679375000, -5.193839e+001,
4681250000, -5.198891e+001,
4683125000, -5.192910e+001,
4685000000, -5.201395e+001,
4686875000, -5.204620e+001,
4688750000, -5.221453e+001,
4690625000, -5.211256e+001,
4692500000, -5.214817e+001,
4694375000, -5.195361e+001,
4696250000, -5.223631e+001,
4698125000, -5.206587e+001,
4700000000, -5.201662e+001,
4701875000, -5.199368e+001,
4703750000, -5.215563e+001,
4705625000, -5.197932e+001,
4707500000, -5.188353e+001,
4709375000, -5.182483e+001,
4711250000, -5.176485e+001,
4713125000, -5.172524e+001,
4715000000, -5.165863e+001,
4716875000, -5.176001e+001,
4718750000, -5.177005e+001,
4720625000, -5.158369e+001,
4722500000, -5.159991e+001,
4724375000, -5.157738e+001,
4726250000, -5.150378e+001,
4728125000, -5.158351e+001,
4730000000, -5.153362e+001,
4731875000, -5.146795e+001,
4733750000, -5.144149e+001,
4735625000, -5.147879e+001,
4737500000, -5.138536e+001,
4739375000, -5.151125e+001,
4741250000, -5.157793e+001,
4743125000, -5.143381e+001,
4745000000, -5.151357e+001,
4746875000, -5.152055e+001,
4748750000, -5.152827e+001,
4750625000, -5.160705e+001,
4752500000, -5.152812e+001,
4754375000, -5.155922e+001,
4756250000, -5.153690e+001,
4758125000, -5.170103e+001,
4760000000, -5.175283e+001,
4761875000, -5.156100e+001,
4763750000, -5.170225e+001,
4765625000, -5.147424e+001,
4767500000, -5.163723e+001,
4769375000, -5.172900e+001,
4771250000, -5.161499e+001,
4773125000, -5.165164e+001,
4775000000, -5.166870e+001,
4776875000, -5.161178e+001,
4778750000, -5.165599e+001,
4780625000, -5.144589e+001,
4782500000, -5.160123e+001,
4784375000, -5.179515e+001,
4786250000, -5.165248e+001,
4788125000, -5.163457e+001,
4790000000, -5.157760e+001,
4791875000, -5.166394e+001,
4793750000, -5.165774e+001,
4795625000, -5.160014e+001,
4797500000, -5.172779e+001,
4799375000, -5.180637e+001,
4801250000, -5.181036e+001,
4803125000, -5.170264e+001,
4805000000, -5.172242e+001,
4806875000, -5.177182e+001,
4808750000, -5.188156e+001,
4810625000, -5.191848e+001,
4812500000, -5.186196e+001,
4814375000, -5.197370e+001,
4816250000, -5.202828e+001,
4818125000, -5.207414e+001,
4820000000, -5.212769e+001,
4821875000, -5.210070e+001,
4823750000, -5.205016e+001,
4825625000, -5.220941e+001,
4827500000, -5.236821e+001,
4829375000, -5.230861e+001,
4831250000, -5.259950e+001,
4833125000, -5.243233e+001,
4835000000, -5.257920e+001,
4836875000, -5.272638e+001,
4838750000, -5.274529e+001,
4840625000, -5.287772e+001,
4842500000, -5.301008e+001,
4844375000, -5.285102e+001,
4846250000, -5.294662e+001,
4848125000, -5.295681e+001,
4850000000, -5.304826e+001,
4851875000, -5.299572e+001,
4853750000, -5.297465e+001,
4855625000, -5.295830e+001,
4857500000, -5.293897e+001,
4859375000, -5.282787e+001,
4861250000, -5.285387e+001,
4863125000, -5.299091e+001,
4865000000, -5.289925e+001,
4866875000, -5.285607e+001,
4868750000, -5.264629e+001,
4870625000, -5.275460e+001,
4872500000, -5.271758e+001,
4874375000, -5.254763e+001,
4876250000, -5.249788e+001,
4878125000, -5.223222e+001,
4880000000, -5.231508e+001,
4881875000, -5.235579e+001,
4883750000, -5.216821e+001,
4885625000, -5.206777e+001,
4887500000, -5.195954e+001,
4889375000, -5.195259e+001,
4891250000, -5.187887e+001,
4893125000, -5.173169e+001,
4895000000, -5.162617e+001,
4896875000, -5.175439e+001,
4898750000, -5.159810e+001,
4900625000, -5.153259e+001,
4902500000, -5.149427e+001,
4904375000, -5.147900e+001,
4906250000, -5.150435e+001,
4908125000, -5.150326e+001,
4910000000, -5.146578e+001,
4911875000, -5.153510e+001,
4913750000, -5.150466e+001,
4915625000, -5.168883e+001,
4917500000, -5.166352e+001,
4919375000, -5.164101e+001,
4921250000, -5.180419e+001,
4923125000, -5.188402e+001,
4925000000, -5.196654e+001,
4926875000, -5.211026e+001,
4928750000, -5.230756e+001,
4930625000, -5.234928e+001,
4932500000, -5.243498e+001,
4934375000, -5.246822e+001,
4936250000, -5.253128e+001,
4938125000, -5.271025e+001,
4940000000, -5.274707e+001,
4941875000, -5.303953e+001,
4943750000, -5.300667e+001,
4945625000, -5.315992e+001,
4947500000, -5.319398e+001,
4949375000, -5.323723e+001,
4951250000, -5.336619e+001,
4953125000, -5.341806e+001,
4955000000, -5.366383e+001,
4956875000, -5.362251e+001,
4958750000, -5.368497e+001,
4960625000, -5.379312e+001,
4962500000, -5.382524e+001,
4964375000, -5.379369e+001,
4966250000, -5.366700e+001,
4968125000, -5.391818e+001,
4970000000, -5.372493e+001,
4971875000, -5.368917e+001,
4973750000, -5.364229e+001,
4975625000, -5.383458e+001,
4977500000, -5.385040e+001,
4979375000, -5.370045e+001,
4981250000, -5.359920e+001,
4983125000, -5.347493e+001,
4985000000, -5.370153e+001,
4986875000, -5.348774e+001,
4988750000, -5.335688e+001,
4990625000, -5.318211e+001,
4992500000, -5.314639e+001,
4994375000, -5.297128e+001,
4996250000, -5.300859e+001,
4998125000, -5.291395e+001,
5000000000, -5.284689e+001,
