"S21 Log Mag"
"Frequency (Hz)","dB",
3000000000, -4.874868e+001,
3001562500, -4.886194e+001,
3003125000, -4.873270e+001,
3004687500, -4.880886e+001,
3006250000, -4.862304e+001,
3007812500, -4.865435e+001,
3009375000, -4.862934e+001,
3010937500, -4.855811e+001,
3012500000, -4.854118e+001,
3014062500, -4.841843e+001,
3015625000, -4.846554e+001,
3017187500, -4.835105e+001,
3018750000, -4.839496e+001,
3020312500, -4.823582e+001,
3021875000, -4.833770e+001,
3023437500, -4.814809e+001,
3025000000, -4.823721e+001,
3026562500, -4.808089e+001,
3028125000, -4.813977e+001,
3029687500, -4.796845e+001,
3031250000, -4.805976e+001,
3032812500, -4.790359e+001,
3034375000, -4.798006e+001,
3035937500, -4.784603e+001,
3037500000, -4.791010e+001,
3039062500, -4.776331e+001,
3040625000, -4.779336e+001,
3042187500, -4.765376e+001,
3043750000, -4.771435e+001,
3045312500, -4.765804e+001,
3046875000, -4.759684e+001,
3048437500, -4.761029e+001,
3050000000, -4.752708e+001,
3051562500, -4.754934e+001,
3053125000, -4.739290e+001,
3054687500, -4.754058e+001,
3056250000, -4.733130e+001,
3057812500, -4.742245e+001,
3059375000, -4.730323e+001,
3060937500, -4.732252e+001,
3062500000, -4.733047e+001,
3064062500, -4.727011e+001,
3065625000, -4.734609e+001,
3067187500, -4.721135e+001,
3068750000, -4.733521e+001,
3070312500, -4.722714e+001,
3071875000, -4.720771e+001,
3073437500, -4.724562e+001,
3075000000, -4.719950e+001,
3076562500, -4.727264e+001,
3078125000, -4.719684e+001,
3079687500, -4.717522e+001,
3081250000, -4.720656e+001,
3082812500, -4.716378e+001,
3084375000, -4.728976e+001,
3085937500, -4.715966e+001,
3087500000, -4.717645e+001,
3089062500, -4.716214e+001,
3090625000, -4.717466e+001,
3092187500, -4.720160e+001,
3093750000, -4.712579e+001,
3095312500, -4.713875e+001,
3096875000, -4.711491e+001,
3098437500, -4.709960e+001,
3100000000, -4.718977e+001,
3101562500, -4.707993e+001,
3103125000, -4.719120e+001,
3104687500, -4.711947e+001,
3106250000, -4.711906e+001,
3107812500, -4.708892e+001,
3109375000, -4.716169e+001,
3110937500, -4.706846e+001,
3112500000, -4.717170e+001,
3114062500, -4.721374e+001,
3115625000, -4.706335e+001,
3117187500, -4.715973e+001,
3118750000, -4.703347e+001,
3120312500, -4.715891e+001,
3121875000, -4.707422e+001,
3123437500, -4.707598e+001,
3125000000, -4.709138e+001,
3126562500, -4.706197e+001,
3128125000, -4.700864e+001,
3129687500, -4.701900e+001,
3131250000, -4.700312e+001,
3132812500, -4.700501e+001,
3134375000, -4.703013e+001,
3135937500, -4.693869e+001,
3137500000, -4.696688e+001,
3139062500, -4.696404e+001,
3140625000, -4.695796e+001,
3142187500, -4.695809e+001,
3143750000, -4.697929e+001,
3145312500, -4.693499e+001,
3146875000, -4.689651e+001,
3148437500, -4.694796e+001,
3150000000, -4.694357e+001,
3151562500, -4.693738e+001,
3153125000, -4.698746e+001,
3154687500, -4.695170e+001,
3156250000, -4.685967e+001,
3157812500, -4.696570e+001,
3159375000, -4.687829e+001,
3160937500, -4.690859e+001,
3162500000, -4.693993e+001,
3164062500, -4.692766e+001,
3165625000, -4.685786e+001,
3167187500, -4.699206e+001,
3168750000, -4.696383e+001,
3170312500, -4.689515e+001,
3171875000, -4.700665e+001,
3173437500, -4.701035e+001,
3175000000, -4.705294e+001,
3176562500, -4.707590e+001,
3178125000, -4.719207e+001,
3179687500, -4.707246e+001,
3181250000, -4.712932e+001,
3182812500, -4.719441e+001,
3184375000, -4.727430e+001,
3185937500, -4.722734e+001,
3187500000, -4.727435e+001,
3189062500, -4.735465e+001,
3190625000, -4.728713e+001,
3192187500, -4.732071e+001,
3193750000, -4.744191e+001,
3195312500, -4.749167e+001,
3196875000, -4.742546e+001,
3198437500, -4.752031e+001,
3200000000, -4.761497e+001,
3201562500, -4.760488e+001,
3203125000, -4.758445e+001,
3204687500, -4.767656e+001,
3206250000, -4.775670e+001,
3207812500, -4.768938e+001,
3209375000, -4.775113e+001,
3210937500, -4.780150e+001,
3212500000, -4.787577e+001,
3214062500, -4.787631e+001,
3215625000, -4.788141e+001,
3217187500, -4.800165e+001,
3218750000, -4.798379e+001,
3220312500, -4.799812e+001,
3221875000, -4.803166e+001,
3223437500, -4.812284e+001,
3225000000, -4.811864e+001,
3226562500, -4.805537e+001,
3228125000, -4.815181e+001,
3229687500, -4.826090e+001,
3231250000, -4.818435e+001,
3232812500, -4.832539e+001,
3234375000, -4.816973e+001,
3235937500, -4.831205e+001,
3237500000, -4.838514e+001,
3239062500, -4.826403e+001,
3240625000, -4.833127e+001,
3242187500, -4.829279e+001,
3243750000, -4.837139e+001,
3245312500, -4.843547e+001,
3246875000, -4.843285e+001,
3248437500, -4.839646e+001,
3250000000, -4.853203e+001,
3251562500, -4.839163e+001,
3253125000, -4.848398e+001,
3254687500, -4.856459e+001,
3256250000, -4.834448e+001,
3257812500, -4.854406e+001,
3259375000, -4.850694e+001,
3260937500, -4.839793e+001,
3262500000, -4.861026e+001,
3264062500, -4.836322e+001,
3265625000, -4.837711e+001,
3267187500, -4.862039e+001,
3268750000, -4.830054e+001,
3270312500, -4.838007e+001,
3271875000, -4.853585e+001,
3273437500, -4.819072e+001,
3275000000, -4.843143e+001,
3276562500, -4.840370e+001,
3278125000, -4.823571e+001,
3279687500, -4.831715e+001,
3281250000, -4.836125e+001,
3282812500, -4.813479e+001,
3284375000, -4.831765e+001,
3285937500, -4.836819e+001,
3287500000, -4.806393e+001,
3289062500, -4.837140e+001,
3290625000, -4.810219e+001,
3292187500, -4.804806e+001,
3293750000, -4.816238e+001,
3295312500, -4.809280e+001,
3296875000, -4.779641e+001,
3298437500, -4.802258e+001,
3300000000, -4.794181e+001,
3301562500, -4.775946e+001,
3303125000, -4.792736e+001,
3304687500, -4.775911e+001,
3306250000, -4.759732e+001,
3307812500, -4.770738e+001,
3309375000, -4.766865e+001,
3310937500, -4.742965e+001,
3312500000, -4.751961e+001,
3314062500, -4.765578e+001,
3315625000, -4.732741e+001,
3317187500, -4.747874e+001,
3318750000, -4.751495e+001,
3320312500, -4.730270e+001,
3321875000, -4.726606e+001,
3323437500, -4.733801e+001,
3325000000, -4.722841e+001,
3326562500, -4.708456e+001,
3328125000, -4.727602e+001,
3329687500, -4.699628e+001,
3331250000, -4.700092e+001,
3332812500, -4.705523e+001,
3334375000, -4.693788e+001,
3335937500, -4.681147e+001,
3337500000, -4.683795e+001,
3339062500, -4.683128e+001,
3340625000, -4.670553e+001,
3342187500, -4.669989e+001,
3343750000, -4.671408e+001,
3345312500, -4.654032e+001,
3346875000, -4.665323e+001,
3348437500, -4.667045e+001,
3350000000, -4.657018e+001,
3351562500, -4.653528e+001,
3353125000, -4.659094e+001,
3354687500, -4.660713e+001,
3356250000, -4.650389e+001,
3357812500, -4.663713e+001,
3359375000, -4.668954e+001,
3360937500, -4.646443e+001,
3362500000, -4.658129e+001,
3364062500, -4.672214e+001,
3365625000, -4.664689e+001,
3367187500, -4.656244e+001,
3368750000, -4.671023e+001,
3370312500, -4.679792e+001,
3371875000, -4.662750e+001,
3373437500, -4.663242e+001,
3375000000, -4.685947e+001,
3376562500, -4.673845e+001,
3378125000, -4.656808e+001,
3379687500, -4.689592e+001,
3381250000, -4.687875e+001,
3382812500, -4.675602e+001,
3384375000, -4.682551e+001,
3385937500, -4.695635e+001,
3387500000, -4.706192e+001,
3389062500, -4.691726e+001,
3390625000, -4.697654e+001,
3392187500, -4.740752e+001,
3393750000, -4.709058e+001,
3395312500, -4.705025e+001,
3396875000, -4.743020e+001,
3398437500, -4.737750e+001,
3400000000, -4.723734e+001,
3401562500, -4.745480e+001,
3403125000, -4.749165e+001,
3404687500, -4.765871e+001,
3406250000, -4.746122e+001,
3407812500, -4.740062e+001,
3409375000, -4.798525e+001,
3410937500, -4.772540e+001,
3412500000, -4.751355e+001,
3414062500, -4.793324e+001,
3415625000, -4.806501e+001,
3417187500, -4.786425e+001,
3418750000, -4.786137e+001,
3420312500, -4.804596e+001,
3421875000, -4.834446e+001,
3423437500, -4.812300e+001,
3425000000, -4.783286e+001,
3426562500, -4.817689e+001,
3428125000, -4.856800e+001,
3429687500, -4.799644e+001,
3431250000, -4.788805e+001,
3432812500, -4.850970e+001,
3434375000, -4.842638e+001,
3435937500, -4.805054e+001,
3437500000, -4.815314e+001,
3439062500, -4.822329e+001,
3440625000, -4.856379e+001,
3442187500, -4.818200e+001,
3443750000, -4.792690e+001,
3445312500, -4.830581e+001,
3446875000, -4.870443e+001,
3448437500, -4.807999e+001,
3450000000, -4.779613e+001,
3451562500, -4.849337e+001,
3453125000, -4.861097e+001,
3454687500, -4.796824e+001,
3456250000, -4.809258e+001,
3457812500, -4.798763e+001,
3459375000, -4.843932e+001,
3460937500, -4.840474e+001,
3462500000, -4.779811e+001,
3464062500, -4.788136e+001,
3465625000, -4.854501e+001,
3467187500, -4.840397e+001,
3468750000, -4.763985e+001,
3470312500, -4.775911e+001,
3471875000, -4.857076e+001,
3473437500, -4.820051e+001,
3475000000, -4.796127e+001,
3476562500, -4.793826e+001,
3478125000, -4.801682e+001,
3479687500, -4.848274e+001,
3481250000, -4.822618e+001,
3482812500, -4.772306e+001,
3484375000, -4.808714e+001,
3485937500, -4.865607e+001,
3487500000, -4.834322e+001,
3489062500, -4.766268e+001,
3490625000, -4.799010e+001,
3492187500, -4.868259e+001,
3493750000, -4.845336e+001,
3495312500, -4.814316e+001,
3496875000, -4.803789e+001,
3498437500, -4.832243e+001,
3500000000, -4.862002e+001,
3501562500, -4.848748e+001,
3503125000, -4.797281e+001,
3504687500, -4.819294e+001,
3506250000, -4.886161e+001,
3507812500, -4.897291e+001,
3509375000, -4.807282e+001,
3510937500, -4.801253e+001,
3512500000, -4.844894e+001,
3514062500, -4.908691e+001,
3515625000, -4.874990e+001,
3517187500, -4.819782e+001,
3518750000, -4.841328e+001,
3520312500, -4.899976e+001,
3521875000, -4.923565e+001,
3523437500, -4.888477e+001,
3525000000, -4.815431e+001,
3526562500, -4.871954e+001,
3528125000, -4.971056e+001,
3529687500, -4.947228e+001,
3531250000, -4.856283e+001,
3532812500, -4.869285e+001,
3534375000, -4.900424e+001,
3535937500, -4.966247e+001,
3537500000, -4.942619e+001,
3539062500, -4.879912e+001,
3540625000, -4.878666e+001,
3542187500, -4.938148e+001,
3543750000, -4.988404e+001,
3545312500, -4.959065e+001,
3546875000, -4.865513e+001,
3548437500, -4.875653e+001,
3550000000, -5.013350e+001,
3551562500, -5.004147e+001,
3553125000, -4.931282e+001,
3554687500, -4.918243e+001,
3556250000, -4.935403e+001,
3557812500, -4.950749e+001,
3559375000, -5.022825e+001,
3560937500, -4.964505e+001,
3562500000, -4.917093e+001,
3564062500, -4.917187e+001,
3565625000, -4.987671e+001,
3567187500, -5.042561e+001,
3568750000, -4.992708e+001,
3570312500, -4.904921e+001,
3571875000, -4.917363e+001,
3573437500, -5.052008e+001,
3575000000, -5.035286e+001,
3576562500, -4.967013e+001,
3578125000, -4.951828e+001,
3579687500, -4.984886e+001,
3581250000, -4.967242e+001,
3582812500, -5.029229e+001,
3584375000, -5.022433e+001,
3585937500, -4.953989e+001,
3587500000, -4.930797e+001,
3589062500, -5.029431e+001,
3590625000, -5.037326e+001,
3592187500, -5.042202e+001,
3593750000, -4.975824e+001,
3595312500, -4.922625e+001,
3596875000, -5.052931e+001,
3598437500, -5.094803e+001,
3600000000, -4.979196e+001,
3601562500, -4.964346e+001,
3603125000, -5.022094e+001,
3604687500, -5.013621e+001,
3606250000, -4.995929e+001,
3607812500, -5.042254e+001,
3609375000, -4.975200e+001,
3610937500, -4.942950e+001,
3612500000, -4.967434e+001,
3614062500, -5.038607e+001,
3615625000, -4.995945e+001,
3617187500, -5.019596e+001,
3618750000, -4.945137e+001,
3620312500, -4.945517e+001,
3621875000, -5.046127e+001,
3623437500, -5.055112e+001,
3625000000, -4.956504e+001,
3626562500, -4.932727e+001,
3628125000, -4.976679e+001,
3629687500, -5.012977e+001,
3631250000, -4.998904e+001,
3632812500, -5.013465e+001,
3634375000, -4.971100e+001,
3635937500, -4.918940e+001,
3637500000, -4.944505e+001,
3639062500, -5.018097e+001,
3640625000, -5.037554e+001,
3642187500, -4.979594e+001,
3643750000, -4.960023e+001,
3645312500, -4.929945e+001,
3646875000, -5.010022e+001,
3648437500, -5.103140e+001,
3650000000, -5.029739e+001,
3651562500, -4.900586e+001,
3653125000, -4.888086e+001,
3654687500, -4.993572e+001,
3656250000, -5.014695e+001,
3657812500, -5.042596e+001,
3659375000, -5.007301e+001,
3660937500, -4.910786e+001,
3662500000, -4.896103e+001,
3664062500, -4.944601e+001,
3665625000, -5.055531e+001,
3667187500, -5.048180e+001,
3668750000, -4.881553e+001,
3670312500, -4.911177e+001,
3671875000, -4.922604e+001,
3673437500, -4.973061e+001,
3675000000, -5.120812e+001,
3676562500, -5.065148e+001,
3678125000, -4.891722e+001,
3679687500, -4.842148e+001,
3681250000, -4.929005e+001,
3682812500, -5.013462e+001,
3684375000, -5.069075e+001,
3685937500, -5.066893e+001,
3687500000, -4.958232e+001,
3689062500, -4.902296e+001,
3690625000, -4.853328e+001,
3692187500, -5.032179e+001,
3693750000, -5.130988e+001,
3695312500, -5.049834e+001,
3696875000, -4.906895e+001,
3698437500, -4.875663e+001,
3700000000, -4.913276e+001,
3701562500, -5.062122e+001,
3703125000, -5.183594e+001,
3704687500, -5.147189e+001,
3706250000, -4.948224e+001,
3707812500, -4.873008e+001,
3709375000, -4.903103e+001,
3710937500, -4.992333e+001,
3712500000, -5.123250e+001,
3714062500, -5.167451e+001,
3715625000, -5.017355e+001,
3717187500, -4.949501e+001,
3718750000, -4.886158e+001,
3720312500, -4.975384e+001,
3721875000, -5.122120e+001,
3723437500, -5.238787e+001,
3725000000, -5.018501e+001,
3726562500, -4.883117e+001,
3728125000, -4.874469e+001,
3729687500, -4.986247e+001,
3731250000, -5.136543e+001,
3732812500, -5.244538e+001,
3734375000, -5.162882e+001,
3735937500, -4.951861e+001,
3737500000, -4.870123e+001,
3739062500, -4.913386e+001,
3740625000, -5.086197e+001,
3742187500, -5.205412e+001,
3743750000, -5.130553e+001,
3745312500, -5.008161e+001,
3746875000, -4.988224e+001,
3748437500, -4.936032e+001,
3750000000, -4.933960e+001,
3751562500, -5.156235e+001,
3753125000, -5.306259e+001,
3754687500, -5.060534e+001,
3756250000, -4.843822e+001,
3757812500, -4.876706e+001,
3759375000, -4.969872e+001,
3760937500, -5.153691e+001,
3762500000, -5.270122e+001,
3764062500, -5.170447e+001,
3765625000, -5.055986e+001,
3767187500, -4.888067e+001,
3768750000, -4.867746e+001,
3770312500, -5.028588e+001,
3771875000, -5.282376e+001,
3773437500, -5.214939e+001,
3775000000, -4.989446e+001,
3776562500, -4.926402e+001,
3778125000, -4.948524e+001,
3779687500, -4.925662e+001,
3781250000, -4.986693e+001,
3782812500, -5.271033e+001,
3784375000, -5.406009e+001,
3785937500, -5.018810e+001,
3787500000, -4.769552e+001,
3789062500, -4.832951e+001,
3790625000, -5.005032e+001,
3792187500, -5.202506e+001,
3793750000, -5.299149e+001,
3795312500, -5.339447e+001,
3796875000, -5.140471e+001,
3798437500, -4.866843e+001,
3800000000, -4.753695e+001,
3801562500, -4.953395e+001,
3803125000, -5.455116e+001,
3804687500, -5.452555e+001,
3806250000, -5.244467e+001,
3807812500, -5.030688e+001,
3809375000, -4.937029e+001,
3810937500, -4.935197e+001,
3812500000, -4.917529e+001,
3814062500, -5.127825e+001,
3815625000, -5.639646e+001,
3817187500, -5.675404e+001,
3818750000, -5.081511e+001,
3820312500, -4.896920e+001,
3821875000, -4.900955e+001,
3823437500, -5.051764e+001,
3825000000, -5.419451e+001,
3826562500, -5.771774e+001,
3828125000, -5.744364e+001,
3829687500, -5.265802e+001,
3831250000, -5.065710e+001,
3832812500, -4.974656e+001,
3834375000, -5.042553e+001,
3835937500, -5.404957e+001,
3837500000, -5.902066e+001,
3839062500, -5.788033e+001,
3840625000, -5.439449e+001,
3842187500, -5.199762e+001,
3843750000, -5.120057e+001,
3845312500, -5.035282e+001,
3846875000, -5.035255e+001,
3848437500, -5.420765e+001,
3850000000, -6.094625e+001,
3851562500, -5.660433e+001,
3853125000, -5.299078e+001,
3854687500, -5.159135e+001,
3856250000, -5.129698e+001,
3857812500, -5.275887e+001,
3859375000, -5.481299e+001,
3860937500, -5.637329e+001,
3862500000, -5.862658e+001,
3864062500, -5.660763e+001,
3865625000, -5.204420e+001,
3867187500, -5.063136e+001,
3868750000, -5.170160e+001,
3870312500, -5.479481e+001,
3871875000, -5.772105e+001,
3873437500, -5.704564e+001,
3875000000, -5.628054e+001,
3876562500, -5.452048e+001,
3878125000, -5.395750e+001,
3879687500, -5.239513e+001,
3881250000, -5.212573e+001,
3882812500, -5.330127e+001,
3884375000, -5.530766e+001,
3885937500, -5.763199e+001,
3887500000, -5.448659e+001,
3889062500, -5.340227e+001,
3890625000, -5.410712e+001,
3892187500, -5.488242e+001,
3893750000, -5.640249e+001,
3895312500, -5.742438e+001,
3896875000, -5.585314e+001,
3898437500, -5.373489e+001,
3900000000, -5.365528e+001,
3901562500, -5.325376e+001,
3903125000, -5.302242e+001,
3904687500, -5.425635e+001,
3906250000, -5.486194e+001,
3907812500, -5.963508e+001,
3909375000, -5.781848e+001,
3910937500, -5.379968e+001,
3912500000, -5.295004e+001,
3914062500, -5.264231e+001,
3915625000, -5.137442e+001,
3917187500, -5.352951e+001,
3918750000, -5.658230e+001,
3920312500, -5.890119e+001,
3921875000, -5.474699e+001,
3923437500, -5.281826e+001,
3925000000, -4.985794e+001,
3926562500, -4.949461e+001,
3928125000, -5.243845e+001,
3929687500, -5.609011e+001,
3931250000, -6.593859e+001,
3932812500, -5.975586e+001,
3934375000, -5.421479e+001,
3935937500, -5.123934e+001,
3937500000, -5.149226e+001,
3939062500, -4.947519e+001,
3940625000, -5.059073e+001,
3942187500, -5.297207e+001,
3943750000, -5.383868e+001,
3945312500, -6.183736e+001,
3946875000, -6.227908e+001,
3948437500, -5.303974e+001,
3950000000, -5.128668e+001,
3951562500, -5.003119e+001,
3953125000, -4.907748e+001,
3954687500, -4.934404e+001,
3956250000, -5.124916e+001,
3957812500, -5.741613e+001,
3959375000, -6.585251e+001,
3960937500, -5.442830e+001,
3962500000, -5.006307e+001,
3964062500, -4.785162e+001,
3965625000, -4.763268e+001,
3967187500, -4.963120e+001,
3968750000, -5.267140e+001,
3970312500, -5.715360e+001,
3971875000, -6.932825e+001,
3973437500, -5.410740e+001,
3975000000, -5.040076e+001,
3976562500, -4.948230e+001,
3978125000, -4.883715e+001,
3979687500, -4.904943e+001,
3981250000, -5.090017e+001,
3982812500, -5.238302e+001,
3984375000, -5.345806e+001,
3985937500, -6.106234e+001,
3987500000, -6.164221e+001,
3989062500, -5.328240e+001,
3990625000, -4.753067e+001,
3992187500, -4.648191e+001,
3993750000, -5.035986e+001,
3995312500, -4.902131e+001,
3996875000, -4.855847e+001,
3998437500, -5.433687e+001,
4000000000, -7.153091e+001,
4001562500, -5.465359e+001,
4003125000, -5.023541e+001,
4004687500, -4.991655e+001,
4006250000, -5.064001e+001,
4007812500, -5.031135e+001,
4009375000, -5.022113e+001,
4010937500, -5.375812e+001,
4012500000, -6.259567e+001,
4014062500, -7.076445e+001,
4015625000, -5.562608e+001,
4017187500, -5.114506e+001,
4018750000, -4.905722e+001,
4020312500, -4.900628e+001,
4021875000, -5.029240e+001,
4023437500, -5.129256e+001,
4025000000, -5.708921e+001,
4026562500, -5.721914e+001,
4028125000, -5.879208e+001,
4029687500, -7.684290e+001,
4031250000, -5.394572e+001,
4032812500, -4.833837e+001,
4034375000, -4.877170e+001,
4035937500, -5.171865e+001,
4037500000, -5.472627e+001,
4039062500, -4.947827e+001,
4040625000, -4.910957e+001,
4042187500, -5.321727e+001,
4043750000, -5.861348e+001,
4045312500, -5.010813e+001,
4046875000, -4.890829e+001,
4048437500, -5.395524e+001,
4050000000, -5.662162e+001,
4051562500, -5.143362e+001,
4053125000, -5.789741e+001,
4054687500, -5.815709e+001,
4056250000, -5.187128e+001,
4057812500, -5.628938e+001,
4059375000, -5.858867e+001,
4060937500, -5.409056e+001,
4062500000, -5.042418e+001,
4064062500, -5.001590e+001,
4065625000, -5.168548e+001,
4067187500, -5.397161e+001,
4068750000, -5.906830e+001,
4070312500, -5.398918e+001,
4071875000, -5.072666e+001,
4073437500, -5.562059e+001,
4075000000, -5.220325e+001,
4076562500, -4.655991e+001,
4078125000, -4.836818e+001,
4079687500, -5.958627e+001,
4081250000, -6.194537e+001,
4082812500, -5.036579e+001,
4084375000, -4.607618e+001,
4085937500, -4.656169e+001,
4087500000, -5.182761e+001,
4089062500, -5.762507e+001,
4090625000, -5.172699e+001,
4092187500, -5.033324e+001,
4093750000, -5.651352e+001,
4095312500, -5.301857e+001,
4096875000, -5.055677e+001,
4098437500, -5.481126e+001,
4100000000, -4.988895e+001,
4101562500, -4.989054e+001,
4103125000, -5.253453e+001,
4104687500, -5.335407e+001,
4106250000, -5.551213e+001,
4107812500, -6.023852e+001,
4109375000, -5.780975e+001,
4110937500, -5.200922e+001,
4112500000, -5.106734e+001,
4114062500, -5.523709e+001,
4115625000, -5.280352e+001,
4117187500, -4.822521e+001,
4118750000, -5.002529e+001,
4120312500, -5.361765e+001,
4121875000, -4.679124e+001,
4123437500, -4.559213e+001,
4125000000, -4.809486e+001,
4126562500, -4.984195e+001,
4128125000, -4.936100e+001,
4129687500, -4.644769e+001,
4131250000, -4.385401e+001,
4132812500, -4.315613e+001,
4134375000, -4.707578e+001,
4135937500, -5.342167e+001,
4137500000, -5.818740e+001,
4139062500, -5.520804e+001,
4140625000, -6.140471e+001,
4142187500, -5.660669e+001,
4143750000, -5.187896e+001,
4145312500, -5.341829e+001,
4146875000, -5.228053e+001,
4148437500, -4.909580e+001,
4150000000, -4.951969e+001,
4151562500, -5.108685e+001,
4153125000, -4.726258e+001,
4154687500, -4.734855e+001,
4156250000, -4.960421e+001,
4157812500, -5.176541e+001,
4159375000, -5.615134e+001,
4160937500, -6.036765e+001,
4162500000, -6.341875e+001,
4164062500, -5.437301e+001,
4165625000, -4.711946e+001,
4167187500, -4.802494e+001,
4168750000, -6.490191e+001,
4170312500, -4.933051e+001,
4171875000, -4.577489e+001,
4173437500, -4.447240e+001,
4175000000, -4.476076e+001,
4176562500, -4.674280e+001,
4178125000, -4.767086e+001,
4179687500, -4.673020e+001,
4181250000, -4.367545e+001,
4182812500, -4.224330e+001,
4184375000, -4.399370e+001,
4185937500, -4.586320e+001,
4187500000, -4.841531e+001,
4189062500, -5.270608e+001,
4190625000, -5.959530e+001,
4192187500, -4.932059e+001,
4193750000, -4.825673e+001,
4195312500, -4.796692e+001,
4196875000, -5.007511e+001,
4198437500, -5.504036e+001,
4200000000, -4.963955e+001,
4201562500, -4.814002e+001,
4203125000, -4.695268e+001,
4204687500, -4.338157e+001,
4206250000, -4.198339e+001,
4207812500, -4.118936e+001,
4209375000, -4.034423e+001,
4210937500, -3.958626e+001,
4212500000, -4.166853e+001,
4214062500, -4.639290e+001,
4215625000, -4.974768e+001,
4217187500, -4.256596e+001,
4218750000, -3.899309e+001,
4220312500, -4.168565e+001,
4221875000, -5.014986e+001,
4223437500, -5.193228e+001,
4225000000, -4.313616e+001,
4226562500, -3.986467e+001,
4228125000, -3.852819e+001,
4229687500, -3.929651e+001,
4231250000, -4.080426e+001,
4232812500, -4.186202e+001,
4234375000, -4.272108e+001,
4235937500, -4.318915e+001,
4237500000, -4.605253e+001,
4239062500, -4.470158e+001,
4240625000, -4.682665e+001,
4242187500, -4.965923e+001,
4243750000, -4.869723e+001,
4245312500, -4.861189e+001,
4246875000, -4.992624e+001,
4248437500, -5.428396e+001,
4250000000, -4.901578e+001,
4251562500, -4.765907e+001,
4253125000, -5.097614e+001,
4254687500, -5.435036e+001,
4256250000, -4.474989e+001,
4257812500, -4.599469e+001,
4259375000, -4.838608e+001,
4260937500, -4.373121e+001,
4262500000, -4.037603e+001,
4264062500, -3.781516e+001,
4265625000, -3.565936e+001,
4267187500, -3.583516e+001,
4268750000, -3.813132e+001,
4270312500, -3.728531e+001,
4271875000, -3.777344e+001,
4273437500, -4.047587e+001,
4275000000, -3.779821e+001,
4276562500, -3.303386e+001,
4278125000, -3.292195e+001,
4279687500, -3.549862e+001,
4281250000, -3.912031e+001,
4282812500, -4.963236e+001,
4284375000, -4.249519e+001,
4285937500, -3.808608e+001,
4287500000, -3.658865e+001,
4289062500, -3.630404e+001,
4290625000, -3.758149e+001,
4292187500, -3.868257e+001,
4293750000, -3.896452e+001,
4295312500, -4.071690e+001,
4296875000, -4.229292e+001,
4298437500, -4.065701e+001,
4300000000, -4.323350e+001,
4301562500, -4.857076e+001,
4303125000, -4.910841e+001,
4304687500, -4.624405e+001,
4306250000, -4.260731e+001,
4307812500, -4.320197e+001,
4309375000, -4.281561e+001,
4310937500, -4.512877e+001,
4312500000, -4.332136e+001,
4314062500, -4.091932e+001,
4315625000, -3.735792e+001,
4317187500, -3.789243e+001,
4318750000, -3.586685e+001,
4320312500, -3.653949e+001,
4321875000, -3.934285e+001,
4323437500, -4.597137e+001,
4325000000, -4.705775e+001,
4326562500, -3.813003e+001,
4328125000, -3.497933e+001,
4329687500, -3.375832e+001,
4331250000, -3.469873e+001,
4332812500, -3.426217e+001,
4334375000, -3.235397e+001,
4335937500, -3.211430e+001,
4337500000, -3.310007e+001,
4339062500, -3.605036e+001,
4340625000, -3.552625e+001,
4342187500, -3.272441e+001,
4343750000, -3.443671e+001,
4345312500, -3.533229e+001,
4346875000, -3.238073e+001,
4348437500, -3.481064e+001,
4350000000, -4.298675e+001,
4351562500, -3.925448e+001,
4353125000, -3.503451e+001,
4354687500, -3.531797e+001,
4356250000, -3.589714e+001,
4357812500, -3.502027e+001,
4359375000, -3.458255e+001,
4360937500, -3.583704e+001,
4362500000, -3.816208e+001,
4364062500, -3.961523e+001,
4365625000, -3.784489e+001,
4367187500, -3.504761e+001,
4368750000, -3.342422e+001,
4370312500, -3.245378e+001,
4371875000, -3.334541e+001,
4373437500, -3.710426e+001,
4375000000, -4.981113e+001,
4376562500, -3.886906e+001,
4378125000, -3.251213e+001,
4379687500, -3.308455e+001,
4381250000, -3.385996e+001,
4382812500, -3.333043e+001,
4384375000, -3.423326e+001,
4385937500, -3.637715e+001,
4387500000, -4.405743e+001,
4389062500, -3.460455e+001,
4390625000, -2.910217e+001,
4392187500, -2.852702e+001,
4393750000, -2.994715e+001,
4395312500, -3.006813e+001,
4396875000, -2.993878e+001,
4398437500, -3.220097e+001,
4400000000, -3.733079e+001,
4401562500, -4.296407e+001,
4403125000, -3.656658e+001,
4404687500, -3.132893e+001,
4406250000, -2.957178e+001,
4407812500, -3.136626e+001,
4409375000, -3.349656e+001,
4410937500, -3.786259e+001,
4412500000, -4.008023e+001,
4414062500, -3.454244e+001,
4415625000, -3.118886e+001,
4417187500, -3.047235e+001,
4418750000, -3.184480e+001,
4420312500, -3.412112e+001,
4421875000, -3.657060e+001,
4423437500, -3.466429e+001,
4425000000, -3.572272e+001,
4426562500, -3.593496e+001,
4428125000, -3.415714e+001,
4429687500, -3.358474e+001,
4431250000, -3.151651e+001,
4432812500, -2.833292e+001,
4434375000, -2.772094e+001,
4435937500, -3.003123e+001,
4437500000, -3.624896e+001,
4439062500, -3.113842e+001,
4440625000, -3.141854e+001,
4442187500, -3.301309e+001,
4443750000, -3.251184e+001,
4445312500, -3.274168e+001,
4446875000, -3.489189e+001,
4448437500, -3.375247e+001,
4450000000, -3.161063e+001,
4451562500, -3.114768e+001,
4453125000, -3.266316e+001,
4454687500, -3.760318e+001,
4456250000, -4.119495e+001,
4457812500, -3.779419e+001,
4459375000, -3.358493e+001,
4460937500, -3.081958e+001,
4462500000, -2.872364e+001,
4464062500, -2.849204e+001,
4465625000, -2.920588e+001,
4467187500, -2.745448e+001,
4468750000, -2.805688e+001,
4470312500, -2.978284e+001,
4471875000, -3.167890e+001,
4473437500, -3.167884e+001,
4475000000, -3.204059e+001,
4476562500, -3.347858e+001,
4478125000, -3.384669e+001,
4479687500, -3.344641e+001,
4481250000, -3.235543e+001,
4482812500, -3.145086e+001,
4484375000, -3.029183e+001,
4485937500, -3.026016e+001,
4487500000, -2.728125e+001,
4489062500, -2.421151e+001,
4490625000, -2.210790e+001,
4492187500, -2.068402e+001,
4493750000, -2.055733e+001,
4495312500, -2.272330e+001,
4496875000, -2.433649e+001,
4498437500, -2.529702e+001,
4500000000, -2.574342e+001,
4501562500, -2.573193e+001,
4503125000, -2.528310e+001,
4504687500, -2.524242e+001,
4506250000, -2.453892e+001,
4507812500, -2.290578e+001,
4509375000, -2.103905e+001,
4510937500, -1.912033e+001,
4512500000, -1.743791e+001,
4514062500, -1.767783e+001,
4515625000, -1.832434e+001,
4517187500, -1.919727e+001,
4518750000, -2.029236e+001,
4520312500, -2.052325e+001,
4521875000, -2.023024e+001,
4523437500, -1.979666e+001,
4525000000, -1.908910e+001,
4526562500, -1.775078e+001,
4528125000, -1.627413e+001,
4529687500, -1.480350e+001,
4531250000, -1.282677e+001,
4532812500, -1.188824e+001,
4534375000, -1.247263e+001,
4535937500, -1.368373e+001,
4537500000, -1.518602e+001,
4539062500, -1.587836e+001,
4540625000, -1.605544e+001,
4542187500, -1.593563e+001,
4543750000, -1.517219e+001,
4545312500, -1.373787e+001,
4546875000, -1.184801e+001,
4548437500, -1.085565e+001,
4550000000, -1.070410e+001,
4551562500, -9.885448e+000,
4553125000, -9.073040e+000,
4554687500, -9.625157e+000,
4556250000, -1.030500e+001,
4557812500, -1.064230e+001,
4559375000, -1.109841e+001,
4560937500, -1.191002e+001,
4562500000, -1.186748e+001,
4564062500, -1.051348e+001,
4565625000, -9.335227e+000,
4567187500, -8.224858e+000,
4568750000, -7.258017e+000,
4570312500, -6.449780e+000,
4571875000, -6.788570e+000,
4573437500, -7.989202e+000,
4575000000, -9.523060e+000,
4576562500, -1.053106e+001,
4578125000, -1.100700e+001,
4579687500, -1.095259e+001,
4581250000, -1.010831e+001,
4582812500, -8.830287e+000,
4584375000, -7.878680e+000,
4585937500, -7.332187e+000,
4587500000, -6.800169e+000,
4589062500, -6.588006e+000,
4590625000, -7.319102e+000,
4592187500, -8.462922e+000,
4593750000, -9.441409e+000,
4595312500, -1.028384e+001,
4596875000, -1.061631e+001,
4598437500, -9.914641e+000,
4600000000, -8.555165e+000,
4601562500, -7.563543e+000,
4603125000, -7.105538e+000,
4604687500, -6.527879e+000,
4606250000, -6.213136e+000,
4607812500, -6.753924e+000,
4609375000, -7.897352e+000,
4610937500, -9.238637e+000,
4612500000, -1.036333e+001,
4614062500, -1.033823e+001,
4615625000, -9.305667e+000,
4617187500, -8.029379e+000,
4618750000, -7.195290e+000,
4620312500, -6.711233e+000,
4621875000, -6.457826e+000,
4623437500, -6.974155e+000,
4625000000, -8.147725e+000,
4626562500, -9.817475e+000,
4628125000, -1.072279e+001,
4629687500, -1.090978e+001,
4631250000, -1.044235e+001,
4632812500, -9.284991e+000,
4634375000, -8.185592e+000,
4635937500, -7.457284e+000,
4637500000, -6.946415e+000,
4639062500, -7.255771e+000,
4640625000, -8.720326e+000,
4642187500, -9.959692e+000,
4643750000, -1.150125e+001,
4645312500, -1.227577e+001,
4646875000, -1.139657e+001,
4648437500, -1.022819e+001,
4650000000, -8.969805e+000,
4651562500, -7.983038e+000,
4653125000, -7.964854e+000,
4654687500, -8.748764e+000,
4656250000, -1.026591e+001,
4657812500, -1.171240e+001,
4659375000, -1.253060e+001,
4660937500, -1.302837e+001,
4662500000, -1.286221e+001,
4664062500, -1.160376e+001,
4665625000, -9.995185e+000,
4667187500, -9.322256e+000,
4668750000, -9.863358e+000,
4670312500, -1.083968e+001,
4671875000, -1.183684e+001,
4673437500, -1.296942e+001,
4675000000, -1.362263e+001,
4676562500, -1.547549e+001,
4678125000, -1.557509e+001,
4679687500, -1.174187e+001,
4681250000, -1.038178e+001,
4682812500, -1.096833e+001,
4684375000, -1.065167e+001,
4685937500, -1.120968e+001,
4687500000, -1.338001e+001,
4689062500, -1.634298e+001,
4690625000, -1.782419e+001,
4692187500, -1.476113e+001,
4693750000, -1.251582e+001,
4695312500, -1.291541e+001,
4696875000, -1.295205e+001,
4698437500, -1.121798e+001,
4700000000, -1.220842e+001,
4701562500, -1.531442e+001,
4703125000, -1.801511e+001,
4704687500, -1.735795e+001,
4706250000, -1.549485e+001,
4707812500, -1.373628e+001,
4709375000, -1.284512e+001,
4710937500, -1.251699e+001,
4712500000, -1.237677e+001,
4714062500, -1.469318e+001,
4715625000, -1.727559e+001,
4717187500, -1.780356e+001,
4718750000, -1.552302e+001,
4720312500, -1.272268e+001,
4721875000, -1.190684e+001,
4723437500, -1.223686e+001,
4725000000, -1.246999e+001,
4726562500, -1.358861e+001,
4728125000, -1.562374e+001,
4729687500, -1.646476e+001,
4731250000, -1.451346e+001,
4732812500, -1.251032e+001,
4734375000, -1.217865e+001,
4735937500, -1.255943e+001,
4737500000, -1.359961e+001,
4739062500, -1.518325e+001,
4740625000, -1.724579e+001,
4742187500, -1.651439e+001,
4743750000, -1.501127e+001,
4745312500, -1.335306e+001,
4746875000, -1.214365e+001,
4748437500, -1.241271e+001,
4750000000, -1.396028e+001,
4751562500, -1.547912e+001,
4753125000, -1.447859e+001,
4754687500, -1.321653e+001,
4756250000, -1.208936e+001,
4757812500, -1.097040e+001,
4759375000, -1.099806e+001,
4760937500, -1.238020e+001,
4762500000, -1.324596e+001,
4764062500, -1.292739e+001,
4765625000, -1.193154e+001,
4767187500, -1.084813e+001,
4768750000, -1.021622e+001,
4770312500, -1.050446e+001,
4771875000, -1.136385e+001,
4773437500, -1.217881e+001,
4775000000, -1.192247e+001,
4776562500, -1.087570e+001,
4778125000, -1.073027e+001,
4779687500, -1.158029e+001,
4781250000, -1.198551e+001,
4782812500, -1.140435e+001,
4784375000, -1.087312e+001,
4785937500, -1.070657e+001,
4787500000, -1.083394e+001,
4789062500, -1.190393e+001,
4790625000, -1.257362e+001,
4792187500, -1.219878e+001,
4793750000, -1.175169e+001,
4795312500, -1.249581e+001,
4796875000, -1.479841e+001,
4798437500, -1.576251e+001,
4800000000, -1.426440e+001,
4801562500, -1.257974e+001,
4803125000, -1.165835e+001,
4804687500, -1.132148e+001,
4806250000, -1.202152e+001,
4807812500, -1.337799e+001,
4809375000, -1.444362e+001,
4810937500, -1.429085e+001,
4812500000, -1.427341e+001,
4814062500, -1.450156e+001,
4815625000, -1.343838e+001,
4817187500, -1.266134e+001,
4818750000, -1.268326e+001,
4820312500, -1.232181e+001,
4821875000, -1.234432e+001,
4823437500, -1.207307e+001,
4825000000, -1.135037e+001,
4826562500, -1.101567e+001,
4828125000, -1.112356e+001,
4829687500, -1.115485e+001,
4831250000, -1.133718e+001,
4832812500, -1.136222e+001,
4834375000, -1.095964e+001,
4835937500, -1.099500e+001,
4837500000, -1.118166e+001,
4839062500, -1.124667e+001,
4840625000, -1.105108e+001,
4842187500, -1.106911e+001,
4843750000, -1.132944e+001,
4845312500, -1.167847e+001,
4846875000, -1.196381e+001,
4848437500, -1.168155e+001,
4850000000, -1.144902e+001,
4851562500, -1.174916e+001,
4853125000, -1.245214e+001,
4854687500, -1.272022e+001,
4856250000, -1.244007e+001,
4857812500, -1.238992e+001,
4859375000, -1.254303e+001,
4860937500, -1.264802e+001,
4862500000, -1.297784e+001,
4864062500, -1.347667e+001,
4865625000, -1.363726e+001,
4867187500, -1.345444e+001,
4868750000, -1.329849e+001,
4870312500, -1.338141e+001,
4871875000, -1.389478e+001,
4873437500, -1.418377e+001,
4875000000, -1.402942e+001,
4876562500, -1.359346e+001,
4878125000, -1.359839e+001,
4879687500, -1.411612e+001,
4881250000, -1.497504e+001,
4882812500, -1.564370e+001,
4884375000, -1.592927e+001,
4885937500, -1.600162e+001,
4887500000, -1.647247e+001,
4889062500, -1.746185e+001,
4890625000, -1.859385e+001,
4892187500, -1.873499e+001,
4893750000, -1.902579e+001,
4895312500, -1.912863e+001,
4896875000, -1.955745e+001,
4898437500, -1.952801e+001,
4900000000, -1.955899e+001,
4901562500, -2.015765e+001,
4903125000, -2.096692e+001,
4904687500, -2.079693e+001,
4906250000, -2.078875e+001,
4907812500, -2.115025e+001,
4909375000, -2.122614e+001,
4910937500, -2.134698e+001,
4912500000, -2.095516e+001,
4914062500, -2.063877e+001,
4915625000, -2.046628e+001,
4917187500, -1.968848e+001,
4918750000, -1.956761e+001,
4920312500, -1.975675e+001,
4921875000, -1.990279e+001,
4923437500, -2.012989e+001,
4925000000, -2.029212e+001,
4926562500, -2.072905e+001,
4928125000, -2.152326e+001,
4929687500, -2.218993e+001,
4931250000, -2.166360e+001,
4932812500, -2.053138e+001,
4934375000, -2.034270e+001,
4935937500, -2.061350e+001,
4937500000, -2.033540e+001,
4939062500, -1.955546e+001,
4940625000, -1.885957e+001,
4942187500, -1.913378e+001,
4943750000, -1.935997e+001,
4945312500, -1.882269e+001,
4946875000, -1.854859e+001,
4948437500, -1.850790e+001,
4950000000, -1.819652e+001,
4951562500, -1.798106e+001,
4953125000, -1.824995e+001,
4954687500, -1.815899e+001,
4956250000, -1.840841e+001,
4957812500, -1.907924e+001,
4959375000, -1.905430e+001,
4960937500, -1.909060e+001,
4962500000, -1.922023e+001,
4964062500, -1.896379e+001,
4965625000, -1.856139e+001,
4967187500, -1.826718e+001,
4968750000, -1.855448e+001,
4970312500, -1.893936e+001,
4971875000, -1.922441e+001,
4973437500, -1.931147e+001,
4975000000, -1.935476e+001,
4976562500, -1.945017e+001,
4978125000, -1.959524e+001,
4979687500, -1.892302e+001,
4981250000, -1.824577e+001,
4982812500, -1.818237e+001,
4984375000, -1.799426e+001,
4985937500, -1.759564e+001,
4987500000, -1.710292e+001,
4989062500, -1.726033e+001,
4990625000, -1.791907e+001,
4992187500, -1.876762e+001,
4993750000, -1.912812e+001,
4995312500, -1.899217e+001,
4996875000, -1.897553e+001,
4998437500, -1.922341e+001,
5000000000, -1.954494e+001,
5001562500, -1.974671e+001,
5003125000, -2.029575e+001,
5004687500, -2.084392e+001,
5006250000, -2.127208e+001,
5007812500, -2.150476e+001,
5009375000, -2.158947e+001,
5010937500, -2.164925e+001,
5012500000, -2.172179e+001,
5014062500, -2.204497e+001,
5015625000, -2.243382e+001,
5017187500, -2.293590e+001,
5018750000, -2.298272e+001,
5020312500, -2.260530e+001,
5021875000, -2.221938e+001,
5023437500, -2.184764e+001,
5025000000, -2.163108e+001,
5026562500, -2.147861e+001,
5028125000, -2.185213e+001,
5029687500, -2.214351e+001,
5031250000, -2.247876e+001,
5032812500, -2.240888e+001,
5034375000, -2.200035e+001,
5035937500, -2.127190e+001,
5037500000, -2.009291e+001,
5039062500, -1.932014e+001,
5040625000, -1.875585e+001,
5042187500, -1.881785e+001,
5043750000, -1.898696e+001,
5045312500, -1.884771e+001,
5046875000, -1.878545e+001,
5048437500, -1.900428e+001,
5050000000, -1.933657e+001,
5051562500, -1.984930e+001,
5053125000, -2.078666e+001,
5054687500, -2.136693e+001,
5056250000, -2.166302e+001,
5057812500, -2.231226e+001,
5059375000, -2.320880e+001,
5060937500, -2.350539e+001,
5062500000, -2.406145e+001,
5064062500, -2.490676e+001,
5065625000, -2.487114e+001,
5067187500, -2.416874e+001,
5068750000, -2.354801e+001,
5070312500, -2.387035e+001,
5071875000, -2.486716e+001,
5073437500, -2.571042e+001,
5075000000, -2.597807e+001,
5076562500, -2.618992e+001,
5078125000, -2.522692e+001,
5079687500, -2.348450e+001,
5081250000, -2.183964e+001,
5082812500, -2.113319e+001,
5084375000, -2.085719e+001,
5085937500, -2.092223e+001,
5087500000, -2.106402e+001,
5089062500, -2.133253e+001,
5090625000, -2.133917e+001,
5092187500, -2.182025e+001,
5093750000, -2.219169e+001,
5095312500, -2.254291e+001,
5096875000, -2.330158e+001,
5098437500, -2.447292e+001,
5100000000, -2.619863e+001,
5101562500, -2.595541e+001,
5103125000, -2.492408e+001,
5104687500, -2.405262e+001,
5106250000, -2.300064e+001,
5107812500, -2.201402e+001,
5109375000, -2.229907e+001,
5110937500, -2.222025e+001,
5112500000, -2.205133e+001,
5114062500, -2.278938e+001,
5115625000, -2.416974e+001,
5117187500, -2.457342e+001,
5118750000, -2.358609e+001,
5120312500, -2.407149e+001,
5121875000, -2.620253e+001,
5123437500, -2.625781e+001,
5125000000, -2.536965e+001,
5126562500, -2.594067e+001,
5128125000, -2.818789e+001,
5129687500, -3.059790e+001,
5131250000, -2.715647e+001,
5132812500, -2.449445e+001,
5134375000, -2.459437e+001,
5135937500, -2.606057e+001,
5137500000, -2.784439e+001,
5139062500, -2.753204e+001,
5140625000, -2.842281e+001,
5142187500, -3.008302e+001,
5143750000, -2.694118e+001,
5145312500, -2.498400e+001,
5146875000, -2.562230e+001,
5148437500, -2.570220e+001,
5150000000, -2.501121e+001,
5151562500, -2.797124e+001,
5153125000, -2.964484e+001,
5154687500, -2.926814e+001,
5156250000, -2.798353e+001,
5157812500, -2.809532e+001,
5159375000, -2.724804e+001,
5160937500, -2.872167e+001,
5162500000, -3.071701e+001,
5164062500, -2.964716e+001,
5165625000, -3.018690e+001,
5167187500, -2.995341e+001,
5168750000, -2.971601e+001,
5170312500, -3.207990e+001,
5171875000, -3.100627e+001,
5173437500, -3.192262e+001,
5175000000, -3.260750e+001,
5176562500, -3.151170e+001,
5178125000, -3.175347e+001,
5179687500, -3.163313e+001,
5181250000, -3.428633e+001,
5182812500, -3.291850e+001,
5184375000, -3.466909e+001,
5185937500, -3.413890e+001,
5187500000, -3.484790e+001,
5189062500, -3.397616e+001,
5190625000, -3.624213e+001,
5192187500, -3.611490e+001,
5193750000, -3.675720e+001,
5195312500, -3.878384e+001,
5196875000, -3.759285e+001,
5198437500, -4.058923e+001,
5200000000, -4.176745e+001,
5201562500, -4.013593e+001,
5203125000, -4.094328e+001,
5204687500, -4.440281e+001,
5206250000, -4.823004e+001,
5207812500, -4.949360e+001,
5209375000, -5.063284e+001,
5210937500, -5.246909e+001,
5212500000, -5.687488e+001,
5214062500, -6.274752e+001,
5215625000, -5.759879e+001,
5217187500, -5.784451e+001,
5218750000, -5.463485e+001,
5220312500, -5.459032e+001,
5221875000, -5.643232e+001,
5223437500, -5.696377e+001,
5225000000, -5.736426e+001,
5226562500, -5.741214e+001,
5228125000, -5.740737e+001,
5229687500, -5.757524e+001,
5231250000, -5.773611e+001,
5232812500, -5.772094e+001,
5234375000, -5.780525e+001,
5235937500, -5.789302e+001,
5237500000, -5.794373e+001,
5239062500, -5.800976e+001,
5240625000, -5.796528e+001,
5242187500, -5.802131e+001,
5243750000, -5.827261e+001,
5245312500, -5.834962e+001,
5246875000, -5.832573e+001,
5248437500, -5.835797e+001,
5250000000, -5.842368e+001,
5251562500, -5.843913e+001,
5253125000, -5.839587e+001,
5254687500, -5.851172e+001,
5256250000, -5.847702e+001,
5257812500, -5.859571e+001,
5259375000, -5.849132e+001,
5260937500, -5.865619e+001,
5262500000, -5.864257e+001,
5264062500, -5.875439e+001,
5265625000, -5.868410e+001,
5267187500, -5.870681e+001,
5268750000, -5.876009e+001,
5270312500, -5.880956e+001,
5271875000, -5.899981e+001,
5273437500, -5.913969e+001,
5275000000, -5.910141e+001,
5276562500, -5.907930e+001,
5278125000, -5.893761e+001,
5279687500, -5.903608e+001,
5281250000, -5.917212e+001,
5282812500, -5.896136e+001,
5284375000, -5.910639e+001,
5285937500, -5.923560e+001,
5287500000, -5.929765e+001,
5289062500, -5.906952e+001,
5290625000, -5.903611e+001,
5292187500, -5.903301e+001,
5293750000, -5.888459e+001,
5295312500, -5.891710e+001,
5296875000, -5.900898e+001,
5298437500, -5.929259e+001,
5300000000, -5.925903e+001,
5301562500, -5.935555e+001,
5303125000, -5.951477e+001,
5304687500, -5.940115e+001,
5306250000, -5.935839e+001,
5307812500, -5.926852e+001,
5309375000, -5.930032e+001,
5310937500, -5.911685e+001,
5312500000, -5.914887e+001,
5314062500, -5.907555e+001,
5315625000, -5.910413e+001,
5317187500, -5.907255e+001,
5318750000, -5.901425e+001,
5320312500, -5.890166e+001,
5321875000, -5.899972e+001,
5323437500, -5.902980e+001,
5325000000, -5.911751e+001,
5326562500, -5.936078e+001,
5328125000, -5.930209e+001,
5329687500, -5.938295e+001,
5331250000, -5.930354e+001,
5332812500, -5.945620e+001,
5334375000, -5.951043e+001,
5335937500, -5.957760e+001,
5337500000, -5.962393e+001,
5339062500, -5.972236e+001,
5340625000, -5.953959e+001,
5342187500, -5.980576e+001,
5343750000, -5.984320e+001,
5345312500, -5.984921e+001,
5346875000, -5.971077e+001,
5348437500, -5.976891e+001,
5350000000, -5.969765e+001,
5351562500, -5.962656e+001,
5353125000, -5.952802e+001,
5354687500, -5.960508e+001,
5356250000, -5.951398e+001,
5357812500, -5.967635e+001,
5359375000, -5.939666e+001,
5360937500, -5.932516e+001,
5362500000, -5.921400e+001,
5364062500, -5.918178e+001,
5365625000, -5.910997e+001,
5367187500, -5.889754e+001,
5368750000, -5.890767e+001,
5370312500, -5.854445e+001,
5371875000, -5.868778e+001,
5373437500, -5.856766e+001,
5375000000, -5.855783e+001,
5376562500, -5.851909e+001,
5378125000, -5.840702e+001,
5379687500, -5.834172e+001,
5381250000, -5.821693e+001,
5382812500, -5.826385e+001,
5384375000, -5.810163e+001,
5385937500, -5.823530e+001,
5387500000, -5.795410e+001,
5389062500, -5.784292e+001,
5390625000, -5.774598e+001,
5392187500, -5.773047e+001,
5393750000, -5.757544e+001,
5395312500, -5.749507e+001,
5396875000, -5.739063e+001,
5398437500, -5.735764e+001,
5400000000, -5.727386e+001,
5401562500, -5.717626e+001,
5403125000, -5.719953e+001,
5404687500, -5.716196e+001,
5406250000, -5.706284e+001,
5407812500, -5.709134e+001,
5409375000, -5.697440e+001,
5410937500, -5.699554e+001,
5412500000, -5.692524e+001,
5414062500, -5.686419e+001,
5415625000, -5.673802e+001,
5417187500, -5.667222e+001,
5418750000, -5.655446e+001,
5420312500, -5.655384e+001,
5421875000, -5.646198e+001,
5423437500, -5.636067e+001,
5425000000, -5.629329e+001,
5426562500, -5.613980e+001,
5428125000, -5.622509e+001,
5429687500, -5.609935e+001,
5431250000, -5.603425e+001,
5432812500, -5.600690e+001,
5434375000, -5.599430e+001,
5435937500, -5.592348e+001,
5437500000, -5.587607e+001,
5439062500, -5.589637e+001,
5440625000, -5.585359e+001,
5442187500, -5.566170e+001,
5443750000, -5.572190e+001,
5445312500, -5.574963e+001,
5446875000, -5.563164e+001,
5448437500, -5.564886e+001,
5450000000, -5.564421e+001,
5451562500, -5.553467e+001,
5453125000, -5.550415e+001,
5454687500, -5.549725e+001,
5456250000, -5.543790e+001,
5457812500, -5.544304e+001,
5459375000, -5.533576e+001,
5460937500, -5.537455e+001,
5462500000, -5.525977e+001,
5464062500, -5.530854e+001,
5465625000, -5.526587e+001,
5467187500, -5.513230e+001,
5468750000, -5.525450e+001,
5470312500, -5.518981e+001,
5471875000, -5.498149e+001,
5473437500, -5.501684e+001,
5475000000, -5.501632e+001,
5476562500, -5.503867e+001,
5478125000, -5.494640e+001,
5479687500, -5.489075e+001,
5481250000, -5.481664e+001,
5482812500, -5.479847e+001,
5484375000, -5.473431e+001,
5485937500, -5.478875e+001,
5487500000, -5.469608e+001,
5489062500, -5.470918e+001,
5490625000, -5.470942e+001,
5492187500, -5.461188e+001,
5493750000, -5.468070e+001,
5495312500, -5.456213e+001,
5496875000, -5.460474e+001,
5498437500, -5.450269e+001,
5500000000, -5.446520e+001,
