"S21 Log Mag"
"Frequency (Hz)","dB",
3000000000, -4.861419e+001,
3001562500, -4.863965e+001,
3003125000, -4.856906e+001,
3004687500, -4.856199e+001,
3006250000, -4.848463e+001,
3007812500, -4.853167e+001,
3009375000, -4.840615e+001,
3010937500, -4.840830e+001,
3012500000, -4.837770e+001,
3014062500, -4.825514e+001,
3015625000, -4.827991e+001,
3017187500, -4.821732e+001,
3018750000, -4.822485e+001,
3020312500, -4.807788e+001,
3021875000, -4.812561e+001,
3023437500, -4.804547e+001,
3025000000, -4.801831e+001,
3026562500, -4.796820e+001,
3028125000, -4.789353e+001,
3029687500, -4.785699e+001,
3031250000, -4.785639e+001,
3032812500, -4.774548e+001,
3034375000, -4.771862e+001,
3035937500, -4.765727e+001,
3037500000, -4.765001e+001,
3039062500, -4.756661e+001,
3040625000, -4.751659e+001,
3042187500, -4.747958e+001,
3043750000, -4.748190e+001,
3045312500, -4.740693e+001,
3046875000, -4.739582e+001,
3048437500, -4.737669e+001,
3050000000, -4.726457e+001,
3051562500, -4.727893e+001,
3053125000, -4.725708e+001,
3054687500, -4.720293e+001,
3056250000, -4.716662e+001,
3057812500, -4.712434e+001,
3059375000, -4.706784e+001,
3060937500, -4.713522e+001,
3062500000, -4.707131e+001,
3064062500, -4.701835e+001,
3065625000, -4.702510e+001,
3067187500, -4.692601e+001,
3068750000, -4.696582e+001,
3070312500, -4.690487e+001,
3071875000, -4.691406e+001,
3073437500, -4.682719e+001,
3075000000, -4.684797e+001,
3076562500, -4.682145e+001,
3078125000, -4.679091e+001,
3079687500, -4.683518e+001,
3081250000, -4.678956e+001,
3082812500, -4.680693e+001,
3084375000, -4.673532e+001,
3085937500, -4.674591e+001,
3087500000, -4.675295e+001,
3089062500, -4.675929e+001,
3090625000, -4.672311e+001,
3092187500, -4.670975e+001,
3093750000, -4.669210e+001,
3095312500, -4.668688e+001,
3096875000, -4.667007e+001,
3098437500, -4.664143e+001,
3100000000, -4.659728e+001,
3101562500, -4.664626e+001,
3103125000, -4.663531e+001,
3104687500, -4.659092e+001,
3106250000, -4.657864e+001,
3107812500, -4.648289e+001,
3109375000, -4.657277e+001,
3110937500, -4.651945e+001,
3112500000, -4.658330e+001,
3114062500, -4.655865e+001,
3115625000, -4.654946e+001,
3117187500, -4.650956e+001,
3118750000, -4.656282e+001,
3120312500, -4.650030e+001,
3121875000, -4.654609e+001,
3123437500, -4.652433e+001,
3125000000, -4.652953e+001,
3126562500, -4.649903e+001,
3128125000, -4.656299e+001,
3129687500, -4.650671e+001,
3131250000, -4.648687e+001,
3132812500, -4.647567e+001,
3134375000, -4.647500e+001,
3135937500, -4.645111e+001,
3137500000, -4.643542e+001,
3139062500, -4.642389e+001,
3140625000, -4.648189e+001,
3142187500, -4.647827e+001,
3143750000, -4.641071e+001,
3145312500, -4.640647e+001,
3146875000, -4.639990e+001,
3148437500, -4.643124e+001,
3150000000, -4.643966e+001,
3151562500, -4.643298e+001,
3153125000, -4.638836e+001,
3154687500, -4.641901e+001,
3156250000, -4.643674e+001,
3157812500, -4.637761e+001,
3159375000, -4.652476e+001,
3160937500, -4.642724e+001,
3162500000, -4.650373e+001,
3164062500, -4.651397e+001,
3165625000, -4.648737e+001,
3167187500, -4.648839e+001,
3168750000, -4.651401e+001,
3170312500, -4.657978e+001,
3171875000, -4.655478e+001,
3173437500, -4.666626e+001,
3175000000, -4.659116e+001,
3176562500, -4.658017e+001,
3178125000, -4.660226e+001,
3179687500, -4.672840e+001,
3181250000, -4.665002e+001,
3182812500, -4.675016e+001,
3184375000, -4.677188e+001,
3185937500, -4.669962e+001,
3187500000, -4.679619e+001,
3189062500, -4.683184e+001,
3190625000, -4.686253e+001,
3192187500, -4.681209e+001,
3193750000, -4.690908e+001,
3195312500, -4.697177e+001,
3196875000, -4.685506e+001,
3198437500, -4.707584e+001,
3200000000, -4.707537e+001,
3201562500, -4.706031e+001,
3203125000, -4.706734e+001,
3204687500, -4.714557e+001,
3206250000, -4.721213e+001,
3207812500, -4.711207e+001,
3209375000, -4.724358e+001,
3210937500, -4.733757e+001,
3212500000, -4.724163e+001,
3214062500, -4.727060e+001,
3215625000, -4.739148e+001,
3217187500, -4.744643e+001,
3218750000, -4.735113e+001,
3220312500, -4.738985e+001,
3221875000, -4.762966e+001,
3223437500, -4.748768e+001,
3225000000, -4.754789e+001,
3226562500, -4.759541e+001,
3228125000, -4.766765e+001,
3229687500, -4.767878e+001,
3231250000, -4.763610e+001,
3232812500, -4.773415e+001,
3234375000, -4.783681e+001,
3235937500, -4.774771e+001,
3237500000, -4.782239e+001,
3239062500, -4.784797e+001,
3240625000, -4.788556e+001,
3242187500, -4.794983e+001,
3243750000, -4.785592e+001,
3245312500, -4.793880e+001,
3246875000, -4.808090e+001,
3248437500, -4.792982e+001,
3250000000, -4.812917e+001,
3251562500, -4.808340e+001,
3253125000, -4.809540e+001,
3254687500, -4.804502e+001,
3256250000, -4.812974e+001,
3257812500, -4.816928e+001,
3259375000, -4.820047e+001,
3260937500, -4.806325e+001,
3262500000, -4.820563e+001,
3264062500, -4.810573e+001,
3265625000, -4.812482e+001,
3267187500, -4.815385e+001,
3268750000, -4.811061e+001,
3270312500, -4.802972e+001,
3271875000, -4.812268e+001,
3273437500, -4.811834e+001,
3275000000, -4.813352e+001,
3276562500, -4.811766e+001,
3278125000, -4.792646e+001,
3279687500, -4.812715e+001,
3281250000, -4.803337e+001,
3282812500, -4.794510e+001,
3284375000, -4.791303e+001,
3285937500, -4.805542e+001,
3287500000, -4.795034e+001,
3289062500, -4.794157e+001,
3290625000, -4.786699e+001,
3292187500, -4.765923e+001,
3293750000, -4.782294e+001,
3295312500, -4.779737e+001,
3296875000, -4.763074e+001,
3298437500, -4.754304e+001,
3300000000, -4.766703e+001,
3301562500, -4.751183e+001,
3303125000, -4.749434e+001,
3304687500, -4.744782e+001,
3306250000, -4.729544e+001,
3307812500, -4.738918e+001,
3309375000, -4.735706e+001,
3310937500, -4.731443e+001,
3312500000, -4.716668e+001,
3314062500, -4.726027e+001,
3315625000, -4.708239e+001,
3317187500, -4.719699e+001,
3318750000, -4.706009e+001,
3320312500, -4.697791e+001,
3321875000, -4.701460e+001,
3323437500, -4.694181e+001,
3325000000, -4.699560e+001,
3326562500, -4.680922e+001,
3328125000, -4.678912e+001,
3329687500, -4.683039e+001,
3331250000, -4.669364e+001,
3332812500, -4.675058e+001,
3334375000, -4.656361e+001,
3335937500, -4.653698e+001,
3337500000, -4.657010e+001,
3339062500, -4.646582e+001,
3340625000, -4.654187e+001,
3342187500, -4.636556e+001,
3343750000, -4.639931e+001,
3345312500, -4.633067e+001,
3346875000, -4.630141e+001,
3348437500, -4.649887e+001,
3350000000, -4.633000e+001,
3351562500, -4.628651e+001,
3353125000, -4.644973e+001,
3354687500, -4.630967e+001,
3356250000, -4.647141e+001,
3357812500, -4.634858e+001,
3359375000, -4.642852e+001,
3360937500, -4.642299e+001,
3362500000, -4.631474e+001,
3364062500, -4.647906e+001,
3365625000, -4.652042e+001,
3367187500, -4.639139e+001,
3368750000, -4.643553e+001,
3370312500, -4.642137e+001,
3371875000, -4.658268e+001,
3373437500, -4.653746e+001,
3375000000, -4.642644e+001,
3376562500, -4.666865e+001,
3378125000, -4.641328e+001,
3379687500, -4.650901e+001,
3381250000, -4.665584e+001,
3382812500, -4.653690e+001,
3384375000, -4.670271e+001,
3385937500, -4.664430e+001,
3387500000, -4.667624e+001,
3389062500, -4.681427e+001,
3390625000, -4.669612e+001,
3392187500, -4.684333e+001,
3393750000, -4.694488e+001,
3395312500, -4.671897e+001,
3396875000, -4.693986e+001,
3398437500, -4.707720e+001,
3400000000, -4.690796e+001,
3401562500, -4.712419e+001,
3403125000, -4.712728e+001,
3404687500, -4.711373e+001,
3406250000, -4.723972e+001,
3407812500, -4.724354e+001,
3409375000, -4.726424e+001,
3410937500, -4.747137e+001,
3412500000, -4.708323e+001,
3414062500, -4.720886e+001,
3415625000, -4.756620e+001,
3417187500, -4.730497e+001,
3418750000, -4.747532e+001,
3420312500, -4.743636e+001,
3421875000, -4.755222e+001,
3423437500, -4.756742e+001,
3425000000, -4.756572e+001,
3426562500, -4.744165e+001,
3428125000, -4.764518e+001,
3429687500, -4.768674e+001,
3431250000, -4.730789e+001,
3432812500, -4.757270e+001,
3434375000, -4.767114e+001,
3435937500, -4.748493e+001,
3437500000, -4.764653e+001,
3439062500, -4.743010e+001,
3440625000, -4.759820e+001,
3442187500, -4.771895e+001,
3443750000, -4.746297e+001,
3445312500, -4.739200e+001,
3446875000, -4.763024e+001,
3448437500, -4.769386e+001,
3450000000, -4.728403e+001,
3451562500, -4.754022e+001,
3453125000, -4.751300e+001,
3454687500, -4.736478e+001,
3456250000, -4.764125e+001,
3457812500, -4.740446e+001,
3459375000, -4.732891e+001,
3460937500, -4.766580e+001,
3462500000, -4.749949e+001,
3464062500, -4.731655e+001,
3465625000, -4.742564e+001,
3467187500, -4.749611e+001,
3468750000, -4.731560e+001,
3470312500, -4.725460e+001,
3471875000, -4.750373e+001,
3473437500, -4.731141e+001,
3475000000, -4.726454e+001,
3476562500, -4.753181e+001,
3478125000, -4.726091e+001,
3479687500, -4.733613e+001,
3481250000, -4.755844e+001,
3482812500, -4.733988e+001,
3484375000, -4.745691e+001,
3485937500, -4.740751e+001,
3487500000, -4.747382e+001,
3489062500, -4.732166e+001,
3490625000, -4.730161e+001,
3492187500, -4.753910e+001,
3493750000, -4.728423e+001,
3495312500, -4.729626e+001,
3496875000, -4.758414e+001,
3498437500, -4.727822e+001,
3500000000, -4.740805e+001,
3501562500, -4.769875e+001,
3503125000, -4.754227e+001,
3504687500, -4.740425e+001,
3506250000, -4.750935e+001,
3507812500, -4.767421e+001,
3509375000, -4.767516e+001,
3510937500, -4.756546e+001,
3512500000, -4.757936e+001,
3514062500, -4.757272e+001,
3515625000, -4.774990e+001,
3517187500, -4.794036e+001,
3518750000, -4.758781e+001,
3520312500, -4.759970e+001,
3521875000, -4.804140e+001,
3523437500, -4.804892e+001,
3525000000, -4.789408e+001,
3526562500, -4.794648e+001,
3528125000, -4.805015e+001,
3529687500, -4.792894e+001,
3531250000, -4.836829e+001,
3532812500, -4.824115e+001,
3534375000, -4.793739e+001,
3535937500, -4.782437e+001,
3537500000, -4.836190e+001,
3539062500, -4.858038e+001,
3540625000, -4.816779e+001,
3542187500, -4.815498e+001,
3543750000, -4.837528e+001,
3545312500, -4.867216e+001,
3546875000, -4.847569e+001,
3548437500, -4.823157e+001,
3550000000, -4.886132e+001,
3551562500, -4.842326e+001,
3553125000, -4.851360e+001,
3554687500, -4.896476e+001,
3556250000, -4.873362e+001,
3557812500, -4.847679e+001,
3559375000, -4.854762e+001,
3560937500, -4.898421e+001,
3562500000, -4.879375e+001,
3564062500, -4.898516e+001,
3565625000, -4.883023e+001,
3567187500, -4.900801e+001,
3568750000, -4.908887e+001,
3570312500, -4.897839e+001,
3571875000, -4.929256e+001,
3573437500, -4.918587e+001,
3575000000, -4.867946e+001,
3576562500, -4.926055e+001,
3578125000, -4.961500e+001,
3579687500, -4.915785e+001,
3581250000, -4.897739e+001,
3582812500, -4.907834e+001,
3584375000, -4.947359e+001,
3585937500, -4.924459e+001,
3587500000, -4.922298e+001,
3589062500, -4.959356e+001,
3590625000, -4.933450e+001,
3592187500, -4.906691e+001,
3593750000, -4.938909e+001,
3595312500, -4.986992e+001,
3596875000, -4.954106e+001,
3598437500, -4.874459e+001,
3600000000, -4.917093e+001,
3601562500, -4.992907e+001,
3603125000, -4.984010e+001,
3604687500, -4.906423e+001,
3606250000, -4.878798e+001,
3607812500, -4.900189e+001,
3609375000, -4.976919e+001,
3610937500, -4.932598e+001,
3612500000, -4.927003e+001,
3614062500, -4.936736e+001,
3615625000, -4.887050e+001,
3617187500, -4.900043e+001,
3618750000, -4.975044e+001,
3620312500, -4.977491e+001,
3621875000, -4.913994e+001,
3623437500, -4.850585e+001,
3625000000, -4.887165e+001,
3626562500, -5.012645e+001,
3628125000, -4.948446e+001,
3629687500, -4.900209e+001,
3631250000, -4.916531e+001,
3632812500, -4.895440e+001,
3634375000, -4.881363e+001,
3635937500, -4.911058e+001,
3637500000, -4.961735e+001,
3639062500, -4.994045e+001,
3640625000, -4.883752e+001,
3642187500, -4.846220e+001,
3643750000, -4.894778e+001,
3645312500, -5.008468e+001,
3646875000, -5.034855e+001,
3648437500, -4.887154e+001,
3650000000, -4.840091e+001,
3651562500, -4.919894e+001,
3653125000, -4.998823e+001,
3654687500, -4.930498e+001,
3656250000, -4.964978e+001,
3657812500, -4.942550e+001,
3659375000, -4.904881e+001,
3660937500, -4.838876e+001,
3662500000, -4.928197e+001,
3664062500, -4.950326e+001,
3665625000, -5.060378e+001,
3667187500, -4.954329e+001,
3668750000, -4.839724e+001,
3670312500, -4.874096e+001,
3671875000, -4.985160e+001,
3673437500, -5.080550e+001,
3675000000, -4.989671e+001,
3676562500, -4.868915e+001,
3678125000, -4.892084e+001,
3679687500, -4.948985e+001,
3681250000, -4.946201e+001,
3682812500, -5.028611e+001,
3684375000, -5.041511e+001,
3685937500, -4.928975e+001,
3687500000, -4.877213e+001,
3689062500, -4.903856e+001,
3690625000, -4.988482e+001,
3692187500, -5.058156e+001,
3693750000, -5.097782e+001,
3695312500, -4.912489e+001,
3696875000, -4.882999e+001,
3698437500, -4.964130e+001,
3700000000, -5.074075e+001,
3701562500, -5.120026e+001,
3703125000, -5.022212e+001,
3704687500, -4.928343e+001,
3706250000, -4.947906e+001,
3707812500, -4.965956e+001,
3709375000, -5.014646e+001,
3710937500, -5.074427e+001,
3712500000, -5.145268e+001,
3714062500, -5.011966e+001,
3715625000, -4.850957e+001,
3717187500, -4.916764e+001,
3718750000, -5.105769e+001,
3720312500, -5.105360e+001,
3721875000, -5.185616e+001,
3723437500, -4.995480e+001,
3725000000, -4.933185e+001,
3726562500, -4.927861e+001,
3728125000, -5.012766e+001,
3729687500, -5.163871e+001,
3731250000, -5.218708e+001,
3732812500, -5.089455e+001,
3734375000, -4.972800e+001,
3735937500, -4.897689e+001,
3737500000, -4.866012e+001,
3739062500, -5.066931e+001,
3740625000, -5.351999e+001,
3742187500, -5.152447e+001,
3743750000, -4.933374e+001,
3745312500, -4.793691e+001,
3746875000, -4.944688e+001,
3748437500, -5.081865e+001,
3750000000, -5.195048e+001,
3751562500, -5.211543e+001,
3753125000, -5.071748e+001,
3754687500, -4.937186e+001,
3756250000, -4.903012e+001,
3757812500, -4.961987e+001,
3759375000, -5.054974e+001,
3760937500, -5.127050e+001,
3762500000, -5.282951e+001,
3764062500, -5.167654e+001,
3765625000, -4.855864e+001,
3767187500, -4.739831e+001,
3768750000, -4.792654e+001,
3770312500, -5.129239e+001,
3771875000, -5.363905e+001,
3773437500, -5.164962e+001,
3775000000, -4.908666e+001,
3776562500, -4.780918e+001,
3778125000, -4.843964e+001,
3779687500, -4.893674e+001,
3781250000, -5.168710e+001,
3782812500, -5.351205e+001,
3784375000, -5.076090e+001,
3785937500, -4.889784e+001,
3787500000, -4.834865e+001,
3789062500, -4.863744e+001,
3790625000, -4.955656e+001,
3792187500, -5.117828e+001,
3793750000, -5.268982e+001,
3795312500, -5.169595e+001,
3796875000, -4.884851e+001,
3798437500, -4.803716e+001,
3800000000, -4.784119e+001,
3801562500, -4.941902e+001,
3803125000, -5.176636e+001,
3804687500, -5.151947e+001,
3806250000, -5.086286e+001,
3807812500, -5.026850e+001,
3809375000, -4.947998e+001,
3810937500, -4.804721e+001,
3812500000, -4.907873e+001,
3814062500, -5.119994e+001,
3815625000, -5.360096e+001,
3817187500, -5.201980e+001,
3818750000, -4.972358e+001,
3820312500, -4.842343e+001,
3821875000, -4.833378e+001,
3823437500, -4.952158e+001,
3825000000, -5.425156e+001,
3826562500, -5.403644e+001,
3828125000, -5.037509e+001,
3829687500, -4.938776e+001,
3831250000, -4.940694e+001,
3832812500, -4.987864e+001,
3834375000, -5.090182e+001,
3835937500, -5.151498e+001,
3837500000, -5.266603e+001,
3839062500, -5.262193e+001,
3840625000, -5.049197e+001,
3842187500, -5.109756e+001,
3843750000, -4.944933e+001,
3845312500, -5.025511e+001,
3846875000, -5.165932e+001,
3848437500, -5.336833e+001,
3850000000, -5.432885e+001,
3851562500, -5.301459e+001,
3853125000, -4.995425e+001,
3854687500, -4.796369e+001,
3856250000, -4.822703e+001,
3857812500, -5.268973e+001,
3859375000, -5.810725e+001,
3860937500, -5.332780e+001,
3862500000, -5.132482e+001,
3864062500, -5.034727e+001,
3865625000, -4.987916e+001,
3867187500, -5.045207e+001,
3868750000, -5.051920e+001,
3870312500, -5.160730e+001,
3871875000, -5.467786e+001,
3873437500, -5.805860e+001,
3875000000, -5.163884e+001,
3876562500, -5.012265e+001,
3878125000, -5.004678e+001,
3879687500, -4.923362e+001,
3881250000, -5.098233e+001,
3882812500, -5.374926e+001,
3884375000, -5.746432e+001,
3885937500, -5.683999e+001,
3887500000, -5.351364e+001,
3889062500, -4.951773e+001,
3890625000, -4.803271e+001,
3892187500, -4.827971e+001,
3893750000, -5.127153e+001,
3895312500, -5.766808e+001,
3896875000, -5.734845e+001,
3898437500, -5.615963e+001,
3900000000, -5.234355e+001,
3901562500, -4.953568e+001,
3903125000, -4.913254e+001,
3904687500, -4.918493e+001,
3906250000, -4.979734e+001,
3907812500, -5.446796e+001,
3909375000, -6.212293e+001,
3910937500, -5.782397e+001,
3912500000, -5.306963e+001,
3914062500, -4.995396e+001,
3915625000, -4.799535e+001,
3917187500, -4.794516e+001,
3918750000, -4.983907e+001,
3920312500, -5.406439e+001,
3921875000, -6.283442e+001,
3923437500, -5.929072e+001,
3925000000, -5.309718e+001,
3926562500, -4.952733e+001,
3928125000, -4.949818e+001,
3929687500, -4.859054e+001,
3931250000, -4.992081e+001,
3932812500, -5.285434e+001,
3934375000, -5.414794e+001,
3935937500, -6.997109e+001,
3937500000, -5.369978e+001,
3939062500, -5.026760e+001,
3940625000, -4.810719e+001,
3942187500, -4.947840e+001,
3943750000, -5.079136e+001,
3945312500, -5.124438e+001,
3946875000, -5.515827e+001,
3948437500, -6.015627e+001,
3950000000, -6.421483e+001,
3951562500, -5.084492e+001,
3953125000, -4.631906e+001,
3954687500, -4.628311e+001,
3956250000, -4.744337e+001,
3957812500, -5.219185e+001,
3959375000, -6.362351e+001,
3960937500, -6.041212e+001,
3962500000, -5.257463e+001,
3964062500, -5.134574e+001,
3965625000, -5.521927e+001,
3967187500, -5.032340e+001,
3968750000, -4.916890e+001,
3970312500, -4.960859e+001,
3971875000, -5.237740e+001,
3973437500, -5.503125e+001,
3975000000, -6.600594e+001,
3976562500, -5.413503e+001,
3978125000, -4.795406e+001,
3979687500, -4.629177e+001,
3981250000, -4.761285e+001,
3982812500, -5.325130e+001,
3984375000, -5.977666e+001,
3985937500, -5.879395e+001,
3987500000, -6.110300e+001,
3989062500, -5.281809e+001,
3990625000, -5.292062e+001,
3992187500, -5.109669e+001,
3993750000, -4.983213e+001,
3995312500, -4.817231e+001,
3996875000, -4.856382e+001,
3998437500, -5.547102e+001,
4000000000, -6.330375e+001,
4001562500, -6.069145e+001,
4003125000, -5.114302e+001,
4004687500, -5.019880e+001,
4006250000, -4.945998e+001,
4007812500, -4.842728e+001,
4009375000, -5.118338e+001,
4010937500, -4.942194e+001,
4012500000, -5.343762e+001,
4014062500, -6.835766e+001,
4015625000, -5.657685e+001,
4017187500, -5.180244e+001,
4018750000, -5.030011e+001,
4020312500, -4.974422e+001,
4021875000, -4.707181e+001,
4023437500, -4.884148e+001,
4025000000, -5.290541e+001,
4026562500, -5.730853e+001,
4028125000, -6.497829e+001,
4029687500, -5.487618e+001,
4031250000, -5.185972e+001,
4032812500, -4.788210e+001,
4034375000, -4.624297e+001,
4035937500, -4.717079e+001,
4037500000, -4.939975e+001,
4039062500, -5.378484e+001,
4040625000, -5.487448e+001,
4042187500, -5.842192e+001,
4043750000, -5.369868e+001,
4045312500, -4.821736e+001,
4046875000, -4.802009e+001,
4048437500, -4.752920e+001,
4050000000, -4.720061e+001,
4051562500, -5.092849e+001,
4053125000, -5.136704e+001,
4054687500, -5.908378e+001,
4056250000, -6.027022e+001,
4057812500, -5.487799e+001,
4059375000, -5.889838e+001,
4060937500, -5.172141e+001,
4062500000, -5.114619e+001,
4064062500, -5.124743e+001,
4065625000, -4.950726e+001,
4067187500, -4.942006e+001,
4068750000, -5.431799e+001,
4070312500, -7.736270e+001,
4071875000, -5.858792e+001,
4073437500, -5.622871e+001,
4075000000, -5.950218e+001,
4076562500, -4.897686e+001,
4078125000, -4.715419e+001,
4079687500, -4.677229e+001,
4081250000, -5.272760e+001,
4082812500, -5.315584e+001,
4084375000, -5.263745e+001,
4085937500, -5.655762e+001,
4087500000, -5.229852e+001,
4089062500, -4.773853e+001,
4090625000, -4.695516e+001,
4092187500, -4.575114e+001,
4093750000, -4.509795e+001,
4095312500, -4.751760e+001,
4096875000, -4.791502e+001,
4098437500, -4.997498e+001,
4100000000, -5.314466e+001,
4101562500, -5.057093e+001,
4103125000, -4.943388e+001,
4104687500, -5.031535e+001,
4106250000, -5.422914e+001,
4107812500, -5.513802e+001,
4109375000, -4.761049e+001,
4110937500, -4.976169e+001,
4112500000, -5.264836e+001,
4114062500, -5.709652e+001,
4115625000, -5.931580e+001,
4117187500, -5.108864e+001,
4118750000, -5.003779e+001,
4120312500, -6.236501e+001,
4121875000, -5.177872e+001,
4123437500, -4.613731e+001,
4125000000, -4.534547e+001,
4126562500, -5.243222e+001,
4128125000, -4.995863e+001,
4129687500, -4.648479e+001,
4131250000, -4.495491e+001,
4132812500, -4.461422e+001,
4134375000, -4.409594e+001,
4135937500, -4.463920e+001,
4137500000, -4.592499e+001,
4139062500, -4.501769e+001,
4140625000, -4.544106e+001,
4142187500, -4.399666e+001,
4143750000, -4.413872e+001,
4145312500, -4.778886e+001,
4146875000, -5.045887e+001,
4148437500, -5.207005e+001,
4150000000, -4.936981e+001,
4151562500, -4.639700e+001,
4153125000, -4.396284e+001,
4154687500, -5.082727e+001,
4156250000, -5.600447e+001,
4157812500, -4.949130e+001,
4159375000, -4.855156e+001,
4160937500, -4.701705e+001,
4162500000, -4.974757e+001,
4164062500, -5.195830e+001,
4165625000, -5.469461e+001,
4167187500, -7.689043e+001,
4168750000, -5.246827e+001,
4170312500, -5.033662e+001,
4171875000, -4.658468e+001,
4173437500, -4.448938e+001,
4175000000, -4.687487e+001,
4176562500, -4.739325e+001,
4178125000, -4.382525e+001,
4179687500, -4.333321e+001,
4181250000, -4.171144e+001,
4182812500, -4.023914e+001,
4184375000, -4.016136e+001,
4185937500, -4.073846e+001,
4187500000, -4.176863e+001,
4189062500, -4.246424e+001,
4190625000, -4.278989e+001,
4192187500, -4.347380e+001,
4193750000, -4.338564e+001,
4195312500, -4.512302e+001,
4196875000, -4.549737e+001,
4198437500, -4.702201e+001,
4200000000, -4.799303e+001,
4201562500, -4.537625e+001,
4203125000, -4.490317e+001,
4204687500, -4.920514e+001,
4206250000, -4.979068e+001,
4207812500, -4.910361e+001,
4209375000, -4.900061e+001,
4210937500, -4.866874e+001,
4212500000, -4.682360e+001,
4214062500, -4.800129e+001,
4215625000, -5.048439e+001,
4217187500, -5.510105e+001,
4218750000, -5.789574e+001,
4220312500, -5.061543e+001,
4221875000, -4.710725e+001,
4223437500, -4.499720e+001,
4225000000, -4.468548e+001,
4226562500, -4.429773e+001,
4228125000, -4.468213e+001,
4229687500, -4.208253e+001,
4231250000, -4.633374e+001,
4232812500, -4.469684e+001,
4234375000, -4.128263e+001,
4235937500, -4.237931e+001,
4237500000, -4.239863e+001,
4239062500, -4.013006e+001,
4240625000, -4.273164e+001,
4242187500, -4.345278e+001,
4243750000, -4.699051e+001,
4245312500, -4.774937e+001,
4246875000, -4.817176e+001,
4248437500, -5.848168e+001,
4250000000, -6.152789e+001,
4251562500, -4.715997e+001,
4253125000, -4.262139e+001,
4254687500, -3.963240e+001,
4256250000, -3.723479e+001,
4257812500, -3.768314e+001,
4259375000, -4.421161e+001,
4260937500, -5.884889e+001,
4262500000, -4.568908e+001,
4264062500, -4.372136e+001,
4265625000, -5.044072e+001,
4267187500, -4.518806e+001,
4268750000, -4.533014e+001,
4270312500, -5.137986e+001,
4271875000, -5.126839e+001,
4273437500, -4.197347e+001,
4275000000, -3.891773e+001,
4276562500, -3.969920e+001,
4278125000, -4.423119e+001,
4279687500, -6.025050e+001,
4281250000, -4.068649e+001,
4282812500, -3.737125e+001,
4284375000, -3.665004e+001,
4285937500, -3.546204e+001,
4287500000, -3.497502e+001,
4289062500, -3.882116e+001,
4290625000, -3.997484e+001,
4292187500, -3.965643e+001,
4293750000, -4.143303e+001,
4295312500, -4.964430e+001,
4296875000, -4.500583e+001,
4298437500, -3.990585e+001,
4300000000, -3.067000e+001,
4301562500, -3.207930e+001,
4303125000, -3.519268e+001,
4304687500, -3.743436e+001,
4306250000, -3.928386e+001,
4307812500, -4.011716e+001,
4309375000, -4.082864e+001,
4310937500, -4.082975e+001,
4312500000, -3.579628e+001,
4314062500, -3.343561e+001,
4315625000, -3.201821e+001,
4317187500, -3.121104e+001,
4318750000, -3.365294e+001,
4320312500, -4.019986e+001,
4321875000, -5.686403e+001,
4323437500, -4.124674e+001,
4325000000, -4.044448e+001,
4326562500, -4.195766e+001,
4328125000, -4.207337e+001,
4329687500, -3.793423e+001,
4331250000, -3.118192e+001,
4332812500, -3.111243e+001,
4334375000, -3.438264e+001,
4335937500, -3.430340e+001,
4337500000, -3.115353e+001,
4339062500, -2.947746e+001,
4340625000, -2.887781e+001,
4342187500, -2.951958e+001,
4343750000, -3.341206e+001,
4345312500, -3.155121e+001,
4346875000, -3.009433e+001,
4348437500, -2.891435e+001,
4350000000, -2.764290e+001,
4351562500, -2.725275e+001,
4353125000, -2.723727e+001,
4354687500, -2.629380e+001,
4356250000, -2.689088e+001,
4357812500, -2.799779e+001,
4359375000, -3.167899e+001,
4360937500, -3.325901e+001,
4362500000, -3.357417e+001,
4364062500, -3.563768e+001,
4365625000, -3.756327e+001,
4367187500, -2.877165e+001,
4368750000, -2.463541e+001,
4370312500, -2.755428e+001,
4371875000, -2.974014e+001,
4373437500, -3.110628e+001,
4375000000, -3.354585e+001,
4376562500, -3.493562e+001,
4378125000, -3.534212e+001,
4379687500, -3.307888e+001,
4381250000, -2.877497e+001,
4382812500, -2.544487e+001,
4384375000, -2.519646e+001,
4385937500, -2.662993e+001,
4387500000, -2.745581e+001,
4389062500, -2.824493e+001,
4390625000, -2.893013e+001,
4392187500, -3.108651e+001,
4393750000, -3.562328e+001,
4395312500, -3.524144e+001,
4396875000, -3.509392e+001,
4398437500, -3.620092e+001,
4400000000, -3.387775e+001,
4401562500, -3.173268e+001,
4403125000, -2.746774e+001,
4404687500, -2.500656e+001,
4406250000, -2.608420e+001,
4407812500, -2.141491e+001,
4409375000, -2.175646e+001,
4410937500, -2.451367e+001,
4412500000, -2.697278e+001,
4414062500, -2.746512e+001,
4415625000, -2.536912e+001,
4417187500, -2.393876e+001,
4418750000, -2.374290e+001,
4420312500, -2.361601e+001,
4421875000, -2.423224e+001,
4423437500, -2.726436e+001,
4425000000, -3.098085e+001,
4426562500, -2.726178e+001,
4428125000, -2.504735e+001,
4429687500, -2.498874e+001,
4431250000, -2.467567e+001,
4432812500, -2.250597e+001,
4434375000, -2.037385e+001,
4435937500, -2.065429e+001,
4437500000, -2.396056e+001,
4439062500, -2.727876e+001,
4440625000, -3.051196e+001,
4442187500, -2.942726e+001,
4443750000, -3.118229e+001,
4445312500, -3.320094e+001,
4446875000, -3.154135e+001,
4448437500, -2.923240e+001,
4450000000, -2.648357e+001,
4451562500, -2.556825e+001,
4453125000, -2.794104e+001,
4454687500, -3.093254e+001,
4456250000, -2.967035e+001,
4457812500, -2.967477e+001,
4459375000, -3.101483e+001,
4460937500, -2.920893e+001,
4462500000, -2.705624e+001,
4464062500, -2.585299e+001,
4465625000, -2.605490e+001,
4467187500, -2.848050e+001,
4468750000, -4.016531e+001,
4470312500, -3.344946e+001,
4471875000, -2.694849e+001,
4473437500, -2.535135e+001,
4475000000, -2.603277e+001,
4476562500, -2.701447e+001,
4478125000, -2.798174e+001,
4479687500, -2.889829e+001,
4481250000, -2.904300e+001,
4482812500, -2.932975e+001,
4484375000, -3.166133e+001,
4485937500, -3.602434e+001,
4487500000, -3.778638e+001,
4489062500, -4.202760e+001,
4490625000, -4.146632e+001,
4492187500, -3.041674e+001,
4493750000, -2.590357e+001,
4495312500, -2.262214e+001,
4496875000, -2.023782e+001,
4498437500, -2.070022e+001,
4500000000, -2.197949e+001,
4501562500, -2.320305e+001,
4503125000, -2.385378e+001,
4504687500, -2.542184e+001,
4506250000, -2.626041e+001,
4507812500, -2.538846e+001,
4509375000, -2.203476e+001,
4510937500, -1.819599e+001,
4512500000, -1.478259e+001,
4514062500, -1.325214e+001,
4515625000, -1.376867e+001,
4517187500, -1.460961e+001,
4518750000, -1.528704e+001,
4520312500, -1.617661e+001,
4521875000, -1.590887e+001,
4523437500, -1.485355e+001,
4525000000, -1.351829e+001,
4526562500, -1.284208e+001,
4528125000, -1.214156e+001,
4529687500, -1.138098e+001,
4531250000, -1.072030e+001,
4532812500, -1.118021e+001,
4534375000, -1.201702e+001,
4535937500, -1.234261e+001,
4537500000, -1.249164e+001,
4539062500, -1.311855e+001,
4540625000, -1.336769e+001,
4542187500, -1.256910e+001,
4543750000, -1.116146e+001,
4545312500, -1.002294e+001,
4546875000, -9.193179e+000,
4548437500, -8.843490e+000,
4550000000, -9.361563e+000,
4551562500, -1.029815e+001,
4553125000, -1.146192e+001,
4554687500, -1.358837e+001,
4556250000, -1.505528e+001,
4557812500, -1.480024e+001,
4559375000, -1.313867e+001,
4560937500, -1.128463e+001,
4562500000, -9.546821e+000,
4564062500, -7.961617e+000,
4565625000, -7.254556e+000,
4567187500, -8.465105e+000,
4568750000, -1.094238e+001,
4570312500, -1.357483e+001,
4571875000, -1.465220e+001,
4573437500, -1.355698e+001,
4575000000, -1.203954e+001,
4576562500, -1.076674e+001,
4578125000, -9.847093e+000,
4579687500, -9.212433e+000,
4581250000, -8.378588e+000,
4582812500, -7.682988e+000,
4584375000, -8.179478e+000,
4585937500, -9.867826e+000,
4587500000, -1.111605e+001,
4589062500, -1.105330e+001,
4590625000, -1.042609e+001,
4592187500, -9.816004e+000,
4593750000, -9.307315e+000,
4595312500, -8.914311e+000,
4596875000, -8.570876e+000,
4598437500, -8.005133e+000,
4600000000, -7.890083e+000,
4601562500, -8.881309e+000,
4603125000, -9.793780e+000,
4604687500, -9.924927e+000,
4606250000, -9.584659e+000,
4607812500, -9.323651e+000,
4609375000, -9.337055e+000,
4610937500, -9.579808e+000,
4612500000, -9.853696e+000,
4614062500, -9.623119e+000,
4615625000, -9.170031e+000,
4617187500, -9.376423e+000,
4618750000, -9.390228e+000,
4620312500, -9.631894e+000,
4621875000, -9.763961e+000,
4623437500, -9.904882e+000,
4625000000, -1.031609e+001,
4626562500, -1.116195e+001,
4628125000, -1.182259e+001,
4629687500, -1.163507e+001,
4631250000, -1.118565e+001,
4632812500, -1.135627e+001,
4634375000, -1.167690e+001,
4635937500, -1.175202e+001,
4637500000, -1.135044e+001,
4639062500, -1.113483e+001,
4640625000, -1.136743e+001,
4642187500, -1.211638e+001,
4643750000, -1.307871e+001,
4645312500, -1.362819e+001,
4646875000, -1.326688e+001,
4648437500, -1.321930e+001,
4650000000, -1.284512e+001,
4651562500, -1.277425e+001,
4653125000, -1.299774e+001,
4654687500, -1.331404e+001,
4656250000, -1.356784e+001,
4657812500, -1.413986e+001,
4659375000, -1.516946e+001,
4660937500, -1.470159e+001,
4662500000, -1.409869e+001,
4664062500, -1.450147e+001,
4665625000, -1.571974e+001,
4667187500, -1.747875e+001,
4668750000, -1.717675e+001,
4670312500, -1.583800e+001,
4671875000, -1.506542e+001,
4673437500, -1.463693e+001,
4675000000, -1.513557e+001,
4676562500, -1.634710e+001,
4678125000, -1.836000e+001,
4679687500, -1.957132e+001,
4681250000, -1.885752e+001,
4682812500, -1.782056e+001,
4684375000, -1.734776e+001,
4685937500, -1.747564e+001,
4687500000, -1.628308e+001,
4689062500, -1.626578e+001,
4690625000, -1.735036e+001,
4692187500, -1.695284e+001,
4693750000, -1.682855e+001,
4695312500, -1.803536e+001,
4696875000, -1.911985e+001,
4698437500, -1.811006e+001,
4700000000, -1.732427e+001,
4701562500, -1.753324e+001,
4703125000, -1.613515e+001,
4704687500, -1.574684e+001,
4706250000, -1.705972e+001,
4707812500, -1.723973e+001,
4709375000, -1.665606e+001,
4710937500, -1.726569e+001,
4712500000, -1.936504e+001,
4714062500, -1.921457e+001,
4715625000, -1.725252e+001,
4717187500, -1.688677e+001,
4718750000, -1.640761e+001,
4720312500, -1.619839e+001,
4721875000, -1.727564e+001,
4723437500, -1.885865e+001,
4725000000, -1.772863e+001,
4726562500, -1.649334e+001,
4728125000, -1.620019e+001,
4729687500, -1.551630e+001,
4731250000, -1.453441e+001,
4732812500, -1.434631e+001,
4734375000, -1.438781e+001,
4735937500, -1.477520e+001,
4737500000, -1.597463e+001,
4739062500, -1.711658e+001,
4740625000, -1.663944e+001,
4742187500, -1.580186e+001,
4743750000, -1.573293e+001,
4745312500, -1.587624e+001,
4746875000, -1.600822e+001,
4748437500, -1.639175e+001,
4750000000, -1.643909e+001,
4751562500, -1.585146e+001,
4753125000, -1.561472e+001,
4754687500, -1.528376e+001,
4756250000, -1.472792e+001,
4757812500, -1.401236e+001,
4759375000, -1.323346e+001,
4760937500, -1.296973e+001,
4762500000, -1.329300e+001,
4764062500, -1.379051e+001,
4765625000, -1.408729e+001,
4767187500, -1.395195e+001,
4768750000, -1.354299e+001,
4770312500, -1.329222e+001,
4771875000, -1.354721e+001,
4773437500, -1.345847e+001,
4775000000, -1.307677e+001,
4776562500, -1.316149e+001,
4778125000, -1.392199e+001,
4779687500, -1.518416e+001,
4781250000, -1.614336e+001,
4782812500, -1.538448e+001,
4784375000, -1.324722e+001,
4785937500, -1.207582e+001,
4787500000, -1.268273e+001,
4789062500, -1.388893e+001,
4790625000, -1.467904e+001,
4792187500, -1.473396e+001,
4793750000, -1.505255e+001,
4795312500, -1.601035e+001,
4796875000, -1.659995e+001,
4798437500, -1.548705e+001,
4800000000, -1.402873e+001,
4801562500, -1.371838e+001,
4803125000, -1.420825e+001,
4804687500, -1.484072e+001,
4806250000, -1.528834e+001,
4807812500, -1.521609e+001,
4809375000, -1.480334e+001,
4810937500, -1.493246e+001,
4812500000, -1.538084e+001,
4814062500, -1.642546e+001,
4815625000, -1.530905e+001,
4817187500, -1.422363e+001,
4818750000, -1.429817e+001,
4820312500, -1.435277e+001,
4821875000, -1.425713e+001,
4823437500, -1.419203e+001,
4825000000, -1.404515e+001,
4826562500, -1.425309e+001,
4828125000, -1.467212e+001,
4829687500, -1.500767e+001,
4831250000, -1.501375e+001,
4832812500, -1.425699e+001,
4834375000, -1.408908e+001,
4835937500, -1.415915e+001,
4837500000, -1.421762e+001,
4839062500, -1.406594e+001,
4840625000, -1.418661e+001,
4842187500, -1.471523e+001,
4843750000, -1.464450e+001,
4845312500, -1.404761e+001,
4846875000, -1.362398e+001,
4848437500, -1.404918e+001,
4850000000, -1.463355e+001,
4851562500, -1.523393e+001,
4853125000, -1.588509e+001,
4854687500, -1.608802e+001,
4856250000, -1.576791e+001,
4857812500, -1.563688e+001,
4859375000, -1.610454e+001,
4860937500, -1.640884e+001,
4862500000, -1.535551e+001,
4864062500, -1.552053e+001,
4865625000, -1.569708e+001,
4867187500, -1.572102e+001,
4868750000, -1.611683e+001,
4870312500, -1.650974e+001,
4871875000, -1.675464e+001,
4873437500, -1.712992e+001,
4875000000, -1.791624e+001,
4876562500, -1.737226e+001,
4878125000, -1.703027e+001,
4879687500, -1.637889e+001,
4881250000, -1.562233e+001,
4882812500, -1.557611e+001,
4884375000, -1.584773e+001,
4885937500, -1.585871e+001,
4887500000, -1.556752e+001,
4889062500, -1.517345e+001,
4890625000, -1.523322e+001,
4892187500, -1.589481e+001,
4893750000, -1.631834e+001,
4895312500, -1.665592e+001,
4896875000, -1.698084e+001,
4898437500, -1.671870e+001,
4900000000, -1.637640e+001,
4901562500, -1.666551e+001,
4903125000, -1.689594e+001,
4904687500, -1.666473e+001,
4906250000, -1.618010e+001,
4907812500, -1.562611e+001,
4909375000, -1.543675e+001,
4910937500, -1.544256e+001,
4912500000, -1.541815e+001,
4914062500, -1.510802e+001,
4915625000, -1.482102e+001,
4917187500, -1.457596e+001,
4918750000, -1.445350e+001,
4920312500, -1.434323e+001,
4921875000, -1.434401e+001,
4923437500, -1.442760e+001,
4925000000, -1.456021e+001,
4926562500, -1.490610e+001,
4928125000, -1.532950e+001,
4929687500, -1.580246e+001,
4931250000, -1.626860e+001,
4932812500, -1.684566e+001,
4934375000, -1.746824e+001,
4935937500, -1.793956e+001,
4937500000, -1.819031e+001,
4939062500, -1.830178e+001,
4940625000, -1.840447e+001,
4942187500, -1.864126e+001,
4943750000, -1.913979e+001,
4945312500, -1.958093e+001,
4946875000, -1.945642e+001,
4948437500, -1.935160e+001,
4950000000, -1.986079e+001,
4951562500, -2.050400e+001,
4953125000, -2.046409e+001,
4954687500, -1.995320e+001,
4956250000, -1.981274e+001,
4957812500, -2.020192e+001,
4959375000, -2.033139e+001,
4960937500, -2.014087e+001,
4962500000, -1.998263e+001,
4964062500, -2.005468e+001,
4965625000, -2.034047e+001,
4967187500, -2.073499e+001,
4968750000, -2.069857e+001,
4970312500, -2.033706e+001,
4971875000, -2.007619e+001,
4973437500, -2.002105e+001,
4975000000, -1.991893e+001,
4976562500, -1.950770e+001,
4978125000, -1.916184e+001,
4979687500, -1.924093e+001,
4981250000, -1.951301e+001,
4982812500, -1.959360e+001,
4984375000, -1.942003e+001,
4985937500, -1.941466e+001,
4987500000, -1.945049e+001,
4989062500, -1.913904e+001,
4990625000, -1.874511e+001,
4992187500, -1.835773e+001,
4993750000, -1.809497e+001,
4995312500, -1.797984e+001,
4996875000, -1.792581e+001,
4998437500, -1.784957e+001,
5000000000, -1.780979e+001,
5001562500, -1.762604e+001,
5003125000, -1.739989e+001,
5004687500, -1.725254e+001,
5006250000, -1.752284e+001,
5007812500, -1.806946e+001,
5009375000, -1.861192e+001,
5010937500, -1.899349e+001,
5012500000, -1.912062e+001,
5014062500, -1.899249e+001,
5015625000, -1.914631e+001,
5017187500, -1.972877e+001,
5018750000, -2.024188e+001,
5020312500, -2.049615e+001,
5021875000, -2.085277e+001,
5023437500, -2.128889e+001,
5025000000, -2.139922e+001,
5026562500, -2.163725e+001,
5028125000, -2.193602e+001,
5029687500, -2.232928e+001,
5031250000, -2.261024e+001,
5032812500, -2.250849e+001,
5034375000, -2.220348e+001,
5035937500, -2.188190e+001,
5037500000, -2.183864e+001,
5039062500, -2.180613e+001,
5040625000, -2.164925e+001,
5042187500, -2.210126e+001,
5043750000, -2.280073e+001,
5045312500, -2.326098e+001,
5046875000, -2.298134e+001,
5048437500, -2.231508e+001,
5050000000, -2.190986e+001,
5051562500, -2.101919e+001,
5053125000, -1.999006e+001,
5054687500, -1.935402e+001,
5056250000, -1.897098e+001,
5057812500, -1.899122e+001,
5059375000, -1.922126e+001,
5060937500, -1.945516e+001,
5062500000, -1.949610e+001,
5064062500, -1.972262e+001,
5065625000, -2.016188e+001,
5067187500, -2.066236e+001,
5068750000, -2.111897e+001,
5070312500, -2.160597e+001,
5071875000, -2.187792e+001,
5073437500, -2.175271e+001,
5075000000, -2.253056e+001,
5076562500, -2.407040e+001,
5078125000, -2.496897e+001,
5079687500, -2.442374e+001,
5081250000, -2.409930e+001,
5082812500, -2.389292e+001,
5084375000, -2.308376e+001,
5085937500, -2.262302e+001,
5087500000, -2.297597e+001,
5089062500, -2.397143e+001,
5090625000, -2.486831e+001,
5092187500, -2.570893e+001,
5093750000, -2.537861e+001,
5095312500, -2.605021e+001,
5096875000, -2.750651e+001,
5098437500, -2.928538e+001,
5100000000, -2.876575e+001,
5101562500, -2.743394e+001,
5103125000, -2.579028e+001,
5104687500, -2.531240e+001,
5106250000, -2.583658e+001,
5107812500, -2.566842e+001,
5109375000, -2.627231e+001,
5110937500, -2.815974e+001,
5112500000, -2.825338e+001,
5114062500, -2.768114e+001,
5115625000, -2.622778e+001,
5117187500, -2.466565e+001,
5118750000, -2.383241e+001,
5120312500, -2.337277e+001,
5121875000, -2.274972e+001,
5123437500, -2.252712e+001,
5125000000, -2.280289e+001,
5126562500, -2.388928e+001,
5128125000, -2.491617e+001,
5129687500, -2.587257e+001,
5131250000, -2.613861e+001,
5132812500, -2.620521e+001,
5134375000, -2.556620e+001,
5135937500, -2.496293e+001,
5137500000, -2.576522e+001,
5139062500, -2.815077e+001,
5140625000, -2.994022e+001,
5142187500, -2.867596e+001,
5143750000, -2.799098e+001,
5145312500, -2.809034e+001,
5146875000, -2.973493e+001,
5148437500, -3.256238e+001,
5150000000, -3.224939e+001,
5151562500, -3.153325e+001,
5153125000, -2.963806e+001,
5154687500, -2.701577e+001,
5156250000, -2.796427e+001,
5157812500, -2.924837e+001,
5159375000, -2.765424e+001,
5160937500, -2.684413e+001,
5162500000, -2.865033e+001,
5164062500, -2.868369e+001,
5165625000, -2.983673e+001,
5167187500, -2.986999e+001,
5168750000, -2.930638e+001,
5170312500, -3.253660e+001,
5171875000, -3.451476e+001,
5173437500, -3.364000e+001,
5175000000, -3.351095e+001,
5176562500, -3.169925e+001,
5178125000, -3.215710e+001,
5179687500, -3.400720e+001,
5181250000, -3.074807e+001,
5182812500, -3.191621e+001,
5184375000, -3.102501e+001,
5185937500, -3.431908e+001,
5187500000, -3.362946e+001,
5189062500, -3.419204e+001,
5190625000, -3.504433e+001,
5192187500, -3.372680e+001,
5193750000, -3.395583e+001,
5195312500, -3.550853e+001,
5196875000, -3.547356e+001,
5198437500, -3.954516e+001,
5200000000, -3.605481e+001,
5201562500, -3.788612e+001,
5203125000, -3.875304e+001,
5204687500, -3.795481e+001,
5206250000, -4.092762e+001,
5207812500, -4.305747e+001,
5209375000, -4.123032e+001,
5210937500, -4.178096e+001,
5212500000, -4.442180e+001,
5214062500, -4.911357e+001,
5215625000, -5.343401e+001,
5217187500, -5.538803e+001,
5218750000, -5.392099e+001,
5220312500, -5.276736e+001,
5221875000, -5.272543e+001,
5223437500, -5.376464e+001,
5225000000, -5.314473e+001,
5226562500, -5.374235e+001,
5228125000, -5.371909e+001,
5229687500, -5.377780e+001,
5231250000, -5.383081e+001,
5232812500, -5.391884e+001,
5234375000, -5.397187e+001,
5235937500, -5.395509e+001,
5237500000, -5.411580e+001,
5239062500, -5.418897e+001,
5240625000, -5.403451e+001,
5242187500, -5.413964e+001,
5243750000, -5.409687e+001,
5245312500, -5.416311e+001,
5246875000, -5.415907e+001,
5248437500, -5.421045e+001,
5250000000, -5.425732e+001,
5251562500, -5.420897e+001,
5253125000, -5.430320e+001,
5254687500, -5.430726e+001,
5256250000, -5.433244e+001,
5257812500, -5.434882e+001,
5259375000, -5.443350e+001,
5260937500, -5.436510e+001,
5262500000, -5.438889e+001,
5264062500, -5.438333e+001,
5265625000, -5.436592e+001,
5267187500, -5.439791e+001,
5268750000, -5.438142e+001,
5270312500, -5.432965e+001,
5271875000, -5.437568e+001,
5273437500, -5.435724e+001,
5275000000, -5.433830e+001,
5276562500, -5.434657e+001,
5278125000, -5.440062e+001,
5279687500, -5.441443e+001,
5281250000, -5.442663e+001,
5282812500, -5.442498e+001,
5284375000, -5.439438e+001,
5285937500, -5.436642e+001,
5287500000, -5.450059e+001,
5289062500, -5.449444e+001,
5290625000, -5.440154e+001,
5292187500, -5.447793e+001,
5293750000, -5.444265e+001,
5295312500, -5.446218e+001,
5296875000, -5.450491e+001,
5298437500, -5.461220e+001,
5300000000, -5.458196e+001,
5301562500, -5.462338e+001,
5303125000, -5.462950e+001,
5304687500, -5.456064e+001,
5306250000, -5.457934e+001,
5307812500, -5.457621e+001,
5309375000, -5.448450e+001,
5310937500, -5.456134e+001,
5312500000, -5.460764e+001,
5314062500, -5.446890e+001,
5315625000, -5.449381e+001,
5317187500, -5.454602e+001,
5318750000, -5.444341e+001,
5320312500, -5.439043e+001,
5321875000, -5.447541e+001,
5323437500, -5.451934e+001,
5325000000, -5.451831e+001,
5326562500, -5.457643e+001,
5328125000, -5.458564e+001,
5329687500, -5.457113e+001,
5331250000, -5.464094e+001,
5332812500, -5.472232e+001,
5334375000, -5.466533e+001,
5335937500, -5.476232e+001,
5337500000, -5.474635e+001,
5339062500, -5.478550e+001,
5340625000, -5.483125e+001,
5342187500, -5.485686e+001,
5343750000, -5.494581e+001,
5345312500, -5.488940e+001,
5346875000, -5.490471e+001,
5348437500, -5.489851e+001,
5350000000, -5.477981e+001,
5351562500, -5.496311e+001,
5353125000, -5.488294e+001,
5354687500, -5.482918e+001,
5356250000, -5.488124e+001,
5357812500, -5.480114e+001,
5359375000, -5.485311e+001,
5360937500, -5.490742e+001,
5362500000, -5.480608e+001,
5364062500, -5.484153e+001,
5365625000, -5.477490e+001,
5367187500, -5.473927e+001,
5368750000, -5.470839e+001,
5370312500, -5.458150e+001,
5371875000, -5.457335e+001,
5373437500, -5.460556e+001,
5375000000, -5.461957e+001,
5376562500, -5.461746e+001,
5378125000, -5.461493e+001,
5379687500, -5.463532e+001,
5381250000, -5.459318e+001,
5382812500, -5.461342e+001,
5384375000, -5.453023e+001,
5385937500, -5.447015e+001,
5387500000, -5.444250e+001,
5389062500, -5.436642e+001,
5390625000, -5.441150e+001,
5392187500, -5.427454e+001,
5393750000, -5.420007e+001,
5395312500, -5.417292e+001,
5396875000, -5.412083e+001,
5398437500, -5.414566e+001,
5400000000, -5.412788e+001,
5401562500, -5.410009e+001,
5403125000, -5.409805e+001,
5404687500, -5.416445e+001,
5406250000, -5.413165e+001,
5407812500, -5.412924e+001,
5409375000, -5.408691e+001,
5410937500, -5.410654e+001,
5412500000, -5.408272e+001,
5414062500, -5.404510e+001,
5415625000, -5.406483e+001,
5417187500, -5.405680e+001,
5418750000, -5.402806e+001,
5420312500, -5.401171e+001,
5421875000, -5.398244e+001,
5423437500, -5.397676e+001,
5425000000, -5.400377e+001,
5426562500, -5.397521e+001,
5428125000, -5.393515e+001,
5429687500, -5.388543e+001,
5431250000, -5.382899e+001,
5432812500, -5.382994e+001,
5434375000, -5.386671e+001,
5435937500, -5.391063e+001,
5437500000, -5.388634e+001,
5439062500, -5.382200e+001,
5440625000, -5.390640e+001,
5442187500, -5.384303e+001,
5443750000, -5.390837e+001,
5445312500, -5.383712e+001,
5446875000, -5.370194e+001,
5448437500, -5.379151e+001,
5450000000, -5.383559e+001,
5451562500, -5.389090e+001,
5453125000, -5.390307e+001,
5454687500, -5.384914e+001,
5456250000, -5.390047e+001,
5457812500, -5.397154e+001,
5459375000, -5.405473e+001,
5460937500, -5.401004e+001,
5462500000, -5.404673e+001,
5464062500, -5.413692e+001,
5465625000, -5.419291e+001,
5467187500, -5.420208e+001,
5468750000, -5.417816e+001,
5470312500, -5.426056e+001,
5471875000, -5.432850e+001,
5473437500, -5.436039e+001,
5475000000, -5.453973e+001,
5476562500, -5.459542e+001,
5478125000, -5.448406e+001,
5479687500, -5.460629e+001,
5481250000, -5.452125e+001,
5482812500, -5.458711e+001,
5484375000, -5.454511e+001,
5485937500, -5.456936e+001,
5487500000, -5.449521e+001,
5489062500, -5.463903e+001,
5490625000, -5.465326e+001,
5492187500, -5.469460e+001,
5493750000, -5.469027e+001,
5495312500, -5.467083e+001,
5496875000, -5.476288e+001,
5498437500, -5.469523e+001,
5500000000, -5.463715e+001,
