"S21 Log Mag"
"Frequency (Hz)","dB",
3000000000, -4.794571e+001,
3001562500, -4.794841e+001,
3003125000, -4.792111e+001,
3004687500, -4.787128e+001,
3006250000, -4.780423e+001,
3007812500, -4.779339e+001,
3009375000, -4.773785e+001,
3010937500, -4.771546e+001,
3012500000, -4.767606e+001,
3014062500, -4.764468e+001,
3015625000, -4.756080e+001,
3017187500, -4.757821e+001,
3018750000, -4.753072e+001,
3020312500, -4.744600e+001,
3021875000, -4.741695e+001,
3023437500, -4.741042e+001,
3025000000, -4.733798e+001,
3026562500, -4.731358e+001,
3028125000, -4.724922e+001,
3029687500, -4.723294e+001,
3031250000, -4.715940e+001,
3032812500, -4.713099e+001,
3034375000, -4.703999e+001,
3035937500, -4.706110e+001,
3037500000, -4.699262e+001,
3039062500, -4.698352e+001,
3040625000, -4.692405e+001,
3042187500, -4.687256e+001,
3043750000, -4.683177e+001,
3045312500, -4.678142e+001,
3046875000, -4.672667e+001,
3048437500, -4.671227e+001,
3050000000, -4.670667e+001,
3051562500, -4.662203e+001,
3053125000, -4.662825e+001,
3054687500, -4.659483e+001,
3056250000, -4.652560e+001,
3057812500, -4.656283e+001,
3059375000, -4.650854e+001,
3060937500, -4.643036e+001,
3062500000, -4.643681e+001,
3064062500, -4.642461e+001,
3065625000, -4.643062e+001,
3067187500, -4.639152e+001,
3068750000, -4.635117e+001,
3070312500, -4.630375e+001,
3071875000, -4.634843e+001,
3073437500, -4.625388e+001,
3075000000, -4.629572e+001,
3076562500, -4.623254e+001,
3078125000, -4.620715e+001,
3079687500, -4.619986e+001,
3081250000, -4.615779e+001,
3082812500, -4.616623e+001,
3084375000, -4.619540e+001,
3085937500, -4.613602e+001,
3087500000, -4.620174e+001,
3089062500, -4.614954e+001,
3090625000, -4.616628e+001,
3092187500, -4.614491e+001,
3093750000, -4.612295e+001,
3095312500, -4.614796e+001,
3096875000, -4.611057e+001,
3098437500, -4.609304e+001,
3100000000, -4.607123e+001,
3101562500, -4.611396e+001,
3103125000, -4.605829e+001,
3104687500, -4.605986e+001,
3106250000, -4.601714e+001,
3107812500, -4.599725e+001,
3109375000, -4.606390e+001,
3110937500, -4.596027e+001,
3112500000, -4.604878e+001,
3114062500, -4.594912e+001,
3115625000, -4.598505e+001,
3117187500, -4.597257e+001,
3118750000, -4.594359e+001,
3120312500, -4.590932e+001,
3121875000, -4.591330e+001,
3123437500, -4.587569e+001,
3125000000, -4.589964e+001,
3126562500, -4.586583e+001,
3128125000, -4.585558e+001,
3129687500, -4.582378e+001,
3131250000, -4.584212e+001,
3132812500, -4.582412e+001,
3134375000, -4.582434e+001,
3135937500, -4.571510e+001,
3137500000, -4.571770e+001,
3139062500, -4.571534e+001,
3140625000, -4.570303e+001,
3142187500, -4.568657e+001,
3143750000, -4.568471e+001,
3145312500, -4.568313e+001,
3146875000, -4.568279e+001,
3148437500, -4.569740e+001,
3150000000, -4.568851e+001,
3151562500, -4.567989e+001,
3153125000, -4.563598e+001,
3154687500, -4.562624e+001,
3156250000, -4.563731e+001,
3157812500, -4.566459e+001,
3159375000, -4.564301e+001,
3160937500, -4.565625e+001,
3162500000, -4.564217e+001,
3164062500, -4.564119e+001,
3165625000, -4.567935e+001,
3167187500, -4.564037e+001,
3168750000, -4.566459e+001,
3170312500, -4.574473e+001,
3171875000, -4.571307e+001,
3173437500, -4.573894e+001,
3175000000, -4.578627e+001,
3176562500, -4.578036e+001,
3178125000, -4.581796e+001,
3179687500, -4.587152e+001,
3181250000, -4.584490e+001,
3182812500, -4.589488e+001,
3184375000, -4.591146e+001,
3185937500, -4.592459e+001,
3187500000, -4.605006e+001,
3189062500, -4.599333e+001,
3190625000, -4.606601e+001,
3192187500, -4.609980e+001,
3193750000, -4.609549e+001,
3195312500, -4.617530e+001,
3196875000, -4.615363e+001,
3198437500, -4.622307e+001,
3200000000, -4.623782e+001,
3201562500, -4.630858e+001,
3203125000, -4.633124e+001,
3204687500, -4.635898e+001,
3206250000, -4.636253e+001,
3207812500, -4.641653e+001,
3209375000, -4.644324e+001,
3210937500, -4.647035e+001,
3212500000, -4.655342e+001,
3214062500, -4.658084e+001,
3215625000, -4.662127e+001,
3217187500, -4.662164e+001,
3218750000, -4.665780e+001,
3220312500, -4.673180e+001,
3221875000, -4.676810e+001,
3223437500, -4.678780e+001,
3225000000, -4.682097e+001,
3226562500, -4.682891e+001,
3228125000, -4.688889e+001,
3229687500, -4.696869e+001,
3231250000, -4.694868e+001,
3232812500, -4.699893e+001,
3234375000, -4.711146e+001,
3235937500, -4.707524e+001,
3237500000, -4.706823e+001,
3239062500, -4.716405e+001,
3240625000, -4.719678e+001,
3242187500, -4.724734e+001,
3243750000, -4.725874e+001,
3245312500, -4.726046e+001,
3246875000, -4.728450e+001,
3248437500, -4.733831e+001,
3250000000, -4.738937e+001,
3251562500, -4.736935e+001,
3253125000, -4.741057e+001,
3254687500, -4.740805e+001,
3256250000, -4.740113e+001,
3257812500, -4.739931e+001,
3259375000, -4.742300e+001,
3260937500, -4.745800e+001,
3262500000, -4.738630e+001,
3264062500, -4.738747e+001,
3265625000, -4.737551e+001,
3267187500, -4.738872e+001,
3268750000, -4.740025e+001,
3270312500, -4.737472e+001,
3271875000, -4.736108e+001,
3273437500, -4.739373e+001,
3275000000, -4.739887e+001,
3276562500, -4.733976e+001,
3278125000, -4.734152e+001,
3279687500, -4.731710e+001,
3281250000, -4.736300e+001,
3282812500, -4.721845e+001,
3284375000, -4.737477e+001,
3285937500, -4.720430e+001,
3287500000, -4.720825e+001,
3289062500, -4.713756e+001,
3290625000, -4.705159e+001,
3292187500, -4.710535e+001,
3293750000, -4.696395e+001,
3295312500, -4.705107e+001,
3296875000, -4.687054e+001,
3298437500, -4.696478e+001,
3300000000, -4.677059e+001,
3301562500, -4.680468e+001,
3303125000, -4.676695e+001,
3304687500, -4.659943e+001,
3306250000, -4.672572e+001,
3307812500, -4.652155e+001,
3309375000, -4.662888e+001,
3310937500, -4.656155e+001,
3312500000, -4.642719e+001,
3314062500, -4.646770e+001,
3315625000, -4.627672e+001,
3317187500, -4.641746e+001,
3318750000, -4.629140e+001,
3320312500, -4.627672e+001,
3321875000, -4.626754e+001,
3323437500, -4.617643e+001,
3325000000, -4.628691e+001,
3326562500, -4.608323e+001,
3328125000, -4.607557e+001,
3329687500, -4.609271e+001,
3331250000, -4.592207e+001,
3332812500, -4.594399e+001,
3334375000, -4.582907e+001,
3335937500, -4.588910e+001,
3337500000, -4.589904e+001,
3339062500, -4.567327e+001,
3340625000, -4.579085e+001,
3342187500, -4.573359e+001,
3343750000, -4.563817e+001,
3345312500, -4.571236e+001,
3346875000, -4.557841e+001,
3348437500, -4.565868e+001,
3350000000, -4.559029e+001,
3351562500, -4.554688e+001,
3353125000, -4.561714e+001,
3354687500, -4.554453e+001,
3356250000, -4.554951e+001,
3357812500, -4.558717e+001,
3359375000, -4.550531e+001,
3360937500, -4.560656e+001,
3362500000, -4.555219e+001,
3364062500, -4.557279e+001,
3365625000, -4.557181e+001,
3367187500, -4.561434e+001,
3368750000, -4.556908e+001,
3370312500, -4.565920e+001,
3371875000, -4.550123e+001,
3373437500, -4.564456e+001,
3375000000, -4.563562e+001,
3376562500, -4.560077e+001,
3378125000, -4.562817e+001,
3379687500, -4.568238e+001,
3381250000, -4.568039e+001,
3382812500, -4.566093e+001,
3384375000, -4.574161e+001,
3385937500, -4.570454e+001,
3387500000, -4.585873e+001,
3389062500, -4.580172e+001,
3390625000, -4.591304e+001,
3392187500, -4.591273e+001,
3393750000, -4.594046e+001,
3395312500, -4.601382e+001,
3396875000, -4.610725e+001,
3398437500, -4.605632e+001,
3400000000, -4.610190e+001,
3401562500, -4.621216e+001,
3403125000, -4.617402e+001,
3404687500, -4.625470e+001,
3406250000, -4.628538e+001,
3407812500, -4.617603e+001,
3409375000, -4.638170e+001,
3410937500, -4.635681e+001,
3412500000, -4.634154e+001,
3414062500, -4.640991e+001,
3415625000, -4.646688e+001,
3417187500, -4.645374e+001,
3418750000, -4.653432e+001,
3420312500, -4.654811e+001,
3421875000, -4.648439e+001,
3423437500, -4.660088e+001,
3425000000, -4.656395e+001,
3426562500, -4.655314e+001,
3428125000, -4.670302e+001,
3429687500, -4.658245e+001,
3431250000, -4.658207e+001,
3432812500, -4.657941e+001,
3434375000, -4.668328e+001,
3435937500, -4.664809e+001,
3437500000, -4.651167e+001,
3439062500, -4.670559e+001,
3440625000, -4.655277e+001,
3442187500, -4.656132e+001,
3443750000, -4.666605e+001,
3445312500, -4.654428e+001,
3446875000, -4.656412e+001,
3448437500, -4.653651e+001,
3450000000, -4.664894e+001,
3451562500, -4.652647e+001,
3453125000, -4.642625e+001,
3454687500, -4.663203e+001,
3456250000, -4.635722e+001,
3457812500, -4.644315e+001,
3459375000, -4.650819e+001,
3460937500, -4.633726e+001,
3462500000, -4.643273e+001,
3464062500, -4.634135e+001,
3465625000, -4.651378e+001,
3467187500, -4.639191e+001,
3468750000, -4.615565e+001,
3470312500, -4.646936e+001,
3471875000, -4.629368e+001,
3473437500, -4.621530e+001,
3475000000, -4.646227e+001,
3476562500, -4.627917e+001,
3478125000, -4.634729e+001,
3479687500, -4.620283e+001,
3481250000, -4.629101e+001,
3482812500, -4.648632e+001,
3484375000, -4.620173e+001,
3485937500, -4.621981e+001,
3487500000, -4.649406e+001,
3489062500, -4.612764e+001,
3490625000, -4.635758e+001,
3492187500, -4.637743e+001,
3493750000, -4.620891e+001,
3495312500, -4.633498e+001,
3496875000, -4.615472e+001,
3498437500, -4.636882e+001,
3500000000, -4.648024e+001,
3501562500, -4.609579e+001,
3503125000, -4.631860e+001,
3504687500, -4.656136e+001,
3506250000, -4.616232e+001,
3507812500, -4.639618e+001,
3509375000, -4.645354e+001,
3510937500, -4.633163e+001,
3512500000, -4.653473e+001,
3514062500, -4.632116e+001,
3515625000, -4.651185e+001,
3517187500, -4.682188e+001,
3518750000, -4.639680e+001,
3520312500, -4.645822e+001,
3521875000, -4.682864e+001,
3523437500, -4.640168e+001,
3525000000, -4.661654e+001,
3526562500, -4.694818e+001,
3528125000, -4.660075e+001,
3529687500, -4.686491e+001,
3531250000, -4.690511e+001,
3532812500, -4.667471e+001,
3534375000, -4.707976e+001,
3535937500, -4.718812e+001,
3537500000, -4.667658e+001,
3539062500, -4.703572e+001,
3540625000, -4.723025e+001,
3542187500, -4.676247e+001,
3543750000, -4.719104e+001,
3545312500, -4.725411e+001,
3546875000, -4.701033e+001,
3548437500, -4.737435e+001,
3550000000, -4.735700e+001,
3551562500, -4.692135e+001,
3553125000, -4.761633e+001,
3554687500, -4.765517e+001,
3556250000, -4.714207e+001,
3557812500, -4.742622e+001,
3559375000, -4.790687e+001,
3560937500, -4.731650e+001,
3562500000, -4.756913e+001,
3564062500, -4.778915e+001,
3565625000, -4.751488e+001,
3567187500, -4.770121e+001,
3568750000, -4.806876e+001,
3570312500, -4.719954e+001,
3571875000, -4.785671e+001,
3573437500, -4.831733e+001,
3575000000, -4.759326e+001,
3576562500, -4.756909e+001,
3578125000, -4.820673e+001,
3579687500, -4.793597e+001,
3581250000, -4.773307e+001,
3582812500, -4.804095e+001,
3584375000, -4.805337e+001,
3585937500, -4.773389e+001,
3587500000, -4.827341e+001,
3589062500, -4.805370e+001,
3590625000, -4.747860e+001,
3592187500, -4.840963e+001,
3593750000, -4.832554e+001,
3595312500, -4.756475e+001,
3596875000, -4.772035e+001,
3598437500, -4.850254e+001,
3600000000, -4.791018e+001,
3601562500, -4.763046e+001,
3603125000, -4.798757e+001,
3604687500, -4.802174e+001,
3606250000, -4.765509e+001,
3607812500, -4.818019e+001,
3609375000, -4.794970e+001,
3610937500, -4.717973e+001,
3612500000, -4.800526e+001,
3614062500, -4.829027e+001,
3615625000, -4.742972e+001,
3617187500, -4.722740e+001,
3618750000, -4.805448e+001,
3620312500, -4.808987e+001,
3621875000, -4.737487e+001,
3623437500, -4.751351e+001,
3625000000, -4.783248e+001,
3626562500, -4.770150e+001,
3628125000, -4.752274e+001,
3629687500, -4.812291e+001,
3631250000, -4.749366e+001,
3632812500, -4.707561e+001,
3634375000, -4.825769e+001,
3635937500, -4.792439e+001,
3637500000, -4.710363e+001,
3639062500, -4.729777e+001,
3640625000, -4.818674e+001,
3642187500, -4.778510e+001,
3643750000, -4.715454e+001,
3645312500, -4.755441e+001,
3646875000, -4.788407e+001,
3648437500, -4.752171e+001,
3650000000, -4.734247e+001,
3651562500, -4.816679e+001,
3653125000, -4.743784e+001,
3654687500, -4.690734e+001,
3656250000, -4.820188e+001,
3657812500, -4.810673e+001,
3659375000, -4.689281e+001,
3660937500, -4.705169e+001,
3662500000, -4.818261e+001,
3664062500, -4.801611e+001,
3665625000, -4.726508e+001,
3667187500, -4.719307e+001,
3668750000, -4.779750e+001,
3670312500, -4.786999e+001,
3671875000, -4.746214e+001,
3673437500, -4.771022e+001,
3675000000, -4.787105e+001,
3676562500, -4.701233e+001,
3678125000, -4.744991e+001,
3679687500, -4.889919e+001,
3681250000, -4.763917e+001,
3682812500, -4.689067e+001,
3684375000, -4.761419e+001,
3685937500, -4.845212e+001,
3687500000, -4.825753e+001,
3689062500, -4.746984e+001,
3690625000, -4.742402e+001,
3692187500, -4.808556e+001,
3693750000, -4.806280e+001,
3695312500, -4.812642e+001,
3696875000, -4.813140e+001,
3698437500, -4.813610e+001,
3700000000, -4.725488e+001,
3701562500, -4.778181e+001,
3703125000, -4.947644e+001,
3704687500, -4.838425e+001,
3706250000, -4.706180e+001,
3707812500, -4.751327e+001,
3709375000, -4.859440e+001,
3710937500, -4.907853e+001,
3712500000, -4.789140e+001,
3714062500, -4.755631e+001,
3715625000, -4.814616e+001,
3717187500, -4.825519e+001,
3718750000, -4.853226e+001,
3720312500, -4.859590e+001,
3721875000, -4.874803e+001,
3723437500, -4.780895e+001,
3725000000, -4.705830e+001,
3726562500, -4.846667e+001,
3728125000, -5.031764e+001,
3729687500, -4.811359e+001,
3731250000, -4.696640e+001,
3732812500, -4.752112e+001,
3734375000, -4.907989e+001,
3735937500, -4.953318e+001,
3737500000, -4.797359e+001,
3739062500, -4.759416e+001,
3740625000, -4.802317e+001,
3742187500, -4.828218e+001,
3743750000, -4.837561e+001,
3745312500, -4.903514e+001,
3746875000, -4.897604e+001,
3748437500, -4.798695e+001,
3750000000, -4.675338e+001,
3751562500, -4.770377e+001,
3753125000, -5.067155e+001,
3754687500, -4.904050e+001,
3756250000, -4.707140e+001,
3757812500, -4.693788e+001,
3759375000, -4.810810e+001,
3760937500, -4.970864e+001,
3762500000, -4.893610e+001,
3764062500, -4.757857e+001,
3765625000, -4.763525e+001,
3767187500, -4.763161e+001,
3768750000, -4.783010e+001,
3770312500, -4.863305e+001,
3771875000, -4.920803e+001,
3773437500, -4.868938e+001,
3775000000, -4.716553e+001,
3776562500, -4.608658e+001,
3778125000, -4.782511e+001,
3779687500, -5.123009e+001,
3781250000, -4.866661e+001,
3782812500, -4.672287e+001,
3784375000, -4.661083e+001,
3785937500, -4.784747e+001,
3787500000, -4.965269e+001,
3789062500, -4.900079e+001,
3790625000, -4.789063e+001,
3792187500, -4.766486e+001,
3793750000, -4.734703e+001,
3795312500, -4.744381e+001,
3796875000, -4.823891e+001,
3798437500, -4.961526e+001,
3800000000, -4.968527e+001,
3801562500, -4.780131e+001,
3803125000, -4.603505e+001,
3804687500, -4.673122e+001,
3806250000, -5.010689e+001,
3807812500, -5.129405e+001,
3809375000, -4.799484e+001,
3810937500, -4.676611e+001,
3812500000, -4.723016e+001,
3814062500, -4.870689e+001,
3815625000, -5.017889e+001,
3817187500, -4.985342e+001,
3818750000, -4.889259e+001,
3820312500, -4.828741e+001,
3821875000, -4.766222e+001,
3823437500, -4.797734e+001,
3825000000, -4.911822e+001,
3826562500, -5.110595e+001,
3828125000, -5.122807e+001,
3829687500, -4.876968e+001,
3831250000, -4.677710e+001,
3832812500, -4.717364e+001,
3834375000, -5.079578e+001,
3835937500, -5.275935e+001,
3837500000, -4.979409e+001,
3839062500, -4.817212e+001,
3840625000, -4.816361e+001,
3842187500, -4.893805e+001,
3843750000, -5.043978e+001,
3845312500, -5.132941e+001,
3846875000, -5.092869e+001,
3848437500, -4.998550e+001,
3850000000, -4.944769e+001,
3851562500, -4.847053e+001,
3853125000, -4.859797e+001,
3854687500, -5.042946e+001,
3856250000, -5.289566e+001,
3857812500, -5.268087e+001,
3859375000, -4.910046e+001,
3860937500, -4.728693e+001,
3862500000, -4.778397e+001,
3864062500, -5.191285e+001,
3865625000, -5.435775e+001,
3867187500, -5.079232e+001,
3868750000, -4.904081e+001,
3870312500, -4.900431e+001,
3871875000, -4.943428e+001,
3873437500, -5.095051e+001,
3875000000, -5.150423e+001,
3876562500, -5.188836e+001,
3878125000, -5.204172e+001,
3879687500, -5.087255e+001,
3881250000, -4.913030e+001,
3882812500, -4.827940e+001,
3884375000, -4.952031e+001,
3885937500, -5.268565e+001,
3887500000, -5.612225e+001,
3889062500, -5.102201e+001,
3890625000, -4.820468e+001,
3892187500, -4.727253e+001,
3893750000, -4.963189e+001,
3895312500, -5.384591e+001,
3896875000, -5.482246e+001,
3898437500, -5.056231e+001,
3900000000, -4.947175e+001,
3901562500, -4.944124e+001,
3903125000, -4.942077e+001,
3904687500, -5.061124e+001,
3906250000, -5.201159e+001,
3907812500, -5.330829e+001,
3909375000, -5.308124e+001,
3910937500, -5.074268e+001,
3912500000, -4.854009e+001,
3914062500, -4.769672e+001,
3915625000, -4.938509e+001,
3917187500, -5.221781e+001,
3918750000, -5.674820e+001,
3920312500, -5.239296e+001,
3921875000, -4.851185e+001,
3923437500, -4.644984e+001,
3925000000, -4.774981e+001,
3926562500, -5.073525e+001,
3928125000, -5.503308e+001,
3929687500, -5.364256e+001,
3931250000, -5.047645e+001,
3932812500, -4.947526e+001,
3934375000, -4.812804e+001,
3935937500, -4.786599e+001,
3937500000, -4.916152e+001,
3939062500, -5.202089e+001,
3940625000, -5.586028e+001,
3942187500, -5.321996e+001,
3943750000, -4.931907e+001,
3945312500, -4.691925e+001,
3946875000, -4.642899e+001,
3948437500, -4.789049e+001,
3950000000, -5.156865e+001,
3951562500, -5.716771e+001,
3953125000, -5.405803e+001,
3954687500, -4.824836e+001,
3956250000, -4.612613e+001,
3957812500, -4.591119e+001,
3959375000, -4.843989e+001,
3960937500, -5.176997e+001,
3962500000, -5.585314e+001,
3964062500, -5.348568e+001,
3965625000, -4.965807e+001,
3967187500, -4.836534e+001,
3968750000, -4.679412e+001,
3970312500, -4.700602e+001,
3971875000, -4.887229e+001,
3973437500, -5.192537e+001,
3975000000, -6.046389e+001,
3976562500, -5.125676e+001,
3978125000, -4.786750e+001,
3979687500, -4.621692e+001,
3981250000, -4.629258e+001,
3982812500, -4.827184e+001,
3984375000, -5.159208e+001,
3985937500, -5.489376e+001,
3987500000, -5.431142e+001,
3989062500, -4.927955e+001,
3990625000, -4.736562e+001,
3992187500, -4.585896e+001,
3993750000, -4.763313e+001,
3995312500, -5.040894e+001,
3996875000, -5.290079e+001,
3998437500, -5.576641e+001,
4000000000, -5.191658e+001,
4001562500, -4.933802e+001,
4003125000, -4.687696e+001,
4004687500, -4.639094e+001,
4006250000, -4.716297e+001,
4007812500, -5.028591e+001,
4009375000, -5.750568e+001,
4010937500, -5.470126e+001,
4012500000, -4.822369e+001,
4014062500, -4.656403e+001,
4015625000, -4.673317e+001,
4017187500, -4.773517e+001,
4018750000, -5.019628e+001,
4020312500, -5.334388e+001,
4021875000, -5.415888e+001,
4023437500, -5.285211e+001,
4025000000, -4.936581e+001,
4026562500, -4.715239e+001,
4028125000, -4.644384e+001,
4029687500, -4.757829e+001,
4031250000, -4.999181e+001,
4032812500, -5.283995e+001,
4034375000, -5.871172e+001,
4035937500, -5.320409e+001,
4037500000, -4.926648e+001,
4039062500, -4.661881e+001,
4040625000, -4.647227e+001,
4042187500, -4.617371e+001,
4043750000, -4.946375e+001,
4045312500, -5.437802e+001,
4046875000, -6.471917e+001,
4048437500, -5.054498e+001,
4050000000, -4.638601e+001,
4051562500, -4.649172e+001,
4053125000, -4.802542e+001,
4054687500, -4.895312e+001,
4056250000, -5.160044e+001,
4057812500, -5.232233e+001,
4059375000, -5.602689e+001,
4060937500, -5.241172e+001,
4062500000, -4.939495e+001,
4064062500, -4.740000e+001,
4065625000, -4.674189e+001,
4067187500, -4.791722e+001,
4068750000, -4.984014e+001,
4070312500, -5.375352e+001,
4071875000, -5.790158e+001,
4073437500, -5.477396e+001,
4075000000, -4.923898e+001,
4076562500, -4.639440e+001,
4078125000, -4.719122e+001,
4079687500, -4.704919e+001,
4081250000, -5.053189e+001,
4082812500, -5.584196e+001,
4084375000, -5.765935e+001,
4085937500, -5.202362e+001,
4087500000, -4.836959e+001,
4089062500, -4.684354e+001,
4090625000, -4.954568e+001,
4092187500, -4.977971e+001,
4093750000, -5.089000e+001,
4095312500, -5.301187e+001,
4096875000, -5.403038e+001,
4098437500, -5.463676e+001,
4100000000, -5.062168e+001,
4101562500, -4.921415e+001,
4103125000, -4.751682e+001,
4104687500, -4.745442e+001,
4106250000, -5.055135e+001,
4107812500, -5.099131e+001,
4109375000, -5.592413e+001,
4110937500, -5.932987e+001,
4112500000, -5.675489e+001,
4114062500, -4.738824e+001,
4115625000, -4.585903e+001,
4117187500, -4.592117e+001,
4118750000, -4.618732e+001,
4120312500, -4.944073e+001,
4121875000, -5.905217e+001,
4123437500, -5.853136e+001,
4125000000, -5.045815e+001,
4126562500, -4.733715e+001,
4128125000, -4.707401e+001,
4129687500, -4.947890e+001,
4131250000, -4.878360e+001,
4132812500, -4.934295e+001,
4134375000, -5.476311e+001,
4135937500, -5.655498e+001,
4137500000, -5.594915e+001,
4139062500, -5.546872e+001,
4140625000, -5.327276e+001,
4142187500, -5.000822e+001,
4143750000, -4.647770e+001,
4145312500, -4.513295e+001,
4146875000, -4.827537e+001,
4148437500, -5.011984e+001,
4150000000, -5.900157e+001,
4151562500, -6.306464e+001,
4153125000, -5.985312e+001,
4154687500, -5.046746e+001,
4156250000, -4.722495e+001,
4157812500, -4.670852e+001,
4159375000, -4.757607e+001,
4160937500, -4.829755e+001,
4162500000, -4.932946e+001,
4164062500, -6.130441e+001,
4165625000, -5.793718e+001,
4167187500, -5.684357e+001,
4168750000, -5.750586e+001,
4170312500, -5.063164e+001,
4171875000, -4.860754e+001,
4173437500, -4.872001e+001,
4175000000, -4.847423e+001,
4176562500, -4.950891e+001,
4178125000, -5.248752e+001,
4179687500, -5.048092e+001,
4181250000, -5.292302e+001,
4182812500, -6.111517e+001,
4184375000, -5.826393e+001,
4185937500, -5.259197e+001,
4187500000, -4.718002e+001,
4189062500, -4.791884e+001,
4190625000, -4.876594e+001,
4192187500, -5.176208e+001,
4193750000, -6.276252e+001,
4195312500, -5.386467e+001,
4196875000, -5.087584e+001,
4198437500, -5.136939e+001,
4200000000, -4.957151e+001,
4201562500, -4.885707e+001,
4203125000, -5.899281e+001,
4204687500, -5.379348e+001,
4206250000, -4.849770e+001,
4207812500, -4.571770e+001,
4209375000, -5.035900e+001,
4210937500, -4.905596e+001,
4212500000, -5.014623e+001,
4214062500, -5.539401e+001,
4215625000, -5.614790e+001,
4217187500, -5.699918e+001,
4218750000, -5.007507e+001,
4220312500, -5.092931e+001,
4221875000, -5.891501e+001,
4223437500, -4.885066e+001,
4225000000, -4.858595e+001,
4226562500, -4.848467e+001,
4228125000, -4.628621e+001,
4229687500, -4.816415e+001,
4231250000, -5.052095e+001,
4232812500, -5.080461e+001,
4234375000, -4.984109e+001,
4235937500, -5.059579e+001,
4237500000, -4.747952e+001,
4239062500, -4.904675e+001,
4240625000, -5.011567e+001,
4242187500, -4.496251e+001,
4243750000, -4.192923e+001,
4245312500, -4.421590e+001,
4246875000, -4.408863e+001,
4248437500, -4.442262e+001,
4250000000, -4.796719e+001,
4251562500, -4.822358e+001,
4253125000, -4.976125e+001,
4254687500, -5.381211e+001,
4256250000, -4.510349e+001,
4257812500, -4.464520e+001,
4259375000, -4.688843e+001,
4260937500, -4.764670e+001,
4262500000, -4.500682e+001,
4264062500, -4.652378e+001,
4265625000, -4.962773e+001,
4267187500, -4.868039e+001,
4268750000, -5.559718e+001,
4270312500, -5.167628e+001,
4271875000, -4.823348e+001,
4273437500, -4.470679e+001,
4275000000, -4.143552e+001,
4276562500, -4.024522e+001,
4278125000, -4.385279e+001,
4279687500, -4.372300e+001,
4281250000, -4.274286e+001,
4282812500, -4.482416e+001,
4284375000, -4.905011e+001,
4285937500, -5.499717e+001,
4287500000, -5.266333e+001,
4289062500, -4.201336e+001,
4290625000, -3.951522e+001,
4292187500, -4.418668e+001,
4293750000, -5.061997e+001,
4295312500, -4.260474e+001,
4296875000, -3.844829e+001,
4298437500, -3.917545e+001,
4300000000, -4.592089e+001,
4301562500, -4.808900e+001,
4303125000, -4.944382e+001,
4304687500, -4.861003e+001,
4306250000, -4.284776e+001,
4307812500, -4.207187e+001,
4309375000, -4.124486e+001,
4310937500, -4.145440e+001,
4312500000, -4.213877e+001,
4314062500, -3.935949e+001,
4315625000, -3.865903e+001,
4317187500, -4.236920e+001,
4318750000, -4.887471e+001,
4320312500, -5.313074e+001,
4321875000, -4.830515e+001,
4323437500, -4.205823e+001,
4325000000, -4.013583e+001,
4326562500, -4.524344e+001,
4328125000, -4.585794e+001,
4329687500, -4.292627e+001,
4331250000, -3.880492e+001,
4332812500, -3.705627e+001,
4334375000, -4.478036e+001,
4335937500, -4.616449e+001,
4337500000, -4.431178e+001,
4339062500, -4.290083e+001,
4340625000, -4.207002e+001,
4342187500, -4.544607e+001,
4343750000, -3.705119e+001,
4345312500, -3.562830e+001,
4346875000, -3.602106e+001,
4348437500, -3.548339e+001,
4350000000, -3.666259e+001,
4351562500, -3.974183e+001,
4353125000, -3.701642e+001,
4354687500, -3.767711e+001,
4356250000, -4.078279e+001,
4357812500, -4.506072e+001,
4359375000, -4.101442e+001,
4360937500, -4.253907e+001,
4362500000, -4.205378e+001,
4364062500, -4.158811e+001,
4365625000, -3.871247e+001,
4367187500, -4.098391e+001,
4368750000, -4.060740e+001,
4370312500, -4.859110e+001,
4371875000, -4.251634e+001,
4373437500, -3.922301e+001,
4375000000, -3.791511e+001,
4376562500, -3.881955e+001,
4378125000, -3.728787e+001,
4379687500, -4.061131e+001,
4381250000, -4.667315e+001,
4382812500, -3.530507e+001,
4384375000, -3.597933e+001,
4385937500, -3.694797e+001,
4387500000, -3.807714e+001,
4389062500, -3.492197e+001,
4390625000, -2.931530e+001,
4392187500, -3.299899e+001,
4393750000, -3.640884e+001,
4395312500, -3.835552e+001,
4396875000, -4.157037e+001,
4398437500, -3.874171e+001,
4400000000, -3.228575e+001,
4401562500, -3.307384e+001,
4403125000, -3.556054e+001,
4404687500, -3.660937e+001,
4406250000, -3.781255e+001,
4407812500, -3.593736e+001,
4409375000, -3.358941e+001,
4410937500, -3.558010e+001,
4412500000, -3.831712e+001,
4414062500, -4.120020e+001,
4415625000, -4.567511e+001,
4417187500, -4.906775e+001,
4418750000, -4.535790e+001,
4420312500, -3.944119e+001,
4421875000, -4.242577e+001,
4423437500, -4.851395e+001,
4425000000, -5.122881e+001,
4426562500, -6.791174e+001,
4428125000, -4.266276e+001,
4429687500, -3.595196e+001,
4431250000, -3.334190e+001,
4432812500, -3.819184e+001,
4434375000, -4.533804e+001,
4435937500, -4.672873e+001,
4437500000, -4.400460e+001,
4439062500, -4.508259e+001,
4440625000, -2.981118e+001,
4442187500, -2.962081e+001,
4443750000, -3.544446e+001,
4445312500, -3.748550e+001,
4446875000, -4.025806e+001,
4448437500, -3.275017e+001,
4450000000, -2.998619e+001,
4451562500, -2.758090e+001,
4453125000, -3.077523e+001,
4454687500, -3.445253e+001,
4456250000, -3.764115e+001,
4457812500, -4.436055e+001,
4459375000, -3.395600e+001,
4460937500, -2.907722e+001,
4462500000, -2.912282e+001,
4464062500, -3.135353e+001,
4465625000, -3.444918e+001,
4467187500, -3.614045e+001,
4468750000, -3.855553e+001,
4470312500, -3.270288e+001,
4471875000, -2.989220e+001,
4473437500, -3.099745e+001,
4475000000, -3.021866e+001,
4476562500, -3.146850e+001,
4478125000, -3.424806e+001,
4479687500, -3.760244e+001,
4481250000, -3.515466e+001,
4482812500, -6.231104e+001,
4484375000, -2.975239e+001,
4485937500, -3.043616e+001,
4487500000, -3.405222e+001,
4489062500, -3.380925e+001,
4490625000, -3.208435e+001,
4492187500, -3.334486e+001,
4493750000, -3.264226e+001,
4495312500, -3.236747e+001,
4496875000, -2.926656e+001,
4498437500, -3.063511e+001,
4500000000, -3.260417e+001,
4501562500, -3.457972e+001,
4503125000, -3.446987e+001,
4504687500, -3.485817e+001,
4506250000, -3.704368e+001,
4507812500, -2.808792e+001,
4509375000, -2.451851e+001,
4510937500, -2.727237e+001,
4512500000, -3.277261e+001,
4514062500, -3.452560e+001,
4515625000, -3.733139e+001,
4517187500, -3.603302e+001,
4518750000, -2.736784e+001,
4520312500, -2.633784e+001,
4521875000, -2.378651e+001,
4523437500, -2.290645e+001,
4525000000, -2.557106e+001,
4526562500, -3.214220e+001,
4528125000, -3.522646e+001,
4529687500, -3.092979e+001,
4531250000, -2.679680e+001,
4532812500, -2.462271e+001,
4534375000, -2.457668e+001,
4535937500, -2.519512e+001,
4537500000, -2.374891e+001,
4539062500, -2.293064e+001,
4540625000, -2.475298e+001,
4542187500, -2.706598e+001,
4543750000, -2.926096e+001,
4545312500, -2.588894e+001,
4546875000, -2.332293e+001,
4548437500, -2.357336e+001,
4550000000, -2.317949e+001,
4551562500, -2.286305e+001,
4553125000, -2.265661e+001,
4554687500, -2.141693e+001,
4556250000, -2.217312e+001,
4557812500, -2.437296e+001,
4559375000, -2.602115e+001,
4560937500, -2.626735e+001,
4562500000, -2.556851e+001,
4564062500, -2.632237e+001,
4565625000, -2.562428e+001,
4567187500, -2.586411e+001,
4568750000, -2.651850e+001,
4570312500, -2.498822e+001,
4571875000, -2.534817e+001,
4573437500, -2.505710e+001,
4575000000, -2.764446e+001,
4576562500, -4.806205e+001,
4578125000, -3.299663e+001,
4579687500, -3.185492e+001,
4581250000, -2.929780e+001,
4582812500, -2.901133e+001,
4584375000, -2.892318e+001,
4585937500, -2.742498e+001,
4587500000, -2.538920e+001,
4589062500, -2.356863e+001,
4590625000, -2.408525e+001,
4592187500, -2.305514e+001,
4593750000, -2.276019e+001,
4595312500, -2.219350e+001,
4596875000, -1.987638e+001,
4598437500, -2.141754e+001,
4600000000, -2.339390e+001,
4601562500, -2.334317e+001,
4603125000, -2.359921e+001,
4604687500, -2.467819e+001,
4606250000, -2.303116e+001,
4607812500, -2.160633e+001,
4609375000, -1.968363e+001,
4610937500, -1.714844e+001,
4612500000, -1.482021e+001,
4614062500, -1.239072e+001,
4615625000, -1.416347e+001,
4617187500, -1.636480e+001,
4618750000, -1.630669e+001,
4620312500, -1.641435e+001,
4621875000, -1.730046e+001,
4623437500, -1.838344e+001,
4625000000, -1.762258e+001,
4626562500, -1.541150e+001,
4628125000, -1.349271e+001,
4629687500, -1.181184e+001,
4631250000, -9.640003e+000,
4632812500, -9.416217e+000,
4634375000, -1.134527e+001,
4635937500, -1.081576e+001,
4637500000, -1.085258e+001,
4639062500, -1.337776e+001,
4640625000, -1.364560e+001,
4642187500, -1.276344e+001,
4643750000, -1.221170e+001,
4645312500, -1.181107e+001,
4646875000, -1.073755e+001,
4648437500, -9.359529e+000,
4650000000, -8.976151e+000,
4651562500, -9.163396e+000,
4653125000, -9.137108e+000,
4654687500, -9.038255e+000,
4656250000, -9.101905e+000,
4657812500, -9.597235e+000,
4659375000, -1.011091e+001,
4660937500, -1.050826e+001,
4662500000, -1.024925e+001,
4664062500, -9.644219e+000,
4665625000, -9.082177e+000,
4667187500, -8.372825e+000,
4668750000, -7.699672e+000,
4670312500, -7.013497e+000,
4671875000, -6.623548e+000,
4673437500, -7.240036e+000,
4675000000, -8.409113e+000,
4676562500, -8.927942e+000,
4678125000, -9.491226e+000,
4679687500, -9.416945e+000,
4681250000, -9.427596e+000,
4682812500, -9.273697e+000,
4684375000, -8.868283e+000,
4685937500, -7.383585e+000,
4687500000, -6.676440e+000,
4689062500, -7.620321e+000,
4690625000, -7.743740e+000,
4692187500, -8.387859e+000,
4693750000, -9.439938e+000,
4695312500, -1.022360e+001,
4696875000, -1.047899e+001,
4698437500, -1.015839e+001,
4700000000, -9.578370e+000,
4701562500, -8.835149e+000,
4703125000, -8.180717e+000,
4704687500, -8.269275e+000,
4706250000, -9.052943e+000,
4707812500, -9.809102e+000,
4709375000, -1.025595e+001,
4710937500, -1.038721e+001,
4712500000, -1.032967e+001,
4714062500, -1.044578e+001,
4715625000, -1.032998e+001,
4717187500, -1.054673e+001,
4718750000, -9.855414e+000,
4720312500, -9.010023e+000,
4721875000, -9.200010e+000,
4723437500, -9.335072e+000,
4725000000, -9.822673e+000,
4726562500, -1.015585e+001,
4728125000, -1.025873e+001,
4729687500, -1.037284e+001,
4731250000, -1.083009e+001,
4732812500, -1.122785e+001,
4734375000, -9.657907e+000,
4735937500, -8.966248e+000,
4737500000, -9.096037e+000,
4739062500, -9.576758e+000,
4740625000, -1.021311e+001,
4742187500, -1.046212e+001,
4743750000, -1.043365e+001,
4745312500, -1.056906e+001,
4746875000, -1.105346e+001,
4748437500, -1.037485e+001,
4750000000, -8.951340e+000,
4751562500, -8.853475e+000,
4753125000, -9.634839e+000,
4754687500, -1.011467e+001,
4756250000, -1.033547e+001,
4757812500, -1.018609e+001,
4759375000, -1.036755e+001,
4760937500, -1.056485e+001,
4762500000, -1.025813e+001,
4764062500, -9.318765e+000,
4765625000, -8.905778e+000,
4767187500, -9.164882e+000,
4768750000, -9.452328e+000,
4770312500, -9.679914e+000,
4771875000, -9.899001e+000,
4773437500, -1.027353e+001,
4775000000, -1.049691e+001,
4776562500, -1.005540e+001,
4778125000, -8.936370e+000,
4779687500, -8.111017e+000,
4781250000, -8.298578e+000,
4782812500, -8.710227e+000,
4784375000, -9.026989e+000,
4785937500, -9.487301e+000,
4787500000, -9.752742e+000,
4789062500, -9.580038e+000,
4790625000, -8.888440e+000,
4792187500, -8.078464e+000,
4793750000, -7.572402e+000,
4795312500, -7.721282e+000,
4796875000, -8.503314e+000,
4798437500, -9.071268e+000,
4800000000, -9.338676e+000,
4801562500, -9.276967e+000,
4803125000, -8.713680e+000,
4804687500, -8.190936e+000,
4806250000, -7.536891e+000,
4807812500, -7.517725e+000,
4809375000, -8.019516e+000,
4810937500, -8.685391e+000,
4812500000, -9.176487e+000,
4814062500, -8.749271e+000,
4815625000, -8.409235e+000,
4817187500, -8.083229e+000,
4818750000, -7.654545e+000,
4820312500, -7.555306e+000,
4821875000, -7.848706e+000,
4823437500, -8.622717e+000,
4825000000, -9.023487e+000,
4826562500, -9.072947e+000,
4828125000, -9.055667e+000,
4829687500, -8.672225e+000,
4831250000, -8.311505e+000,
4832812500, -8.087753e+000,
4834375000, -8.315928e+000,
4835937500, -8.938159e+000,
4837500000, -9.266397e+000,
4839062500, -9.430235e+000,
4840625000, -9.571552e+000,
4842187500, -9.337042e+000,
4843750000, -9.111161e+000,
4845312500, -8.576385e+000,
4846875000, -8.760614e+000,
4848437500, -9.338959e+000,
4850000000, -1.015263e+001,
4851562500, -1.119464e+001,
4853125000, -1.213097e+001,
4854687500, -1.264270e+001,
4856250000, -1.252524e+001,
4857812500, -1.337949e+001,
4859375000, -1.349750e+001,
4860937500, -1.271020e+001,
4862500000, -1.293455e+001,
4864062500, -1.337803e+001,
4865625000, -1.356530e+001,
4867187500, -1.304103e+001,
4868750000, -1.241993e+001,
4870312500, -1.223446e+001,
4871875000, -1.297757e+001,
4873437500, -1.414899e+001,
4875000000, -1.617971e+001,
4876562500, -1.849359e+001,
4878125000, -1.730281e+001,
4879687500, -1.348170e+001,
4881250000, -1.197219e+001,
4882812500, -1.215759e+001,
4884375000, -1.322904e+001,
4885937500, -1.369915e+001,
4887500000, -1.273814e+001,
4889062500, -1.160854e+001,
4890625000, -1.071400e+001,
4892187500, -1.041411e+001,
4893750000, -1.061497e+001,
4895312500, -1.069453e+001,
4896875000, -1.063669e+001,
4898437500, -1.014673e+001,
4900000000, -1.003216e+001,
4901562500, -1.003808e+001,
4903125000, -1.007502e+001,
4904687500, -1.005569e+001,
4906250000, -9.863530e+000,
4907812500, -1.011734e+001,
4909375000, -1.114801e+001,
4910937500, -1.235742e+001,
4912500000, -1.181243e+001,
4914062500, -9.180010e+000,
4915625000, -9.216844e+000,
4917187500, -9.810364e+000,
4918750000, -1.077589e+001,
4920312500, -1.139028e+001,
4921875000, -1.155503e+001,
4923437500, -1.154785e+001,
4925000000, -1.156999e+001,
4926562500, -1.247787e+001,
4928125000, -1.522324e+001,
4929687500, -1.983320e+001,
4931250000, -1.299085e+001,
4932812500, -1.211476e+001,
4934375000, -1.247999e+001,
4935937500, -1.278481e+001,
4937500000, -1.313973e+001,
4939062500, -1.276125e+001,
4940625000, -1.226360e+001,
4942187500, -1.252188e+001,
4943750000, -1.310614e+001,
4945312500, -1.305181e+001,
4946875000, -1.304731e+001,
4948437500, -1.230634e+001,
4950000000, -1.222470e+001,
4951562500, -1.346124e+001,
4953125000, -1.445135e+001,
4954687500, -1.414880e+001,
4956250000, -1.325192e+001,
4957812500, -1.329712e+001,
4959375000, -1.485198e+001,
4960937500, -1.620582e+001,
4962500000, -1.611285e+001,
4964062500, -1.455726e+001,
4965625000, -1.417547e+001,
4967187500, -1.454919e+001,
4968750000, -1.562203e+001,
4970312500, -1.636897e+001,
4971875000, -1.599633e+001,
4973437500, -1.599274e+001,
4975000000, -1.647609e+001,
4976562500, -1.758622e+001,
4978125000, -1.852766e+001,
4979687500, -1.748012e+001,
4981250000, -1.702041e+001,
4982812500, -1.696068e+001,
4984375000, -1.679339e+001,
4985937500, -1.680965e+001,
4987500000, -1.685801e+001,
4989062500, -1.663695e+001,
4990625000, -1.654091e+001,
4992187500, -1.674703e+001,
4993750000, -1.709531e+001,
4995312500, -1.670304e+001,
4996875000, -1.653757e+001,
4998437500, -1.677030e+001,
5000000000, -1.691094e+001,
5001562500, -1.665307e+001,
5003125000, -1.642979e+001,
5004687500, -1.660065e+001,
5006250000, -1.659014e+001,
5007812500, -1.620717e+001,
5009375000, -1.582421e+001,
5010937500, -1.607256e+001,
5012500000, -1.655373e+001,
5014062500, -1.678463e+001,
5015625000, -1.675485e+001,
5017187500, -1.676260e+001,
5018750000, -1.759907e+001,
5020312500, -1.872940e+001,
5021875000, -1.878710e+001,
5023437500, -1.777789e+001,
5025000000, -1.762457e+001,
5026562500, -1.862741e+001,
5028125000, -1.937418e+001,
5029687500, -1.917128e+001,
5031250000, -1.881186e+001,
5032812500, -1.967065e+001,
5034375000, -2.097076e+001,
5035937500, -2.093832e+001,
5037500000, -2.016670e+001,
5039062500, -1.999425e+001,
5040625000, -2.012371e+001,
5042187500, -1.994059e+001,
5043750000, -1.946861e+001,
5045312500, -1.903278e+001,
5046875000, -1.883490e+001,
5048437500, -1.900561e+001,
5050000000, -1.914064e+001,
5051562500, -1.916748e+001,
5053125000, -1.886275e+001,
5054687500, -1.885547e+001,
5056250000, -1.874394e+001,
5057812500, -1.829690e+001,
5059375000, -1.772138e+001,
5060937500, -1.765665e+001,
5062500000, -1.732213e+001,
5064062500, -1.716339e+001,
5065625000, -1.715415e+001,
5067187500, -1.713364e+001,
5068750000, -1.688921e+001,
5070312500, -1.670013e+001,
5071875000, -1.654213e+001,
5073437500, -1.629817e+001,
5075000000, -1.599244e+001,
5076562500, -1.593911e+001,
5078125000, -1.595696e+001,
5079687500, -1.612434e+001,
5081250000, -1.640648e+001,
5082812500, -1.656413e+001,
5084375000, -1.637854e+001,
5085937500, -1.648830e+001,
5087500000, -1.671573e+001,
5089062500, -1.646732e+001,
5090625000, -1.636075e+001,
5092187500, -1.670455e+001,
5093750000, -1.697310e+001,
5095312500, -1.712648e+001,
5096875000, -1.730739e+001,
5098437500, -1.745754e+001,
5100000000, -1.743005e+001,
5101562500, -1.733393e+001,
5103125000, -1.751707e+001,
5104687500, -1.780231e+001,
5106250000, -1.804702e+001,
5107812500, -1.812472e+001,
5109375000, -1.813505e+001,
5110937500, -1.797546e+001,
5112500000, -1.772369e+001,
5114062500, -1.786515e+001,
5115625000, -1.821729e+001,
5117187500, -1.862287e+001,
5118750000, -1.916196e+001,
5120312500, -1.943565e+001,
5121875000, -1.954082e+001,
5123437500, -1.963933e+001,
5125000000, -1.987400e+001,
5126562500, -2.019767e+001,
5128125000, -2.065589e+001,
5129687500, -2.104969e+001,
5131250000, -2.111609e+001,
5132812500, -2.111241e+001,
5134375000, -2.093686e+001,
5135937500, -2.106703e+001,
5137500000, -2.163940e+001,
5139062500, -2.238827e+001,
5140625000, -2.308469e+001,
5142187500, -2.354788e+001,
5143750000, -2.344194e+001,
5145312500, -2.318799e+001,
5146875000, -2.286581e+001,
5148437500, -2.326874e+001,
5150000000, -2.348883e+001,
5151562500, -2.334072e+001,
5153125000, -2.305638e+001,
5154687500, -2.216582e+001,
5156250000, -2.119833e+001,
5157812500, -2.044857e+001,
5159375000, -2.019580e+001,
5160937500, -2.051288e+001,
5162500000, -2.082646e+001,
5164062500, -2.076451e+001,
5165625000, -2.069691e+001,
5167187500, -2.102243e+001,
5168750000, -2.154836e+001,
5170312500, -2.198587e+001,
5171875000, -2.172897e+001,
5173437500, -2.124131e+001,
5175000000, -2.109149e+001,
5176562500, -2.152461e+001,
5178125000, -2.200968e+001,
5179687500, -2.244264e+001,
5181250000, -2.280313e+001,
5182812500, -2.334597e+001,
5184375000, -2.438933e+001,
5185937500, -2.598182e+001,
5187500000, -2.693519e+001,
5189062500, -2.658963e+001,
5190625000, -2.604217e+001,
5192187500, -2.618080e+001,
5193750000, -2.621479e+001,
5195312500, -2.557988e+001,
5196875000, -2.422510e+001,
5198437500, -2.351970e+001,
5200000000, -2.392776e+001,
5201562500, -2.412827e+001,
5203125000, -2.375601e+001,
5204687500, -2.347022e+001,
5206250000, -2.347078e+001,
5207812500, -2.402958e+001,
5209375000, -2.370586e+001,
5210937500, -2.304267e+001,
5212500000, -2.346478e+001,
5214062500, -2.509437e+001,
5215625000, -2.588004e+001,
5217187500, -2.641424e+001,
5218750000, -2.724239e+001,
5220312500, -2.776476e+001,
5221875000, -2.821347e+001,
5223437500, -2.793234e+001,
5225000000, -2.831784e+001,
5226562500, -2.790545e+001,
5228125000, -2.608827e+001,
5229687500, -2.519834e+001,
5231250000, -2.563990e+001,
5232812500, -2.548406e+001,
5234375000, -2.619509e+001,
5235937500, -2.854998e+001,
5237500000, -2.911015e+001,
5239062500, -2.845896e+001,
5240625000, -2.995669e+001,
5242187500, -2.988167e+001,
5243750000, -2.768243e+001,
5245312500, -2.786170e+001,
5246875000, -2.760661e+001,
5248437500, -2.659000e+001,
5250000000, -2.783735e+001,
5251562500, -2.863573e+001,
5253125000, -3.081817e+001,
5254687500, -3.175491e+001,
5256250000, -2.956653e+001,
5257812500, -2.996165e+001,
5259375000, -2.912665e+001,
5260937500, -3.068217e+001,
5262500000, -3.193761e+001,
5264062500, -3.236384e+001,
5265625000, -3.193103e+001,
5267187500, -2.989726e+001,
5268750000, -3.157294e+001,
5270312500, -3.186334e+001,
5271875000, -3.401988e+001,
5273437500, -3.208759e+001,
5275000000, -3.320280e+001,
5276562500, -3.515571e+001,
5278125000, -3.364221e+001,
5279687500, -3.551553e+001,
5281250000, -3.487334e+001,
5282812500, -3.582115e+001,
5284375000, -3.877247e+001,
5285937500, -3.691922e+001,
5287500000, -3.722814e+001,
5289062500, -4.074050e+001,
5290625000, -4.258171e+001,
5292187500, -4.191854e+001,
5293750000, -4.102962e+001,
5295312500, -4.152301e+001,
5296875000, -4.272973e+001,
5298437500, -4.445946e+001,
5300000000, -4.689662e+001,
5301562500, -5.070137e+001,
5303125000, -5.212837e+001,
5304687500, -5.276606e+001,
5306250000, -5.015324e+001,
5307812500, -5.285068e+001,
5309375000, -4.866836e+001,
5310937500, -4.932962e+001,
5312500000, -5.049272e+001,
5314062500, -5.135789e+001,
5315625000, -5.109473e+001,
5317187500, -5.131616e+001,
5318750000, -5.130109e+001,
5320312500, -5.132735e+001,
5321875000, -5.129861e+001,
5323437500, -5.131131e+001,
5325000000, -5.130242e+001,
5326562500, -5.138195e+001,
5328125000, -5.144925e+001,
5329687500, -5.152741e+001,
5331250000, -5.140519e+001,
5332812500, -5.127766e+001,
5334375000, -5.133668e+001,
5335937500, -5.145837e+001,
5337500000, -5.152210e+001,
5339062500, -5.171030e+001,
5340625000, -5.159182e+001,
5342187500, -5.153786e+001,
5343750000, -5.146181e+001,
5345312500, -5.132029e+001,
5346875000, -5.139116e+001,
5348437500, -5.141241e+001,
5350000000, -5.151212e+001,
5351562500, -5.154737e+001,
5353125000, -5.140129e+001,
5354687500, -5.133105e+001,
5356250000, -5.119656e+001,
5357812500, -5.123519e+001,
5359375000, -5.124194e+001,
5360937500, -5.124957e+001,
5362500000, -5.126889e+001,
5364062500, -5.139582e+001,
5365625000, -5.136536e+001,
5367187500, -5.138876e+001,
5368750000, -5.144802e+001,
5370312500, -5.148895e+001,
5371875000, -5.147190e+001,
5373437500, -5.149785e+001,
5375000000, -5.150669e+001,
5376562500, -5.140841e+001,
5378125000, -5.138530e+001,
5379687500, -5.130104e+001,
5381250000, -5.116814e+001,
5382812500, -5.108831e+001,
5384375000, -5.094049e+001,
5385937500, -5.087970e+001,
5387500000, -5.077697e+001,
5389062500, -5.066938e+001,
5390625000, -5.063358e+001,
5392187500, -5.057830e+001,
5393750000, -5.057943e+001,
5395312500, -5.055104e+001,
5396875000, -5.054377e+001,
5398437500, -5.062143e+001,
5400000000, -5.055324e+001,
5401562500, -5.064721e+001,
5403125000, -5.064853e+001,
5404687500, -5.068630e+001,
5406250000, -5.068157e+001,
5407812500, -5.078430e+001,
5409375000, -5.081996e+001,
5410937500, -5.078101e+001,
5412500000, -5.085460e+001,
5414062500, -5.087250e+001,
5415625000, -5.084685e+001,
5417187500, -5.081491e+001,
5418750000, -5.081310e+001,
5420312500, -5.073859e+001,
5421875000, -5.084528e+001,
5423437500, -5.083585e+001,
5425000000, -5.084943e+001,
5426562500, -5.088514e+001,
5428125000, -5.083203e+001,
5429687500, -5.083177e+001,
5431250000, -5.089023e+001,
5432812500, -5.090211e+001,
5434375000, -5.086612e+001,
5435937500, -5.088066e+001,
5437500000, -5.090399e+001,
5439062500, -5.087241e+001,
5440625000, -5.088068e+001,
5442187500, -5.093773e+001,
5443750000, -5.093251e+001,
5445312500, -5.103230e+001,
5446875000, -5.101903e+001,
5448437500, -5.101844e+001,
5450000000, -5.107937e+001,
5451562500, -5.114999e+001,
5453125000, -5.105622e+001,
5454687500, -5.104978e+001,
5456250000, -5.106506e+001,
5457812500, -5.102369e+001,
5459375000, -5.098731e+001,
5460937500, -5.091300e+001,
5462500000, -5.090393e+001,
5464062500, -5.082530e+001,
5465625000, -5.083705e+001,
5467187500, -5.083090e+001,
5468750000, -5.079939e+001,
5470312500, -5.082006e+001,
5471875000, -5.077525e+001,
5473437500, -5.086587e+001,
5475000000, -5.084554e+001,
5476562500, -5.089721e+001,
5478125000, -5.090874e+001,
5479687500, -5.092287e+001,
5481250000, -5.099130e+001,
5482812500, -5.106049e+001,
5484375000, -5.106082e+001,
5485937500, -5.102854e+001,
5487500000, -5.118489e+001,
5489062500, -5.118246e+001,
5490625000, -5.128856e+001,
5492187500, -5.134682e+001,
5493750000, -5.139215e+001,
5495312500, -5.144154e+001,
5496875000, -5.134107e+001,
5498437500, -5.148718e+001,
5500000000, -5.152300e+001,
