"S12 Phase"
"Frequency (Hz)","Deg",
3000000000, 1.599366e+002,
3001562500, 1.580987e+002,
3003125000, 1.564261e+002,
3004687500, 1.545251e+002,
3006250000, 1.527315e+002,
3007812500, 1.510702e+002,
3009375000, 1.494325e+002,
3010937500, 1.473633e+002,
3012500000, 1.453450e+002,
3014062500, 1.435305e+002,
3015625000, 1.413616e+002,
3017187500, 1.396052e+002,
3018750000, 1.379914e+002,
3020312500, 1.357097e+002,
3021875000, 1.340059e+002,
3023437500, 1.319921e+002,
3025000000, 1.299004e+002,
3026562500, 1.279661e+002,
3028125000, 1.259744e+002,
3029687500, 1.239739e+002,
3031250000, 1.219505e+002,
3032812500, 1.199216e+002,
3034375000, 1.178933e+002,
3035937500, 1.159030e+002,
3037500000, 1.138548e+002,
3039062500, 1.118159e+002,
3040625000, 1.097458e+002,
3042187500, 1.075489e+002,
3043750000, 1.054543e+002,
3045312500, 1.033154e+002,
3046875000, 1.010775e+002,
3048437500, 9.905160e+001,
3050000000, 9.675946e+001,
3051562500, 9.454696e+001,
3053125000, 9.263688e+001,
3054687500, 9.048150e+001,
3056250000, 8.808170e+001,
3057812500, 8.602543e+001,
3059375000, 8.366282e+001,
3060937500, 8.181882e+001,
3062500000, 7.953272e+001,
3064062500, 7.703012e+001,
3065625000, 7.485451e+001,
3067187500, 7.304740e+001,
3068750000, 7.065094e+001,
3070312500, 6.859289e+001,
3071875000, 6.663040e+001,
3073437500, 6.414944e+001,
3075000000, 6.178532e+001,
3076562500, 5.983790e+001,
3078125000, 5.752406e+001,
3079687500, 5.518284e+001,
3081250000, 5.283412e+001,
3082812500, 5.101117e+001,
3084375000, 4.885186e+001,
3085937500, 4.677714e+001,
3087500000, 4.420147e+001,
3089062500, 4.269303e+001,
3090625000, 4.067389e+001,
3092187500, 3.847213e+001,
3093750000, 3.637845e+001,
3095312500, 3.428577e+001,
3096875000, 3.233447e+001,
3098437500, 2.998310e+001,
3100000000, 2.802726e+001,
3101562500, 2.626363e+001,
3103125000, 2.374616e+001,
3104687500, 2.166479e+001,
3106250000, 1.980654e+001,
3107812500, 1.780200e+001,
3109375000, 1.539797e+001,
3110937500, 1.354678e+001,
3112500000, 1.153373e+001,
3114062500, 9.322459e+000,
3115625000, 7.103475e+000,
3117187500, 5.144304e+000,
3118750000, 3.024224e+000,
3120312500, 8.090053e-001,
3121875000, -1.196812e+000,
3123437500, -3.359048e+000,
3125000000, -4.997518e+000,
3126562500, -7.034024e+000,
3128125000, -8.781227e+000,
3129687500, -1.071476e+001,
3131250000, -1.288509e+001,
3132812500, -1.510146e+001,
3134375000, -1.706653e+001,
3135937500, -1.899020e+001,
3137500000, -2.128343e+001,
3139062500, -2.323437e+001,
3140625000, -2.534530e+001,
3142187500, -2.743445e+001,
3143750000, -2.972890e+001,
3145312500, -3.186062e+001,
3146875000, -3.414067e+001,
3148437500, -3.636856e+001,
3150000000, -3.824308e+001,
3151562500, -4.044958e+001,
3153125000, -4.268976e+001,
3154687500, -4.480206e+001,
3156250000, -4.714432e+001,
3157812500, -4.920949e+001,
3159375000, -5.148361e+001,
3160937500, -5.387904e+001,
3162500000, -5.607632e+001,
3164062500, -5.818581e+001,
3165625000, -6.089962e+001,
3167187500, -6.310897e+001,
3168750000, -6.500219e+001,
3170312500, -6.742412e+001,
3171875000, -6.945660e+001,
3173437500, -7.182633e+001,
3175000000, -7.388406e+001,
3176562500, -7.622898e+001,
3178125000, -7.857130e+001,
3179687500, -8.066867e+001,
3181250000, -8.290508e+001,
3182812500, -8.515430e+001,
3184375000, -8.746971e+001,
3185937500, -8.945118e+001,
3187500000, -9.197598e+001,
3189062500, -9.396530e+001,
3190625000, -9.610001e+001,
3192187500, -9.824535e+001,
3193750000, -1.007024e+002,
3195312500, -1.026641e+002,
3196875000, -1.045817e+002,
3198437500, -1.067541e+002,
3200000000, -1.089372e+002,
3201562500, -1.109798e+002,
3203125000, -1.132270e+002,
3204687500, -1.151848e+002,
3206250000, -1.172598e+002,
3207812500, -1.192536e+002,
3209375000, -1.214516e+002,
3210937500, -1.232950e+002,
3212500000, -1.257161e+002,
3214062500, -1.276696e+002,
3215625000, -1.294391e+002,
3217187500, -1.314900e+002,
3218750000, -1.337339e+002,
3220312500, -1.355883e+002,
3221875000, -1.376482e+002,
3223437500, -1.395856e+002,
3225000000, -1.413463e+002,
3226562500, -1.434028e+002,
3228125000, -1.453841e+002,
3229687500, -1.469863e+002,
3231250000, -1.489759e+002,
3232812500, -1.507929e+002,
3234375000, -1.522218e+002,
3235937500, -1.545654e+002,
3237500000, -1.562001e+002,
3239062500, -1.576525e+002,
3240625000, -1.599427e+002,
3242187500, -1.615925e+002,
3243750000, -1.634523e+002,
3245312500, -1.653329e+002,
3246875000, -1.671269e+002,
3248437500, -1.688450e+002,
3250000000, -1.705182e+002,
3251562500, -1.725235e+002,
3253125000, -1.736112e+002,
3254687500, -1.757766e+002,
3256250000, -1.776161e+002,
3257812500, -1.791904e+002,
3259375000, 1.790147e+002,
3260937500, 1.773978e+002,
3262500000, 1.756101e+002,
3264062500, 1.740813e+002,
3265625000, 1.720325e+002,
3267187500, 1.704700e+002,
3268750000, 1.687042e+002,
3270312500, 1.670414e+002,
3271875000, 1.652396e+002,
3273437500, 1.634770e+002,
3275000000, 1.616955e+002,
3276562500, 1.601622e+002,
3278125000, 1.584412e+002,
3279687500, 1.566331e+002,
3281250000, 1.550560e+002,
3282812500, 1.530358e+002,
3284375000, 1.513318e+002,
3285937500, 1.497537e+002,
3287500000, 1.482785e+002,
3289062500, 1.462301e+002,
3290625000, 1.443557e+002,
3292187500, 1.427252e+002,
3293750000, 1.405917e+002,
3295312500, 1.387838e+002,
3296875000, 1.369384e+002,
3298437500, 1.351033e+002,
3300000000, 1.329688e+002,
3301562500, 1.308287e+002,
3303125000, 1.291136e+002,
3304687500, 1.271556e+002,
3306250000, 1.250292e+002,
3307812500, 1.229303e+002,
3309375000, 1.214282e+002,
3310937500, 1.192992e+002,
3312500000, 1.170440e+002,
3314062500, 1.147808e+002,
3315625000, 1.128767e+002,
3317187500, 1.112236e+002,
3318750000, 1.089669e+002,
3320312500, 1.070416e+002,
3321875000, 1.046989e+002,
3323437500, 1.028948e+002,
3325000000, 1.005476e+002,
3326562500, 9.858922e+001,
3328125000, 9.625282e+001,
3329687500, 9.403111e+001,
3331250000, 9.179500e+001,
3332812500, 8.977956e+001,
3334375000, 8.741056e+001,
3335937500, 8.556709e+001,
3337500000, 8.320768e+001,
3339062500, 8.078718e+001,
3340625000, 7.827234e+001,
3342187500, 7.614234e+001,
3343750000, 7.409971e+001,
3345312500, 7.183406e+001,
3346875000, 6.942282e+001,
3348437500, 6.759228e+001,
3350000000, 6.558231e+001,
3351562500, 6.290443e+001,
3353125000, 6.062124e+001,
3354687500, 5.837862e+001,
3356250000, 5.594828e+001,
3357812500, 5.357170e+001,
3359375000, 5.131470e+001,
3360937500, 4.882670e+001,
3362500000, 4.677696e+001,
3364062500, 4.447107e+001,
3365625000, 4.234718e+001,
3367187500, 4.005757e+001,
3368750000, 3.778504e+001,
3370312500, 3.555158e+001,
3371875000, 3.342854e+001,
3373437500, 3.118921e+001,
3375000000, 2.918563e+001,
3376562500, 2.696121e+001,
3378125000, 2.488427e+001,
3379687500, 2.269453e+001,
3381250000, 2.040381e+001,
3382812500, 1.846370e+001,
3384375000, 1.659437e+001,
3385937500, 1.423707e+001,
3387500000, 1.223207e+001,
3389062500, 1.021477e+001,
3390625000, 8.199020e+000,
3392187500, 6.223037e+000,
3393750000, 4.245588e+000,
3395312500, 1.996334e+000,
3396875000, -1.360414e-001,
3398437500, -1.438678e+000,
3400000000, -3.913074e+000,
3401562500, -5.891788e+000,
3403125000, -7.785415e+000,
3404687500, -9.465508e+000,
3406250000, -1.169826e+001,
3407812500, -1.368201e+001,
3409375000, -1.555523e+001,
3410937500, -1.776500e+001,
3412500000, -1.950129e+001,
3414062500, -2.119501e+001,
3415625000, -2.313898e+001,
3417187500, -2.515065e+001,
3418750000, -2.665693e+001,
3420312500, -2.817944e+001,
3421875000, -3.036409e+001,
3423437500, -3.243012e+001,
3425000000, -3.409737e+001,
3426562500, -3.600102e+001,
3428125000, -3.734935e+001,
3429687500, -3.944625e+001,
3431250000, -4.146822e+001,
3432812500, -4.331685e+001,
3434375000, -4.517931e+001,
3435937500, -4.679887e+001,
3437500000, -4.884590e+001,
3439062500, -5.092779e+001,
3440625000, -5.246628e+001,
3442187500, -5.452520e+001,
3443750000, -5.652367e+001,
3445312500, -5.854471e+001,
3446875000, -6.035200e+001,
3448437500, -6.223367e+001,
3450000000, -6.384267e+001,
3451562500, -6.619026e+001,
3453125000, -6.820371e+001,
3454687500, -7.033492e+001,
3456250000, -7.221690e+001,
3457812500, -7.441077e+001,
3459375000, -7.607250e+001,
3460937500, -7.840112e+001,
3462500000, -8.047761e+001,
3464062500, -8.225091e+001,
3465625000, -8.425128e+001,
3467187500, -8.632087e+001,
3468750000, -8.810904e+001,
3470312500, -9.023774e+001,
3471875000, -9.226643e+001,
3473437500, -9.479432e+001,
3475000000, -9.681833e+001,
3476562500, -9.903427e+001,
3478125000, -1.013835e+002,
3479687500, -1.050047e+002,
3481250000, -1.069079e+002,
3482812500, -1.093630e+002,
3484375000, -1.110464e+002,
3485937500, -1.136278e+002,
3487500000, -1.158142e+002,
3489062500, -1.178918e+002,
3490625000, -1.204421e+002,
3492187500, -1.232008e+002,
3493750000, -1.252484e+002,
3495312500, -1.274481e+002,
3496875000, -1.299419e+002,
3498437500, -1.317514e+002,
3500000000, -1.340767e+002,
3501562500, -1.359211e+002,
3503125000, -1.382660e+002,
3504687500, -1.406079e+002,
3506250000, -1.426359e+002,
3507812500, -1.450377e+002,
3509375000, -1.474556e+002,
3510937500, -1.499796e+002,
3512500000, -1.520674e+002,
3514062500, -1.536962e+002,
3515625000, -1.564183e+002,
3517187500, -1.583837e+002,
3518750000, -1.605050e+002,
3520312500, -1.623546e+002,
3521875000, -1.642499e+002,
3523437500, -1.667735e+002,
3525000000, -1.686977e+002,
3526562500, -1.709259e+002,
3528125000, -1.728239e+002,
3529687500, -1.753093e+002,
3531250000, -1.777571e+002,
3532812500, -1.790842e+002,
3534375000, 1.787759e+002,
3535937500, 1.763452e+002,
3537500000, 1.745494e+002,
3539062500, 1.725019e+002,
3540625000, 1.708599e+002,
3542187500, 1.690699e+002,
3543750000, 1.666302e+002,
3545312500, 1.650606e+002,
3546875000, 1.631804e+002,
3548437500, 1.612974e+002,
3550000000, 1.581714e+002,
3551562500, 1.567333e+002,
3553125000, 1.555318e+002,
3554687500, 1.535143e+002,
3556250000, 1.518429e+002,
3557812500, 1.498349e+002,
3559375000, 1.475291e+002,
3560937500, 1.463527e+002,
3562500000, 1.443058e+002,
3564062500, 1.426081e+002,
3565625000, 1.403466e+002,
3567187500, 1.389368e+002,
3568750000, 1.370140e+002,
3570312500, 1.343721e+002,
3571875000, 1.326203e+002,
3573437500, 1.311882e+002,
3575000000, 1.299891e+002,
3576562500, 1.282991e+002,
3578125000, 1.264651e+002,
3579687500, 1.246431e+002,
3581250000, 1.230402e+002,
3582812500, 1.215611e+002,
3584375000, 1.204280e+002,
3585937500, 1.180026e+002,
3587500000, 1.159657e+002,
3589062500, 1.143688e+002,
3590625000, 1.123324e+002,
3592187500, 1.099800e+002,
3593750000, 1.081658e+002,
3595312500, 1.070454e+002,
3596875000, 1.054468e+002,
3598437500, 1.030169e+002,
3600000000, 1.012815e+002,
3601562500, 9.899888e+001,
3603125000, 9.722289e+001,
3604687500, 9.584883e+001,
3606250000, 9.403774e+001,
3607812500, 9.133181e+001,
3609375000, 8.915523e+001,
3610937500, 8.738200e+001,
3612500000, 8.563882e+001,
3614062500, 8.339660e+001,
3615625000, 8.134909e+001,
3617187500, 7.962244e+001,
3618750000, 7.773070e+001,
3620312500, 7.581638e+001,
3621875000, 7.393933e+001,
3623437500, 7.172984e+001,
3625000000, 6.907660e+001,
3626562500, 6.772209e+001,
3628125000, 6.633423e+001,
3629687500, 6.413225e+001,
3631250000, 6.086296e+001,
3632812500, 5.870194e+001,
3634375000, 5.676377e+001,
3635937500, 5.494830e+001,
3637500000, 5.337554e+001,
3639062500, 5.033734e+001,
3640625000, 4.864220e+001,
3642187500, 4.679508e+001,
3643750000, 4.551368e+001,
3645312500, 4.319673e+001,
3646875000, 4.041330e+001,
3648437500, 3.786537e+001,
3650000000, 3.607090e+001,
3651562500, 3.500261e+001,
3653125000, 3.317074e+001,
3654687500, 2.907949e+001,
3656250000, 2.697194e+001,
3657812500, 2.491564e+001,
3659375000, 2.328786e+001,
3660937500, 2.239073e+001,
3662500000, 1.951316e+001,
3664062500, 1.653743e+001,
3665625000, 1.531523e+001,
3667187500, 1.406301e+001,
3668750000, 1.275168e+001,
3670312500, 9.775643e+000,
3671875000, 7.221959e+000,
3673437500, 4.628091e+000,
3675000000, 3.732229e+000,
3676562500, 3.187983e+000,
3678125000, 9.347386e-002,
3679687500, -2.994954e+000,
3681250000, -4.992846e+000,
3682812500, -7.458314e+000,
3684375000, -7.526885e+000,
3685937500, -8.499269e+000,
3687500000, -1.243500e+001,
3689062500, -1.407768e+001,
3690625000, -1.605709e+001,
3692187500, -1.688424e+001,
3693750000, -1.736563e+001,
3695312500, -2.079803e+001,
3696875000, -2.389184e+001,
3698437500, -2.540628e+001,
3700000000, -2.687358e+001,
3701562500, -2.825020e+001,
3703125000, -2.962069e+001,
3704687500, -3.300926e+001,
3706250000, -3.543969e+001,
3707812500, -3.852645e+001,
3709375000, -3.866849e+001,
3710937500, -3.759699e+001,
3712500000, -4.145459e+001,
3714062500, -4.381242e+001,
3715625000, -4.615275e+001,
3717187500, -4.914640e+001,
3718750000, -4.667640e+001,
3720312500, -4.996254e+001,
3721875000, -5.354025e+001,
3723437500, -5.528507e+001,
3725000000, -5.830470e+001,
3726562500, -6.009205e+001,
3728125000, -5.902308e+001,
3729687500, -6.178883e+001,
3731250000, -6.342650e+001,
3732812500, -6.707921e+001,
3734375000, -7.035965e+001,
3735937500, -6.985168e+001,
3737500000, -7.015323e+001,
3739062500, -7.269553e+001,
3740625000, -7.579128e+001,
3742187500, -7.863156e+001,
3743750000, -8.114528e+001,
3745312500, -7.978166e+001,
3746875000, -8.283244e+001,
3748437500, -8.467752e+001,
3750000000, -8.701371e+001,
3751562500, -9.029735e+001,
3753125000, -9.358821e+001,
3754687500, -9.402312e+001,
3756250000, -9.417991e+001,
3757812500, -9.586726e+001,
3759375000, -9.958899e+001,
3760937500, -1.036532e+002,
3762500000, -1.063012e+002,
3764062500, -1.054507e+002,
3765625000, -1.048417e+002,
3767187500, -1.091508e+002,
3768750000, -1.114124e+002,
3770312500, -1.157264e+002,
3771875000, -1.179393e+002,
3773437500, -1.170214e+002,
3775000000, -1.194603e+002,
3776562500, -1.226726e+002,
3778125000, -1.233559e+002,
3779687500, -1.273813e+002,
3781250000, -1.323532e+002,
3782812500, -1.333131e+002,
3784375000, -1.314161e+002,
3785937500, -1.332916e+002,
3787500000, -1.362183e+002,
3789062500, -1.417108e+002,
3790625000, -1.448064e+002,
3792187500, -1.449401e+002,
3793750000, -1.450450e+002,
3795312500, -1.469826e+002,
3796875000, -1.503973e+002,
3798437500, -1.539054e+002,
3800000000, -1.586804e+002,
3801562500, -1.594894e+002,
3803125000, -1.601433e+002,
3804687500, -1.629144e+002,
3806250000, -1.646840e+002,
3807812500, -1.662183e+002,
3809375000, -1.712805e+002,
3810937500, -1.767452e+002,
3812500000, -1.757450e+002,
3814062500, -1.752070e+002,
3815625000, -1.752948e+002,
3817187500, -1.796392e+002,
3818750000, 1.754425e+002,
3820312500, 1.721173e+002,
3821875000, 1.726172e+002,
3823437500, 1.704809e+002,
3825000000, 1.707609e+002,
3826562500, 1.686569e+002,
3828125000, 1.642799e+002,
3829687500, 1.608663e+002,
3831250000, 1.586827e+002,
3832812500, 1.566038e+002,
3834375000, 1.564128e+002,
3835937500, 1.546970e+002,
3837500000, 1.534570e+002,
3839062500, 1.508993e+002,
3840625000, 1.448505e+002,
3842187500, 1.425630e+002,
3843750000, 1.435485e+002,
3845312500, 1.451864e+002,
3846875000, 1.432106e+002,
3848437500, 1.400029e+002,
3850000000, 1.347427e+002,
3851562500, 1.341021e+002,
3853125000, 1.331853e+002,
3854687500, 1.312623e+002,
3856250000, 1.322899e+002,
3857812500, 1.286292e+002,
3859375000, 1.272393e+002,
3860937500, 1.246136e+002,
3862500000, 1.199960e+002,
3864062500, 1.175724e+002,
3865625000, 1.182916e+002,
3867187500, 1.185866e+002,
3868750000, 1.164803e+002,
3870312500, 1.149236e+002,
3871875000, 1.109406e+002,
3873437500, 1.067906e+002,
3875000000, 1.076366e+002,
3876562500, 1.060314e+002,
3878125000, 1.054522e+002,
3879687500, 1.065489e+002,
3881250000, 1.017872e+002,
3882812500, 9.812311e+001,
3884375000, 9.739391e+001,
3885937500, 9.580186e+001,
3887500000, 9.315034e+001,
3889062500, 9.424525e+001,
3890625000, 9.310757e+001,
3892187500, 9.155204e+001,
3893750000, 8.527902e+001,
3895312500, 8.328338e+001,
3896875000, 8.094288e+001,
3898437500, 8.154707e+001,
3900000000, 8.057709e+001,
3901562500, 8.013506e+001,
3903125000, 7.804028e+001,
3904687500, 7.454680e+001,
3906250000, 7.232484e+001,
3907812500, 7.176781e+001,
3909375000, 6.638879e+001,
3910937500, 6.842318e+001,
3912500000, 6.957300e+001,
3914062500, 6.571554e+001,
3915625000, 6.501556e+001,
3917187500, 6.264725e+001,
3918750000, 5.863135e+001,
3920312500, 5.495609e+001,
3921875000, 5.394106e+001,
3923437500, 5.577210e+001,
3925000000, 5.274674e+001,
3926562500, 4.866654e+001,
3928125000, 4.417545e+001,
3929687500, 4.268209e+001,
3931250000, 4.142323e+001,
3932812500, 3.609137e+001,
3934375000, 3.971369e+001,
3935937500, 3.879694e+001,
3937500000, 3.669757e+001,
3939062500, 3.229412e+001,
3940625000, 2.960655e+001,
3942187500, 2.974952e+001,
3943750000, 2.747158e+001,
3945312500, 2.358398e+001,
3946875000, 1.893730e+001,
3948437500, 2.457879e+001,
3950000000, 2.419387e+001,
3951562500, 1.747085e+001,
3953125000, 8.183857e+000,
3954687500, 1.211087e+001,
3956250000, 1.252402e+001,
3957812500, 6.981079e+000,
3959375000, 4.572622e+000,
3960937500, 1.007745e+000,
3962500000, -5.896113e+000,
3964062500, 1.099940e+000,
3965625000, -5.366579e-001,
3967187500, -1.237794e+001,
3968750000, -1.273154e+001,
3970312500, -7.536788e+000,
3971875000, -7.437145e+000,
3973437500, -1.505546e+001,
3975000000, -1.656136e+001,
3976562500, -1.195349e+001,
3978125000, -1.784687e+001,
3979687500, -2.600787e+001,
3981250000, -2.934496e+001,
3982812500, -2.689614e+001,
3984375000, -2.328515e+001,
3985937500, -2.761075e+001,
3987500000, -3.382812e+001,
3989062500, -3.833433e+001,
3990625000, -3.722664e+001,
3992187500, -3.451062e+001,
3993750000, -3.637407e+001,
3995312500, -4.796511e+001,
3996875000, -5.029383e+001,
3998437500, -5.519863e+001,
4000000000, -5.006844e+001,
4001562500, -4.883055e+001,
4003125000, -4.826223e+001,
4004687500, -5.772053e+001,
4006250000, -5.905238e+001,
4007812500, -5.665026e+001,
4009375000, -6.095257e+001,
4010937500, -6.461502e+001,
4012500000, -6.371739e+001,
4014062500, -6.232024e+001,
4015625000, -6.292926e+001,
4017187500, -6.988236e+001,
4018750000, -7.536415e+001,
4020312500, -7.464044e+001,
4021875000, -7.456746e+001,
4023437500, -7.699206e+001,
4025000000, -8.458466e+001,
4026562500, -8.101250e+001,
4028125000, -7.779335e+001,
4029687500, -7.986321e+001,
4031250000, -8.534228e+001,
4032812500, -9.636532e+001,
4034375000, -9.947661e+001,
4035937500, -1.006346e+002,
4037500000, -1.072425e+002,
4039062500, -8.647394e+001,
4040625000, -9.401276e+001,
4042187500, -1.029745e+002,
4043750000, -1.048542e+002,
4045312500, -1.062319e+002,
4046875000, -1.036410e+002,
4048437500, -1.129027e+002,
4050000000, -1.137220e+002,
4051562500, -1.128451e+002,
4053125000, -1.188997e+002,
4054687500, -1.159381e+002,
4056250000, -1.149204e+002,
4057812500, -1.080411e+002,
4059375000, -1.216696e+002,
4060937500, -1.386444e+002,
4062500000, -1.378284e+002,
4064062500, -1.367171e+002,
4065625000, -1.305216e+002,
4067187500, -1.262590e+002,
4068750000, -1.319957e+002,
4070312500, -1.382900e+002,
4071875000, -1.433346e+002,
4073437500, -1.463750e+002,
4075000000, -1.646033e+002,
4076562500, -1.566590e+002,
4078125000, -1.391546e+002,
4079687500, -1.441151e+002,
4081250000, -1.490290e+002,
4082812500, -1.487439e+002,
4084375000, -1.629178e+002,
4085937500, -1.646157e+002,
4087500000, -1.557842e+002,
4089062500, -1.616254e+002,
4090625000, -1.603577e+002,
4092187500, -1.730530e+002,
4093750000, 1.751799e+002,
4095312500, -1.667135e+002,
4096875000, -1.589697e+002,
4098437500, -1.594531e+002,
4100000000, -1.721528e+002,
4101562500, 1.711585e+002,
4103125000, 1.594280e+002,
4104687500, 1.598104e+002,
4106250000, 1.750964e+002,
4107812500, 1.719220e+002,
4109375000, -1.725948e+002,
4110937500, -1.786531e+002,
4112500000, 1.622857e+002,
4114062500, 1.464759e+002,
4115625000, 1.585106e+002,
4117187500, 1.636140e+002,
4118750000, 1.471425e+002,
4120312500, 1.514000e+002,
4121875000, 1.672261e+002,
4123437500, 1.648633e+002,
4125000000, 1.517639e+002,
4126562500, 1.446240e+002,
4128125000, 1.468133e+002,
4129687500, 1.507750e+002,
4131250000, 1.480095e+002,
4132812500, 1.418738e+002,
4134375000, 1.358059e+002,
4135937500, 1.159033e+002,
4137500000, 1.314965e+002,
4139062500, 1.575451e+002,
4140625000, 1.560728e+002,
4142187500, 1.445574e+002,
4143750000, 1.339811e+002,
4145312500, 1.169785e+002,
4146875000, 9.838738e+001,
4148437500, 1.059484e+002,
4150000000, 1.185648e+002,
4151562500, 1.385199e+002,
4153125000, 1.417464e+002,
4154687500, 1.066053e+002,
4156250000, 1.279373e+002,
4157812500, 1.258835e+002,
4159375000, 1.061313e+002,
4160937500, 1.028564e+002,
4162500000, 9.875754e+001,
4164062500, 1.068863e+002,
4165625000, 9.844813e+001,
4167187500, 1.060570e+002,
4168750000, 1.259672e+002,
4170312500, 1.100140e+002,
4171875000, 1.005893e+002,
4173437500, 1.027171e+002,
4175000000, 9.124192e+001,
4176562500, 9.473287e+001,
4178125000, 9.265845e+001,
4179687500, 7.732757e+001,
4181250000, 9.023069e+001,
4182812500, 8.287557e+001,
4184375000, 8.709268e+001,
4185937500, 1.100107e+002,
4187500000, 1.027015e+002,
4189062500, 8.465010e+001,
4190625000, 5.458494e+001,
4192187500, 2.459744e+001,
4193750000, 7.683173e+001,
4195312500, 9.372709e+001,
4196875000, 7.083005e+001,
4198437500, 4.464141e+001,
4200000000, 8.714269e+001,
4201562500, 7.560677e+001,
4203125000, 5.374931e+001,
4204687500, 3.458221e+001,
4206250000, 8.067600e+001,
4207812500, 7.231412e+001,
4209375000, 6.203471e+001,
4210937500, 5.133063e+001,
4212500000, 1.530488e+001,
4214062500, 5.370121e+000,
4215625000, 9.153531e+001,
4217187500, 6.154717e+001,
4218750000, 3.232105e+001,
4220312500, 4.754142e+001,
4221875000, 4.638507e+001,
4223437500, 4.323588e+001,
4225000000, 2.801983e+001,
4226562500, 2.321770e+001,
4228125000, 2.332955e+001,
4229687500, 5.705576e+000,
4231250000, 3.629838e+001,
4232812500, 4.526793e+001,
4234375000, 4.155047e+001,
4235937500, 1.275766e+001,
4237500000, -3.545989e+001,
4239062500, 3.794807e+000,
4240625000, 6.102616e+001,
4242187500, 7.988798e+000,
4243750000, -3.838365e+001,
4245312500, -4.245968e+001,
4246875000, 7.837162e+001,
4248437500, 4.343992e+001,
4250000000, 1.191018e+001,
4251562500, -1.177852e+001,
4253125000, -2.971709e+001,
4254687500, -5.225593e+001,
4256250000, -2.288861e+001,
4257812500, 9.377891e+000,
4259375000, -1.657689e+001,
4260937500, -3.247602e+001,
4262500000, 8.428281e-001,
4264062500, 2.082631e+001,
4265625000, -2.644566e+001,
4267187500, -2.643033e+001,
4268750000, -2.242223e+001,
4270312500, -3.283055e+001,
4271875000, -6.606339e+001,
4273437500, -1.390337e+002,
4275000000, 1.302613e+001,
4276562500, -3.747207e+000,
4278125000, -1.398273e+001,
4279687500, -4.164993e+001,
4281250000, -4.485229e+001,
4282812500, -7.139699e+001,
4284375000, -1.439251e+002,
4285937500, 1.148693e+002,
4287500000, 4.072793e+001,
4289062500, -1.297822e+000,
4290625000, -4.863751e+001,
4292187500, -8.965812e+001,
4293750000, -1.269460e+002,
4295312500, -1.364794e+002,
4296875000, -1.776140e+002,
4298437500, 1.024283e+002,
4300000000, 3.566986e+001,
4301562500, -1.077960e+001,
4303125000, -4.013834e+001,
4304687500, -6.189675e+001,
4306250000, -9.375661e+001,
4307812500, -1.405743e+002,
4309375000, 1.773067e+002,
4310937500, 1.467929e+002,
4312500000, 6.011543e+001,
4314062500, -2.611969e+001,
4315625000, -9.175540e+001,
4317187500, 5.284562e+001,
4318750000, -1.649808e+001,
4320312500, -7.086080e+001,
4321875000, -1.067753e+002,
4323437500, -1.250944e+002,
4325000000, -1.676906e+002,
4326562500, 1.190158e+002,
4328125000, 5.354706e+001,
4329687500, -4.102040e+000,
4331250000, -4.127609e+001,
4332812500, -8.071826e+001,
4334375000, -1.277849e+002,
4335937500, -1.642560e+002,
4337500000, 1.422906e+002,
4339062500, 9.736450e+001,
4340625000, 6.077029e+001,
4342187500, 7.790608e+000,
4343750000, -4.815704e+001,
4345312500, -8.578469e+001,
4346875000, -1.106179e+002,
4348437500, -1.138058e+002,
4350000000, -1.524205e+002,
4351562500, 1.709320e+002,
4353125000, 1.355859e+002,
4354687500, 8.977105e+001,
4356250000, 3.636396e+001,
4357812500, -2.015015e+001,
4359375000, -5.844564e+001,
4360937500, -9.528435e+001,
4362500000, -1.282519e+002,
4364062500, -1.690457e+002,
4365625000, 1.503165e+002,
4367187500, 1.245858e+002,
4368750000, -1.685769e+002,
4370312500, 1.508108e+002,
4371875000, 1.070879e+002,
4373437500, 4.799007e+001,
4375000000, -2.818878e+001,
4376562500, -8.895013e+001,
4378125000, -1.480488e+002,
4379687500, 1.640577e+002,
4381250000, 1.223742e+002,
4382812500, 1.019004e+002,
4384375000, 6.066827e+001,
4385937500, 5.379028e+001,
4387500000, -3.459286e+000,
4389062500, -3.285741e+001,
4390625000, -5.464878e+001,
4392187500, -8.717900e+001,
4393750000, -1.559607e+002,
4395312500, 1.536661e+002,
4396875000, 1.058264e+002,
4398437500, 2.321414e+001,
4400000000, -5.304573e+001,
4401562500, -1.077173e+002,
4403125000, -1.660595e+002,
4404687500, 1.279782e+002,
4406250000, 7.220348e+001,
4407812500, -1.016876e+000,
4409375000, -9.785337e+001,
4410937500, -1.628679e+002,
4412500000, 1.657709e+002,
4414062500, 1.396362e+002,
4415625000, 1.154155e+002,
4417187500, 8.184966e+001,
4418750000, 2.886427e+001,
4420312500, -2.261318e+001,
4421875000, -4.574392e+001,
4423437500, -8.252709e+001,
4425000000, -9.484139e+001,
4426562500, -1.113237e+002,
4428125000, -1.414363e+002,
4429687500, 1.665480e+002,
4431250000, 1.267893e+002,
4432812500, 9.660042e+001,
4434375000, 5.922975e+001,
4435937500, 4.880984e+001,
4437500000, 1.798406e+001,
4439062500, -2.517143e+001,
4440625000, -7.724836e+001,
4442187500, -9.433837e+001,
4443750000, -1.235406e+002,
4445312500, -1.773474e+002,
4446875000, 1.265280e+002,
4448437500, 1.150374e+002,
4450000000, 5.189783e+001,
4451562500, -5.482915e+000,
4453125000, -3.884814e+001,
4454687500, -7.346821e+001,
4456250000, -1.464150e+002,
4457812500, 1.491464e+002,
4459375000, 1.157728e+002,
4460937500, 7.112691e+001,
4462500000, 2.017536e+001,
4464062500, -5.907866e+001,
4465625000, -1.156517e+002,
4467187500, -1.422727e+002,
4468750000, -1.663641e+002,
4470312500, 1.702702e+002,
4471875000, 1.248358e+002,
4473437500, 6.533075e+001,
4475000000, 2.812603e+001,
4476562500, 6.085634e+000,
4478125000, -2.187693e+001,
4479687500, -6.125085e+001,
4481250000, -1.201326e+002,
4482812500, -1.618966e+002,
4484375000, -1.713463e+002,
4485937500, 1.419715e+002,
4487500000, 1.109616e+002,
4489062500, 8.313503e+001,
4490625000, 5.932050e+001,
4492187500, 2.907963e+001,
4493750000, -2.031813e+001,
4495312500, -7.996402e+001,
4496875000, -1.301415e+002,
4498437500, -1.554942e+002,
4500000000, -1.772102e+002,
4501562500, -1.727903e+002,
4503125000, 1.623544e+002,
4504687500, 1.286006e+002,
4506250000, 9.852338e+001,
4507812500, 7.305997e+001,
4509375000, 3.280469e+001,
4510937500, -7.175316e+000,
4512500000, -2.664687e+001,
4514062500, -7.397693e+001,
4515625000, -1.214189e+002,
4517187500, -1.629892e+002,
4518750000, 1.658260e+002,
4520312500, 1.373439e+002,
4521875000, 1.283080e+002,
4523437500, 7.889832e+001,
4525000000, 1.672546e+001,
4526562500, -4.887928e+001,
4528125000, -9.068659e+001,
4529687500, -1.146939e+002,
4531250000, -1.444903e+002,
4532812500, -1.746630e+002,
4534375000, 1.499140e+002,
4535937500, 8.303725e+001,
4537500000, -1.162275e+002,
4539062500, 1.501591e+002,
4540625000, 1.057769e+002,
4542187500, 1.267878e+002,
4543750000, 1.582090e+002,
4545312500, 1.452952e+002,
4546875000, 1.264771e+002,
4548437500, 1.066764e+002,
4550000000, 8.130353e+001,
4551562500, 3.329438e+001,
4553125000, -8.697435e+000,
4554687500, -4.043182e+001,
4556250000, -6.523100e+001,
4557812500, -8.185621e+001,
4559375000, -9.736341e+001,
4560937500, -1.125179e+002,
4562500000, -1.332801e+002,
4564062500, -1.526062e+002,
4565625000, 1.776107e+002,
4567187500, 1.388595e+002,
4568750000, 1.082597e+002,
4570312500, 7.378860e+001,
4571875000, 4.789010e+001,
4573437500, 3.097461e+001,
4575000000, 1.961413e+001,
4576562500, 1.761891e+001,
4578125000, 4.098702e+000,
4579687500, -2.811505e+001,
4581250000, -7.274051e+001,
4582812500, -1.150576e+002,
4584375000, -1.547874e+002,
4585937500, 1.703685e+002,
4587500000, 1.444799e+002,
4589062500, 1.247229e+002,
4590625000, 1.083295e+002,
4592187500, 9.142356e+001,
4593750000, 6.192202e+001,
4595312500, 2.617300e+001,
4596875000, -1.124356e+001,
4598437500, -5.273109e+001,
4600000000, -8.602106e+001,
4601562500, -1.089876e+002,
4603125000, -1.287955e+002,
4604687500, -1.496252e+002,
4606250000, -1.700796e+002,
4607812500, 1.682947e+002,
4609375000, 1.426992e+002,
4610937500, 1.126193e+002,
4612500000, 7.484603e+001,
4614062500, 4.004627e+001,
4615625000, 1.338404e+001,
4617187500, -6.341555e+000,
4618750000, -2.019914e+001,
4620312500, -3.357013e+001,
4621875000, -5.272739e+001,
4623437500, -8.238743e+001,
4625000000, -1.199594e+002,
4626562500, -1.591103e+002,
4628125000, 1.630592e+002,
4629687500, 1.317989e+002,
4631250000, 1.092283e+002,
4632812500, 9.011795e+001,
4634375000, 7.223984e+001,
4635937500, 4.464086e+001,
4637500000, 9.304028e+000,
4639062500, -2.764109e+001,
4640625000, -6.780220e+001,
4642187500, -1.024199e+002,
4643750000, -1.274191e+002,
4645312500, -1.512803e+002,
4646875000, -1.748812e+002,
4648437500, 1.651606e+002,
4650000000, 1.326260e+002,
4651562500, 9.193040e+001,
4653125000, 4.780601e+001,
4654687500, 8.207559e+000,
4656250000, -2.317928e+001,
4657812500, -4.935606e+001,
4659375000, -7.245043e+001,
4660937500, -9.792286e+001,
4662500000, -1.299468e+002,
4664062500, -1.702804e+002,
4665625000, 1.428036e+002,
4667187500, 9.524786e+001,
4668750000, 5.858677e+001,
4670312500, 3.097324e+001,
4671875000, 8.700666e+000,
4673437500, -1.202069e+001,
4675000000, -3.380367e+001,
4676562500, -5.877689e+001,
4678125000, -9.111019e+001,
4679687500, -1.274186e+002,
4681250000, -1.618742e+002,
4682812500, 1.706849e+002,
4684375000, 1.488258e+002,
4685937500, 1.295036e+002,
4687500000, 1.086711e+002,
4689062500, 8.462273e+001,
4690625000, 5.579206e+001,
4692187500, 2.339190e+001,
4693750000, -9.486516e+000,
4695312500, -3.696730e+001,
4696875000, -5.895908e+001,
4698437500, -8.012806e+001,
4700000000, -1.037498e+002,
4701562500, -1.298409e+002,
4703125000, -1.596634e+002,
4704687500, 1.673750e+002,
4706250000, 1.363737e+002,
4707812500, 1.096865e+002,
4709375000, 8.496561e+001,
4710937500, 5.981458e+001,
4712500000, 3.393131e+001,
4714062500, 3.601728e+000,
4715625000, -3.542226e+001,
4717187500, -7.704662e+001,
4718750000, -1.137528e+002,
4720312500, -1.438971e+002,
4721875000, -1.714805e+002,
4723437500, 1.629714e+002,
4725000000, 1.353100e+002,
4726562500, 9.054813e+001,
4728125000, 3.620889e+001,
4729687500, -1.575476e+001,
4731250000, -5.690233e+001,
4732812500, -8.903718e+001,
4734375000, -1.161574e+002,
4735937500, -1.448709e+002,
4737500000, -1.780252e+002,
4739062500, 1.422716e+002,
4740625000, 9.746702e+001,
4742187500, 5.587198e+001,
4743750000, 1.994301e+001,
4745312500, -1.383992e+001,
4746875000, -4.882441e+001,
4748437500, -8.430524e+001,
4750000000, -1.281625e+002,
4751562500, -1.779976e+002,
4753125000, 1.380644e+002,
4754687500, 1.046973e+002,
4756250000, 7.691359e+001,
4757812500, 4.834132e+001,
4759375000, 1.301687e+001,
4760937500, -2.756984e+001,
4762500000, -6.750382e+001,
4764062500, -1.029082e+002,
4765625000, -1.320281e+002,
4767187500, -1.573908e+002,
4768750000, 1.754206e+002,
4770312500, 1.406441e+002,
4771875000, 1.012191e+002,
4773437500, 6.402023e+001,
4775000000, 3.143831e+001,
4776562500, 2.711605e+000,
4778125000, -2.625643e+001,
4779687500, -6.344260e+001,
4781250000, -1.085343e+002,
4782812500, -1.582855e+002,
4784375000, 1.549101e+002,
4785937500, 1.146981e+002,
4787500000, 7.570612e+001,
4789062500, 3.504055e+001,
4790625000, -9.296870e+000,
4792187500, -5.766092e+001,
4793750000, -1.023608e+002,
4795312500, -1.378796e+002,
4796875000, -1.698883e+002,
4798437500, 1.579772e+002,
4800000000, 1.261371e+002,
4801562500, 9.229542e+001,
4803125000, 5.734796e+001,
4804687500, 2.205427e+001,
4806250000, -1.262815e+001,
4807812500, -4.800811e+001,
4809375000, -8.422582e+001,
4810937500, -1.212462e+002,
4812500000, -1.601985e+002,
4814062500, 1.637760e+002,
4815625000, 1.315231e+002,
4817187500, 1.009738e+002,
4818750000, 7.251488e+001,
4820312500, 4.360474e+001,
4821875000, 1.129316e+001,
4823437500, -2.891622e+001,
4825000000, -7.057460e+001,
4826562500, -1.093404e+002,
4828125000, -1.464714e+002,
4829687500, -1.793566e+002,
4831250000, 1.510585e+002,
4832812500, 1.215254e+002,
4834375000, 9.714889e+001,
4835937500, 8.305742e+001,
4837500000, 6.793117e+001,
4839062500, 4.466927e+001,
4840625000, 3.832528e+000,
4842187500, -3.810371e+001,
4843750000, -6.846603e+001,
4845312500, -1.010325e+002,
4846875000, -1.365690e+002,
4848437500, -1.713666e+002,
4850000000, 1.557564e+002,
4851562500, 1.260366e+002,
4853125000, 1.001052e+002,
4854687500, 5.559904e+001,
4856250000, 1.074754e+001,
4857812500, -2.618889e+001,
4859375000, -6.113882e+001,
4860937500, -9.745715e+001,
4862500000, -1.391448e+002,
4864062500, 1.690308e+002,
4865625000, 1.050448e+002,
4867187500, 3.816150e+001,
4868750000, 1.080901e+002,
4870312500, 3.865830e+001,
4871875000, -2.206781e+001,
4873437500, -7.783564e+001,
4875000000, -1.309513e+002,
4876562500, 1.797173e+002,
4878125000, 1.328504e+002,
4879687500, 8.863448e+001,
4881250000, 4.545229e+001,
4882812500, 5.335466e-001,
4884375000, -4.458423e+001,
4885937500, -8.898195e+001,
4887500000, -1.325182e+002,
4889062500, 1.796524e+002,
4890625000, 1.140765e+002,
4892187500, 3.882995e+001,
4893750000, -1.065030e+001,
4895312500, -3.768680e+001,
4896875000, -4.753632e+001,
4898437500, -6.331548e+001,
4900000000, -7.769818e+001,
4901562500, -8.988582e+001,
4903125000, -1.000257e+002,
4904687500, -1.182641e+002,
4906250000, -1.476416e+002,
4907812500, 1.743770e+002,
4909375000, 1.294224e+002,
4910937500, 8.463644e+001,
4912500000, 3.823229e+001,
4914062500, -7.929429e+000,
4915625000, -5.114521e+001,
4917187500, -9.126548e+001,
4918750000, -1.293156e+002,
4920312500, -1.690543e+002,
4921875000, 1.333955e+002,
4923437500, 3.393411e+001,
4925000000, -3.541009e+001,
4926562500, -8.277786e+001,
4928125000, -1.286326e+002,
4929687500, -1.754557e+002,
4931250000, 1.358609e+002,
4932812500, 8.106302e+001,
4934375000, 2.367787e+001,
4935937500, -2.756535e+001,
4937500000, -7.033398e+001,
4939062500, -1.091888e+002,
4940625000, -1.503088e+002,
4942187500, 1.644083e+002,
4943750000, 1.192156e+002,
4945312500, 7.326356e+001,
4946875000, 2.014896e+001,
4948437500, -3.753661e+001,
4950000000, -9.492020e+001,
4951562500, -1.442747e+002,
4953125000, 1.736812e+002,
4954687500, 1.286113e+002,
4956250000, 5.418104e+001,
4957812500, -5.391196e+001,
4959375000, -1.136314e+002,
4960937500, -1.551230e+002,
4962500000, 1.679768e+002,
4964062500, 1.445221e+002,
4965625000, -1.547337e+002,
4967187500, -1.651979e+002,
4968750000, 1.602483e+002,
4970312500, 1.032129e+002,
4971875000, -2.510880e+001,
4973437500, -9.015920e+001,
4975000000, -1.304337e+002,
4976562500, -1.669244e+002,
4978125000, 1.547291e+002,
4979687500, 1.136681e+002,
4981250000, 6.745534e+001,
4982812500, -6.158837e+000,
4984375000, -9.722470e+001,
4985937500, -1.591002e+002,
4987500000, 1.495830e+002,
4989062500, 9.814474e+001,
4990625000, -4.306631e+001,
4992187500, -1.276434e+002,
4993750000, -1.766057e+002,
4995312500, 1.382347e+002,
4996875000, 8.936398e+001,
4998437500, 3.299434e+001,
5000000000, -3.762555e+001,
5001562500, -1.080076e+002,
5003125000, -1.622962e+002,
5004687500, 1.537400e+002,
5006250000, 1.177924e+002,
5007812500, 8.299510e+001,
5009375000, 4.058600e+001,
5010937500, -5.863241e+001,
5012500000, -1.766939e+002,
5014062500, 1.491212e+002,
5015625000, 1.234734e+002,
5017187500, 1.097508e+002,
5018750000, 1.195641e+002,
5020312500, 1.285053e+002,
5021875000, 1.171284e+002,
5023437500, 1.030582e+002,
5025000000, 1.037612e+002,
5026562500, 1.074241e+002,
5028125000, 1.007073e+002,
5029687500, 9.194364e+001,
5031250000, 1.012354e+002,
5032812500, 1.231704e+002,
5034375000, 1.173023e+002,
5035937500, 9.769700e+001,
5037500000, 7.503843e+001,
5039062500, 5.702898e+001,
5040625000, 7.779448e+001,
5042187500, 1.012261e+002,
5043750000, 8.567463e+001,
5045312500, 7.914995e+001,
5046875000, 1.050210e+002,
5048437500, 9.748815e+001,
5050000000, 7.039552e+001,
5051562500, 3.976401e+001,
5053125000, 1.192908e+001,
5054687500, 1.325726e+002,
5056250000, 1.125666e+002,
5057812500, 8.031419e+001,
5059375000, 4.770305e+001,
5060937500, 2.740344e+001,
5062500000, 5.038666e+001,
5064062500, 6.987428e+001,
5065625000, 5.938946e+001,
5067187500, 5.899586e+001,
5068750000, 5.495861e+001,
5070312500, 4.019315e+001,
5071875000, 3.542748e+001,
5073437500, 5.343603e+001,
5075000000, 4.952076e+001,
5076562500, 3.085987e+001,
5078125000, 2.289467e+001,
5079687500, 4.192827e+001,
5081250000, 4.639614e+001,
5082812500, 3.306708e+001,
5084375000, 1.903839e+001,
5085937500, 1.922723e+001,
5087500000, 1.800782e+001,
5089062500, 1.512992e+001,
5090625000, 3.367390e+001,
5092187500, 2.875210e+001,
5093750000, 8.664910e+000,
5095312500, -5.618532e+000,
5096875000, 2.473963e+000,
5098437500, 2.197315e+001,
5100000000, 1.290417e+001,
5101562500, -1.603083e+000,
5103125000, -6.566832e+000,
5104687500, -6.001831e+000,
5106250000, -3.357275e+000,
5107812500, -6.499240e+000,
5109375000, -1.101482e+001,
5110937500, -1.173032e+001,
5112500000, -1.275503e+001,
5114062500, -1.983300e+001,
5115625000, -2.581800e+001,
5117187500, -2.304410e+001,
5118750000, -1.897516e+001,
5120312500, -2.445827e+001,
5121875000, -3.366836e+001,
5123437500, -3.833187e+001,
5125000000, -3.411598e+001,
5126562500, -3.191470e+001,
5128125000, -3.912363e+001,
5129687500, -4.541696e+001,
5131250000, -4.741492e+001,
5132812500, -4.669224e+001,
5134375000, -4.789589e+001,
5135937500, -5.222154e+001,
5137500000, -5.582649e+001,
5139062500, -5.795682e+001,
5140625000, -6.075595e+001,
5142187500, -6.101884e+001,
5143750000, -6.247853e+001,
5145312500, -6.718447e+001,
5146875000, -7.097430e+001,
5148437500, -7.073829e+001,
5150000000, -7.095159e+001,
5151562500, -7.573525e+001,
5153125000, -8.011033e+001,
5154687500, -7.983761e+001,
5156250000, -8.127667e+001,
5157812500, -8.495985e+001,
5159375000, -8.831463e+001,
5160937500, -9.035679e+001,
5162500000, -9.110179e+001,
5164062500, -9.365140e+001,
5165625000, -9.770928e+001,
5167187500, -9.911130e+001,
5168750000, -9.985020e+001,
5170312500, -1.025496e+002,
5171875000, -1.056389e+002,
5173437500, -1.076036e+002,
5175000000, -1.086580e+002,
5176562500, -1.113489e+002,
5178125000, -1.138736e+002,
5179687500, -1.157547e+002,
5181250000, -1.170436e+002,
5182812500, -1.203523e+002,
5184375000, -1.220290e+002,
5185937500, -1.233098e+002,
5187500000, -1.261687e+002,
5189062500, -1.281604e+002,
5190625000, -1.299674e+002,
5192187500, -1.318383e+002,
5193750000, -1.343489e+002,
5195312500, -1.356519e+002,
5196875000, -1.379721e+002,
5198437500, -1.398432e+002,
5200000000, -1.420125e+002,
5201562500, -1.442217e+002,
5203125000, -1.459113e+002,
5204687500, -1.476685e+002,
5206250000, -1.498834e+002,
5207812500, -1.515120e+002,
5209375000, -1.536829e+002,
5210937500, -1.553320e+002,
5212500000, -1.577241e+002,
5214062500, -1.598224e+002,
5215625000, -1.614195e+002,
5217187500, -1.634357e+002,
5218750000, -1.655816e+002,
5220312500, -1.677153e+002,
5221875000, -1.700423e+002,
5223437500, -1.712433e+002,
5225000000, -1.732567e+002,
5226562500, -1.757636e+002,
5228125000, -1.781443e+002,
5229687500, 1.799847e+002,
5231250000, 1.779409e+002,
5232812500, 1.757207e+002,
5234375000, 1.739042e+002,
5235937500, 1.719153e+002,
5237500000, 1.695510e+002,
5239062500, 1.676870e+002,
5240625000, 1.659594e+002,
5242187500, 1.636070e+002,
5243750000, 1.616775e+002,
5245312500, 1.593931e+002,
5246875000, 1.579640e+002,
5248437500, 1.556871e+002,
5250000000, 1.534089e+002,
5251562500, 1.509479e+002,
5253125000, 1.485180e+002,
5254687500, 1.464486e+002,
5256250000, 1.447154e+002,
5257812500, 1.428521e+002,
5259375000, 1.404572e+002,
5260937500, 1.384895e+002,
5262500000, 1.363432e+002,
5264062500, 1.338888e+002,
5265625000, 1.321050e+002,
5267187500, 1.299084e+002,
5268750000, 1.273460e+002,
5270312500, 1.247149e+002,
5271875000, 1.224374e+002,
5273437500, 1.198689e+002,
5275000000, 1.178302e+002,
5276562500, 1.151294e+002,
5278125000, 1.130963e+002,
5279687500, 1.105513e+002,
5281250000, 1.082117e+002,
5282812500, 1.059633e+002,
5284375000, 1.036561e+002,
5285937500, 1.016847e+002,
5287500000, 9.904626e+001,
5289062500, 9.649621e+001,
5290625000, 9.439931e+001,
5292187500, 9.211155e+001,
5293750000, 8.956352e+001,
5295312500, 8.712658e+001,
5296875000, 8.500152e+001,
5298437500, 8.261744e+001,
5300000000, 8.019068e+001,
5301562500, 7.837062e+001,
5303125000, 7.608021e+001,
5304687500, 7.327344e+001,
5306250000, 7.081807e+001,
5307812500, 6.876466e+001,
5309375000, 6.756385e+001,
5310937500, 6.552027e+001,
5312500000, 6.380384e+001,
5314062500, 6.110461e+001,
5315625000, 5.830282e+001,
5317187500, 5.612052e+001,
5318750000, 5.388863e+001,
5320312500, 5.148169e+001,
5321875000, 4.919840e+001,
5323437500, 4.713249e+001,
5325000000, 4.527910e+001,
5326562500, 4.276334e+001,
5328125000, 4.078034e+001,
5329687500, 3.875081e+001,
5331250000, 3.574699e+001,
5332812500, 3.391976e+001,
5334375000, 3.136946e+001,
5335937500, 2.923842e+001,
5337500000, 2.684526e+001,
5339062500, 2.398164e+001,
5340625000, 2.219549e+001,
5342187500, 1.974751e+001,
5343750000, 1.734883e+001,
5345312500, 1.553172e+001,
5346875000, 1.316226e+001,
5348437500, 1.091792e+001,
5350000000, 8.975447e+000,
5351562500, 7.439214e+000,
5353125000, 5.006184e+000,
5354687500, 2.923470e+000,
5356250000, 1.082716e+000,
5357812500, -7.900456e-001,
5359375000, -2.424029e+000,
5360937500, -4.890188e+000,
5362500000, -6.991643e+000,
5364062500, -9.284642e+000,
5365625000, -1.055863e+001,
5367187500, -1.326488e+001,
5368750000, -1.536447e+001,
5370312500, -1.790397e+001,
5371875000, -2.040823e+001,
5373437500, -2.211382e+001,
5375000000, -2.472521e+001,
5376562500, -2.707424e+001,
5378125000, -2.969187e+001,
5379687500, -3.238139e+001,
5381250000, -3.489809e+001,
5382812500, -3.773017e+001,
5384375000, -4.010084e+001,
5385937500, -4.293717e+001,
5387500000, -4.566565e+001,
5389062500, -4.810268e+001,
5390625000, -5.041008e+001,
5392187500, -5.271307e+001,
5393750000, -5.505228e+001,
5395312500, -5.765607e+001,
5396875000, -5.989917e+001,
5398437500, -6.218299e+001,
5400000000, -6.443053e+001,
5401562500, -6.662185e+001,
5403125000, -6.885509e+001,
5404687500, -7.163773e+001,
5406250000, -7.401265e+001,
5407812500, -7.620389e+001,
5409375000, -7.846875e+001,
5410937500, -8.070709e+001,
5412500000, -8.298535e+001,
5414062500, -8.582176e+001,
5415625000, -8.782205e+001,
5417187500, -9.002435e+001,
5418750000, -9.238881e+001,
5420312500, -9.460878e+001,
5421875000, -9.709944e+001,
5423437500, -9.923212e+001,
5425000000, -1.011010e+002,
5426562500, -1.033401e+002,
5428125000, -1.056229e+002,
5429687500, -1.084143e+002,
5431250000, -1.106414e+002,
5432812500, -1.126098e+002,
5434375000, -1.151862e+002,
5435937500, -1.175348e+002,
5437500000, -1.196374e+002,
5439062500, -1.221874e+002,
5440625000, -1.247358e+002,
5442187500, -1.272320e+002,
5443750000, -1.293117e+002,
5445312500, -1.315346e+002,
5446875000, -1.340994e+002,
5448437500, -1.361376e+002,
5450000000, -1.386629e+002,
5451562500, -1.409557e+002,
5453125000, -1.433031e+002,
5454687500, -1.456487e+002,
5456250000, -1.482460e+002,
5457812500, -1.504679e+002,
5459375000, -1.529674e+002,
5460937500, -1.552249e+002,
5462500000, -1.577710e+002,
5464062500, -1.595682e+002,
5465625000, -1.623435e+002,
5467187500, -1.644035e+002,
5468750000, -1.667949e+002,
5470312500, -1.687053e+002,
5471875000, -1.717422e+002,
5473437500, -1.737848e+002,
5475000000, -1.763962e+002,
5476562500, -1.790430e+002,
5478125000, 1.785880e+002,
5479687500, 1.764034e+002,
5481250000, 1.738780e+002,
5482812500, 1.715176e+002,
5484375000, 1.697216e+002,
5485937500, 1.675790e+002,
5487500000, 1.647571e+002,
5489062500, 1.629514e+002,
5490625000, 1.604806e+002,
5492187500, 1.581056e+002,
5493750000, 1.561989e+002,
5495312500, 1.541028e+002,
5496875000, 1.521280e+002,
5498437500, 1.503069e+002,
5500000000, 1.479786e+002,
