"S21 Phase"
"Frequency (Hz)","Deg",
3000000000, 1.525663e+002,
3001562500, 1.507261e+002,
3003125000, 1.492766e+002,
3004687500, 1.471713e+002,
3006250000, 1.453293e+002,
3007812500, 1.438516e+002,
3009375000, 1.421074e+002,
3010937500, 1.405748e+002,
3012500000, 1.382765e+002,
3014062500, 1.363302e+002,
3015625000, 1.350043e+002,
3017187500, 1.330844e+002,
3018750000, 1.313300e+002,
3020312500, 1.291423e+002,
3021875000, 1.273652e+002,
3023437500, 1.253010e+002,
3025000000, 1.235620e+002,
3026562500, 1.217763e+002,
3028125000, 1.199446e+002,
3029687500, 1.175647e+002,
3031250000, 1.157558e+002,
3032812500, 1.139133e+002,
3034375000, 1.120467e+002,
3035937500, 1.100028e+002,
3037500000, 1.077900e+002,
3039062500, 1.057646e+002,
3040625000, 1.034288e+002,
3042187500, 1.013256e+002,
3043750000, 9.922512e+001,
3045312500, 9.731941e+001,
3046875000, 9.524741e+001,
3048437500, 9.299779e+001,
3050000000, 9.100428e+001,
3051562500, 8.867121e+001,
3053125000, 8.665367e+001,
3054687500, 8.459230e+001,
3056250000, 8.230593e+001,
3057812500, 8.013421e+001,
3059375000, 7.765681e+001,
3060937500, 7.586319e+001,
3062500000, 7.343425e+001,
3064062500, 7.104171e+001,
3065625000, 6.877701e+001,
3067187500, 6.712130e+001,
3068750000, 6.465590e+001,
3070312500, 6.239244e+001,
3071875000, 5.987648e+001,
3073437500, 5.770726e+001,
3075000000, 5.569099e+001,
3076562500, 5.352192e+001,
3078125000, 5.106367e+001,
3079687500, 4.879127e+001,
3081250000, 4.658205e+001,
3082812500, 4.451840e+001,
3084375000, 4.248860e+001,
3085937500, 4.037338e+001,
3087500000, 3.776969e+001,
3089062500, 3.573101e+001,
3090625000, 3.365503e+001,
3092187500, 3.151271e+001,
3093750000, 2.943936e+001,
3095312500, 2.717225e+001,
3096875000, 2.505793e+001,
3098437500, 2.284575e+001,
3100000000, 2.074632e+001,
3101562500, 1.855235e+001,
3103125000, 1.656798e+001,
3104687500, 1.448208e+001,
3106250000, 1.190233e+001,
3107812500, 9.920314e+000,
3109375000, 7.830462e+000,
3110937500, 5.772976e+000,
3112500000, 3.999971e+000,
3114062500, 1.669785e+000,
3115625000, -8.072075e-001,
3117187500, -3.033164e+000,
3118750000, -5.023998e+000,
3120312500, -6.769370e+000,
3121875000, -9.421610e+000,
3123437500, -1.155663e+001,
3125000000, -1.347156e+001,
3126562500, -1.559785e+001,
3128125000, -1.795680e+001,
3129687500, -2.007423e+001,
3131250000, -2.217732e+001,
3132812500, -2.426422e+001,
3134375000, -2.655916e+001,
3135937500, -2.864078e+001,
3137500000, -3.071840e+001,
3139062500, -3.304535e+001,
3140625000, -3.513582e+001,
3142187500, -3.712753e+001,
3143750000, -3.967467e+001,
3145312500, -4.179943e+001,
3146875000, -4.409047e+001,
3148437500, -4.641910e+001,
3150000000, -4.854138e+001,
3151562500, -5.070175e+001,
3153125000, -5.349302e+001,
3154687500, -5.504190e+001,
3156250000, -5.764237e+001,
3157812500, -5.988317e+001,
3159375000, -6.183355e+001,
3160937500, -6.409416e+001,
3162500000, -6.680777e+001,
3164062500, -6.847496e+001,
3165625000, -7.131690e+001,
3167187500, -7.335269e+001,
3168750000, -7.578391e+001,
3170312500, -7.788525e+001,
3171875000, -8.045246e+001,
3173437500, -8.220329e+001,
3175000000, -8.471302e+001,
3176562500, -8.693904e+001,
3178125000, -8.903191e+001,
3179687500, -9.150194e+001,
3181250000, -9.404159e+001,
3182812500, -9.675184e+001,
3184375000, -9.813525e+001,
3185937500, -1.008663e+002,
3187500000, -1.029659e+002,
3189062500, -1.053261e+002,
3190625000, -1.075787e+002,
3192187500, -1.099278e+002,
3193750000, -1.119739e+002,
3195312500, -1.140268e+002,
3196875000, -1.162700e+002,
3198437500, -1.180275e+002,
3200000000, -1.204187e+002,
3201562500, -1.221637e+002,
3203125000, -1.248092e+002,
3204687500, -1.267085e+002,
3206250000, -1.289286e+002,
3207812500, -1.308877e+002,
3209375000, -1.326300e+002,
3210937500, -1.350198e+002,
3212500000, -1.368263e+002,
3214062500, -1.392256e+002,
3215625000, -1.408362e+002,
3217187500, -1.427509e+002,
3218750000, -1.447227e+002,
3220312500, -1.463558e+002,
3221875000, -1.484185e+002,
3223437500, -1.501152e+002,
3225000000, -1.521456e+002,
3226562500, -1.539771e+002,
3228125000, -1.558421e+002,
3229687500, -1.575200e+002,
3231250000, -1.592183e+002,
3232812500, -1.609062e+002,
3234375000, -1.627469e+002,
3235937500, -1.639885e+002,
3237500000, -1.668285e+002,
3239062500, -1.681944e+002,
3240625000, -1.700697e+002,
3242187500, -1.719361e+002,
3243750000, -1.731227e+002,
3245312500, -1.750869e+002,
3246875000, -1.765640e+002,
3248437500, -1.786160e+002,
3250000000, 1.795867e+002,
3251562500, 1.779334e+002,
3253125000, 1.761655e+002,
3254687500, 1.743227e+002,
3256250000, 1.729070e+002,
3257812500, 1.705477e+002,
3259375000, 1.695952e+002,
3260937500, 1.678230e+002,
3262500000, 1.660980e+002,
3264062500, 1.646966e+002,
3265625000, 1.627862e+002,
3267187500, 1.608914e+002,
3268750000, 1.594053e+002,
3270312500, 1.576497e+002,
3271875000, 1.554681e+002,
3273437500, 1.545284e+002,
3275000000, 1.520709e+002,
3276562500, 1.504165e+002,
3278125000, 1.486019e+002,
3279687500, 1.468622e+002,
3281250000, 1.452189e+002,
3282812500, 1.430305e+002,
3284375000, 1.415366e+002,
3285937500, 1.398852e+002,
3287500000, 1.377507e+002,
3289062500, 1.360877e+002,
3290625000, 1.344789e+002,
3292187500, 1.326349e+002,
3293750000, 1.304470e+002,
3295312500, 1.291863e+002,
3296875000, 1.270630e+002,
3298437500, 1.251686e+002,
3300000000, 1.231645e+002,
3301562500, 1.210939e+002,
3303125000, 1.191351e+002,
3304687500, 1.175842e+002,
3306250000, 1.151456e+002,
3307812500, 1.136876e+002,
3309375000, 1.113306e+002,
3310937500, 1.093441e+002,
3312500000, 1.071585e+002,
3314062500, 1.052130e+002,
3315625000, 1.031316e+002,
3317187500, 1.009856e+002,
3318750000, 9.968611e+001,
3320312500, 9.710258e+001,
3321875000, 9.557324e+001,
3323437500, 9.339141e+001,
3325000000, 9.105568e+001,
3326562500, 8.888317e+001,
3328125000, 8.710712e+001,
3329687500, 8.500578e+001,
3331250000, 8.247578e+001,
3332812500, 8.107427e+001,
3334375000, 7.849796e+001,
3335937500, 7.622120e+001,
3337500000, 7.491897e+001,
3339062500, 7.228094e+001,
3340625000, 7.035264e+001,
3342187500, 6.806447e+001,
3343750000, 6.586494e+001,
3345312500, 6.323033e+001,
3346875000, 6.130246e+001,
3348437500, 5.962649e+001,
3350000000, 5.618657e+001,
3351562500, 5.451383e+001,
3353125000, 5.232403e+001,
3354687500, 5.002973e+001,
3356250000, 4.770931e+001,
3357812500, 4.559908e+001,
3359375000, 4.333024e+001,
3360937500, 4.108598e+001,
3362500000, 3.881349e+001,
3364062500, 3.744881e+001,
3365625000, 3.384020e+001,
3367187500, 3.276073e+001,
3368750000, 3.013973e+001,
3370312500, 2.811980e+001,
3371875000, 2.555159e+001,
3373437500, 2.381057e+001,
3375000000, 2.148443e+001,
3376562500, 1.946006e+001,
3378125000, 1.680170e+001,
3379687500, 1.569876e+001,
3381250000, 1.237599e+001,
3382812500, 1.065637e+001,
3384375000, 8.441508e+000,
3385937500, 6.305992e+000,
3387500000, 3.827860e+000,
3389062500, 2.176539e+000,
3390625000, 2.259051e-002,
3392187500, -1.981301e+000,
3393750000, -4.616166e+000,
3395312500, -6.326504e+000,
3396875000, -7.834663e+000,
3398437500, -1.127191e+001,
3400000000, -1.256412e+001,
3401562500, -1.527386e+001,
3403125000, -1.686820e+001,
3404687500, -1.940016e+001,
3406250000, -2.124759e+001,
3407812500, -2.318935e+001,
3409375000, -2.542065e+001,
3410937500, -2.768237e+001,
3412500000, -2.911850e+001,
3414062500, -3.082166e+001,
3415625000, -3.456734e+001,
3417187500, -3.537029e+001,
3418750000, -3.831702e+001,
3420312500, -3.870008e+001,
3421875000, -4.168486e+001,
3423437500, -4.303869e+001,
3425000000, -4.535801e+001,
3426562500, -4.651223e+001,
3428125000, -4.868238e+001,
3429687500, -5.099361e+001,
3431250000, -5.118344e+001,
3432812500, -5.464553e+001,
3434375000, -5.540318e+001,
3435937500, -5.873937e+001,
3437500000, -6.065623e+001,
3439062500, -6.080807e+001,
3440625000, -6.457548e+001,
3442187500, -6.554801e+001,
3443750000, -6.770260e+001,
3445312500, -6.860996e+001,
3446875000, -7.207840e+001,
3448437500, -7.294255e+001,
3450000000, -7.410220e+001,
3451562500, -7.716095e+001,
3453125000, -7.802888e+001,
3454687500, -8.227390e+001,
3456250000, -8.232916e+001,
3457812500, -8.367339e+001,
3459375000, -8.702739e+001,
3460937500, -8.908653e+001,
3462500000, -9.065218e+001,
3464062500, -9.117516e+001,
3465625000, -9.548441e+001,
3467187500, -9.637964e+001,
3468750000, -9.785911e+001,
3470312500, -1.008343e+002,
3471875000, -1.007425e+002,
3473437500, -1.065701e+002,
3475000000, -1.071770e+002,
3476562500, -1.077221e+002,
3478125000, -1.112264e+002,
3479687500, -1.135354e+002,
3481250000, -1.159254e+002,
3482812500, -1.167904e+002,
3484375000, -1.188702e+002,
3485937500, -1.230324e+002,
3487500000, -1.220487e+002,
3489062500, -1.276715e+002,
3490625000, -1.272592e+002,
3492187500, -1.287826e+002,
3493750000, -1.353737e+002,
3495312500, -1.355479e+002,
3496875000, -1.358604e+002,
3498437500, -1.393012e+002,
3500000000, -1.418157e+002,
3501562500, -1.450682e+002,
3503125000, -1.453516e+002,
3504687500, -1.476729e+002,
3506250000, -1.515776e+002,
3507812500, -1.511139e+002,
3509375000, -1.569258e+002,
3510937500, -1.565454e+002,
3512500000, -1.570152e+002,
3514062500, -1.637028e+002,
3515625000, -1.659024e+002,
3517187500, -1.651867e+002,
3518750000, -1.671168e+002,
3520312500, -1.704652e+002,
3521875000, -1.741037e+002,
3523437500, -1.750722e+002,
3525000000, -1.762262e+002,
3526562500, 1.795949e+002,
3528125000, 1.797295e+002,
3529687500, 1.756197e+002,
3531250000, 1.721751e+002,
3532812500, 1.741041e+002,
3534375000, 1.707957e+002,
3535937500, 1.657495e+002,
3537500000, 1.639748e+002,
3539062500, 1.641866e+002,
3540625000, 1.631169e+002,
3542187500, 1.593427e+002,
3543750000, 1.558667e+002,
3545312500, 1.553976e+002,
3546875000, 1.524832e+002,
3548437500, 1.511128e+002,
3550000000, 1.520440e+002,
3551562500, 1.454077e+002,
3553125000, 1.429530e+002,
3554687500, 1.444645e+002,
3556250000, 1.426040e+002,
3557812500, 1.393919e+002,
3559375000, 1.356860e+002,
3560937500, 1.337026e+002,
3562500000, 1.363035e+002,
3564062500, 1.335235e+002,
3565625000, 1.303273e+002,
3567187500, 1.281631e+002,
3568750000, 1.256637e+002,
3570312500, 1.230554e+002,
3571875000, 1.272152e+002,
3573437500, 1.233407e+002,
3575000000, 1.146957e+002,
3576562500, 1.159731e+002,
3578125000, 1.172759e+002,
3579687500, 1.152506e+002,
3581250000, 1.137688e+002,
3582812500, 1.065910e+002,
3584375000, 1.066732e+002,
3585937500, 1.082287e+002,
3587500000, 1.045832e+002,
3589062500, 1.050308e+002,
3590625000, 1.003577e+002,
3592187500, 9.517146e+001,
3593750000, 9.456283e+001,
3595312500, 1.009028e+002,
3596875000, 9.632920e+001,
3598437500, 8.658100e+001,
3600000000, 8.685159e+001,
3601562500, 8.653105e+001,
3603125000, 8.781740e+001,
3604687500, 8.767645e+001,
3606250000, 7.985014e+001,
3607812500, 7.594504e+001,
3609375000, 7.886537e+001,
3610937500, 7.536388e+001,
3612500000, 7.802517e+001,
3614062500, 7.489757e+001,
3615625000, 6.606290e+001,
3617187500, 6.164079e+001,
3618750000, 6.827129e+001,
3620312500, 7.031232e+001,
3621875000, 6.138460e+001,
3623437500, 5.652505e+001,
3625000000, 5.315104e+001,
3626562500, 5.246608e+001,
3628125000, 5.769426e+001,
3629687500, 5.650236e+001,
3631250000, 4.807457e+001,
3632812500, 4.258622e+001,
3634375000, 4.382483e+001,
3635937500, 4.183879e+001,
3637500000, 4.607378e+001,
3639062500, 4.525920e+001,
3640625000, 3.422015e+001,
3642187500, 2.511987e+001,
3643750000, 3.336247e+001,
3645312500, 3.809796e+001,
3646875000, 3.094484e+001,
3648437500, 2.688335e+001,
3650000000, 2.127771e+001,
3651562500, 1.654624e+001,
3653125000, 1.981963e+001,
3654687500, 2.826865e+001,
3656250000, 2.194743e+001,
3657812500, 1.285899e+001,
3659375000, 8.265068e+000,
3660937500, 5.886331e+000,
3662500000, 1.162329e+001,
3664062500, 1.437005e+001,
3665625000, 1.153579e+001,
3667187500, -2.172376e+000,
3668750000, -8.862871e+000,
3670312500, 6.883517e-001,
3671875000, 1.429663e+000,
3673437500, -9.302007e-001,
3675000000, -4.411775e+000,
3676562500, -1.158600e+001,
3678125000, -1.959531e+001,
3679687500, -1.661369e+001,
3681250000, -6.399863e+000,
3682812500, -6.211699e+000,
3684375000, -1.542465e+001,
3685937500, -2.690881e+001,
3687500000, -2.901243e+001,
3689062500, -2.764564e+001,
3690625000, -1.883264e+001,
3692187500, -1.798043e+001,
3693750000, -2.796527e+001,
3695312500, -4.164080e+001,
3696875000, -4.102252e+001,
3698437500, -3.598041e+001,
3700000000, -3.201991e+001,
3701562500, -3.376630e+001,
3703125000, -3.838956e+001,
3704687500, -4.830491e+001,
3706250000, -5.560211e+001,
3707812500, -5.300240e+001,
3709375000, -4.260512e+001,
3710937500, -3.522631e+001,
3712500000, -4.746975e+001,
3714062500, -6.081025e+001,
3715625000, -6.765287e+001,
3717187500, -6.373304e+001,
3718750000, -5.551693e+001,
3720312500, -5.003246e+001,
3721875000, -5.920168e+001,
3723437500, -6.932445e+001,
3725000000, -7.818871e+001,
3726562500, -8.422596e+001,
3728125000, -6.476840e+001,
3729687500, -6.456428e+001,
3731250000, -6.751249e+001,
3732812500, -7.556783e+001,
3734375000, -8.803186e+001,
3735937500, -9.556068e+001,
3737500000, -9.643432e+001,
3739062500, -6.431975e+001,
3740625000, -6.732221e+001,
3742187500, -8.526766e+001,
3743750000, -1.015032e+002,
3745312500, -1.052500e+002,
3746875000, -9.985029e+001,
3748437500, -9.024991e+001,
3750000000, -8.410961e+001,
3751562500, -9.148532e+001,
3753125000, -9.971005e+001,
3754687500, -1.194520e+002,
3756250000, -1.257323e+002,
3757812500, -1.021466e+002,
3759375000, -9.773620e+001,
3760937500, -9.488880e+001,
3762500000, -1.042380e+002,
3764062500, -1.190776e+002,
3765625000, -1.333949e+002,
3767187500, -1.441429e+002,
3768750000, -1.014777e+002,
3770312500, -9.338672e+001,
3771875000, -1.110790e+002,
3773437500, -1.314936e+002,
3775000000, -1.397012e+002,
3776562500, -1.434556e+002,
3778125000, -1.401548e+002,
3779687500, -1.221846e+002,
3781250000, -1.183289e+002,
3782812500, -1.251995e+002,
3784375000, -1.456471e+002,
3785937500, -1.613227e+002,
3787500000, -1.628848e+002,
3789062500, -1.470989e+002,
3790625000, -1.355387e+002,
3792187500, -1.314421e+002,
3793750000, -1.419052e+002,
3795312500, -1.582067e+002,
3796875000, 1.798835e+002,
3798437500, 1.723617e+002,
3800000000, -1.603138e+002,
3801562500, -1.295586e+002,
3803125000, -1.495989e+002,
3804687500, -1.709897e+002,
3806250000, -1.790776e+002,
3807812500, 1.737295e+002,
3809375000, 1.658485e+002,
3810937500, 1.720377e+002,
3812500000, -1.602865e+002,
3814062500, -1.613108e+002,
3815625000, -1.774946e+002,
3817187500, 1.664867e+002,
3818750000, 1.470966e+002,
3820312500, 1.520297e+002,
3821875000, 1.668143e+002,
3823437500, -1.787603e+002,
3825000000, -1.746164e+002,
3826562500, 1.766718e+002,
3828125000, 1.550694e+002,
3829687500, 1.334373e+002,
3831250000, 1.194521e+002,
3832812500, 1.574120e+002,
3834375000, -1.722142e+002,
3835937500, 1.655681e+002,
3837500000, 1.470921e+002,
3839062500, 1.465651e+002,
3840625000, 1.324943e+002,
3842187500, 1.168656e+002,
3843750000, 1.170883e+002,
3845312500, 1.429441e+002,
3846875000, 1.652733e+002,
3848437500, 1.532893e+002,
3850000000, 1.329946e+002,
3851562500, 1.130690e+002,
3853125000, 1.094624e+002,
3854687500, 1.122081e+002,
3856250000, 1.183508e+002,
3857812500, 1.491193e+002,
3859375000, 1.507496e+002,
3860937500, 1.316352e+002,
3862500000, 1.100043e+002,
3864062500, 9.059057e+001,
3865625000, 7.400043e+001,
3867187500, 1.338203e+002,
3868750000, 1.364882e+002,
3870312500, 1.153823e+002,
3871875000, 1.178474e+002,
3873437500, 1.102006e+002,
3875000000, 9.052966e+001,
3876562500, 7.792902e+001,
3878125000, 7.397897e+001,
3879687500, 9.272881e+001,
3881250000, 1.267033e+002,
3882812500, 1.199026e+002,
3884375000, 1.008481e+002,
3885937500, 8.501616e+001,
3887500000, 7.645723e+001,
3889062500, 6.464613e+001,
3890625000, 5.890333e+001,
3892187500, 9.857157e+001,
3893750000, 1.199290e+002,
3895312500, 1.060596e+002,
3896875000, 8.607243e+001,
3898437500, 6.135602e+001,
3900000000, 4.284267e+001,
3901562500, 6.388849e+001,
3903125000, 9.109748e+001,
3904687500, 6.674255e+001,
3906250000, 8.852103e+001,
3907812500, 9.015614e+001,
3909375000, 6.397644e+001,
3910937500, 4.762875e+001,
3912500000, 3.915794e+001,
3914062500, 4.289793e+001,
3915625000, 3.886145e+001,
3917187500, 8.162078e+001,
3918750000, 8.122171e+001,
3920312500, 7.472445e+001,
3921875000, 5.551439e+001,
3923437500, 3.811099e+001,
3925000000, 1.609251e+001,
3926562500, 1.208052e+001,
3928125000, 4.741811e+001,
3929687500, 7.080537e+001,
3931250000, 6.215699e+001,
3932812500, 5.683842e+001,
3934375000, 3.277821e+001,
3935937500, 8.644490e+000,
3937500000, 6.512207e+000,
3939062500, 2.969046e+001,
3940625000, 9.622949e-001,
3942187500, 5.243820e+001,
3943750000, 4.760767e+001,
3945312500, 2.564402e+001,
3946875000, 1.724105e+001,
3948437500, 6.282031e+000,
3950000000, 1.584488e+000,
3951562500, -6.731213e+000,
3953125000, -2.017264e+001,
3954687500, -2.781322e+000,
3956250000, 5.852172e+001,
3957812500, 3.780023e+001,
3959375000, 8.025141e+000,
3960937500, -1.409681e+001,
3962500000, -3.000944e+001,
3964062500, -3.913934e+001,
3965625000, -2.219041e+001,
3967187500, 1.767163e+001,
3968750000, 2.116453e+001,
3970312500, 1.084330e+001,
3971875000, -8.801071e+000,
3973437500, -2.879262e+001,
3975000000, -3.219695e+001,
3976562500, -4.836752e+001,
3978125000, -7.574099e+001,
3979687500, -4.083896e+000,
3981250000, -5.008007e+000,
3982812500, -2.091388e+001,
3984375000, -1.945741e+001,
3985937500, -2.607472e+001,
3987500000, -3.596609e+001,
3989062500, -4.707992e+001,
3990625000, -6.733971e+001,
3992187500, -9.446393e+001,
3993750000, -1.241984e+001,
3995312500, 9.562109e+000,
3996875000, -1.882465e+001,
3998437500, -3.871382e+001,
4000000000, -6.142860e+001,
4001562500, -8.735575e+001,
4003125000, -1.033859e+002,
4004687500, -4.212903e+001,
4006250000, -3.379827e+001,
4007812500, -4.334506e+001,
4009375000, -3.814517e+001,
4010937500, -4.970010e+001,
4012500000, -6.250034e+001,
4014062500, -8.439621e+001,
4015625000, -1.219162e+002,
4017187500, -6.277892e+001,
4018750000, -9.151195e+001,
4020312500, -9.963842e+001,
4021875000, -7.782808e+001,
4023437500, -5.585374e+001,
4025000000, -5.229051e+001,
4026562500, -6.861242e+001,
4028125000, -8.712536e+001,
4029687500, -1.046421e+002,
4031250000, -1.387402e+002,
4032812500, -1.758572e+002,
4034375000, -5.834380e+001,
4035937500, -5.130481e+001,
4037500000, -7.239538e+001,
4039062500, -8.751556e+001,
4040625000, -1.063912e+002,
4042187500, -1.383431e+002,
4043750000, 1.782503e+002,
4045312500, -8.097317e+001,
4046875000, -1.067662e+002,
4048437500, -6.833151e+001,
4050000000, -7.810604e+001,
4051562500, -1.001913e+002,
4053125000, -1.312259e+002,
4054687500, -1.550213e+002,
4056250000, -1.373724e+002,
4057812500, -1.372043e+002,
4059375000, -1.442453e+002,
4060937500, -1.303439e+002,
4062500000, -1.566102e+002,
4064062500, 1.613709e+002,
4065625000, -5.761534e+001,
4067187500, -1.077103e+002,
4068750000, -1.369997e+002,
4070312500, -1.497238e+002,
4071875000, -1.475834e+002,
4073437500, 1.773542e+002,
4075000000, 1.218438e+002,
4076562500, -4.177287e+001,
4078125000, -1.009004e+002,
4079687500, -1.372138e+002,
4081250000, -1.423987e+002,
4082812500, -1.445765e+002,
4084375000, -1.749585e+002,
4085937500, 1.419080e+002,
4087500000, 1.003498e+002,
4089062500, -1.306797e+002,
4090625000, -1.428501e+002,
4092187500, -1.230896e+002,
4093750000, -1.350700e+002,
4095312500, -1.783414e+002,
4096875000, 1.449430e+002,
4098437500, -1.584172e+002,
4100000000, -1.781296e+002,
4101562500, 1.418699e+002,
4103125000, 1.068028e+002,
4104687500, -1.646541e+002,
4106250000, 1.651623e+002,
4107812500, 1.161869e+002,
4109375000, -9.900989e+001,
4110937500, -1.457585e+002,
4112500000, -1.782131e+002,
4114062500, 1.620160e+002,
4115625000, 1.301384e+002,
4117187500, 9.561363e+001,
4118750000, 4.382934e+001,
4120312500, -1.673571e+002,
4121875000, -1.445957e+002,
4123437500, -1.379461e+002,
4125000000, 1.799591e+002,
4126562500, 1.475289e+002,
4128125000, 1.307920e+002,
4129687500, 9.922501e+001,
4131250000, 6.220244e+001,
4132812500, 1.104659e+002,
4134375000, 1.730845e+002,
4135937500, -1.658873e+002,
4137500000, 1.453435e+002,
4139062500, 1.401117e+002,
4140625000, 1.661728e+002,
4142187500, 1.546753e+002,
4143750000, 1.304140e+002,
4145312500, 9.631282e+001,
4146875000, 6.588758e+001,
4148437500, 5.922032e+001,
4150000000, 3.649240e+001,
4151562500, 1.517785e+002,
4153125000, 1.044065e+002,
4154687500, -1.374603e+002,
4156250000, -1.746629e+002,
4157812500, 1.497971e+002,
4159375000, 1.138721e+002,
4160937500, 7.905925e+001,
4162500000, 7.751445e+001,
4164062500, 5.994853e+001,
4165625000, 4.163721e+001,
4167187500, 6.991751e+000,
4168750000, -8.121531e+001,
4170312500, -1.562508e+002,
4171875000, 1.713489e+002,
4173437500, 1.368171e+002,
4175000000, 1.040349e+002,
4176562500, 6.151149e+001,
4178125000, 1.051420e+001,
4179687500, -4.372919e+001,
4181250000, -1.569560e+002,
4182812500, 8.282367e+001,
4184375000, -3.915214e+001,
4185937500, -1.485699e+002,
4187500000, 1.590461e+002,
4189062500, 1.169584e+002,
4190625000, 7.120502e+001,
4192187500, 3.520252e+001,
4193750000, 1.472963e+001,
4195312500, 1.884911e+001,
4196875000, -1.200670e+001,
4198437500, -1.016935e+002,
4200000000, 1.455521e+002,
4201562500, 5.206531e+001,
4203125000, -8.415628e+001,
4204687500, 1.725205e+002,
4206250000, 1.131318e+002,
4207812500, 5.115279e+001,
4209375000, 8.957656e+000,
4210937500, -1.343142e+001,
4212500000, 9.587725e+000,
4214062500, 1.303164e+001,
4215625000, 1.497936e+000,
4217187500, -5.029875e+001,
4218750000, -1.399718e+002,
4220312500, 1.462090e+002,
4221875000, 1.094997e+002,
4223437500, 9.982792e+001,
4225000000, 6.746526e+001,
4226562500, 1.853101e+001,
4228125000, -3.783037e+001,
4229687500, -8.206560e+001,
4231250000, -1.669183e+002,
4232812500, -2.441044e+001,
4234375000, -9.921635e+001,
4235937500, -1.655325e+002,
4237500000, 1.303270e+002,
4239062500, 8.376853e+001,
4240625000, 3.881629e+001,
4242187500, -6.860729e+000,
4243750000, -5.110984e+001,
4245312500, -7.417102e+001,
4246875000, -4.104566e+001,
4248437500, -6.983829e+001,
4250000000, -1.278770e+002,
4251562500, 1.727121e+002,
4253125000, 1.462440e+002,
4254687500, 1.043300e+002,
4256250000, 8.174329e+001,
4257812500, 4.445361e+001,
4259375000, 3.680820e-001,
4260937500, -3.563284e+001,
4262500000, -6.298163e+001,
4264062500, -7.274113e+001,
4265625000, -1.144614e+002,
4267187500, -1.575616e+002,
4268750000, -1.748608e+002,
4270312500, -1.641190e+002,
4271875000, 1.404850e+002,
4273437500, 8.957870e+001,
4275000000, 4.616665e+001,
4276562500, 9.467954e+000,
4278125000, -2.936868e+001,
4279687500, -6.714539e+001,
4281250000, -6.059407e+001,
4282812500, -8.285912e+001,
4284375000, -1.284021e+002,
4285937500, -1.706780e+002,
4287500000, 1.437922e+002,
4289062500, 1.002249e+002,
4290625000, 6.489154e+001,
4292187500, 9.353520e+000,
4293750000, -5.012156e+001,
4295312500, -8.849512e+001,
4296875000, -6.925750e+001,
4298437500, -1.111627e+002,
4300000000, -1.572205e+002,
4301562500, 1.571706e+002,
4303125000, 1.168408e+002,
4304687500, 9.060712e+001,
4306250000, 1.473228e+002,
4307812500, 1.001500e+002,
4309375000, 5.660920e+001,
4310937500, 1.639934e+001,
4312500000, -3.497422e+001,
4314062500, -6.401668e+001,
4315625000, -6.502295e+001,
4317187500, -6.175800e+001,
4318750000, -6.735446e+001,
4320312500, -9.407821e+001,
4321875000, -1.299148e+002,
4323437500, -1.552805e+002,
4325000000, 1.768306e+002,
4326562500, 1.522393e+002,
4328125000, 1.269488e+002,
4329687500, 8.793241e+001,
4331250000, 4.732901e+001,
4332812500, 1.251361e+001,
4334375000, -2.495615e+001,
4335937500, -6.685916e+001,
4337500000, -7.589213e+001,
4339062500, -9.797027e+001,
4340625000, -1.217398e+002,
4342187500, -1.127870e+002,
4343750000, -1.574377e+002,
4345312500, 1.666319e+002,
4346875000, 1.200636e+002,
4348437500, 5.246176e+001,
4350000000, -9.072282e+000,
4351562500, -5.625606e+001,
4353125000, -7.732530e+001,
4354687500, -9.578694e+001,
4356250000, -1.288708e+002,
4357812500, -1.637933e+002,
4359375000, 1.688304e+002,
4360937500, 1.363315e+002,
4362500000, 9.501493e+001,
4364062500, 4.882606e+001,
4365625000, 4.839229e+001,
4367187500, 5.863495e+001,
4368750000, 9.913944e+000,
4370312500, -1.354484e+001,
4371875000, -1.575274e+001,
4373437500, -2.747801e+001,
4375000000, -5.424745e+001,
4376562500, -9.232502e+001,
4378125000, -1.114343e+002,
4379687500, -1.280051e+002,
4381250000, -1.496119e+002,
4382812500, -1.657405e+002,
4384375000, -1.571459e+002,
4385937500, -1.592032e+002,
4387500000, 1.780831e+002,
4389062500, 1.526879e+002,
4390625000, 1.344521e+002,
4392187500, 1.228466e+002,
4393750000, 1.106976e+002,
4395312500, 8.793918e+001,
4396875000, 5.473381e+001,
4398437500, 2.597428e+001,
4400000000, -1.106292e+001,
4401562500, -5.188427e+001,
4403125000, -2.098221e+001,
4404687500, -5.852097e+001,
4406250000, -1.053362e+002,
4407812500, -1.314394e+002,
4409375000, -1.046877e+002,
4410937500, -8.402663e+001,
4412500000, -1.231268e+002,
4414062500, -1.653428e+002,
4415625000, -1.420492e+002,
4417187500, -1.358665e+002,
4418750000, -1.568567e+002,
4420312500, 1.778439e+002,
4421875000, -1.533156e+002,
4423437500, -1.316341e+002,
4425000000, -1.533904e+002,
4426562500, -1.759838e+002,
4428125000, 1.653919e+002,
4429687500, 1.517094e+002,
4431250000, 1.334817e+002,
4432812500, 1.190646e+002,
4434375000, 9.394476e+001,
4435937500, 7.440915e+001,
4437500000, 6.849889e+001,
4439062500, 3.801612e+001,
4440625000, 3.098769e+001,
4442187500, 2.269201e+001,
4443750000, -6.555811e+000,
4445312500, -2.657464e+001,
4446875000, -5.350117e+001,
4448437500, -4.798567e+001,
4450000000, -5.835306e+001,
4451562500, -8.078668e+001,
4453125000, -1.016688e+002,
4454687500, -1.199634e+002,
4456250000, -1.467021e+002,
4457812500, -1.613800e+002,
4459375000, 1.736847e+002,
4460937500, 1.496759e+002,
4462500000, 1.387377e+002,
4464062500, 1.362815e+002,
4465625000, 1.220624e+002,
4467187500, 1.027851e+002,
4468750000, 8.209651e+001,
4470312500, 5.956453e+001,
4471875000, 4.075168e+001,
4473437500, 3.301671e+001,
4475000000, 1.000525e+001,
4476562500, -3.037056e+001,
4478125000, -5.764409e+001,
4479687500, -6.019882e+001,
4481250000, -9.611519e+000,
4482812500, -4.232386e+001,
4484375000, -7.307315e+001,
4485937500, -8.914275e+001,
4487500000, -1.023982e+002,
4489062500, -1.354583e+002,
4490625000, -1.645047e+002,
4492187500, 1.725323e+002,
4493750000, 1.099247e+002,
4495312500, -3.489924e+001,
4496875000, -9.020257e+001,
4498437500, -1.363614e+002,
4500000000, -1.743616e+002,
4501562500, -1.746425e+002,
4503125000, 1.669298e+002,
4504687500, 1.512564e+002,
4506250000, 1.452264e+002,
4507812500, 1.425656e+002,
4509375000, 1.343154e+002,
4510937500, 1.050562e+002,
4512500000, 6.179607e+001,
4514062500, 4.235357e+001,
4515625000, 3.096157e+001,
4517187500, 1.795650e+001,
4518750000, 5.689001e+000,
4520312500, -1.241020e+001,
4521875000, -2.435416e+001,
4523437500, -3.682230e+001,
4525000000, -5.253475e+001,
4526562500, -6.956531e+001,
4528125000, -8.991366e+001,
4529687500, -1.071044e+002,
4531250000, -1.221618e+002,
4532812500, -1.321961e+002,
4534375000, -1.417861e+002,
4535937500, -1.551960e+002,
4537500000, -1.638366e+002,
4539062500, -1.715445e+002,
4540625000, 1.790559e+002,
4542187500, 1.599642e+002,
4543750000, 1.295257e+002,
4545312500, 1.033982e+002,
4546875000, 8.526530e+001,
4548437500, 7.153204e+001,
4550000000, 6.184792e+001,
4551562500, 6.368804e+001,
4553125000, 6.547949e+001,
4554687500, 6.124136e+001,
4556250000, 4.397838e+001,
4557812500, 1.661254e+001,
4559375000, -1.473973e+001,
4560937500, -3.919410e+001,
4562500000, -5.318686e+001,
4564062500, -6.060045e+001,
4565625000, -6.648102e+001,
4567187500, -7.434228e+001,
4568750000, -8.672127e+001,
4570312500, -1.005887e+002,
4571875000, -1.146742e+002,
4573437500, -1.379896e+002,
4575000000, -1.650328e+002,
4576562500, 1.771126e+002,
4578125000, 1.653662e+002,
4579687500, 1.536572e+002,
4581250000, 1.386662e+002,
4582812500, 1.205786e+002,
4584375000, 1.043266e+002,
4585937500, 8.895005e+001,
4587500000, 6.783295e+001,
4589062500, 4.271314e+001,
4590625000, 2.469803e+001,
4592187500, 2.050104e+001,
4593750000, 1.216888e+001,
4595312500, -2.749267e+000,
4596875000, -1.838809e+001,
4598437500, -3.483042e+001,
4600000000, -5.405625e+001,
4601562500, -7.861365e+001,
4603125000, -1.021463e+002,
4604687500, -1.188239e+002,
4606250000, -1.293767e+002,
4607812500, -1.390276e+002,
4609375000, -1.502808e+002,
4610937500, -1.625459e+002,
4612500000, -1.756279e+002,
4614062500, 1.670148e+002,
4615625000, 1.423277e+002,
4617187500, 1.172513e+002,
4618750000, 1.020882e+002,
4620312500, 1.009128e+002,
4621875000, 9.868694e+001,
4623437500, 8.848012e+001,
4625000000, 7.582133e+001,
4626562500, 5.876342e+001,
4628125000, 3.650680e+001,
4629687500, 1.273938e+001,
4631250000, -2.786399e+000,
4632812500, -1.001472e+001,
4634375000, -2.198887e+001,
4635937500, -3.999993e+001,
4637500000, -5.866434e+001,
4639062500, -7.765329e+001,
4640625000, -9.460308e+001,
4642187500, -1.113841e+002,
4643750000, -1.299576e+002,
4645312500, -1.477266e+002,
4646875000, -1.660928e+002,
4648437500, 1.763514e+002,
4650000000, 1.582436e+002,
4651562500, 1.423888e+002,
4653125000, 1.244825e+002,
4654687500, 1.043099e+002,
4656250000, 8.511155e+001,
4657812500, 7.188292e+001,
4659375000, 5.735798e+001,
4660937500, 3.768039e+001,
4662500000, 1.982303e+001,
4664062500, 5.148931e+000,
4665625000, -1.537408e+001,
4667187500, -3.617537e+001,
4668750000, -5.319863e+001,
4670312500, -6.969814e+001,
4671875000, -8.720562e+001,
4673437500, -1.050174e+002,
4675000000, -1.226468e+002,
4676562500, -1.404835e+002,
4678125000, -1.588557e+002,
4679687500, -1.780106e+002,
4681250000, 1.635281e+002,
4682812500, 1.493931e+002,
4684375000, 1.383553e+002,
4685937500, 1.253525e+002,
4687500000, 1.097118e+002,
4689062500, 9.277402e+001,
4690625000, 7.508098e+001,
4692187500, 5.747830e+001,
4693750000, 3.864573e+001,
4695312500, 1.969927e+001,
4696875000, 2.177608e+000,
4698437500, -1.452553e+001,
4700000000, -3.025208e+001,
4701562500, -4.679498e+001,
4703125000, -6.607195e+001,
4704687500, -8.831870e+001,
4706250000, -1.099162e+002,
4707812500, -1.274921e+002,
4709375000, -1.457582e+002,
4710937500, -1.641192e+002,
4712500000, 1.776603e+002,
4714062500, 1.585713e+002,
4715625000, 1.380415e+002,
4717187500, 1.185479e+002,
4718750000, 9.999360e+001,
4720312500, 8.171858e+001,
4721875000, 6.272710e+001,
4723437500, 4.236400e+001,
4725000000, 2.184737e+001,
4726562500, 1.782594e+000,
4728125000, -1.784892e+001,
4729687500, -3.766613e+001,
4731250000, -5.652504e+001,
4732812500, -7.672322e+001,
4734375000, -9.829912e+001,
4735937500, -1.185524e+002,
4737500000, -1.329039e+002,
4739062500, -1.457113e+002,
4740625000, -1.612329e+002,
4742187500, 1.797973e+002,
4743750000, 1.593463e+002,
4745312500, 1.405868e+002,
4746875000, 1.253240e+002,
4748437500, 1.111695e+002,
4750000000, 9.413502e+001,
4751562500, 7.465435e+001,
4753125000, 5.792283e+001,
4754687500, 3.440019e+001,
4756250000, 1.081160e+001,
4757812500, -1.132122e+001,
4759375000, -3.394653e+001,
4760937500, -5.804364e+001,
4762500000, -8.393709e+001,
4764062500, -1.097000e+002,
4765625000, -1.239496e+002,
4767187500, -1.456215e+002,
4768750000, -1.708502e+002,
4770312500, 1.646923e+002,
4771875000, 1.411322e+002,
4773437500, 1.172639e+002,
4775000000, 9.364721e+001,
4776562500, 7.126079e+001,
4778125000, 5.317502e+001,
4779687500, 3.297592e+001,
4781250000, 1.093581e+001,
4782812500, -1.075392e+001,
4784375000, -3.128415e+001,
4785937500, -5.140029e+001,
4787500000, -7.101909e+001,
4789062500, -9.146145e+001,
4790625000, -1.135891e+002,
4792187500, -1.360429e+002,
4793750000, -1.568059e+002,
4795312500, -1.740245e+002,
4796875000, 1.702462e+002,
4798437500, 1.531779e+002,
4800000000, 1.334480e+002,
4801562500, 1.122026e+002,
4803125000, 9.311444e+001,
4804687500, 7.370312e+001,
4806250000, 5.354456e+001,
4807812500, 3.244517e+001,
4809375000, 9.532786e+000,
4810937500, -1.377095e+001,
4812500000, -3.563732e+001,
4814062500, -5.657029e+001,
4815625000, -7.571158e+001,
4817187500, -9.200231e+001,
4818750000, -1.200983e+002,
4820312500, -1.513452e+002,
4821875000, -1.796505e+002,
4823437500, 1.525457e+002,
4825000000, 1.242193e+002,
4826562500, 9.636577e+001,
4828125000, 7.027960e+001,
4829687500, 5.718069e+001,
4831250000, 5.005627e+001,
4832812500, 1.239222e+001,
4834375000, -2.363643e+001,
4835937500, -5.441876e+001,
4837500000, -7.943075e+001,
4839062500, -1.004100e+002,
4840625000, -1.236029e+002,
4842187500, -1.521293e+002,
4843750000, -1.725158e+002,
4845312500, -1.785194e+002,
4846875000, 1.586381e+002,
4848437500, 1.377112e+002,
4850000000, 1.126999e+002,
4851562500, 8.037409e+001,
4853125000, 4.699740e+001,
4854687500, 1.829668e+001,
4856250000, -5.837542e+000,
4857812500, -2.548887e+001,
4859375000, -5.181576e+001,
4860937500, -8.314966e+001,
4862500000, -1.111062e+002,
4864062500, -1.359671e+002,
4865625000, -1.609676e+002,
4867187500, 1.733478e+002,
4868750000, 1.463072e+002,
4870312500, 1.187191e+002,
4871875000, 9.080489e+001,
4873437500, 6.632275e+001,
4875000000, 4.560636e+001,
4876562500, 2.374157e+001,
4878125000, -5.108165e+000,
4879687500, -3.619852e+001,
4881250000, -6.189304e+001,
4882812500, -8.026138e+001,
4884375000, -1.029514e+002,
4885937500, -1.314816e+002,
4887500000, -1.624210e+002,
4889062500, 1.678509e+002,
4890625000, 1.432267e+002,
4892187500, 1.199261e+002,
4893750000, 9.085205e+001,
4895312500, 5.734539e+001,
4896875000, 2.526307e+001,
4898437500, -1.819772e+000,
4900000000, -2.994059e+001,
4901562500, -6.206719e+001,
4903125000, -9.339695e+001,
4904687500, -1.193453e+002,
4906250000, -1.448824e+002,
4907812500, -1.734227e+002,
4909375000, 1.559202e+002,
4910937500, 1.235099e+002,
4912500000, 9.066784e+001,
4914062500, 5.900365e+001,
4915625000, 2.914560e+001,
4917187500, 1.209757e+000,
4918750000, -2.940797e+001,
4920312500, -6.193500e+001,
4921875000, -9.023200e+001,
4923437500, -1.130408e+002,
4925000000, -1.370538e+002,
4926562500, -1.670290e+002,
4928125000, 1.615214e+002,
4929687500, 1.318745e+002,
4931250000, 1.012698e+002,
4932812500, 6.726257e+001,
4934375000, 3.249948e+001,
4935937500, -1.056411e-001,
4937500000, -3.221104e+001,
4939062500, -6.643310e+001,
4940625000, -1.015356e+002,
4942187500, -1.350765e+002,
4943750000, -1.667663e+002,
4945312500, 1.606826e+002,
4946875000, 1.254042e+002,
4948437500, 8.945551e+001,
4950000000, 5.403859e+001,
4951562500, 1.889401e+001,
4953125000, -1.624343e+001,
4954687500, -5.230489e+001,
4956250000, -8.894496e+001,
4957812500, -1.249415e+002,
4959375000, -1.616516e+002,
4960937500, 1.619478e+002,
4962500000, 1.262101e+002,
4964062500, 8.918468e+001,
4965625000, 5.103369e+001,
4967187500, 1.332196e+001,
4968750000, -2.308359e+001,
4970312500, -6.077282e+001,
4971875000, -9.833551e+001,
4973437500, -1.332671e+002,
4975000000, -1.686194e+002,
4976562500, 1.538782e+002,
4978125000, 1.178155e+002,
4979687500, 8.406671e+001,
4981250000, 4.839832e+001,
4982812500, 1.116766e+001,
4984375000, -2.317680e+001,
4985937500, -5.499380e+001,
4987500000, -8.790445e+001,
4989062500, -1.256046e+002,
4990625000, -1.623760e+002,
4992187500, 1.629381e+002,
4993750000, 1.254874e+002,
4995312500, 8.737949e+001,
4996875000, 5.042932e+001,
4998437500, 1.174842e+001,
5000000000, -2.834886e+001,
5001562500, -6.876697e+001,
5003125000, -1.099934e+002,
5004687500, -1.519228e+002,
5006250000, 1.680182e+002,
5007812500, 1.335353e+002,
5009375000, 9.782279e+001,
5010937500, 6.011443e+001,
5012500000, 2.417000e+001,
5014062500, -1.566288e+001,
5015625000, -6.093393e+001,
5017187500, -1.091198e+002,
5018750000, -1.557116e+002,
5020312500, 1.582460e+002,
5021875000, 1.114280e+002,
5023437500, 6.490731e+001,
5025000000, 1.868855e+001,
5026562500, -2.677705e+001,
5028125000, -6.690338e+001,
5029687500, -1.084559e+002,
5031250000, -1.568197e+002,
5032812500, 1.602530e+002,
5034375000, 1.194899e+002,
5035937500, 8.437837e+001,
5037500000, 4.747974e+001,
5039062500, 1.327224e+000,
5040625000, -5.032522e+001,
5042187500, -1.132011e+002,
5043750000, 1.749624e+002,
5045312500, 1.224528e+002,
5046875000, -1.683518e+002,
5048437500, 1.383218e+002,
5050000000, 8.396133e+001,
5051562500, 3.988106e+001,
5053125000, 1.231627e+001,
5054687500, -1.825822e+001,
5056250000, -6.574018e+001,
5057812500, -1.252540e+002,
5059375000, 1.696894e+002,
5060937500, 1.075145e+002,
5062500000, 5.027325e+001,
5064062500, -2.021641e+000,
5065625000, -4.629396e+001,
5067187500, -8.481746e+001,
5068750000, -1.322692e+002,
5070312500, 1.693351e+002,
5071875000, 1.064104e+002,
5073437500, 4.621102e+001,
5075000000, -1.356486e+001,
5076562500, -7.561542e+001,
5078125000, -1.395952e+002,
5079687500, 1.533791e+002,
5081250000, 1.007622e+002,
5082812500, 7.783110e+001,
5084375000, 3.831943e+001,
5085937500, -5.860524e+000,
5087500000, -6.196903e+001,
5089062500, -1.260848e+002,
5090625000, 1.660036e+002,
5092187500, 9.569483e+001,
5093750000, 2.693319e+001,
5095312500, -3.828088e+001,
5096875000, -1.024753e+002,
5098437500, -1.736456e+002,
5100000000, 1.118242e+002,
5101562500, 4.014231e+001,
5103125000, -2.697318e+001,
5104687500, -9.148758e+001,
5106250000, -1.575958e+002,
5107812500, 1.335804e+002,
5109375000, 6.833468e+001,
5110937500, -1.955691e+000,
5112500000, -7.632909e+001,
5114062500, -1.492494e+002,
5115625000, 1.361757e+002,
5117187500, 6.565114e+001,
5118750000, -9.938326e+000,
5120312500, -8.513870e+001,
5121875000, -1.623128e+002,
5123437500, 1.268150e+002,
5125000000, 5.010733e+001,
5126562500, -2.540047e+001,
5128125000, -1.128770e+002,
5129687500, 1.611519e+002,
5131250000, 4.624551e+001,
5132812500, -8.662692e+001,
5134375000, -2.858988e+001,
5135937500, -2.921072e+001,
5137500000, -1.238775e+002,
5139062500, 1.192411e+002,
5140625000, -3.227504e+001,
5142187500, -9.330945e+001,
5143750000, -2.247026e+001,
5145312500, -1.081013e+002,
5146875000, 1.463114e+002,
5148437500, 3.634364e+001,
5150000000, -6.265566e+001,
5151562500, -1.601248e+002,
5153125000, 1.007815e+002,
5154687500, -3.051652e+000,
5156250000, -1.034230e+002,
5157812500, 1.496732e+002,
5159375000, 3.327437e+001,
5160937500, -8.048314e+001,
5162500000, -1.648109e+002,
5164062500, 8.759509e+001,
5165625000, -3.749503e+001,
5167187500, -1.587206e+002,
5168750000, 1.089335e+002,
5170312500, 1.287687e+001,
5171875000, -1.001403e+002,
5173437500, 1.547459e+002,
5175000000, -8.966462e-001,
5176562500, -1.410741e+002,
5178125000, 1.034162e+002,
5179687500, -1.229251e+002,
5181250000, 8.325385e+001,
5182812500, -9.453926e+001,
5184375000, 1.622516e+002,
5185937500, 8.875669e+000,
5187500000, -1.489327e+002,
5189062500, 6.643828e+001,
5190625000, -1.091257e+002,
5192187500, 1.429712e+002,
5193750000, -1.390381e+001,
5195312500, -1.744790e+002,
5196875000, 2.508150e+001,
5198437500, 1.675439e+002,
5200000000, -1.241915e+002,
5201562500, 7.441488e+001,
5203125000, -1.553022e+002,
5204687500, 6.392464e+001,
5206250000, -1.523996e+002,
5207812500, 4.268841e+001,
5209375000, 1.756819e+002,
5210937500, 1.271519e+002,
5212500000, -1.564159e+002,
5214062500, 6.564320e+001,
5215625000, 1.692943e+002,
5217187500, -6.989353e+001,
5218750000, 1.142696e+002,
5220312500, 1.632393e+002,
5221875000, 1.294861e+002,
5223437500, 1.709481e+002,
5225000000, -1.599611e+002,
5226562500, 1.028356e+002,
5228125000, 1.381654e+002,
5229687500, 1.636213e+002,
5231250000, 1.339901e+002,
5232812500, 1.149464e+002,
5234375000, 1.188700e+002,
5235937500, 1.227408e+002,
5237500000, 1.230854e+002,
5239062500, 1.249912e+002,
5240625000, 1.189731e+002,
5242187500, 1.183664e+002,
5243750000, 1.156154e+002,
5245312500, 1.139147e+002,
5246875000, 1.120573e+002,
5248437500, 1.102475e+002,
5250000000, 1.068393e+002,
5251562500, 1.056244e+002,
5253125000, 1.031946e+002,
5254687500, 1.012502e+002,
5256250000, 9.897749e+001,
5257812500, 9.669247e+001,
5259375000, 9.473997e+001,
5260937500, 9.264678e+001,
5262500000, 9.049394e+001,
5264062500, 8.796795e+001,
5265625000, 8.636403e+001,
5267187500, 8.452797e+001,
5268750000, 8.224224e+001,
5270312500, 7.996231e+001,
5271875000, 7.781081e+001,
5273437500, 7.550965e+001,
5275000000, 7.280424e+001,
5276562500, 7.049157e+001,
5278125000, 6.798573e+001,
5279687500, 6.550255e+001,
5281250000, 6.325817e+001,
5282812500, 6.076857e+001,
5284375000, 5.865506e+001,
5285937500, 5.611786e+001,
5287500000, 5.434309e+001,
5289062500, 5.203998e+001,
5290625000, 4.995962e+001,
5292187500, 4.797286e+001,
5293750000, 4.627961e+001,
5295312500, 4.417152e+001,
5296875000, 4.244882e+001,
5298437500, 3.983775e+001,
5300000000, 3.809953e+001,
5301562500, 3.605830e+001,
5303125000, 3.395350e+001,
5304687500, 3.152765e+001,
5306250000, 2.970402e+001,
5307812500, 2.733246e+001,
5309375000, 2.527202e+001,
5310937500, 2.267985e+001,
5312500000, 2.059114e+001,
5314062500, 1.801670e+001,
5315625000, 1.589305e+001,
5317187500, 1.391515e+001,
5318750000, 1.094087e+001,
5320312500, 9.017803e+000,
5321875000, 6.596453e+000,
5323437500, 4.618548e+000,
5325000000, 2.221795e+000,
5326562500, -6.636561e-001,
5328125000, -2.637949e+000,
5329687500, -5.146373e+000,
5331250000, -7.199914e+000,
5332812500, -9.631878e+000,
5334375000, -1.186814e+001,
5335937500, -1.396134e+001,
5337500000, -1.597486e+001,
5339062500, -1.822010e+001,
5340625000, -2.036838e+001,
5342187500, -2.268133e+001,
5343750000, -2.457727e+001,
5345312500, -2.677187e+001,
5346875000, -2.847716e+001,
5348437500, -3.102810e+001,
5350000000, -3.304423e+001,
5351562500, -3.494988e+001,
5353125000, -3.688449e+001,
5354687500, -3.932346e+001,
5356250000, -4.151479e+001,
5357812500, -4.367834e+001,
5359375000, -4.565723e+001,
5360937500, -4.793185e+001,
5362500000, -5.020693e+001,
5364062500, -5.249008e+001,
5365625000, -5.470518e+001,
5367187500, -5.693629e+001,
5368750000, -5.957133e+001,
5370312500, -6.149026e+001,
5371875000, -6.392567e+001,
5373437500, -6.631952e+001,
5375000000, -6.848433e+001,
5376562500, -7.095593e+001,
5378125000, -7.291741e+001,
5379687500, -7.576437e+001,
5381250000, -7.765146e+001,
5382812500, -8.006448e+001,
5384375000, -8.288853e+001,
5385937500, -8.532072e+001,
5387500000, -8.766411e+001,
5389062500, -9.032825e+001,
5390625000, -9.265083e+001,
5392187500, -9.470982e+001,
5393750000, -9.719860e+001,
5395312500, -9.955460e+001,
5396875000, -1.020426e+002,
5398437500, -1.043373e+002,
5400000000, -1.067944e+002,
5401562500, -1.092851e+002,
5403125000, -1.113700e+002,
5404687500, -1.137939e+002,
5406250000, -1.163840e+002,
5407812500, -1.188363e+002,
5409375000, -1.209674e+002,
5410937500, -1.234568e+002,
5412500000, -1.259365e+002,
5414062500, -1.284850e+002,
5415625000, -1.309195e+002,
5417187500, -1.332479e+002,
5418750000, -1.356985e+002,
5420312500, -1.381075e+002,
5421875000, -1.407004e+002,
5423437500, -1.429148e+002,
5425000000, -1.454385e+002,
5426562500, -1.483244e+002,
5428125000, -1.506430e+002,
5429687500, -1.529314e+002,
5431250000, -1.554267e+002,
5432812500, -1.581450e+002,
5434375000, -1.603949e+002,
5435937500, -1.626545e+002,
5437500000, -1.649800e+002,
5439062500, -1.672518e+002,
5440625000, -1.697498e+002,
5442187500, -1.719146e+002,
5443750000, -1.748371e+002,
5445312500, -1.768019e+002,
5446875000, -1.790327e+002,
5448437500, 1.784755e+002,
5450000000, 1.766757e+002,
5451562500, 1.735387e+002,
5453125000, 1.714397e+002,
5454687500, 1.695244e+002,
5456250000, 1.666543e+002,
5457812500, 1.642940e+002,
5459375000, 1.623805e+002,
5460937500, 1.601584e+002,
5462500000, 1.573499e+002,
5464062500, 1.552584e+002,
5465625000, 1.528531e+002,
5467187500, 1.503252e+002,
5468750000, 1.480498e+002,
5470312500, 1.458885e+002,
5471875000, 1.437716e+002,
5473437500, 1.411424e+002,
5475000000, 1.384254e+002,
5476562500, 1.362620e+002,
5478125000, 1.337633e+002,
5479687500, 1.316554e+002,
5481250000, 1.292511e+002,
5482812500, 1.268971e+002,
5484375000, 1.249764e+002,
5485937500, 1.226059e+002,
5487500000, 1.206109e+002,
5489062500, 1.184497e+002,
5490625000, 1.162032e+002,
5492187500, 1.142844e+002,
5493750000, 1.120327e+002,
5495312500, 1.096433e+002,
5496875000, 1.081355e+002,
5498437500, 1.055171e+002,
5500000000, 1.033988e+002,
