"S12 Log Mag"
"Frequency (Hz)","dB",
3000000000, -4.853374e+001,
3001562500, -4.847132e+001,
3003125000, -4.842933e+001,
3004687500, -4.838800e+001,
3006250000, -4.836857e+001,
3007812500, -4.831923e+001,
3009375000, -4.825161e+001,
3010937500, -4.819352e+001,
3012500000, -4.818377e+001,
3014062500, -4.812002e+001,
3015625000, -4.805069e+001,
3017187500, -4.800310e+001,
3018750000, -4.794970e+001,
3020312500, -4.788478e+001,
3021875000, -4.786154e+001,
3023437500, -4.787214e+001,
3025000000, -4.781126e+001,
3026562500, -4.772472e+001,
3028125000, -4.770623e+001,
3029687500, -4.764711e+001,
3031250000, -4.759136e+001,
3032812500, -4.756239e+001,
3034375000, -4.746169e+001,
3035937500, -4.745786e+001,
3037500000, -4.742376e+001,
3039062500, -4.738313e+001,
3040625000, -4.734052e+001,
3042187500, -4.725217e+001,
3043750000, -4.724280e+001,
3045312500, -4.719637e+001,
3046875000, -4.712679e+001,
3048437500, -4.711607e+001,
3050000000, -4.704590e+001,
3051562500, -4.702358e+001,
3053125000, -4.693700e+001,
3054687500, -4.693296e+001,
3056250000, -4.686678e+001,
3057812500, -4.685436e+001,
3059375000, -4.681830e+001,
3060937500, -4.682262e+001,
3062500000, -4.677178e+001,
3064062500, -4.676347e+001,
3065625000, -4.674266e+001,
3067187500, -4.675078e+001,
3068750000, -4.674568e+001,
3070312500, -4.675060e+001,
3071875000, -4.672886e+001,
3073437500, -4.666912e+001,
3075000000, -4.668578e+001,
3076562500, -4.665764e+001,
3078125000, -4.664981e+001,
3079687500, -4.664315e+001,
3081250000, -4.664059e+001,
3082812500, -4.664736e+001,
3084375000, -4.668587e+001,
3085937500, -4.665258e+001,
3087500000, -4.666591e+001,
3089062500, -4.668993e+001,
3090625000, -4.665997e+001,
3092187500, -4.664912e+001,
3093750000, -4.668597e+001,
3095312500, -4.669798e+001,
3096875000, -4.665635e+001,
3098437500, -4.667305e+001,
3100000000, -4.663362e+001,
3101562500, -4.666322e+001,
3103125000, -4.660305e+001,
3104687500, -4.659890e+001,
3106250000, -4.657800e+001,
3107812500, -4.659221e+001,
3109375000, -4.658765e+001,
3110937500, -4.656109e+001,
3112500000, -4.656586e+001,
3114062500, -4.656134e+001,
3115625000, -4.652591e+001,
3117187500, -4.651882e+001,
3118750000, -4.654411e+001,
3120312500, -4.650948e+001,
3121875000, -4.650239e+001,
3123437500, -4.648198e+001,
3125000000, -4.646518e+001,
3126562500, -4.645527e+001,
3128125000, -4.642727e+001,
3129687500, -4.644918e+001,
3131250000, -4.645143e+001,
3132812500, -4.640136e+001,
3134375000, -4.636061e+001,
3135937500, -4.637106e+001,
3137500000, -4.632432e+001,
3139062500, -4.633092e+001,
3140625000, -4.630679e+001,
3142187500, -4.626247e+001,
3143750000, -4.630037e+001,
3145312500, -4.624456e+001,
3146875000, -4.627235e+001,
3148437500, -4.621694e+001,
3150000000, -4.622691e+001,
3151562500, -4.617651e+001,
3153125000, -4.618994e+001,
3154687500, -4.618229e+001,
3156250000, -4.619606e+001,
3157812500, -4.616728e+001,
3159375000, -4.622610e+001,
3160937500, -4.615850e+001,
3162500000, -4.614025e+001,
3164062500, -4.612521e+001,
3165625000, -4.614103e+001,
3167187500, -4.618215e+001,
3168750000, -4.616321e+001,
3170312500, -4.616973e+001,
3171875000, -4.621517e+001,
3173437500, -4.617665e+001,
3175000000, -4.622340e+001,
3176562500, -4.624452e+001,
3178125000, -4.625785e+001,
3179687500, -4.628490e+001,
3181250000, -4.629875e+001,
3182812500, -4.631808e+001,
3184375000, -4.633068e+001,
3185937500, -4.634054e+001,
3187500000, -4.637212e+001,
3189062500, -4.641245e+001,
3190625000, -4.641176e+001,
3192187500, -4.646360e+001,
3193750000, -4.649478e+001,
3195312500, -4.653872e+001,
3196875000, -4.657598e+001,
3198437500, -4.657419e+001,
3200000000, -4.662729e+001,
3201562500, -4.670274e+001,
3203125000, -4.673473e+001,
3204687500, -4.678408e+001,
3206250000, -4.679272e+001,
3207812500, -4.679060e+001,
3209375000, -4.684002e+001,
3210937500, -4.688155e+001,
3212500000, -4.690339e+001,
3214062500, -4.697699e+001,
3215625000, -4.699750e+001,
3217187500, -4.705816e+001,
3218750000, -4.710737e+001,
3220312500, -4.709967e+001,
3221875000, -4.718538e+001,
3223437500, -4.723510e+001,
3225000000, -4.720650e+001,
3226562500, -4.729930e+001,
3228125000, -4.727995e+001,
3229687500, -4.734532e+001,
3231250000, -4.733817e+001,
3232812500, -4.744476e+001,
3234375000, -4.748491e+001,
3235937500, -4.749486e+001,
3237500000, -4.750758e+001,
3239062500, -4.754523e+001,
3240625000, -4.751952e+001,
3242187500, -4.756770e+001,
3243750000, -4.764529e+001,
3245312500, -4.764159e+001,
3246875000, -4.770832e+001,
3248437500, -4.770319e+001,
3250000000, -4.775269e+001,
3251562500, -4.772835e+001,
3253125000, -4.774546e+001,
3254687500, -4.775033e+001,
3256250000, -4.776125e+001,
3257812500, -4.778883e+001,
3259375000, -4.779012e+001,
3260937500, -4.777348e+001,
3262500000, -4.777568e+001,
3264062500, -4.773864e+001,
3265625000, -4.774578e+001,
3267187500, -4.772168e+001,
3268750000, -4.772908e+001,
3270312500, -4.773529e+001,
3271875000, -4.765750e+001,
3273437500, -4.768035e+001,
3275000000, -4.764672e+001,
3276562500, -4.760714e+001,
3278125000, -4.758886e+001,
3279687500, -4.752727e+001,
3281250000, -4.756247e+001,
3282812500, -4.751124e+001,
3284375000, -4.746860e+001,
3285937500, -4.742915e+001,
3287500000, -4.741512e+001,
3289062500, -4.742316e+001,
3290625000, -4.736912e+001,
3292187500, -4.738214e+001,
3293750000, -4.728753e+001,
3295312500, -4.725578e+001,
3296875000, -4.721809e+001,
3298437500, -4.718689e+001,
3300000000, -4.713611e+001,
3301562500, -4.713291e+001,
3303125000, -4.705817e+001,
3304687500, -4.701659e+001,
3306250000, -4.697971e+001,
3307812500, -4.692081e+001,
3309375000, -4.689672e+001,
3310937500, -4.683109e+001,
3312500000, -4.682004e+001,
3314062500, -4.680479e+001,
3315625000, -4.674453e+001,
3317187500, -4.673176e+001,
3318750000, -4.671747e+001,
3320312500, -4.664604e+001,
3321875000, -4.665810e+001,
3323437500, -4.656913e+001,
3325000000, -4.653672e+001,
3326562500, -4.653074e+001,
3328125000, -4.649003e+001,
3329687500, -4.645969e+001,
3331250000, -4.647048e+001,
3332812500, -4.642406e+001,
3334375000, -4.638652e+001,
3335937500, -4.636064e+001,
3337500000, -4.632905e+001,
3339062500, -4.628725e+001,
3340625000, -4.626149e+001,
3342187500, -4.625251e+001,
3343750000, -4.623558e+001,
3345312500, -4.621815e+001,
3346875000, -4.618102e+001,
3348437500, -4.620407e+001,
3350000000, -4.616074e+001,
3351562500, -4.620155e+001,
3353125000, -4.620312e+001,
3354687500, -4.622404e+001,
3356250000, -4.620927e+001,
3357812500, -4.622850e+001,
3359375000, -4.625188e+001,
3360937500, -4.624459e+001,
3362500000, -4.624546e+001,
3364062500, -4.624839e+001,
3365625000, -4.627436e+001,
3367187500, -4.629276e+001,
3368750000, -4.631445e+001,
3370312500, -4.633661e+001,
3371875000, -4.635187e+001,
3373437500, -4.645692e+001,
3375000000, -4.643424e+001,
3376562500, -4.645715e+001,
3378125000, -4.647778e+001,
3379687500, -4.651559e+001,
3381250000, -4.656096e+001,
3382812500, -4.659485e+001,
3384375000, -4.662394e+001,
3385937500, -4.667173e+001,
3387500000, -4.671792e+001,
3389062500, -4.676530e+001,
3390625000, -4.671848e+001,
3392187500, -4.673804e+001,
3393750000, -4.682643e+001,
3395312500, -4.677881e+001,
3396875000, -4.685127e+001,
3398437500, -4.686907e+001,
3400000000, -4.687002e+001,
3401562500, -4.685607e+001,
3403125000, -4.692757e+001,
3404687500, -4.694773e+001,
3406250000, -4.694744e+001,
3407812500, -4.701612e+001,
3409375000, -4.704502e+001,
3410937500, -4.704309e+001,
3412500000, -4.708697e+001,
3414062500, -4.710413e+001,
3415625000, -4.714546e+001,
3417187500, -4.714467e+001,
3418750000, -4.715295e+001,
3420312500, -4.722184e+001,
3421875000, -4.715755e+001,
3423437500, -4.724454e+001,
3425000000, -4.721704e+001,
3426562500, -4.721988e+001,
3428125000, -4.723233e+001,
3429687500, -4.728712e+001,
3431250000, -4.721682e+001,
3432812500, -4.720364e+001,
3434375000, -4.724070e+001,
3435937500, -4.719538e+001,
3437500000, -4.716525e+001,
3439062500, -4.709927e+001,
3440625000, -4.712397e+001,
3442187500, -4.709843e+001,
3443750000, -4.717832e+001,
3445312500, -4.717529e+001,
3446875000, -4.716737e+001,
3448437500, -4.713633e+001,
3450000000, -4.712506e+001,
3451562500, -4.708030e+001,
3453125000, -4.713127e+001,
3454687500, -4.707270e+001,
3456250000, -4.700498e+001,
3457812500, -4.703198e+001,
3459375000, -4.705771e+001,
3460937500, -4.699210e+001,
3462500000, -4.702274e+001,
3464062500, -4.701212e+001,
3465625000, -4.695447e+001,
3467187500, -4.693962e+001,
3468750000, -4.697382e+001,
3470312500, -4.696442e+001,
3471875000, -4.686251e+001,
3473437500, -4.687443e+001,
3475000000, -4.692616e+001,
3476562500, -4.689219e+001,
3478125000, -4.689276e+001,
3479687500, -4.691424e+001,
3481250000, -4.694769e+001,
3482812500, -4.694792e+001,
3484375000, -4.697903e+001,
3485937500, -4.697346e+001,
3487500000, -4.698337e+001,
3489062500, -4.695441e+001,
3490625000, -4.696194e+001,
3492187500, -4.694450e+001,
3493750000, -4.701587e+001,
3495312500, -4.699152e+001,
3496875000, -4.705548e+001,
3498437500, -4.707235e+001,
3500000000, -4.706125e+001,
3501562500, -4.711301e+001,
3503125000, -4.707457e+001,
3504687500, -4.708996e+001,
3506250000, -4.714254e+001,
3507812500, -4.707510e+001,
3509375000, -4.708441e+001,
3510937500, -4.717544e+001,
3512500000, -4.724038e+001,
3514062500, -4.728120e+001,
3515625000, -4.730449e+001,
3517187500, -4.737268e+001,
3518750000, -4.739170e+001,
3520312500, -4.744597e+001,
3521875000, -4.741446e+001,
3523437500, -4.744018e+001,
3525000000, -4.749256e+001,
3526562500, -4.755439e+001,
3528125000, -4.747914e+001,
3529687500, -4.750281e+001,
3531250000, -4.769047e+001,
3532812500, -4.768168e+001,
3534375000, -4.768109e+001,
3535937500, -4.770393e+001,
3537500000, -4.775176e+001,
3539062500, -4.783877e+001,
3540625000, -4.775466e+001,
3542187500, -4.785286e+001,
3543750000, -4.783922e+001,
3545312500, -4.789671e+001,
3546875000, -4.790683e+001,
3548437500, -4.787118e+001,
3550000000, -4.794712e+001,
3551562500, -4.808511e+001,
3553125000, -4.815451e+001,
3554687500, -4.813182e+001,
3556250000, -4.817855e+001,
3557812500, -4.824023e+001,
3559375000, -4.828487e+001,
3560937500, -4.822309e+001,
3562500000, -4.829468e+001,
3564062500, -4.828736e+001,
3565625000, -4.826580e+001,
3567187500, -4.830667e+001,
3568750000, -4.822955e+001,
3570312500, -4.825647e+001,
3571875000, -4.845281e+001,
3573437500, -4.842709e+001,
3575000000, -4.843344e+001,
3576562500, -4.834697e+001,
3578125000, -4.842048e+001,
3579687500, -4.843933e+001,
3581250000, -4.847651e+001,
3582812500, -4.842035e+001,
3584375000, -4.835067e+001,
3585937500, -4.832736e+001,
3587500000, -4.845451e+001,
3589062500, -4.830722e+001,
3590625000, -4.834510e+001,
3592187500, -4.831513e+001,
3593750000, -4.843185e+001,
3595312500, -4.840173e+001,
3596875000, -4.834645e+001,
3598437500, -4.833879e+001,
3600000000, -4.823953e+001,
3601562500, -4.826986e+001,
3603125000, -4.827581e+001,
3604687500, -4.819732e+001,
3606250000, -4.809026e+001,
3607812500, -4.805215e+001,
3609375000, -4.807228e+001,
3610937500, -4.807599e+001,
3612500000, -4.810923e+001,
3614062500, -4.805408e+001,
3615625000, -4.808686e+001,
3617187500, -4.811112e+001,
3618750000, -4.810192e+001,
3620312500, -4.806240e+001,
3621875000, -4.800264e+001,
3623437500, -4.795552e+001,
3625000000, -4.802655e+001,
3626562500, -4.812817e+001,
3628125000, -4.805338e+001,
3629687500, -4.793419e+001,
3631250000, -4.791993e+001,
3632812500, -4.803197e+001,
3634375000, -4.804337e+001,
3635937500, -4.811154e+001,
3637500000, -4.799960e+001,
3639062500, -4.806358e+001,
3640625000, -4.818027e+001,
3642187500, -4.819053e+001,
3643750000, -4.820879e+001,
3645312500, -4.806471e+001,
3646875000, -4.810193e+001,
3648437500, -4.815009e+001,
3650000000, -4.831967e+001,
3651562500, -4.831824e+001,
3653125000, -4.811918e+001,
3654687500, -4.813173e+001,
3656250000, -4.830789e+001,
3657812500, -4.834856e+001,
3659375000, -4.849489e+001,
3660937500, -4.837671e+001,
3662500000, -4.831820e+001,
3664062500, -4.847113e+001,
3665625000, -4.855405e+001,
3667187500, -4.860851e+001,
3668750000, -4.847105e+001,
3670312500, -4.839399e+001,
3671875000, -4.841066e+001,
3673437500, -4.858319e+001,
3675000000, -4.871659e+001,
3676562500, -4.856808e+001,
3678125000, -4.838945e+001,
3679687500, -4.857287e+001,
3681250000, -4.855893e+001,
3682812500, -4.878973e+001,
3684375000, -4.892714e+001,
3685937500, -4.871260e+001,
3687500000, -4.870052e+001,
3689062500, -4.884446e+001,
3690625000, -4.893243e+001,
3692187500, -4.924892e+001,
3693750000, -4.899188e+001,
3695312500, -4.873467e+001,
3696875000, -4.893019e+001,
3698437500, -4.908485e+001,
3700000000, -4.916902e+001,
3701562500, -4.929177e+001,
3703125000, -4.904425e+001,
3704687500, -4.903221e+001,
3706250000, -4.916710e+001,
3707812500, -4.928805e+001,
3709375000, -4.967319e+001,
3710937500, -4.933944e+001,
3712500000, -4.906939e+001,
3714062500, -4.924982e+001,
3715625000, -4.920091e+001,
3717187500, -4.963939e+001,
3718750000, -4.955931e+001,
3720312500, -4.902102e+001,
3721875000, -4.924781e+001,
3723437500, -4.917566e+001,
3725000000, -4.915461e+001,
3726562500, -4.962307e+001,
3728125000, -4.947060e+001,
3729687500, -4.933975e+001,
3731250000, -4.920263e+001,
3732812500, -4.908637e+001,
3734375000, -4.948175e+001,
3735937500, -4.973291e+001,
3737500000, -4.946819e+001,
3739062500, -4.918991e+001,
3740625000, -4.916109e+001,
3742187500, -4.916091e+001,
3743750000, -4.970897e+001,
3745312500, -4.959089e+001,
3746875000, -4.926697e+001,
3748437500, -4.934782e+001,
3750000000, -4.918269e+001,
3751562500, -4.917535e+001,
3753125000, -4.933599e+001,
3754687500, -4.974136e+001,
3756250000, -4.946015e+001,
3757812500, -4.920177e+001,
3759375000, -4.900964e+001,
3760937500, -4.913662e+001,
3762500000, -4.951417e+001,
3764062500, -4.975874e+001,
3765625000, -4.928302e+001,
3767187500, -4.909111e+001,
3768750000, -4.890409e+001,
3770312500, -4.897866e+001,
3771875000, -4.942972e+001,
3773437500, -4.941214e+001,
3775000000, -4.904060e+001,
3776562500, -4.907335e+001,
3778125000, -4.901863e+001,
3779687500, -4.866018e+001,
3781250000, -4.896212e+001,
3782812500, -4.959065e+001,
3784375000, -4.948976e+001,
3785937500, -4.901702e+001,
3787500000, -4.885053e+001,
3789062500, -4.864637e+001,
3790625000, -4.925725e+001,
3792187500, -4.946868e+001,
3793750000, -4.935358e+001,
3795312500, -4.911315e+001,
3796875000, -4.888129e+001,
3798437500, -4.878712e+001,
3800000000, -4.906159e+001,
3801562500, -4.945335e+001,
3803125000, -4.928567e+001,
3804687500, -4.931339e+001,
3806250000, -4.924308e+001,
3807812500, -4.912788e+001,
3809375000, -4.877122e+001,
3810937500, -4.945496e+001,
3812500000, -4.993021e+001,
3814062500, -4.998280e+001,
3815625000, -4.952058e+001,
3817187500, -4.917402e+001,
3818750000, -4.930079e+001,
3820312500, -4.987185e+001,
3821875000, -5.010461e+001,
3823437500, -5.009219e+001,
3825000000, -5.003603e+001,
3826562500, -4.968696e+001,
3828125000, -4.958162e+001,
3829687500, -4.987533e+001,
3831250000, -5.002761e+001,
3832812500, -5.018935e+001,
3834375000, -5.038512e+001,
3835937500, -5.017651e+001,
3837500000, -5.022470e+001,
3839062500, -4.982380e+001,
3840625000, -5.003666e+001,
3842187500, -5.073545e+001,
3843750000, -5.112992e+001,
3845312500, -5.078026e+001,
3846875000, -5.040332e+001,
3848437500, -5.033271e+001,
3850000000, -5.039095e+001,
3851562500, -5.079656e+001,
3853125000, -5.079735e+001,
3854687500, -5.110687e+001,
3856250000, -5.086922e+001,
3857812500, -5.067723e+001,
3859375000, -5.070210e+001,
3860937500, -5.036219e+001,
3862500000, -5.057325e+001,
3864062500, -5.102459e+001,
3865625000, -5.134875e+001,
3867187500, -5.108597e+001,
3868750000, -5.082919e+001,
3870312500, -5.095660e+001,
3871875000, -5.065400e+001,
3873437500, -5.115489e+001,
3875000000, -5.147662e+001,
3876562500, -5.132799e+001,
3878125000, -5.149031e+001,
3879687500, -5.113989e+001,
3881250000, -5.073370e+001,
3882812500, -5.096175e+001,
3884375000, -5.114851e+001,
3885937500, -5.113013e+001,
3887500000, -5.118421e+001,
3889062500, -5.136958e+001,
3890625000, -5.097105e+001,
3892187500, -5.061773e+001,
3893750000, -5.064603e+001,
3895312500, -5.093171e+001,
3896875000, -5.127791e+001,
3898437500, -5.155446e+001,
3900000000, -5.123106e+001,
3901562500, -5.133615e+001,
3903125000, -5.090527e+001,
3904687500, -5.091177e+001,
3906250000, -5.117886e+001,
3907812500, -5.091700e+001,
3909375000, -5.120826e+001,
3910937500, -5.162700e+001,
3912500000, -5.097533e+001,
3914062500, -5.093678e+001,
3915625000, -5.079383e+001,
3917187500, -5.071445e+001,
3918750000, -5.042631e+001,
3920312500, -5.071270e+001,
3921875000, -5.104814e+001,
3923437500, -5.093696e+001,
3925000000, -5.031376e+001,
3926562500, -5.017309e+001,
3928125000, -5.032358e+001,
3929687500, -5.068161e+001,
3931250000, -5.053541e+001,
3932812500, -5.077879e+001,
3934375000, -5.123074e+001,
3935937500, -5.073058e+001,
3937500000, -5.044736e+001,
3939062500, -5.029417e+001,
3940625000, -5.070987e+001,
3942187500, -5.064552e+001,
3943750000, -5.041755e+001,
3945312500, -5.021450e+001,
3946875000, -5.090110e+001,
3948437500, -5.124127e+001,
3950000000, -5.016707e+001,
3951562500, -4.945667e+001,
3953125000, -5.021313e+001,
3954687500, -5.109322e+001,
3956250000, -5.019111e+001,
3957812500, -5.003788e+001,
3959375000, -5.007384e+001,
3960937500, -4.994970e+001,
3962500000, -5.074594e+001,
3964062500, -5.108997e+001,
3965625000, -4.975894e+001,
3967187500, -5.020978e+001,
3968750000, -5.128819e+001,
3970312500, -5.141261e+001,
3971875000, -5.061934e+001,
3973437500, -5.046585e+001,
3975000000, -5.130657e+001,
3976562500, -5.078055e+001,
3978125000, -4.995978e+001,
3979687500, -5.017275e+001,
3981250000, -5.106702e+001,
3982812500, -5.165022e+001,
3984375000, -5.105186e+001,
3985937500, -5.028410e+001,
3987500000, -5.022713e+001,
3989062500, -5.094171e+001,
3990625000, -5.150107e+001,
3992187500, -5.108262e+001,
3993750000, -5.006687e+001,
3995312500, -4.997517e+001,
3996875000, -5.092710e+001,
3998437500, -5.128825e+001,
4000000000, -5.244894e+001,
4001562500, -5.163615e+001,
4003125000, -5.089546e+001,
4004687500, -5.073328e+001,
4006250000, -5.171917e+001,
4007812500, -5.130967e+001,
4009375000, -5.124911e+001,
4010937500, -5.145605e+001,
4012500000, -5.187354e+001,
4014062500, -5.167851e+001,
4015625000, -5.103620e+001,
4017187500, -5.064150e+001,
4018750000, -5.110050e+001,
4020312500, -5.172974e+001,
4021875000, -5.144755e+001,
4023437500, -5.105560e+001,
4025000000, -5.126213e+001,
4026562500, -5.262562e+001,
4028125000, -5.164814e+001,
4029687500, -5.114241e+001,
4031250000, -5.024747e+001,
4032812500, -5.060954e+001,
4034375000, -5.139739e+001,
4035937500, -5.168974e+001,
4037500000, -5.289656e+001,
4039062500, -5.351882e+001,
4040625000, -5.118326e+001,
4042187500, -5.129637e+001,
4043750000, -5.191066e+001,
4045312500, -5.224651e+001,
4046875000, -5.162202e+001,
4048437500, -5.141239e+001,
4050000000, -5.267712e+001,
4051562500, -5.180467e+001,
4053125000, -5.245487e+001,
4054687500, -5.259282e+001,
4056250000, -5.288472e+001,
4057812500, -5.153117e+001,
4059375000, -4.946418e+001,
4060937500, -5.092693e+001,
4062500000, -5.237233e+001,
4064062500, -5.301538e+001,
4065625000, -5.380236e+001,
4067187500, -5.235211e+001,
4068750000, -5.192656e+001,
4070312500, -5.112086e+001,
4071875000, -5.162185e+001,
4073437500, -5.128448e+001,
4075000000, -5.177009e+001,
4076562500, -5.517122e+001,
4078125000, -5.452576e+001,
4079687500, -5.231049e+001,
4081250000, -5.302135e+001,
4082812500, -5.163974e+001,
4084375000, -5.184842e+001,
4085937500, -5.375531e+001,
4087500000, -5.291977e+001,
4089062500, -5.307885e+001,
4090625000, -5.198878e+001,
4092187500, -5.155059e+001,
4093750000, -5.384644e+001,
4095312500, -5.613688e+001,
4096875000, -5.341434e+001,
4098437500, -5.222835e+001,
4100000000, -5.029964e+001,
4101562500, -5.076050e+001,
4103125000, -5.216347e+001,
4104687500, -5.544319e+001,
4106250000, -5.514355e+001,
4107812500, -5.511860e+001,
4109375000, -5.517120e+001,
4110937500, -5.111859e+001,
4112500000, -5.140380e+001,
4114062500, -5.261269e+001,
4115625000, -5.594477e+001,
4117187500, -5.322077e+001,
4118750000, -5.368860e+001,
4120312500, -5.681856e+001,
4121875000, -5.526046e+001,
4123437500, -5.339443e+001,
4125000000, -5.270402e+001,
4126562500, -5.422070e+001,
4128125000, -5.477610e+001,
4129687500, -5.475386e+001,
4131250000, -5.331084e+001,
4132812500, -5.365419e+001,
4134375000, -5.291268e+001,
4135937500, -5.469012e+001,
4137500000, -5.982641e+001,
4139062500, -5.639939e+001,
4140625000, -5.392750e+001,
4142187500, -5.218195e+001,
4143750000, -5.186446e+001,
4145312500, -5.123385e+001,
4146875000, -5.421797e+001,
4148437500, -5.688650e+001,
4150000000, -5.858054e+001,
4151562500, -5.791900e+001,
4153125000, -5.293195e+001,
4154687500, -5.339354e+001,
4156250000, -5.788038e+001,
4157812500, -5.289981e+001,
4159375000, -5.327042e+001,
4160937500, -5.450510e+001,
4162500000, -5.594939e+001,
4164062500, -5.553376e+001,
4165625000, -5.597398e+001,
4167187500, -5.911006e+001,
4168750000, -5.550951e+001,
4170312500, -5.374796e+001,
4171875000, -5.423912e+001,
4173437500, -5.407442e+001,
4175000000, -5.431873e+001,
4176562500, -5.592417e+001,
4178125000, -5.332970e+001,
4179687500, -5.543335e+001,
4181250000, -5.673285e+001,
4182812500, -5.458962e+001,
4184375000, -5.883327e+001,
4185937500, -5.608430e+001,
4187500000, -5.237706e+001,
4189062500, -5.053807e+001,
4190625000, -5.024310e+001,
4192187500, -5.912288e+001,
4193750000, -5.860974e+001,
4195312500, -5.588664e+001,
4196875000, -5.145148e+001,
4198437500, -5.889710e+001,
4200000000, -5.676076e+001,
4201562500, -5.346967e+001,
4203125000, -5.271883e+001,
4204687500, -5.795599e+001,
4206250000, -5.686448e+001,
4207812500, -5.350317e+001,
4209375000, -5.348362e+001,
4210937500, -5.125813e+001,
4212500000, -5.249728e+001,
4214062500, -6.702389e+001,
4215625000, -5.677639e+001,
4217187500, -5.171182e+001,
4218750000, -5.434738e+001,
4220312500, -5.487918e+001,
4221875000, -5.496475e+001,
4223437500, -5.277448e+001,
4225000000, -5.328260e+001,
4226562500, -5.437946e+001,
4228125000, -5.420566e+001,
4229687500, -5.591417e+001,
4231250000, -5.900319e+001,
4232812500, -5.561585e+001,
4234375000, -5.202951e+001,
4235937500, -4.906541e+001,
4237500000, -5.446868e+001,
4239062500, -6.215125e+001,
4240625000, -5.564743e+001,
4242187500, -4.916763e+001,
4243750000, -5.396154e+001,
4245312500, -6.766856e+001,
4246875000, -5.782128e+001,
4248437500, -5.093317e+001,
4250000000, -4.964724e+001,
4251562500, -5.044009e+001,
4253125000, -5.176506e+001,
4254687500, -5.488986e+001,
4256250000, -6.477925e+001,
4257812500, -5.662638e+001,
4259375000, -5.396189e+001,
4260937500, -5.828469e+001,
4262500000, -6.388190e+001,
4264062500, -5.120779e+001,
4265625000, -5.215883e+001,
4267187500, -5.531989e+001,
4268750000, -5.414754e+001,
4270312500, -5.245092e+001,
4271875000, -5.224236e+001,
4273437500, -6.350544e+001,
4275000000, -5.782062e+001,
4276562500, -5.628196e+001,
4278125000, -5.230035e+001,
4279687500, -5.172404e+001,
4281250000, -5.237082e+001,
4282812500, -4.912599e+001,
4284375000, -4.889778e+001,
4285937500, -5.121792e+001,
4287500000, -4.925225e+001,
4289062500, -4.655094e+001,
4290625000, -4.525484e+001,
4292187500, -4.683253e+001,
4293750000, -5.166829e+001,
4295312500, -5.548195e+001,
4296875000, -5.493111e+001,
4298437500, -5.272789e+001,
4300000000, -4.885034e+001,
4301562500, -4.712753e+001,
4303125000, -4.697770e+001,
4304687500, -4.641196e+001,
4306250000, -4.467345e+001,
4307812500, -4.698286e+001,
4309375000, -5.229372e+001,
4310937500, -5.724097e+001,
4312500000, -5.790520e+001,
4314062500, -5.619336e+001,
4315625000, -5.897684e+001,
4317187500, -5.852288e+001,
4318750000, -4.864776e+001,
4320312500, -4.642927e+001,
4321875000, -4.864701e+001,
4323437500, -4.851517e+001,
4325000000, -4.781281e+001,
4326562500, -4.919309e+001,
4328125000, -5.157140e+001,
4329687500, -4.956817e+001,
4331250000, -4.770853e+001,
4332812500, -4.539024e+001,
4334375000, -4.528214e+001,
4335937500, -4.661148e+001,
4337500000, -4.759243e+001,
4339062500, -5.199794e+001,
4340625000, -4.921859e+001,
4342187500, -4.590357e+001,
4343750000, -4.420617e+001,
4345312500, -4.532549e+001,
4346875000, -4.833931e+001,
4348437500, -4.534419e+001,
4350000000, -4.416152e+001,
4351562500, -4.459435e+001,
4353125000, -4.512294e+001,
4354687500, -4.479111e+001,
4356250000, -4.335485e+001,
4357812500, -4.386808e+001,
4359375000, -4.393925e+001,
4360937500, -4.351347e+001,
4362500000, -4.363941e+001,
4364062500, -4.398571e+001,
4365625000, -4.810076e+001,
4367187500, -5.937124e+001,
4368750000, -5.172500e+001,
4370312500, -4.979624e+001,
4371875000, -4.762747e+001,
4373437500, -4.484277e+001,
4375000000, -4.363292e+001,
4376562500, -4.292020e+001,
4378125000, -4.294028e+001,
4379687500, -4.464825e+001,
4381250000, -4.795941e+001,
4382812500, -4.965812e+001,
4384375000, -5.057652e+001,
4385937500, -5.078309e+001,
4387500000, -4.786352e+001,
4389062500, -4.935954e+001,
4390625000, -4.661645e+001,
4392187500, -4.224053e+001,
4393750000, -4.027681e+001,
4395312500, -4.267505e+001,
4396875000, -4.152967e+001,
4398437500, -3.900439e+001,
4400000000, -3.921829e+001,
4401562500, -3.842734e+001,
4403125000, -3.674545e+001,
4404687500, -3.804266e+001,
4406250000, -3.994959e+001,
4407812500, -3.956585e+001,
4409375000, -3.995175e+001,
4410937500, -4.364551e+001,
4412500000, -4.547850e+001,
4414062500, -4.485359e+001,
4415625000, -4.414257e+001,
4417187500, -4.151687e+001,
4418750000, -3.983705e+001,
4420312500, -4.204558e+001,
4421875000, -4.383337e+001,
4423437500, -4.377282e+001,
4425000000, -4.482443e+001,
4426562500, -4.256830e+001,
4428125000, -3.881391e+001,
4429687500, -3.795202e+001,
4431250000, -3.990754e+001,
4432812500, -4.142625e+001,
4434375000, -4.307869e+001,
4435937500, -4.583428e+001,
4437500000, -4.372043e+001,
4439062500, -4.364883e+001,
4440625000, -4.611747e+001,
4442187500, -4.939495e+001,
4443750000, -4.574596e+001,
4445312500, -4.579527e+001,
4446875000, -4.749766e+001,
4448437500, -5.029478e+001,
4450000000, -4.392738e+001,
4451562500, -4.423775e+001,
4453125000, -4.352781e+001,
4454687500, -3.903790e+001,
4456250000, -3.453066e+001,
4457812500, -3.835225e+001,
4459375000, -3.746711e+001,
4460937500, -3.483587e+001,
4462500000, -2.979676e+001,
4464062500, -2.695986e+001,
4465625000, -2.991273e+001,
4467187500, -3.125752e+001,
4468750000, -3.044078e+001,
4470312500, -2.864497e+001,
4471875000, -2.549703e+001,
4473437500, -2.649954e+001,
4475000000, -3.063476e+001,
4476562500, -3.206636e+001,
4478125000, -3.227843e+001,
4479687500, -3.143290e+001,
4481250000, -3.205072e+001,
4482812500, -3.879743e+001,
4484375000, -3.612390e+001,
4485937500, -3.715248e+001,
4487500000, -3.738700e+001,
4489062500, -3.794158e+001,
4490625000, -3.589194e+001,
4492187500, -3.272890e+001,
4493750000, -2.916852e+001,
4495312500, -2.863875e+001,
4496875000, -3.167222e+001,
4498437500, -3.470916e+001,
4500000000, -3.755669e+001,
4501562500, -3.708777e+001,
4503125000, -3.411880e+001,
4504687500, -3.405483e+001,
4506250000, -3.414695e+001,
4507812500, -3.443740e+001,
4509375000, -3.405545e+001,
4510937500, -3.819212e+001,
4512500000, -3.850728e+001,
4514062500, -3.853181e+001,
4515625000, -4.194284e+001,
4517187500, -4.669936e+001,
4518750000, -4.555844e+001,
4520312500, -4.590847e+001,
4521875000, -4.293517e+001,
4523437500, -3.726207e+001,
4525000000, -3.410434e+001,
4526562500, -3.424172e+001,
4528125000, -3.540929e+001,
4529687500, -3.591689e+001,
4531250000, -3.483927e+001,
4532812500, -3.408908e+001,
4534375000, -3.267048e+001,
4535937500, -3.577882e+001,
4537500000, -4.883862e+001,
4539062500, -3.825903e+001,
4540625000, -4.171068e+001,
4542187500, -4.552396e+001,
4543750000, -3.989259e+001,
4545312500, -3.454050e+001,
4546875000, -3.115449e+001,
4548437500, -2.750987e+001,
4550000000, -2.316548e+001,
4551562500, -2.092064e+001,
4553125000, -2.120046e+001,
4554687500, -2.322623e+001,
4556250000, -2.420685e+001,
4557812500, -2.455286e+001,
4559375000, -2.397706e+001,
4560937500, -2.238089e+001,
4562500000, -2.148871e+001,
4564062500, -1.929937e+001,
4565625000, -1.672983e+001,
4567187500, -1.615771e+001,
4568750000, -1.591723e+001,
4570312500, -1.679964e+001,
4571875000, -1.870617e+001,
4573437500, -2.037641e+001,
4575000000, -2.148213e+001,
4576562500, -2.115817e+001,
4578125000, -1.768996e+001,
4579687500, -1.452795e+001,
4581250000, -1.335986e+001,
4582812500, -1.392224e+001,
4584375000, -1.518867e+001,
4585937500, -1.730505e+001,
4587500000, -1.927650e+001,
4589062500, -2.035288e+001,
4590625000, -2.031535e+001,
4592187500, -1.842676e+001,
4593750000, -1.590091e+001,
4595312500, -1.441579e+001,
4596875000, -1.333706e+001,
4598437500, -1.358096e+001,
4600000000, -1.527745e+001,
4601562500, -1.663653e+001,
4603125000, -1.704941e+001,
4604687500, -1.702621e+001,
4606250000, -1.671139e+001,
4607812500, -1.582726e+001,
4609375000, -1.464134e+001,
4610937500, -1.342915e+001,
4612500000, -1.306676e+001,
4614062500, -1.442924e+001,
4615625000, -1.620254e+001,
4617187500, -1.782104e+001,
4618750000, -1.864765e+001,
4620312500, -1.812465e+001,
4621875000, -1.656701e+001,
4623437500, -1.487587e+001,
4625000000, -1.413113e+001,
4626562500, -1.459348e+001,
4628125000, -1.605184e+001,
4629687500, -1.826739e+001,
4631250000, -2.005985e+001,
4632812500, -2.074019e+001,
4634375000, -1.999277e+001,
4635937500, -1.790821e+001,
4637500000, -1.658436e+001,
4639062500, -1.558944e+001,
4640625000, -1.570570e+001,
4642187500, -1.703203e+001,
4643750000, -1.832318e+001,
4645312500, -1.841132e+001,
4646875000, -1.876427e+001,
4648437500, -1.770053e+001,
4650000000, -1.565626e+001,
4651562500, -1.474676e+001,
4653125000, -1.494821e+001,
4654687500, -1.650044e+001,
4656250000, -1.811037e+001,
4657812500, -1.925441e+001,
4659375000, -1.941724e+001,
4660937500, -1.841797e+001,
4662500000, -1.670328e+001,
4664062500, -1.491246e+001,
4665625000, -1.387554e+001,
4667187500, -1.443227e+001,
4668750000, -1.575087e+001,
4670312500, -1.667767e+001,
4671875000, -1.685425e+001,
4673437500, -1.612439e+001,
4675000000, -1.480445e+001,
4676562500, -1.292478e+001,
4678125000, -1.113844e+001,
4679687500, -1.042078e+001,
4681250000, -1.089303e+001,
4682812500, -1.182533e+001,
4684375000, -1.248795e+001,
4685937500, -1.245372e+001,
4687500000, -1.176896e+001,
4689062500, -1.071554e+001,
4690625000, -9.701512e+000,
4692187500, -9.229142e+000,
4693750000, -9.658175e+000,
4695312500, -1.065075e+001,
4696875000, -1.130922e+001,
4698437500, -1.129646e+001,
4700000000, -1.092217e+001,
4701562500, -1.047031e+001,
4703125000, -1.011286e+001,
4704687500, -1.042762e+001,
4706250000, -1.148504e+001,
4707812500, -1.266741e+001,
4709375000, -1.344876e+001,
4710937500, -1.400203e+001,
4712500000, -1.413232e+001,
4714062500, -1.372448e+001,
4715625000, -1.363867e+001,
4717187500, -1.488675e+001,
4718750000, -1.695604e+001,
4720312500, -1.896989e+001,
4721875000, -2.033515e+001,
4723437500, -2.106198e+001,
4725000000, -1.985981e+001,
4726562500, -1.813270e+001,
4728125000, -1.786492e+001,
4729687500, -1.918200e+001,
4731250000, -2.092864e+001,
4732812500, -2.209038e+001,
4734375000, -2.213614e+001,
4735937500, -2.134707e+001,
4737500000, -2.017454e+001,
4739062500, -1.921963e+001,
4740625000, -1.955292e+001,
4742187500, -2.121875e+001,
4743750000, -2.298979e+001,
4745312500, -2.405102e+001,
4746875000, -2.441926e+001,
4748437500, -2.359966e+001,
4750000000, -2.184237e+001,
4751562500, -2.117392e+001,
4753125000, -2.175916e+001,
4754687500, -2.240754e+001,
4756250000, -2.222455e+001,
4757812500, -2.105411e+001,
4759375000, -1.951320e+001,
4760937500, -1.857875e+001,
4762500000, -1.851645e+001,
4764062500, -1.907146e+001,
4765625000, -1.957076e+001,
4767187500, -1.950144e+001,
4768750000, -1.858355e+001,
4770312500, -1.763882e+001,
4771875000, -1.773717e+001,
4773437500, -1.886448e+001,
4775000000, -2.030981e+001,
4776562500, -2.154449e+001,
4778125000, -2.187522e+001,
4779687500, -2.152749e+001,
4781250000, -2.159451e+001,
4782812500, -2.270266e+001,
4784375000, -2.425652e+001,
4785937500, -2.528835e+001,
4787500000, -2.500133e+001,
4789062500, -2.374157e+001,
4790625000, -2.214491e+001,
4792187500, -2.093273e+001,
4793750000, -2.073213e+001,
4795312500, -2.056984e+001,
4796875000, -1.987465e+001,
4798437500, -1.926925e+001,
4800000000, -1.868103e+001,
4801562500, -1.830764e+001,
4803125000, -1.828530e+001,
4804687500, -1.847873e+001,
4806250000, -1.873210e+001,
4807812500, -1.901185e+001,
4809375000, -1.927103e+001,
4810937500, -1.933133e+001,
4812500000, -1.947703e+001,
4814062500, -1.996738e+001,
4815625000, -2.023611e+001,
4817187500, -2.038391e+001,
4818750000, -2.047525e+001,
4820312500, -2.019338e+001,
4821875000, -1.944908e+001,
4823437500, -1.925100e+001,
4825000000, -2.034851e+001,
4826562500, -2.196964e+001,
4828125000, -2.353930e+001,
4829687500, -2.508190e+001,
4831250000, -2.603635e+001,
4832812500, -2.655178e+001,
4834375000, -2.784962e+001,
4835937500, -2.806231e+001,
4837500000, -2.662381e+001,
4839062500, -2.409713e+001,
4840625000, -2.209887e+001,
4842187500, -2.306681e+001,
4843750000, -2.383806e+001,
4845312500, -2.387068e+001,
4846875000, -2.396610e+001,
4848437500, -2.395092e+001,
4850000000, -2.363662e+001,
4851562500, -2.308529e+001,
4853125000, -2.096637e+001,
4854687500, -1.869856e+001,
4856250000, -1.926471e+001,
4857812500, -2.046527e+001,
4859375000, -2.169058e+001,
4860937500, -2.309906e+001,
4862500000, -2.491623e+001,
4864062500, -2.782541e+001,
4865625000, -3.286831e+001,
4867187500, -4.428166e+001,
4868750000, -3.948004e+001,
4870312500, -3.244344e+001,
4871875000, -2.973211e+001,
4873437500, -2.872520e+001,
4875000000, -2.856386e+001,
4876562500, -2.875139e+001,
4878125000, -2.875856e+001,
4879687500, -2.821083e+001,
4881250000, -2.738871e+001,
4882812500, -2.698778e+001,
4884375000, -2.757001e+001,
4885937500, -2.947058e+001,
4887500000, -3.280742e+001,
4889062500, -3.738902e+001,
4890625000, -4.187716e+001,
4892187500, -4.140830e+001,
4893750000, -4.050928e+001,
4895312500, -4.099305e+001,
4896875000, -4.056391e+001,
4898437500, -3.953203e+001,
4900000000, -3.946774e+001,
4901562500, -3.966245e+001,
4903125000, -3.951976e+001,
4904687500, -3.847802e+001,
4906250000, -3.802185e+001,
4907812500, -3.842038e+001,
4909375000, -3.946962e+001,
4910937500, -3.941381e+001,
4912500000, -3.746663e+001,
4914062500, -3.535928e+001,
4915625000, -3.429121e+001,
4917187500, -3.455872e+001,
4918750000, -3.599867e+001,
4920312500, -3.853982e+001,
4921875000, -4.288687e+001,
4923437500, -4.355740e+001,
4925000000, -3.848402e+001,
4926562500, -3.496054e+001,
4928125000, -3.316115e+001,
4929687500, -3.282179e+001,
4931250000, -3.292028e+001,
4932812500, -3.246957e+001,
4934375000, -3.152153e+001,
4935937500, -3.079542e+001,
4937500000, -3.014322e+001,
4939062500, -2.958682e+001,
4940625000, -2.943482e+001,
4942187500, -3.050521e+001,
4943750000, -3.283404e+001,
4945312500, -3.506105e+001,
4946875000, -3.600971e+001,
4948437500, -3.523120e+001,
4950000000, -3.468990e+001,
4951562500, -3.565535e+001,
4953125000, -3.779401e+001,
4954687500, -4.112897e+001,
4956250000, -4.608030e+001,
4957812500, -4.451500e+001,
4959375000, -4.147725e+001,
4960937500, -4.096298e+001,
4962500000, -4.315329e+001,
4964062500, -4.994114e+001,
4965625000, -5.238684e+001,
4967187500, -4.674243e+001,
4968750000, -4.610990e+001,
4970312500, -5.032309e+001,
4971875000, -5.043565e+001,
4973437500, -4.318758e+001,
4975000000, -3.947320e+001,
4976562500, -3.775513e+001,
4978125000, -3.754610e+001,
4979687500, -3.936475e+001,
4981250000, -4.297574e+001,
4982812500, -4.707208e+001,
4984375000, -4.454791e+001,
4985937500, -4.167057e+001,
4987500000, -4.238130e+001,
4989062500, -4.737383e+001,
4990625000, -5.206265e+001,
4992187500, -4.175239e+001,
4993750000, -3.804472e+001,
4995312500, -3.703329e+001,
4996875000, -3.800785e+001,
4998437500, -4.104199e+001,
5000000000, -4.352106e+001,
5001562500, -4.170278e+001,
5003125000, -3.926736e+001,
5004687500, -3.880695e+001,
5006250000, -3.978148e+001,
5007812500, -4.197784e+001,
5009375000, -4.722420e+001,
5010937500, -5.977068e+001,
5012500000, -5.008121e+001,
5014062500, -4.693903e+001,
5015625000, -4.698476e+001,
5017187500, -4.942062e+001,
5018750000, -5.126275e+001,
5020312500, -4.930070e+001,
5021875000, -4.771474e+001,
5023437500, -4.869817e+001,
5025000000, -5.021453e+001,
5026562500, -4.967230e+001,
5028125000, -4.934946e+001,
5029687500, -5.065712e+001,
5031250000, -5.318781e+001,
5032812500, -5.079526e+001,
5034375000, -4.731583e+001,
5035937500, -4.585479e+001,
5037500000, -4.660170e+001,
5039062500, -5.010836e+001,
5040625000, -5.506334e+001,
5042187500, -5.090827e+001,
5043750000, -4.954732e+001,
5045312500, -5.202444e+001,
5046875000, -5.070741e+001,
5048437500, -4.641512e+001,
5050000000, -4.502385e+001,
5051562500, -4.678015e+001,
5053125000, -5.354757e+001,
5054687500, -5.853263e+001,
5056250000, -4.783891e+001,
5057812500, -4.490486e+001,
5059375000, -4.565675e+001,
5060937500, -5.003038e+001,
5062500000, -5.472383e+001,
5064062500, -5.087096e+001,
5065625000, -4.988353e+001,
5067187500, -4.992816e+001,
5068750000, -4.852182e+001,
5070312500, -4.878092e+001,
5071875000, -5.119188e+001,
5073437500, -5.101852e+001,
5075000000, -4.830162e+001,
5076562500, -4.831133e+001,
5078125000, -5.118263e+001,
5079687500, -5.197187e+001,
5081250000, -4.921286e+001,
5082812500, -4.791634e+001,
5084375000, -4.886501e+001,
5085937500, -5.020316e+001,
5087500000, -4.999966e+001,
5089062500, -5.158455e+001,
5090625000, -5.111049e+001,
5092187500, -4.783741e+001,
5093750000, -4.746246e+001,
5095312500, -4.973286e+001,
5096875000, -5.251292e+001,
5098437500, -5.063748e+001,
5100000000, -4.824140e+001,
5101562500, -4.857993e+001,
5103125000, -4.963722e+001,
5104687500, -5.033057e+001,
5106250000, -5.006998e+001,
5107812500, -4.959179e+001,
5109375000, -4.965380e+001,
5110937500, -4.985208e+001,
5112500000, -4.935410e+001,
5114062500, -4.911113e+001,
5115625000, -4.996795e+001,
5117187500, -5.073441e+001,
5118750000, -4.992169e+001,
5120312500, -4.897340e+001,
5121875000, -4.913101e+001,
5123437500, -5.020697e+001,
5125000000, -5.077341e+001,
5126562500, -4.980988e+001,
5128125000, -4.924060e+001,
5129687500, -4.970844e+001,
5131250000, -5.027028e+001,
5132812500, -5.031144e+001,
5134375000, -5.001084e+001,
5135937500, -4.989237e+001,
5137500000, -5.010888e+001,
5139062500, -5.033001e+001,
5140625000, -5.053733e+001,
5142187500, -5.059805e+001,
5143750000, -5.034194e+001,
5145312500, -5.022322e+001,
5146875000, -5.064177e+001,
5148437500, -5.098799e+001,
5150000000, -5.058067e+001,
5151562500, -5.044093e+001,
5153125000, -5.089684e+001,
5154687500, -5.107833e+001,
5156250000, -5.089836e+001,
5157812500, -5.076201e+001,
5159375000, -5.091126e+001,
5160937500, -5.115748e+001,
5162500000, -5.121839e+001,
5164062500, -5.105000e+001,
5165625000, -5.123994e+001,
5167187500, -5.141460e+001,
5168750000, -5.133744e+001,
5170312500, -5.135426e+001,
5171875000, -5.143761e+001,
5173437500, -5.168705e+001,
5175000000, -5.159473e+001,
5176562500, -5.159473e+001,
5178125000, -5.175523e+001,
5179687500, -5.180605e+001,
5181250000, -5.179105e+001,
5182812500, -5.183704e+001,
5184375000, -5.198989e+001,
5185937500, -5.200550e+001,
5187500000, -5.206868e+001,
5189062500, -5.222379e+001,
5190625000, -5.225026e+001,
5192187500, -5.226611e+001,
5193750000, -5.227174e+001,
5195312500, -5.231567e+001,
5196875000, -5.237041e+001,
5198437500, -5.245347e+001,
5200000000, -5.243967e+001,
5201562500, -5.247374e+001,
5203125000, -5.260297e+001,
5204687500, -5.253163e+001,
5206250000, -5.257523e+001,
5207812500, -5.257159e+001,
5209375000, -5.262968e+001,
5210937500, -5.264694e+001,
5212500000, -5.269533e+001,
5214062500, -5.277122e+001,
5215625000, -5.278692e+001,
5217187500, -5.273545e+001,
5218750000, -5.275445e+001,
5220312500, -5.273596e+001,
5221875000, -5.281091e+001,
5223437500, -5.281929e+001,
5225000000, -5.285824e+001,
5226562500, -5.289338e+001,
5228125000, -5.285683e+001,
5229687500, -5.286276e+001,
5231250000, -5.291810e+001,
5232812500, -5.288499e+001,
5234375000, -5.286722e+001,
5235937500, -5.290188e+001,
5237500000, -5.290379e+001,
5239062500, -5.288762e+001,
5240625000, -5.288943e+001,
5242187500, -5.290477e+001,
5243750000, -5.290572e+001,
5245312500, -5.288222e+001,
5246875000, -5.285983e+001,
5248437500, -5.279954e+001,
5250000000, -5.280900e+001,
5251562500, -5.277565e+001,
5253125000, -5.277480e+001,
5254687500, -5.273963e+001,
5256250000, -5.275239e+001,
5257812500, -5.277430e+001,
5259375000, -5.281879e+001,
5260937500, -5.276255e+001,
5262500000, -5.269477e+001,
5264062500, -5.279577e+001,
5265625000, -5.275454e+001,
5267187500, -5.269501e+001,
5268750000, -5.276874e+001,
5270312500, -5.269581e+001,
5271875000, -5.271164e+001,
5273437500, -5.272849e+001,
5275000000, -5.274432e+001,
5276562500, -5.276235e+001,
5278125000, -5.279476e+001,
5279687500, -5.273274e+001,
5281250000, -5.267904e+001,
5282812500, -5.267729e+001,
5284375000, -5.260871e+001,
5285937500, -5.266215e+001,
5287500000, -5.263881e+001,
5289062500, -5.259655e+001,
5290625000, -5.265822e+001,
5292187500, -5.263170e+001,
5293750000, -5.264132e+001,
5295312500, -5.266365e+001,
5296875000, -5.268398e+001,
5298437500, -5.270514e+001,
5300000000, -5.283567e+001,
5301562500, -5.275498e+001,
5303125000, -5.265014e+001,
5304687500, -5.271686e+001,
5306250000, -5.281020e+001,
5307812500, -5.292762e+001,
5309375000, -5.302739e+001,
5310937500, -5.293372e+001,
5312500000, -5.287718e+001,
5314062500, -5.287016e+001,
5315625000, -5.280951e+001,
5317187500, -5.281862e+001,
5318750000, -5.288017e+001,
5320312500, -5.290170e+001,
5321875000, -5.295115e+001,
5323437500, -5.286491e+001,
5325000000, -5.286644e+001,
5326562500, -5.287942e+001,
5328125000, -5.283300e+001,
5329687500, -5.280590e+001,
5331250000, -5.283533e+001,
5332812500, -5.276085e+001,
5334375000, -5.272869e+001,
5335937500, -5.267936e+001,
5337500000, -5.272934e+001,
5339062500, -5.266883e+001,
5340625000, -5.274027e+001,
5342187500, -5.279345e+001,
5343750000, -5.287519e+001,
5345312500, -5.285004e+001,
5346875000, -5.288002e+001,
5348437500, -5.291488e+001,
5350000000, -5.293177e+001,
5351562500, -5.292588e+001,
5353125000, -5.285434e+001,
5354687500, -5.288793e+001,
5356250000, -5.281501e+001,
5357812500, -5.274271e+001,
5359375000, -5.281719e+001,
5360937500, -5.269436e+001,
5362500000, -5.258778e+001,
5364062500, -5.261841e+001,
5365625000, -5.248716e+001,
5367187500, -5.250161e+001,
5368750000, -5.239116e+001,
5370312500, -5.238548e+001,
5371875000, -5.228063e+001,
5373437500, -5.225115e+001,
5375000000, -5.225446e+001,
5376562500, -5.222588e+001,
5378125000, -5.216637e+001,
5379687500, -5.226084e+001,
5381250000, -5.217360e+001,
5382812500, -5.223063e+001,
5384375000, -5.222519e+001,
5385937500, -5.220214e+001,
5387500000, -5.218554e+001,
5389062500, -5.219762e+001,
5390625000, -5.220869e+001,
5392187500, -5.222528e+001,
5393750000, -5.224424e+001,
5395312500, -5.221820e+001,
5396875000, -5.222399e+001,
5398437500, -5.232389e+001,
5400000000, -5.230562e+001,
5401562500, -5.231350e+001,
5403125000, -5.227893e+001,
5404687500, -5.237097e+001,
5406250000, -5.233199e+001,
5407812500, -5.238060e+001,
5409375000, -5.234020e+001,
5410937500, -5.236651e+001,
5412500000, -5.234854e+001,
5414062500, -5.240856e+001,
5415625000, -5.243248e+001,
5417187500, -5.242785e+001,
5418750000, -5.247618e+001,
5420312500, -5.245710e+001,
5421875000, -5.251171e+001,
5423437500, -5.250674e+001,
5425000000, -5.248470e+001,
5426562500, -5.251057e+001,
5428125000, -5.254462e+001,
5429687500, -5.251548e+001,
5431250000, -5.256189e+001,
5432812500, -5.254283e+001,
5434375000, -5.256707e+001,
5435937500, -5.259128e+001,
5437500000, -5.261570e+001,
5439062500, -5.270061e+001,
5440625000, -5.270370e+001,
5442187500, -5.272340e+001,
5443750000, -5.281130e+001,
5445312500, -5.274204e+001,
5446875000, -5.275905e+001,
5448437500, -5.277952e+001,
5450000000, -5.280560e+001,
5451562500, -5.278769e+001,
5453125000, -5.282523e+001,
5454687500, -5.290583e+001,
5456250000, -5.290744e+001,
5457812500, -5.293507e+001,
5459375000, -5.305229e+001,
5460937500, -5.300066e+001,
5462500000, -5.306117e+001,
5464062500, -5.313624e+001,
5465625000, -5.315215e+001,
5467187500, -5.327426e+001,
5468750000, -5.319195e+001,
5470312500, -5.326294e+001,
5471875000, -5.329835e+001,
5473437500, -5.328321e+001,
5475000000, -5.338713e+001,
5476562500, -5.337898e+001,
5478125000, -5.351840e+001,
5479687500, -5.361135e+001,
5481250000, -5.363225e+001,
5482812500, -5.364103e+001,
5484375000, -5.362727e+001,
5485937500, -5.364502e+001,
5487500000, -5.367455e+001,
5489062500, -5.376438e+001,
5490625000, -5.372874e+001,
5492187500, -5.391426e+001,
5493750000, -5.387401e+001,
5495312500, -5.393890e+001,
5496875000, -5.394460e+001,
5498437500, -5.400154e+001,
5500000000, -5.403596e+001,
