"S21 Phase"
"Frequency (Hz)","Deg",
3000000000, 1.491000e+002,
3001562500, 1.477421e+002,
3003125000, 1.460344e+002,
3004687500, 1.438571e+002,
3006250000, 1.423157e+002,
3007812500, 1.404721e+002,
3009375000, 1.387436e+002,
3010937500, 1.371626e+002,
3012500000, 1.353222e+002,
3014062500, 1.336898e+002,
3015625000, 1.312863e+002,
3017187500, 1.297941e+002,
3018750000, 1.280930e+002,
3020312500, 1.260133e+002,
3021875000, 1.241508e+002,
3023437500, 1.218715e+002,
3025000000, 1.202492e+002,
3026562500, 1.180165e+002,
3028125000, 1.161338e+002,
3029687500, 1.143700e+002,
3031250000, 1.125960e+002,
3032812500, 1.105762e+002,
3034375000, 1.083701e+002,
3035937500, 1.064912e+002,
3037500000, 1.046283e+002,
3039062500, 1.026229e+002,
3040625000, 1.003050e+002,
3042187500, 9.862260e+001,
3043750000, 9.640876e+001,
3045312500, 9.400579e+001,
3046875000, 9.203012e+001,
3048437500, 8.970134e+001,
3050000000, 8.762530e+001,
3051562500, 8.555780e+001,
3053125000, 8.346013e+001,
3054687500, 8.166551e+001,
3056250000, 7.887159e+001,
3057812500, 7.632650e+001,
3059375000, 7.464311e+001,
3060937500, 7.223879e+001,
3062500000, 6.981396e+001,
3064062500, 6.765418e+001,
3065625000, 6.562892e+001,
3067187500, 6.373367e+001,
3068750000, 6.121959e+001,
3070312500, 5.875105e+001,
3071875000, 5.667179e+001,
3073437500, 5.445580e+001,
3075000000, 5.240019e+001,
3076562500, 4.998394e+001,
3078125000, 4.795124e+001,
3079687500, 4.558452e+001,
3081250000, 4.324515e+001,
3082812500, 4.112640e+001,
3084375000, 3.848562e+001,
3085937500, 3.673844e+001,
3087500000, 3.455263e+001,
3089062500, 3.227263e+001,
3090625000, 2.999721e+001,
3092187500, 2.810119e+001,
3093750000, 2.576659e+001,
3095312500, 2.360398e+001,
3096875000, 2.119024e+001,
3098437500, 2.006475e+001,
3100000000, 1.692954e+001,
3101562500, 1.542388e+001,
3103125000, 1.339274e+001,
3104687500, 1.125144e+001,
3106250000, 9.157270e+000,
3107812500, 6.918060e+000,
3109375000, 5.159365e+000,
3110937500, 2.518515e+000,
3112500000, 4.580726e-001,
3114062500, -1.734708e+000,
3115625000, -3.448946e+000,
3117187500, -5.986329e+000,
3118750000, -7.745522e+000,
3120312500, -1.023095e+001,
3121875000, -1.235921e+001,
3123437500, -1.446901e+001,
3125000000, -1.692444e+001,
3126562500, -1.850474e+001,
3128125000, -2.107838e+001,
3129687500, -2.312193e+001,
3131250000, -2.495106e+001,
3132812500, -2.716993e+001,
3134375000, -2.971284e+001,
3135937500, -3.129954e+001,
3137500000, -3.352885e+001,
3139062500, -3.555254e+001,
3140625000, -3.793909e+001,
3142187500, -4.005357e+001,
3143750000, -4.196996e+001,
3145312500, -4.477143e+001,
3146875000, -4.674034e+001,
3148437500, -4.899150e+001,
3150000000, -5.090683e+001,
3151562500, -5.341872e+001,
3153125000, -5.571635e+001,
3154687500, -5.807163e+001,
3156250000, -5.986901e+001,
3157812500, -6.218934e+001,
3159375000, -6.436354e+001,
3160937500, -6.671146e+001,
3162500000, -6.886030e+001,
3164062500, -7.111078e+001,
3165625000, -7.354712e+001,
3167187500, -7.556014e+001,
3168750000, -7.805073e+001,
3170312500, -8.037926e+001,
3171875000, -8.236063e+001,
3173437500, -8.473763e+001,
3175000000, -8.701141e+001,
3176562500, -8.908347e+001,
3178125000, -9.135516e+001,
3179687500, -9.352275e+001,
3181250000, -9.588832e+001,
3182812500, -9.844988e+001,
3184375000, -1.004123e+002,
3185937500, -1.024717e+002,
3187500000, -1.050265e+002,
3189062500, -1.071193e+002,
3190625000, -1.095503e+002,
3192187500, -1.114356e+002,
3193750000, -1.134084e+002,
3195312500, -1.156500e+002,
3196875000, -1.175425e+002,
3198437500, -1.198987e+002,
3200000000, -1.217826e+002,
3201562500, -1.238198e+002,
3203125000, -1.259968e+002,
3204687500, -1.279735e+002,
3206250000, -1.303238e+002,
3207812500, -1.320457e+002,
3209375000, -1.344032e+002,
3210937500, -1.365385e+002,
3212500000, -1.383982e+002,
3214062500, -1.400621e+002,
3215625000, -1.424613e+002,
3217187500, -1.439687e+002,
3218750000, -1.461155e+002,
3220312500, -1.482983e+002,
3221875000, -1.498338e+002,
3223437500, -1.518831e+002,
3225000000, -1.538190e+002,
3226562500, -1.556689e+002,
3228125000, -1.572980e+002,
3229687500, -1.588783e+002,
3231250000, -1.612968e+002,
3232812500, -1.633454e+002,
3234375000, -1.646153e+002,
3235937500, -1.665613e+002,
3237500000, -1.685070e+002,
3239062500, -1.698319e+002,
3240625000, -1.722241e+002,
3242187500, -1.737966e+002,
3243750000, -1.757160e+002,
3245312500, -1.773959e+002,
3246875000, -1.794463e+002,
3248437500, 1.786716e+002,
3250000000, 1.773776e+002,
3251562500, 1.760707e+002,
3253125000, 1.742431e+002,
3254687500, 1.726682e+002,
3256250000, 1.709310e+002,
3257812500, 1.690392e+002,
3259375000, 1.669871e+002,
3260937500, 1.657359e+002,
3262500000, 1.639002e+002,
3264062500, 1.619629e+002,
3265625000, 1.599698e+002,
3267187500, 1.591535e+002,
3268750000, 1.569643e+002,
3270312500, 1.546328e+002,
3271875000, 1.534202e+002,
3273437500, 1.509157e+002,
3275000000, 1.493637e+002,
3276562500, 1.482313e+002,
3278125000, 1.462594e+002,
3279687500, 1.441511e+002,
3281250000, 1.430533e+002,
3282812500, 1.403845e+002,
3284375000, 1.391761e+002,
3285937500, 1.371809e+002,
3287500000, 1.355371e+002,
3289062500, 1.334382e+002,
3290625000, 1.319112e+002,
3292187500, 1.303378e+002,
3293750000, 1.277075e+002,
3295312500, 1.263488e+002,
3296875000, 1.243480e+002,
3298437500, 1.223732e+002,
3300000000, 1.205595e+002,
3301562500, 1.185434e+002,
3303125000, 1.170649e+002,
3304687500, 1.149606e+002,
3306250000, 1.126698e+002,
3307812500, 1.101755e+002,
3309375000, 1.086120e+002,
3310937500, 1.067874e+002,
3312500000, 1.046093e+002,
3314062500, 1.027236e+002,
3315625000, 1.003028e+002,
3317187500, 9.829592e+001,
3318750000, 9.611267e+001,
3320312500, 9.428152e+001,
3321875000, 9.202872e+001,
3323437500, 8.996137e+001,
3325000000, 8.786338e+001,
3326562500, 8.587236e+001,
3328125000, 8.408775e+001,
3329687500, 8.152756e+001,
3331250000, 7.983562e+001,
3332812500, 7.740563e+001,
3334375000, 7.532182e+001,
3335937500, 7.294426e+001,
3337500000, 7.073947e+001,
3339062500, 6.868701e+001,
3340625000, 6.616185e+001,
3342187500, 6.427734e+001,
3343750000, 6.200393e+001,
3345312500, 5.987651e+001,
3346875000, 5.782601e+001,
3348437500, 5.536828e+001,
3350000000, 5.292192e+001,
3351562500, 5.133914e+001,
3353125000, 4.858324e+001,
3354687500, 4.642166e+001,
3356250000, 4.444529e+001,
3357812500, 4.197565e+001,
3359375000, 3.957472e+001,
3360937500, 3.747040e+001,
3362500000, 3.486364e+001,
3364062500, 3.261827e+001,
3365625000, 2.994323e+001,
3367187500, 2.822650e+001,
3368750000, 2.636407e+001,
3370312500, 2.398087e+001,
3371875000, 2.164271e+001,
3373437500, 1.945673e+001,
3375000000, 1.690193e+001,
3376562500, 1.552542e+001,
3378125000, 1.235424e+001,
3379687500, 1.068482e+001,
3381250000, 8.597609e+000,
3382812500, 6.480284e+000,
3384375000, 4.412574e+000,
3385937500, 2.465183e+000,
3387500000, 3.011589e-001,
3389062500, -1.662383e+000,
3390625000, -4.329320e+000,
3392187500, -6.489387e+000,
3393750000, -8.263104e+000,
3395312500, -1.074478e+001,
3396875000, -1.247088e+001,
3398437500, -1.462555e+001,
3400000000, -1.709795e+001,
3401562500, -1.878051e+001,
3403125000, -2.035275e+001,
3404687500, -2.311657e+001,
3406250000, -2.514488e+001,
3407812500, -2.701383e+001,
3409375000, -2.940286e+001,
3410937500, -3.106460e+001,
3412500000, -3.380764e+001,
3414062500, -3.555856e+001,
3415625000, -3.776364e+001,
3417187500, -3.956356e+001,
3418750000, -4.190833e+001,
3420312500, -4.406440e+001,
3421875000, -4.545096e+001,
3423437500, -4.795777e+001,
3425000000, -4.973558e+001,
3426562500, -5.219612e+001,
3428125000, -5.379689e+001,
3429687500, -5.570533e+001,
3431250000, -5.776791e+001,
3432812500, -5.976473e+001,
3434375000, -6.202337e+001,
3435937500, -6.368705e+001,
3437500000, -6.533040e+001,
3439062500, -6.781762e+001,
3440625000, -6.995766e+001,
3442187500, -7.197223e+001,
3443750000, -7.347342e+001,
3445312500, -7.610937e+001,
3446875000, -7.757430e+001,
3448437500, -7.998409e+001,
3450000000, -8.158534e+001,
3451562500, -8.359072e+001,
3453125000, -8.601180e+001,
3454687500, -8.767417e+001,
3456250000, -8.971036e+001,
3457812500, -9.106950e+001,
3459375000, -9.320977e+001,
3460937500, -9.606685e+001,
3462500000, -9.779895e+001,
3464062500, -9.904245e+001,
3465625000, -1.012024e+002,
3467187500, -1.029141e+002,
3468750000, -1.054362e+002,
3470312500, -1.074462e+002,
3471875000, -1.095891e+002,
3473437500, -1.113001e+002,
3475000000, -1.133525e+002,
3476562500, -1.160111e+002,
3478125000, -1.183148e+002,
3479687500, -1.197430e+002,
3481250000, -1.227625e+002,
3482812500, -1.244227e+002,
3484375000, -1.264536e+002,
3485937500, -1.295060e+002,
3487500000, -1.317137e+002,
3489062500, -1.338546e+002,
3490625000, -1.344965e+002,
3492187500, -1.380550e+002,
3493750000, -1.408997e+002,
3495312500, -1.419926e+002,
3496875000, -1.443931e+002,
3498437500, -1.469971e+002,
3500000000, -1.488633e+002,
3501562500, -1.508901e+002,
3503125000, -1.534560e+002,
3504687500, -1.562049e+002,
3506250000, -1.578660e+002,
3507812500, -1.592398e+002,
3509375000, -1.625137e+002,
3510937500, -1.654432e+002,
3512500000, -1.665404e+002,
3514062500, -1.689295e+002,
3515625000, -1.715936e+002,
3517187500, -1.737180e+002,
3518750000, -1.755401e+002,
3520312500, -1.777888e+002,
3521875000, 1.790100e+002,
3523437500, 1.770929e+002,
3525000000, 1.764465e+002,
3526562500, 1.738670e+002,
3528125000, 1.699170e+002,
3529687500, 1.695623e+002,
3531250000, 1.674593e+002,
3532812500, 1.649042e+002,
3534375000, 1.623420e+002,
3535937500, 1.608036e+002,
3537500000, 1.584276e+002,
3539062500, 1.563314e+002,
3540625000, 1.526780e+002,
3542187500, 1.522236e+002,
3543750000, 1.511974e+002,
3545312500, 1.472952e+002,
3546875000, 1.450319e+002,
3548437500, 1.443935e+002,
3550000000, 1.408260e+002,
3551562500, 1.395554e+002,
3553125000, 1.375861e+002,
3554687500, 1.347417e+002,
3556250000, 1.343064e+002,
3557812500, 1.316035e+002,
3559375000, 1.272053e+002,
3560937500, 1.273255e+002,
3562500000, 1.262151e+002,
3564062500, 1.225701e+002,
3565625000, 1.202182e+002,
3567187500, 1.188963e+002,
3568750000, 1.165978e+002,
3570312500, 1.155937e+002,
3571875000, 1.136312e+002,
3573437500, 1.091900e+002,
3575000000, 1.094260e+002,
3576562500, 1.077423e+002,
3578125000, 1.039222e+002,
3579687500, 1.022760e+002,
3581250000, 1.024089e+002,
3582812500, 9.922792e+001,
3584375000, 9.654254e+001,
3585937500, 9.520223e+001,
3587500000, 9.311804e+001,
3589062500, 9.153505e+001,
3590625000, 9.114645e+001,
3592187500, 8.747726e+001,
3593750000, 8.499976e+001,
3595312500, 8.464100e+001,
3596875000, 8.290848e+001,
3598437500, 7.897382e+001,
3600000000, 7.741666e+001,
3601562500, 7.732101e+001,
3603125000, 7.481654e+001,
3604687500, 7.155956e+001,
3606250000, 7.086047e+001,
3607812500, 6.702983e+001,
3609375000, 6.672201e+001,
3610937500, 6.651704e+001,
3612500000, 6.260380e+001,
3614062500, 5.988781e+001,
3615625000, 5.879789e+001,
3617187500, 5.846841e+001,
3618750000, 5.419163e+001,
3620312500, 5.103498e+001,
3621875000, 5.203560e+001,
3623437500, 4.946449e+001,
3625000000, 4.708866e+001,
3626562500, 4.657054e+001,
3628125000, 4.198670e+001,
3629687500, 3.885823e+001,
3631250000, 4.180824e+001,
3632812500, 3.807389e+001,
3634375000, 3.384388e+001,
3635937500, 3.156777e+001,
3637500000, 3.187219e+001,
3639062500, 3.082403e+001,
3640625000, 2.518776e+001,
3642187500, 2.416204e+001,
3643750000, 2.303853e+001,
3645312500, 1.901616e+001,
3646875000, 2.064925e+001,
3648437500, 1.820161e+001,
3650000000, 1.094419e+001,
3651562500, 1.110478e+001,
3653125000, 1.362741e+001,
3654687500, 9.023442e+000,
3656250000, 6.026222e+000,
3657812500, 1.340799e+000,
3659375000, 2.855060e+000,
3660937500, 2.900622e+000,
3662500000, -2.693932e+000,
3664062500, -3.773686e+000,
3665625000, -5.914277e+000,
3667187500, -9.881912e+000,
3668750000, -6.334543e+000,
3670312500, -8.333114e+000,
3671875000, -1.682436e+001,
3673437500, -1.823273e+001,
3675000000, -1.392240e+001,
3676562500, -1.802326e+001,
3678125000, -2.009198e+001,
3679687500, -2.637733e+001,
3681250000, -2.696580e+001,
3682812500, -2.625713e+001,
3684375000, -2.932389e+001,
3685937500, -3.039809e+001,
3687500000, -3.328358e+001,
3689062500, -3.836862e+001,
3690625000, -3.819389e+001,
3692187500, -3.532221e+001,
3693750000, -3.834083e+001,
3695312500, -4.671187e+001,
3696875000, -4.754006e+001,
3698437500, -4.456366e+001,
3700000000, -4.560893e+001,
3701562500, -4.860872e+001,
3703125000, -5.667984e+001,
3704687500, -5.699335e+001,
3706250000, -5.543042e+001,
3707812500, -5.842885e+001,
3709375000, -5.808017e+001,
3710937500, -6.089276e+001,
3712500000, -6.676397e+001,
3714062500, -7.103294e+001,
3715625000, -6.331465e+001,
3717187500, -6.287756e+001,
3718750000, -7.252371e+001,
3720312500, -7.824489e+001,
3721875000, -7.549707e+001,
3723437500, -7.193885e+001,
3725000000, -7.283547e+001,
3726562500, -8.125491e+001,
3728125000, -8.499557e+001,
3729687500, -8.384532e+001,
3731250000, -8.639490e+001,
3732812500, -8.468290e+001,
3734375000, -8.243757e+001,
3735937500, -8.854309e+001,
3737500000, -9.822727e+001,
3739062500, -1.005434e+002,
3740625000, -8.547333e+001,
3742187500, -8.954386e+001,
3743750000, -1.010260e+002,
3745312500, -1.078259e+002,
3746875000, -1.039995e+002,
3748437500, -9.989794e+001,
3750000000, -1.011737e+002,
3751562500, -1.086019e+002,
3753125000, -1.121330e+002,
3754687500, -1.132125e+002,
3756250000, -1.197228e+002,
3757812500, -1.127878e+002,
3759375000, -1.061939e+002,
3760937500, -1.153973e+002,
3762500000, -1.265586e+002,
3764062500, -1.334177e+002,
3765625000, -1.170537e+002,
3767187500, -1.137761e+002,
3768750000, -1.222900e+002,
3770312500, -1.342501e+002,
3771875000, -1.385490e+002,
3773437500, -1.298186e+002,
3775000000, -1.263524e+002,
3776562500, -1.317896e+002,
3778125000, -1.371699e+002,
3779687500, -1.403087e+002,
3781250000, -1.473830e+002,
3782812500, -1.526344e+002,
3784375000, -1.334782e+002,
3785937500, -1.384554e+002,
3787500000, -1.479480e+002,
3789062500, -1.585516e+002,
3790625000, -1.643576e+002,
3792187500, -1.544363e+002,
3793750000, -1.442936e+002,
3795312500, -1.515510e+002,
3796875000, -1.690564e+002,
3798437500, -1.760640e+002,
3800000000, -1.677843e+002,
3801562500, -1.620872e+002,
3803125000, -1.657032e+002,
3804687500, -1.719667e+002,
3806250000, -1.755854e+002,
3807812500, 1.757933e+002,
3809375000, 1.689287e+002,
3810937500, -1.788680e+002,
3812500000, -1.715617e+002,
3814062500, -1.786565e+002,
3815625000, 1.720648e+002,
3817187500, 1.569380e+002,
3818750000, 1.520433e+002,
3820312500, 1.737138e+002,
3821875000, -1.776496e+002,
3823437500, 1.648500e+002,
3825000000, 1.500682e+002,
3826562500, 1.439961e+002,
3828125000, 1.512440e+002,
3829687500, 1.592464e+002,
3831250000, 1.582337e+002,
3832812500, 1.563352e+002,
3834375000, 1.484734e+002,
3835937500, 1.328925e+002,
3837500000, 1.289223e+002,
3839062500, 1.405962e+002,
3840625000, 1.520963e+002,
3842187500, 1.484669e+002,
3843750000, 1.389012e+002,
3845312500, 1.214626e+002,
3846875000, 1.119816e+002,
3848437500, 1.219871e+002,
3850000000, 1.489188e+002,
3851562500, 1.369839e+002,
3853125000, 1.235814e+002,
3854687500, 1.133182e+002,
3856250000, 1.039993e+002,
3857812500, 1.108660e+002,
3859375000, 1.246501e+002,
3860937500, 1.292619e+002,
3862500000, 1.223346e+002,
3864062500, 1.064224e+002,
3865625000, 9.232038e+001,
3867187500, 9.404912e+001,
3868750000, 9.980117e+001,
3870312500, 1.231490e+002,
3871875000, 1.159636e+002,
3873437500, 1.068754e+002,
3875000000, 8.896609e+001,
3876562500, 6.942963e+001,
3878125000, 8.424796e+001,
3879687500, 1.091791e+002,
3881250000, 1.077690e+002,
3882812500, 9.662365e+001,
3884375000, 8.528443e+001,
3885937500, 6.634467e+001,
3887500000, 5.837257e+001,
3889062500, 8.053626e+001,
3890625000, 1.000239e+002,
3892187500, 9.606067e+001,
3893750000, 7.960994e+001,
3895312500, 6.645361e+001,
3896875000, 5.998834e+001,
3898437500, 4.647738e+001,
3900000000, 5.770823e+001,
3901562500, 9.766816e+001,
3903125000, 8.706689e+001,
3904687500, 7.239470e+001,
3906250000, 4.565437e+001,
3907812500, 2.341681e+001,
3909375000, 4.290800e+001,
3910937500, 7.253304e+001,
3912500000, 7.884346e+001,
3914062500, 6.724910e+001,
3915625000, 4.732303e+001,
3917187500, 3.064878e+001,
3918750000, 1.546903e+001,
3920312500, 2.389888e+001,
3921875000, 6.570372e+001,
3923437500, 6.818910e+001,
3925000000, 4.830549e+001,
3926562500, 4.044703e+001,
3928125000, 2.818531e+001,
3929687500, 4.767832e+000,
3931250000, -9.415203e+000,
3932812500, 4.557426e+001,
3934375000, 6.500455e+001,
3935937500, 4.367271e+001,
3937500000, 2.249407e+001,
3939062500, 4.270143e+000,
3940625000, -1.720992e+001,
3942187500, -1.331931e+001,
3943750000, 3.985345e+001,
3945312500, 5.056267e+001,
3946875000, 2.451732e+001,
3948437500, 5.238484e+000,
3950000000, -1.842814e+001,
3951562500, -2.561276e+001,
3953125000, -3.210078e+001,
3954687500, 2.666896e+001,
3956250000, 2.653944e+001,
3957812500, 1.230961e+001,
3959375000, 7.350138e+000,
3960937500, -1.196214e+001,
3962500000, -3.690629e+001,
3964062500, -6.138620e+001,
3965625000, -4.527726e+001,
3967187500, 2.430570e+001,
3968750000, 1.142451e+001,
3970312500, 5.387787e-001,
3971875000, -1.988486e+001,
3973437500, -5.456556e+001,
3975000000, -8.525109e+001,
3976562500, -8.226577e+001,
3978125000, 1.939743e+001,
3979687500, -8.970067e+000,
3981250000, -2.726248e+001,
3982812500, -4.538185e+001,
3984375000, -5.737612e+001,
3985937500, -6.346625e+001,
3987500000, -8.364305e+001,
3989062500, -7.878748e+001,
3990625000, -6.345056e-001,
3992187500, -5.316273e+000,
3993750000, -3.066048e+001,
3995312500, -5.325663e+001,
3996875000, -8.157481e+001,
3998437500, -1.127831e+002,
4000000000, -1.285633e+002,
4001562500, 4.853290e+000,
4003125000, -1.741136e+001,
4004687500, -3.161654e+001,
4006250000, -5.846600e+001,
4007812500, -8.694728e+001,
4009375000, -1.182874e+002,
4010937500, -1.383119e+002,
4012500000, -3.426548e+001,
4014062500, -5.500998e+001,
4015625000, -6.168334e+001,
4017187500, -6.526585e+001,
4018750000, -7.593123e+001,
4020312500, -1.006057e+002,
4021875000, -1.200085e+002,
4023437500, -1.328807e+002,
4025000000, -1.396912e+002,
4026562500, -1.420329e+001,
4028125000, -4.703520e+001,
4029687500, -7.454636e+001,
4031250000, -9.943385e+001,
4032812500, -1.273661e+002,
4034375000, -1.425756e+002,
4035937500, 1.744028e+002,
4037500000, -2.366347e+001,
4039062500, -3.507639e+001,
4040625000, -6.281248e+001,
4042187500, -9.611507e+001,
4043750000, -1.242545e+002,
4045312500, -1.506976e+002,
4046875000, -1.525494e+002,
4048437500, -1.270579e+002,
4050000000, -1.051860e+002,
4051562500, -9.778071e+001,
4053125000, -9.245442e+001,
4054687500, -1.151182e+002,
4056250000, -1.223174e+002,
4057812500, -1.518238e+002,
4059375000, -1.783301e+002,
4060937500, -1.453611e+002,
4062500000, -1.764070e+002,
4064062500, -5.901800e+001,
4065625000, -1.004951e+002,
4067187500, -1.267988e+002,
4068750000, -1.437486e+002,
4070312500, -1.561060e+002,
4071875000, 1.572897e+002,
4073437500, 1.206451e+002,
4075000000, -4.229566e+001,
4076562500, -7.898341e+001,
4078125000, -1.218238e+002,
4079687500, -1.567170e+002,
4081250000, -1.642467e+002,
4082812500, -1.570671e+002,
4084375000, -1.531364e+002,
4085937500, -1.758361e+002,
4087500000, 1.359139e+002,
4089062500, -2.682556e+001,
4090625000, -1.144995e+002,
4092187500, -1.470864e+002,
4093750000, -1.629661e+002,
4095312500, 1.719394e+002,
4096875000, 1.591310e+002,
4098437500, 1.609796e+002,
4100000000, -1.437863e+002,
4101562500, -1.402370e+002,
4103125000, -1.389086e+002,
4104687500, -1.621812e+002,
4106250000, 1.692331e+002,
4107812500, 1.610607e+002,
4109375000, 1.431467e+002,
4110937500, 1.741645e+002,
4112500000, 1.734333e+002,
4114062500, -1.751573e+002,
4115625000, -1.500245e+002,
4117187500, -1.574150e+002,
4118750000, 1.720623e+002,
4120312500, 1.370218e+002,
4121875000, 1.640656e+002,
4123437500, 1.772669e+002,
4125000000, 1.620577e+002,
4126562500, 1.326931e+002,
4128125000, 1.699250e+002,
4129687500, 1.653653e+002,
4131250000, 1.580617e+002,
4132812500, 1.757945e+002,
4134375000, 1.452459e+002,
4135937500, 1.215907e+002,
4137500000, 1.780831e+002,
4139062500, 1.472346e+002,
4140625000, 1.544614e+002,
4142187500, 1.619248e+002,
4143750000, 1.588008e+002,
4145312500, 1.442317e+002,
4146875000, 1.616653e+002,
4148437500, 1.143523e+002,
4150000000, 3.971708e+001,
4151562500, -1.139561e+002,
4153125000, -1.694993e+002,
4154687500, 1.706056e+002,
4156250000, 1.523734e+002,
4157812500, 1.299589e+002,
4159375000, 1.033785e+002,
4160937500, 5.735959e+001,
4162500000, 1.313705e+002,
4164062500, 1.434915e+002,
4165625000, 1.593820e+002,
4167187500, 1.399950e+002,
4168750000, 1.531860e+002,
4170312500, 1.211019e+002,
4171875000, 7.760503e+001,
4173437500, 8.197502e+001,
4175000000, 7.492234e+001,
4176562500, 7.311088e+001,
4178125000, -1.409716e+002,
4179687500, 1.679923e+002,
4181250000, 1.537825e+002,
4182812500, 1.235304e+002,
4184375000, 8.881032e+001,
4185937500, 4.301075e+001,
4187500000, -8.694760e+001,
4189062500, 1.122966e+002,
4190625000, 3.027824e+001,
4192187500, -1.400747e+002,
4193750000, 1.220396e+002,
4195312500, 5.928403e+001,
4196875000, -1.747223e+002,
4198437500, 1.309568e+002,
4200000000, 9.882009e+001,
4201562500, 4.408917e+001,
4203125000, 1.235715e+001,
4204687500, 1.715662e+001,
4206250000, -2.593170e+001,
4207812500, -1.117454e+002,
4209375000, 1.664256e+002,
4210937500, 9.942174e+001,
4212500000, 9.639884e+001,
4214062500, 7.814066e+001,
4215625000, 3.635054e+001,
4217187500, -5.932024e+000,
4218750000, -8.037612e+001,
4220312500, 1.597013e+002,
4221875000, 5.825880e+001,
4223437500, -1.234441e+002,
4225000000, 1.435522e+002,
4226562500, 9.562968e+001,
4228125000, 5.670003e+001,
4229687500, 2.667581e+001,
4231250000, -1.100653e+001,
4232812500, -5.333479e+001,
4234375000, -1.083506e+002,
4235937500, -1.738100e+002,
4237500000, 1.206608e+002,
4239062500, 8.748394e+001,
4240625000, 5.686783e+001,
4242187500, 8.197806e+000,
4243750000, 5.115272e+001,
4245312500, 2.145938e+001,
4246875000, -5.703801e+000,
4248437500, -6.271594e+001,
4250000000, -1.350333e+002,
4251562500, 1.546825e+002,
4253125000, 1.288261e+002,
4254687500, 9.201146e+001,
4256250000, 4.701159e+001,
4257812500, 1.340896e+001,
4259375000, 3.588397e+000,
4260937500, -5.097985e+001,
4262500000, -1.002523e+002,
4264062500, -1.304175e+002,
4265625000, 1.634365e+002,
4267187500, 9.025425e+001,
4268750000, 8.790366e+001,
4270312500, 5.678665e+001,
4271875000, 2.667554e+001,
4273437500, 1.329127e+001,
4275000000, 2.562397e+001,
4276562500, -1.329570e+001,
4278125000, -6.609213e+001,
4279687500, -1.477233e+002,
4281250000, 1.541832e+002,
4282812500, 1.164271e+002,
4284375000, 8.952474e+001,
4285937500, 5.557509e+001,
4287500000, 1.331131e+001,
4289062500, -3.047394e+001,
4290625000, -5.959084e+001,
4292187500, -7.986960e+001,
4293750000, -1.252977e+002,
4295312500, -1.781154e+002,
4296875000, 1.385745e+002,
4298437500, 8.629730e+001,
4300000000, 3.782313e+001,
4301562500, 1.290428e+001,
4303125000, -2.950529e-001,
4304687500, -4.419381e+001,
4306250000, -8.949454e+001,
4307812500, -1.164648e+002,
4309375000, -1.605919e+002,
4310937500, 1.517331e+002,
4312500000, 1.068383e+002,
4314062500, 4.880822e+001,
4315625000, -9.052197e+000,
4317187500, -1.295630e+001,
4318750000, 1.261279e+001,
4320312500, -1.872808e+001,
4321875000, -7.568511e+001,
4323437500, -9.848696e+001,
4325000000, -9.366021e+001,
4326562500, -9.693159e+001,
4328125000, -1.327054e+002,
4329687500, 1.372875e+002,
4331250000, 5.513210e+001,
4332812500, 5.532850e+000,
4334375000, -2.647524e+001,
4335937500, -1.809623e+001,
4337500000, -3.766356e+001,
4339062500, -8.058361e+001,
4340625000, -1.320567e+002,
4342187500, 1.749760e+002,
4343750000, 1.413538e+002,
4345312500, 1.467998e+002,
4346875000, 1.176067e+002,
4348437500, 6.774115e+001,
4350000000, 1.594325e+001,
4351562500, -1.319752e+001,
4353125000, -4.192559e+001,
4354687500, -8.525058e+001,
4356250000, -1.131260e+002,
4357812500, -1.378829e+002,
4359375000, -1.767122e+002,
4360937500, 1.486048e+002,
4362500000, 1.086667e+002,
4364062500, 5.373752e+001,
4365625000, 4.180589e+000,
4367187500, -3.945177e+000,
4368750000, -3.558307e+001,
4370312500, -6.319671e+001,
4371875000, -9.459847e+001,
4373437500, -1.561171e+002,
4375000000, 1.393203e+002,
4376562500, 7.086224e+001,
4378125000, -1.262446e+000,
4379687500, -8.941677e+001,
4381250000, 9.547884e+001,
4382812500, 4.030324e+001,
4384375000, -2.647004e+001,
4385937500, -8.210502e+001,
4387500000, -1.104603e+002,
4389062500, -1.232393e+002,
4390625000, -1.358738e+002,
4392187500, -1.566523e+002,
4393750000, -1.631833e+002,
4395312500, 1.725528e+002,
4396875000, 1.470191e+002,
4398437500, 1.029966e+002,
4400000000, 5.880535e+001,
4401562500, -3.840150e+000,
4403125000, -1.026827e+001,
4404687500, -1.566820e+001,
4406250000, -6.104391e+001,
4407812500, -1.136539e+002,
4409375000, -1.329299e+002,
4410937500, -1.344626e+002,
4412500000, 1.785932e+002,
4414062500, 1.299855e+002,
4415625000, 9.455010e+000,
4417187500, -5.067406e+001,
4418750000, -8.421801e+001,
4420312500, -1.180696e+002,
4421875000, -1.337069e+002,
4423437500, -1.579034e+002,
4425000000, 1.709939e+002,
4426562500, 1.426577e+002,
4428125000, 1.132748e+002,
4429687500, 1.280906e+002,
4431250000, 1.029376e+002,
4432812500, 5.834249e+001,
4434375000, 9.673458e+000,
4435937500, -3.635481e+001,
4437500000, -5.847869e+001,
4439062500, 5.150141e+000,
4440625000, -4.920060e+001,
4442187500, -7.520367e+001,
4443750000, -1.037066e+002,
4445312500, -1.349865e+002,
4446875000, -1.775960e+002,
4448437500, -1.558880e+002,
4450000000, -1.493767e+002,
4451562500, -1.728899e+002,
4453125000, 1.500660e+002,
4454687500, 1.054747e+002,
4456250000, 6.729889e+001,
4457812500, 1.251669e+002,
4459375000, 8.267069e+001,
4460937500, 6.455318e+001,
4462500000, 2.674997e+001,
4464062500, -1.750687e+001,
4465625000, 7.658732e+001,
4467187500, 3.002437e+001,
4468750000, 2.261178e+001,
4470312500, -4.186827e+000,
4471875000, -2.901354e+001,
4473437500, -4.758157e+001,
4475000000, -6.134713e+001,
4476562500, -9.623365e+001,
4478125000, -1.285559e+002,
4479687500, -1.562709e+002,
4481250000, 1.790097e+002,
4482812500, 1.672004e+002,
4484375000, 1.595067e+002,
4485937500, 1.418169e+002,
4487500000, 1.160099e+002,
4489062500, 1.003292e+002,
4490625000, 8.971698e+001,
4492187500, 6.016106e+001,
4493750000, 3.789911e+001,
4495312500, 6.628084e+000,
4496875000, 4.559928e+000,
4498437500, -3.871922e+000,
4500000000, -2.300001e+001,
4501562500, -1.675770e+001,
4503125000, -6.717899e+001,
4504687500, -1.041421e+002,
4506250000, -1.279688e+002,
4507812500, -1.255130e+002,
4509375000, -1.301977e+002,
4510937500, -1.489310e+002,
4512500000, -1.536588e+002,
4514062500, 1.781161e+002,
4515625000, 1.612227e+002,
4517187500, 1.415064e+002,
4518750000, 1.452181e+002,
4520312500, 1.681850e+002,
4521875000, 1.474369e+002,
4523437500, 9.554847e+001,
4525000000, 6.705029e+001,
4526562500, 6.720708e+001,
4528125000, 7.235559e+001,
4529687500, 6.487949e+001,
4531250000, 6.101914e+001,
4532812500, 5.155370e+001,
4534375000, 2.472075e+001,
4535937500, -2.015159e+001,
4537500000, -4.411199e+001,
4539062500, -5.364807e+001,
4540625000, -7.153168e+001,
4542187500, -8.883591e+001,
4543750000, -1.053032e+002,
4545312500, -1.206554e+002,
4546875000, -1.455950e+002,
4548437500, 1.769482e+002,
4550000000, 1.563828e+002,
4551562500, 1.434780e+002,
4553125000, 1.272805e+002,
4554687500, 1.121239e+002,
4556250000, 1.007174e+002,
4557812500, 9.255776e+001,
4559375000, 6.915074e+001,
4560937500, 4.293355e+001,
4562500000, 2.862403e+001,
4564062500, 9.124912e+000,
4565625000, -5.913531e+000,
4567187500, -2.171368e+001,
4568750000, -2.932308e+001,
4570312500, -4.295005e+001,
4571875000, -6.679209e+001,
4573437500, -8.382478e+001,
4575000000, -9.817359e+001,
4576562500, -6.317637e+001,
4578125000, -1.059425e+002,
4579687500, -1.472930e+002,
4581250000, -1.647117e+002,
4582812500, 1.761585e+002,
4584375000, 1.573839e+002,
4585937500, 1.261824e+002,
4587500000, 1.127202e+002,
4589062500, 9.310281e+001,
4590625000, 7.075923e+001,
4592187500, 6.071145e+001,
4593750000, 2.925610e+001,
4595312500, -1.033254e+001,
4596875000, -4.256696e+001,
4598437500, -3.242195e+001,
4600000000, -4.157629e+001,
4601562500, -4.946327e+001,
4603125000, -6.504199e+001,
4604687500, -8.900051e+001,
4606250000, -1.115812e+002,
4607812500, -1.455279e+002,
4609375000, 1.714160e+002,
4610937500, 1.775604e+002,
4612500000, -1.792663e+002,
4614062500, 1.532747e+002,
4615625000, 1.375046e+002,
4617187500, 1.287489e+002,
4618750000, 1.245099e+002,
4620312500, 1.094955e+002,
4621875000, 7.553914e+001,
4623437500, 5.982960e+001,
4625000000, 7.833254e+001,
4626562500, 5.724667e+001,
4628125000, 2.010980e+001,
4629687500, 2.669658e+000,
4631250000, -5.468985e+000,
4632812500, -1.168135e+001,
4634375000, -1.908732e+001,
4635937500, -3.325453e+001,
4637500000, -6.209539e+001,
4639062500, -8.173065e+001,
4640625000, -9.123290e+001,
4642187500, -1.109041e+002,
4643750000, -1.312833e+002,
4645312500, -1.438518e+002,
4646875000, -1.556883e+002,
4648437500, -1.694830e+002,
4650000000, 1.753098e+002,
4651562500, 1.505303e+002,
4653125000, 1.286662e+002,
4654687500, 1.166395e+002,
4656250000, 1.021701e+002,
4657812500, 9.042451e+001,
4659375000, 7.782914e+001,
4660937500, 5.904978e+001,
4662500000, 3.869908e+001,
4664062500, 2.317674e+001,
4665625000, 6.863609e+000,
4667187500, -1.555008e+001,
4668750000, -3.546762e+001,
4670312500, -5.207164e+001,
4671875000, -6.007728e+001,
4673437500, -7.508132e+001,
4675000000, -9.480705e+001,
4676562500, -1.100838e+002,
4678125000, -1.249894e+002,
4679687500, -1.477710e+002,
4681250000, -1.685323e+002,
4682812500, 1.792015e+002,
4684375000, 1.657568e+002,
4685937500, 1.502774e+002,
4687500000, 1.347583e+002,
4689062500, 1.190113e+002,
4690625000, 1.016243e+002,
4692187500, 8.274355e+001,
4693750000, 6.268148e+001,
4695312500, 4.741238e+001,
4696875000, 3.421946e+001,
4698437500, 2.012217e+001,
4700000000, 3.343717e+000,
4701562500, -1.666091e+001,
4703125000, -3.719978e+001,
4704687500, -5.534724e+001,
4706250000, -7.177978e+001,
4707812500, -8.349028e+001,
4709375000, -9.707946e+001,
4710937500, -1.093674e+002,
4712500000, -1.191488e+002,
4714062500, -1.395513e+002,
4715625000, -1.630288e+002,
4717187500, 1.764883e+002,
4718750000, 1.578808e+002,
4720312500, 1.416710e+002,
4721875000, 1.304569e+002,
4723437500, 1.289460e+002,
4725000000, 1.196221e+002,
4726562500, 9.557604e+001,
4728125000, 6.867859e+001,
4729687500, 4.424970e+001,
4731250000, 2.309009e+001,
4732812500, 7.077878e+000,
4734375000, -2.250048e+000,
4735937500, -1.121013e+001,
4737500000, -2.726716e+001,
4739062500, -5.038030e+001,
4740625000, -7.565452e+001,
4742187500, -9.959547e+001,
4743750000, -1.204483e+002,
4745312500, -1.375439e+002,
4746875000, -1.510293e+002,
4748437500, -1.644492e+002,
4750000000, -1.797105e+002,
4751562500, 1.609521e+002,
4753125000, 1.368845e+002,
4754687500, 1.115710e+002,
4756250000, 8.817649e+001,
4757812500, 6.982540e+001,
4759375000, 5.469981e+001,
4760937500, 3.982630e+001,
4762500000, 3.103274e+001,
4764062500, 1.992585e+001,
4765625000, -6.129682e+000,
4767187500, -3.549853e+001,
4768750000, -5.916518e+001,
4770312500, -7.634695e+001,
4771875000, -8.559784e+001,
4773437500, -8.510791e+001,
4775000000, -1.022235e+002,
4776562500, -1.284319e+002,
4778125000, -1.511308e+002,
4779687500, -1.677045e+002,
4781250000, 1.745063e+002,
4782812500, 1.625279e+002,
4784375000, 1.451327e+002,
4785937500, 1.238473e+002,
4787500000, 1.042927e+002,
4789062500, 8.385823e+001,
4790625000, 6.361256e+001,
4792187500, 4.480025e+001,
4793750000, 2.400429e+001,
4795312500, 2.420938e+000,
4796875000, -2.122779e+001,
4798437500, -4.446696e+001,
4800000000, -6.559365e+001,
4801562500, -8.856647e+001,
4803125000, -1.098390e+002,
4804687500, -1.297811e+002,
4806250000, -1.515779e+002,
4807812500, -1.743773e+002,
4809375000, 1.637318e+002,
4810937500, 1.412131e+002,
4812500000, 1.177171e+002,
4814062500, 9.844983e+001,
4815625000, 8.053499e+001,
4817187500, 5.889701e+001,
4818750000, 3.721195e+001,
4820312500, 1.473253e+001,
4821875000, -4.289250e+000,
4823437500, -2.322602e+001,
4825000000, -4.850523e+001,
4826562500, -6.759025e+001,
4828125000, -8.374795e+001,
4829687500, -1.048885e+002,
4831250000, -1.262367e+002,
4832812500, -1.501939e+002,
4834375000, -1.712449e+002,
4835937500, 1.724652e+002,
4837500000, 1.552263e+002,
4839062500, 1.351804e+002,
4840625000, 1.110400e+002,
4842187500, 8.554987e+001,
4843750000, 6.085964e+001,
4845312500, 4.090989e+001,
4846875000, 2.278267e+001,
4848437500, 1.841258e+000,
4850000000, -2.044906e+001,
4851562500, -3.877657e+001,
4853125000, -5.150716e+001,
4854687500, -8.024797e+001,
4856250000, -1.077838e+002,
4857812500, -1.305858e+002,
4859375000, -1.537084e+002,
4860937500, 1.784111e+002,
4862500000, 1.487177e+002,
4864062500, 1.240638e+002,
4865625000, 9.936794e+001,
4867187500, 8.425219e+001,
4868750000, 6.803459e+001,
4870312500, 3.873868e+001,
4871875000, 1.243811e+001,
4873437500, -1.092741e+001,
4875000000, -3.667053e+001,
4876562500, -6.331798e+001,
4878125000, -8.829194e+001,
4879687500, -1.119309e+002,
4881250000, -1.361523e+002,
4882812500, -1.604945e+002,
4884375000, 1.755278e+002,
4885937500, 1.549503e+002,
4887500000, 1.344118e+002,
4889062500, 1.114212e+002,
4890625000, 8.764956e+001,
4892187500, 6.545820e+001,
4893750000, 4.517508e+001,
4895312500, 2.552708e+001,
4896875000, 4.012714e+000,
4898437500, -2.168018e+001,
4900000000, -4.619970e+001,
4901562500, -6.797811e+001,
4903125000, -8.912256e+001,
4904687500, -1.114055e+002,
4906250000, -1.349937e+002,
4907812500, -1.587888e+002,
4909375000, 1.797246e+002,
4910937500, 1.610284e+002,
4912500000, 1.358619e+002,
4914062500, 1.060891e+002,
4915625000, 7.816187e+001,
4917187500, 5.252537e+001,
4918750000, 2.848676e+001,
4920312500, 3.036760e+000,
4921875000, -2.522853e+001,
4923437500, -5.387741e+001,
4925000000, -8.092301e+001,
4926562500, -1.068246e+002,
4928125000, -1.343515e+002,
4929687500, -1.627487e+002,
4931250000, 1.703253e+002,
4932812500, 1.434720e+002,
4934375000, 1.144676e+002,
4935937500, 8.366357e+001,
4937500000, 5.346729e+001,
4939062500, 2.482670e+001,
4940625000, -1.179169e+000,
4942187500, -2.621565e+001,
4943750000, -5.067969e+001,
4945312500, -7.760039e+001,
4946875000, -1.067952e+002,
4948437500, -1.344514e+002,
4950000000, -1.601821e+002,
4951562500, 1.755896e+002,
4953125000, 1.510474e+002,
4954687500, 1.248901e+002,
4956250000, 9.718064e+001,
4957812500, 6.933728e+001,
4959375000, 4.145350e+001,
4960937500, 1.499346e+001,
4962500000, -9.846256e+000,
4964062500, -3.670917e+001,
4965625000, -6.687185e+001,
4967187500, -9.769260e+001,
4968750000, -1.276187e+002,
4970312500, -1.561068e+002,
4971875000, 1.734156e+002,
4973437500, 1.420608e+002,
4975000000, 1.124340e+002,
4976562500, 8.371240e+001,
4978125000, 5.252662e+001,
4979687500, 1.885965e+001,
4981250000, -1.318873e+001,
4982812500, -4.129626e+001,
4984375000, -6.967367e+001,
4985937500, -1.012131e+002,
4987500000, -1.342222e+002,
4989062500, -1.652072e+002,
4990625000, 1.657756e+002,
4992187500, 1.353898e+002,
4993750000, 1.031317e+002,
4995312500, 7.102380e+001,
4996875000, 3.865439e+001,
4998437500, 5.027049e+000,
5000000000, -2.785947e+001,
5001562500, -5.859076e+001,
5003125000, -8.912434e+001,
5004687500, -1.218838e+002,
5006250000, -1.561629e+002,
5007812500, 1.715937e+002,
5009375000, 1.401149e+002,
5010937500, 1.075538e+002,
5012500000, 7.342746e+001,
5014062500, 3.897347e+001,
5015625000, 4.508733e+000,
5017187500, -3.125773e+001,
5018750000, -6.681817e+001,
5020312500, -1.006897e+002,
5021875000, -1.357101e+002,
5023437500, -1.723829e+002,
5025000000, 1.525894e+002,
5026562500, 1.188712e+002,
5028125000, 8.474400e+001,
5029687500, 4.940727e+001,
5031250000, 1.361105e+001,
5032812500, -2.198573e+001,
5034375000, -5.784036e+001,
5035937500, -9.438731e+001,
5037500000, -1.310013e+002,
5039062500, -1.673945e+002,
5040625000, 1.551843e+002,
5042187500, 1.171339e+002,
5043750000, 8.069233e+001,
5045312500, 4.516553e+001,
5046875000, 7.796370e+000,
5048437500, -3.094945e+001,
5050000000, -6.945037e+001,
5051562500, -1.082847e+002,
5053125000, -1.477460e+002,
5054687500, 1.726133e+002,
5056250000, 1.325905e+002,
5057812500, 9.256261e+001,
5059375000, 5.299231e+001,
5060937500, 1.360007e+001,
5062500000, -2.684109e+001,
5064062500, -6.817910e+001,
5065625000, -1.090277e+002,
5067187500, -1.491407e+002,
5068750000, 1.705623e+002,
5070312500, 1.295616e+002,
5071875000, 8.787268e+001,
5073437500, 4.639038e+001,
5075000000, 5.457631e+000,
5076562500, -3.650689e+001,
5078125000, -7.962359e+001,
5079687500, -1.216561e+002,
5081250000, -1.628326e+002,
5082812500, 1.551299e+002,
5084375000, 1.120525e+002,
5085937500, 6.916836e+001,
5087500000, 2.624432e+001,
5089062500, -1.744890e+001,
5090625000, -6.287770e+001,
5092187500, -1.090175e+002,
5093750000, -1.542905e+002,
5095312500, 1.601111e+002,
5096875000, 1.130530e+002,
5098437500, 6.580586e+001,
5100000000, 1.960744e+001,
5101562500, -2.703979e+001,
5103125000, -7.549563e+001,
5104687500, -1.248798e+002,
5106250000, -1.744372e+002,
5107812500, 1.348908e+002,
5109375000, 8.372295e+001,
5110937500, 3.325578e+001,
5112500000, -1.651487e+001,
5114062500, -6.658305e+001,
5115625000, -1.165060e+002,
5117187500, -1.655769e+002,
5118750000, 1.450265e+002,
5120312500, 9.474486e+001,
5121875000, 4.384494e+001,
5123437500, -5.885035e+000,
5125000000, -5.548230e+001,
5126562500, -1.046657e+002,
5128125000, -1.543329e+002,
5129687500, 1.559268e+002,
5131250000, 1.054429e+002,
5132812500, 5.588070e+001,
5134375000, 6.796804e+000,
5135937500, -4.329387e+001,
5137500000, -9.585155e+001,
5139062500, -1.507326e+002,
5140625000, 1.532992e+002,
5142187500, 9.537403e+001,
5143750000, 3.743016e+001,
5145312500, -2.084209e+001,
5146875000, -7.989854e+001,
5148437500, -1.390474e+002,
5150000000, 1.606374e+002,
5151562500, 9.899903e+001,
5153125000, 3.707040e+001,
5154687500, -2.490250e+001,
5156250000, -8.800015e+001,
5157812500, -1.519123e+002,
5159375000, 1.435578e+002,
5160937500, 7.826029e+001,
5162500000, 1.122993e+001,
5164062500, -5.626334e+001,
5165625000, -1.227291e+002,
5167187500, 1.712700e+002,
5168750000, 1.034749e+002,
5170312500, 3.458365e+001,
5171875000, -3.400660e+001,
5173437500, -1.028982e+002,
5175000000, -1.732053e+002,
5176562500, 1.158597e+002,
5178125000, 4.466865e+001,
5179687500, -2.799496e+001,
5181250000, -1.019792e+002,
5182812500, -1.777063e+002,
5184375000, 1.062319e+002,
5185937500, 3.055829e+001,
5187500000, -4.682633e+001,
5189062500, -1.252696e+002,
5190625000, 1.582418e+002,
5192187500, 8.214374e+001,
5193750000, 2.934100e+000,
5195312500, -7.413367e+001,
5196875000, -1.492987e+002,
5198437500, 1.357674e+002,
5200000000, 6.151153e+001,
5201562500, -2.005531e+001,
5203125000, -1.062924e+002,
5204687500, 1.703714e+002,
5206250000, 8.659653e+001,
5207812500, -4.101536e+000,
5209375000, -9.554675e+001,
5210937500, 1.719231e+002,
5212500000, 8.064750e+001,
5214062500, -1.190174e+001,
5215625000, -1.070586e+002,
5217187500, 1.512566e+002,
5218750000, 4.791972e+001,
5220312500, -5.230229e+001,
5221875000, -1.533171e+002,
5223437500, 1.028395e+002,
5225000000, -2.942545e+000,
5226562500, -1.094016e+002,
5228125000, 1.434536e+002,
5229687500, 3.431549e+001,
5231250000, -6.733727e+001,
5232812500, -1.646781e+002,
5234375000, 8.300772e+001,
5235937500, -3.925588e+001,
5237500000, -1.638093e+002,
5239062500, 7.644007e+001,
5240625000, -4.120231e+001,
5242187500, -1.719003e+002,
5243750000, 5.869154e+001,
5245312500, -6.176169e+001,
5246875000, 1.700003e+002,
5248437500, 3.151117e+001,
5250000000, -1.166461e+002,
5251562500, 9.389798e+001,
5253125000, -4.735816e+001,
5254687500, 1.775928e+002,
5256250000, 3.530525e+001,
5257812500, -1.215002e+002,
5259375000, 7.211786e+001,
5260937500, -9.303747e+001,
5262500000, 9.227999e+001,
5264062500, -4.942718e+001,
5265625000, 1.447421e+002,
5267187500, -2.544074e+001,
5268750000, 1.403951e+002,
5270312500, -5.221790e+001,
5271875000, 1.003168e+002,
5273437500, -8.611753e+001,
5275000000, 6.503973e+001,
5276562500, -1.502832e+002,
5278125000, -1.432539e+001,
5279687500, 1.165526e+002,
5281250000, -1.145891e+002,
5282812500, -2.215984e-001,
5284375000, 1.036135e+002,
5285937500, -1.571103e+002,
5287500000, -7.279432e+001,
5289062500, -4.043002e+000,
5290625000, 5.620979e+001,
5292187500, 1.213056e+002,
5293750000, 1.678149e+002,
5295312500, -1.676709e+002,
5296875000, -1.669355e+002,
5298437500, 1.668159e+002,
5300000000, 2.549735e+001,
5301562500, -1.705799e+001,
5303125000, -3.351228e+001,
5304687500, -6.426413e+001,
5306250000, -2.739179e+001,
5307812500, -8.468288e+001,
5309375000, -6.003493e+001,
5310937500, -6.661201e+001,
5312500000, -7.172730e+001,
5314062500, -6.594920e+001,
5315625000, -7.177711e+001,
5317187500, -7.515359e+001,
5318750000, -7.650162e+001,
5320312500, -7.868588e+001,
5321875000, -8.045567e+001,
5323437500, -8.223122e+001,
5325000000, -8.445168e+001,
5326562500, -8.674667e+001,
5328125000, -8.715228e+001,
5329687500, -9.048014e+001,
5331250000, -9.297956e+001,
5332812500, -9.590283e+001,
5334375000, -9.822731e+001,
5335937500, -1.007166e+002,
5337500000, -1.023187e+002,
5339062500, -1.032631e+002,
5340625000, -1.044167e+002,
5342187500, -1.068693e+002,
5343750000, -1.077957e+002,
5345312500, -1.092452e+002,
5346875000, -1.114640e+002,
5348437500, -1.128798e+002,
5350000000, -1.161889e+002,
5351562500, -1.176806e+002,
5353125000, -1.193505e+002,
5354687500, -1.218128e+002,
5356250000, -1.227122e+002,
5357812500, -1.238889e+002,
5359375000, -1.251132e+002,
5360937500, -1.263183e+002,
5362500000, -1.275992e+002,
5364062500, -1.290660e+002,
5365625000, -1.304715e+002,
5367187500, -1.325767e+002,
5368750000, -1.334044e+002,
5370312500, -1.357112e+002,
5371875000, -1.371666e+002,
5373437500, -1.400142e+002,
5375000000, -1.416461e+002,
5376562500, -1.437807e+002,
5378125000, -1.463187e+002,
5379687500, -1.479580e+002,
5381250000, -1.507028e+002,
5382812500, -1.521792e+002,
5384375000, -1.548446e+002,
5385937500, -1.565729e+002,
5387500000, -1.593265e+002,
5389062500, -1.621231e+002,
5390625000, -1.643591e+002,
5392187500, -1.667301e+002,
5393750000, -1.689550e+002,
5395312500, -1.707100e+002,
5396875000, -1.731654e+002,
5398437500, -1.747842e+002,
5400000000, -1.764837e+002,
5401562500, -1.777093e+002,
5403125000, -1.799335e+002,
5404687500, 1.781627e+002,
5406250000, 1.763469e+002,
5407812500, 1.743997e+002,
5409375000, 1.722768e+002,
5410937500, 1.705775e+002,
5412500000, 1.683195e+002,
5414062500, 1.663781e+002,
5415625000, 1.642494e+002,
5417187500, 1.621938e+002,
5418750000, 1.601213e+002,
5420312500, 1.576725e+002,
5421875000, 1.549760e+002,
5423437500, 1.527143e+002,
5425000000, 1.508041e+002,
5426562500, 1.481352e+002,
5428125000, 1.461275e+002,
5429687500, 1.442306e+002,
5431250000, 1.420370e+002,
5432812500, 1.393035e+002,
5434375000, 1.373074e+002,
5435937500, 1.348806e+002,
5437500000, 1.320825e+002,
5439062500, 1.300510e+002,
5440625000, 1.273333e+002,
5442187500, 1.251472e+002,
5443750000, 1.233938e+002,
5445312500, 1.210751e+002,
5446875000, 1.185934e+002,
5448437500, 1.165733e+002,
5450000000, 1.140242e+002,
5451562500, 1.122761e+002,
5453125000, 1.100098e+002,
5454687500, 1.074738e+002,
5456250000, 1.054370e+002,
5457812500, 1.030424e+002,
5459375000, 1.004738e+002,
5460937500, 9.889718e+001,
5462500000, 9.727352e+001,
5464062500, 9.484091e+001,
5465625000, 9.233451e+001,
5467187500, 9.096451e+001,
5468750000, 8.857256e+001,
5470312500, 8.675544e+001,
5471875000, 8.519496e+001,
5473437500, 8.359435e+001,
5475000000, 8.081026e+001,
5476562500, 7.873528e+001,
5478125000, 7.668886e+001,
5479687500, 7.420688e+001,
5481250000, 7.268202e+001,
5482812500, 7.029296e+001,
5484375000, 6.803078e+001,
5485937500, 6.646941e+001,
5487500000, 6.345276e+001,
5489062500, 6.179207e+001,
5490625000, 5.975343e+001,
5492187500, 5.754536e+001,
5493750000, 5.586422e+001,
5495312500, 5.411304e+001,
5496875000, 5.230870e+001,
5498437500, 4.980095e+001,
5500000000, 4.769132e+001,
