"S12 Log Mag"
"Frequency (Hz)","dB",
3000000000, -4.884343e+001,
3001562500, -4.876910e+001,
3003125000, -4.869874e+001,
3004687500, -4.865944e+001,
3006250000, -4.860743e+001,
3007812500, -4.853673e+001,
3009375000, -4.852024e+001,
3010937500, -4.852613e+001,
3012500000, -4.842485e+001,
3014062500, -4.839873e+001,
3015625000, -4.837533e+001,
3017187500, -4.829519e+001,
3018750000, -4.824418e+001,
3020312500, -4.818317e+001,
3021875000, -4.812021e+001,
3023437500, -4.807167e+001,
3025000000, -4.798830e+001,
3026562500, -4.797324e+001,
3028125000, -4.794538e+001,
3029687500, -4.789931e+001,
3031250000, -4.781913e+001,
3032812500, -4.781069e+001,
3034375000, -4.779874e+001,
3035937500, -4.771502e+001,
3037500000, -4.765824e+001,
3039062500, -4.763761e+001,
3040625000, -4.759612e+001,
3042187500, -4.756824e+001,
3043750000, -4.753073e+001,
3045312500, -4.748840e+001,
3046875000, -4.748355e+001,
3048437500, -4.742056e+001,
3050000000, -4.739661e+001,
3051562500, -4.733810e+001,
3053125000, -4.729009e+001,
3054687500, -4.727697e+001,
3056250000, -4.726050e+001,
3057812500, -4.725547e+001,
3059375000, -4.724535e+001,
3060937500, -4.719818e+001,
3062500000, -4.723162e+001,
3064062500, -4.718458e+001,
3065625000, -4.713649e+001,
3067187500, -4.711938e+001,
3068750000, -4.711602e+001,
3070312500, -4.711669e+001,
3071875000, -4.709758e+001,
3073437500, -4.710034e+001,
3075000000, -4.704462e+001,
3076562500, -4.704438e+001,
3078125000, -4.703762e+001,
3079687500, -4.706727e+001,
3081250000, -4.705294e+001,
3082812500, -4.704551e+001,
3084375000, -4.705591e+001,
3085937500, -4.706251e+001,
3087500000, -4.707216e+001,
3089062500, -4.706477e+001,
3090625000, -4.703226e+001,
3092187500, -4.709599e+001,
3093750000, -4.713197e+001,
3095312500, -4.707263e+001,
3096875000, -4.709094e+001,
3098437500, -4.703708e+001,
3100000000, -4.706044e+001,
3101562500, -4.706609e+001,
3103125000, -4.702568e+001,
3104687500, -4.704161e+001,
3106250000, -4.701323e+001,
3107812500, -4.704149e+001,
3109375000, -4.699359e+001,
3110937500, -4.694799e+001,
3112500000, -4.697841e+001,
3114062500, -4.690827e+001,
3115625000, -4.695407e+001,
3117187500, -4.693924e+001,
3118750000, -4.692220e+001,
3120312500, -4.693452e+001,
3121875000, -4.690908e+001,
3123437500, -4.687894e+001,
3125000000, -4.686162e+001,
3126562500, -4.690494e+001,
3128125000, -4.687888e+001,
3129687500, -4.683400e+001,
3131250000, -4.680963e+001,
3132812500, -4.679493e+001,
3134375000, -4.678289e+001,
3135937500, -4.677217e+001,
3137500000, -4.677761e+001,
3139062500, -4.670356e+001,
3140625000, -4.670693e+001,
3142187500, -4.669808e+001,
3143750000, -4.664128e+001,
3145312500, -4.665741e+001,
3146875000, -4.659392e+001,
3148437500, -4.658921e+001,
3150000000, -4.653951e+001,
3151562500, -4.654044e+001,
3153125000, -4.649182e+001,
3154687500, -4.650317e+001,
3156250000, -4.649020e+001,
3157812500, -4.649405e+001,
3159375000, -4.645126e+001,
3160937500, -4.643979e+001,
3162500000, -4.641530e+001,
3164062500, -4.639303e+001,
3165625000, -4.645026e+001,
3167187500, -4.643233e+001,
3168750000, -4.639172e+001,
3170312500, -4.641009e+001,
3171875000, -4.646822e+001,
3173437500, -4.644985e+001,
3175000000, -4.650192e+001,
3176562500, -4.649015e+001,
3178125000, -4.652700e+001,
3179687500, -4.649987e+001,
3181250000, -4.653652e+001,
3182812500, -4.657892e+001,
3184375000, -4.660556e+001,
3185937500, -4.667087e+001,
3187500000, -4.665559e+001,
3189062500, -4.666586e+001,
3190625000, -4.672928e+001,
3192187500, -4.675232e+001,
3193750000, -4.678186e+001,
3195312500, -4.679737e+001,
3196875000, -4.686147e+001,
3198437500, -4.691004e+001,
3200000000, -4.692835e+001,
3201562500, -4.699156e+001,
3203125000, -4.701294e+001,
3204687500, -4.708250e+001,
3206250000, -4.712711e+001,
3207812500, -4.717429e+001,
3209375000, -4.717187e+001,
3210937500, -4.721385e+001,
3212500000, -4.721059e+001,
3214062500, -4.724863e+001,
3215625000, -4.730788e+001,
3217187500, -4.735104e+001,
3218750000, -4.742126e+001,
3220312500, -4.743823e+001,
3221875000, -4.751829e+001,
3223437500, -4.753491e+001,
3225000000, -4.754837e+001,
3226562500, -4.759963e+001,
3228125000, -4.762219e+001,
3229687500, -4.770428e+001,
3231250000, -4.770355e+001,
3232812500, -4.773370e+001,
3234375000, -4.774747e+001,
3235937500, -4.776691e+001,
3237500000, -4.778083e+001,
3239062500, -4.783183e+001,
3240625000, -4.779143e+001,
3242187500, -4.788151e+001,
3243750000, -4.794423e+001,
3245312500, -4.791723e+001,
3246875000, -4.790220e+001,
3248437500, -4.794541e+001,
3250000000, -4.794841e+001,
3251562500, -4.795546e+001,
3253125000, -4.796072e+001,
3254687500, -4.800640e+001,
3256250000, -4.798421e+001,
3257812500, -4.800558e+001,
3259375000, -4.802592e+001,
3260937500, -4.801286e+001,
3262500000, -4.793195e+001,
3264062500, -4.797783e+001,
3265625000, -4.793903e+001,
3267187500, -4.798249e+001,
3268750000, -4.795808e+001,
3270312500, -4.796598e+001,
3271875000, -4.799038e+001,
3273437500, -4.794903e+001,
3275000000, -4.788939e+001,
3276562500, -4.791170e+001,
3278125000, -4.785902e+001,
3279687500, -4.784458e+001,
3281250000, -4.788326e+001,
3282812500, -4.783693e+001,
3284375000, -4.775151e+001,
3285937500, -4.774084e+001,
3287500000, -4.771244e+001,
3289062500, -4.771850e+001,
3290625000, -4.760544e+001,
3292187500, -4.753515e+001,
3293750000, -4.756368e+001,
3295312500, -4.754157e+001,
3296875000, -4.746561e+001,
3298437500, -4.748607e+001,
3300000000, -4.739182e+001,
3301562500, -4.736090e+001,
3303125000, -4.733660e+001,
3304687500, -4.728664e+001,
3306250000, -4.727662e+001,
3307812500, -4.723019e+001,
3309375000, -4.721741e+001,
3310937500, -4.717811e+001,
3312500000, -4.717259e+001,
3314062500, -4.709835e+001,
3315625000, -4.705284e+001,
3317187500, -4.702655e+001,
3318750000, -4.703839e+001,
3320312500, -4.700084e+001,
3321875000, -4.698361e+001,
3323437500, -4.697053e+001,
3325000000, -4.693486e+001,
3326562500, -4.693760e+001,
3328125000, -4.681331e+001,
3329687500, -4.680993e+001,
3331250000, -4.678263e+001,
3332812500, -4.680666e+001,
3334375000, -4.674649e+001,
3335937500, -4.674662e+001,
3337500000, -4.668667e+001,
3339062500, -4.666554e+001,
3340625000, -4.665963e+001,
3342187500, -4.662938e+001,
3343750000, -4.659087e+001,
3345312500, -4.655161e+001,
3346875000, -4.657266e+001,
3348437500, -4.657497e+001,
3350000000, -4.656137e+001,
3351562500, -4.657352e+001,
3353125000, -4.659076e+001,
3354687500, -4.659459e+001,
3356250000, -4.663431e+001,
3357812500, -4.664627e+001,
3359375000, -4.663314e+001,
3360937500, -4.663347e+001,
3362500000, -4.664017e+001,
3364062500, -4.671332e+001,
3365625000, -4.671178e+001,
3367187500, -4.680475e+001,
3368750000, -4.678785e+001,
3370312500, -4.684245e+001,
3371875000, -4.683754e+001,
3373437500, -4.686811e+001,
3375000000, -4.689888e+001,
3376562500, -4.688295e+001,
3378125000, -4.688525e+001,
3379687500, -4.694829e+001,
3381250000, -4.704744e+001,
3382812500, -4.700533e+001,
3384375000, -4.705996e+001,
3385937500, -4.713890e+001,
3387500000, -4.714193e+001,
3389062500, -4.713140e+001,
3390625000, -4.721303e+001,
3392187500, -4.725312e+001,
3393750000, -4.725479e+001,
3395312500, -4.723571e+001,
3396875000, -4.730514e+001,
3398437500, -4.739383e+001,
3400000000, -4.740358e+001,
3401562500, -4.740908e+001,
3403125000, -4.751561e+001,
3404687500, -4.748024e+001,
3406250000, -4.753440e+001,
3407812500, -4.760313e+001,
3409375000, -4.761713e+001,
3410937500, -4.766220e+001,
3412500000, -4.763542e+001,
3414062500, -4.772226e+001,
3415625000, -4.774458e+001,
3417187500, -4.786441e+001,
3418750000, -4.788939e+001,
3420312500, -4.791061e+001,
3421875000, -4.795338e+001,
3423437500, -4.795341e+001,
3425000000, -4.800101e+001,
3426562500, -4.794661e+001,
3428125000, -4.789743e+001,
3429687500, -4.789859e+001,
3431250000, -4.790247e+001,
3432812500, -4.794740e+001,
3434375000, -4.796764e+001,
3435937500, -4.796661e+001,
3437500000, -4.794626e+001,
3439062500, -4.790221e+001,
3440625000, -4.793962e+001,
3442187500, -4.790207e+001,
3443750000, -4.789433e+001,
3445312500, -4.782002e+001,
3446875000, -4.781338e+001,
3448437500, -4.786985e+001,
3450000000, -4.778538e+001,
3451562500, -4.778609e+001,
3453125000, -4.775141e+001,
3454687500, -4.772013e+001,
3456250000, -4.770201e+001,
3457812500, -4.773419e+001,
3459375000, -4.765794e+001,
3460937500, -4.762973e+001,
3462500000, -4.761590e+001,
3464062500, -4.759346e+001,
3465625000, -4.746461e+001,
3467187500, -4.747252e+001,
3468750000, -4.749799e+001,
3470312500, -4.746494e+001,
3471875000, -4.747395e+001,
3473437500, -4.742889e+001,
3475000000, -4.737772e+001,
3476562500, -4.738762e+001,
3478125000, -4.733740e+001,
3479687500, -4.729730e+001,
3481250000, -4.729967e+001,
3482812500, -4.724847e+001,
3484375000, -4.729744e+001,
3485937500, -4.728122e+001,
3487500000, -4.723335e+001,
3489062500, -4.732294e+001,
3490625000, -4.727756e+001,
3492187500, -4.729030e+001,
3493750000, -4.723182e+001,
3495312500, -4.726201e+001,
3496875000, -4.727652e+001,
3498437500, -4.735061e+001,
3500000000, -4.733597e+001,
3501562500, -4.735423e+001,
3503125000, -4.728680e+001,
3504687500, -4.737762e+001,
3506250000, -4.743084e+001,
3507812500, -4.742795e+001,
3509375000, -4.747544e+001,
3510937500, -4.752200e+001,
3512500000, -4.754045e+001,
3514062500, -4.755504e+001,
3515625000, -4.756360e+001,
3517187500, -4.759948e+001,
3518750000, -4.762910e+001,
3520312500, -4.771125e+001,
3521875000, -4.775976e+001,
3523437500, -4.779126e+001,
3525000000, -4.775921e+001,
3526562500, -4.782169e+001,
3528125000, -4.801334e+001,
3529687500, -4.795053e+001,
3531250000, -4.800058e+001,
3532812500, -4.810764e+001,
3534375000, -4.817277e+001,
3535937500, -4.807853e+001,
3537500000, -4.822552e+001,
3539062500, -4.821703e+001,
3540625000, -4.834154e+001,
3542187500, -4.833735e+001,
3543750000, -4.837839e+001,
3545312500, -4.843214e+001,
3546875000, -4.846564e+001,
3548437500, -4.841458e+001,
3550000000, -4.863226e+001,
3551562500, -4.870370e+001,
3553125000, -4.859212e+001,
3554687500, -4.875502e+001,
3556250000, -4.889058e+001,
3557812500, -4.873769e+001,
3559375000, -4.882860e+001,
3560937500, -4.896717e+001,
3562500000, -4.890555e+001,
3564062500, -4.886256e+001,
3565625000, -4.894059e+001,
3567187500, -4.886669e+001,
3568750000, -4.898108e+001,
3570312500, -4.900760e+001,
3571875000, -4.893364e+001,
3573437500, -4.909830e+001,
3575000000, -4.906228e+001,
3576562500, -4.895303e+001,
3578125000, -4.902148e+001,
3579687500, -4.914808e+001,
3581250000, -4.905335e+001,
3582812500, -4.903156e+001,
3584375000, -4.916316e+001,
3585937500, -4.900087e+001,
3587500000, -4.891913e+001,
3589062500, -4.895952e+001,
3590625000, -4.891647e+001,
3592187500, -4.894723e+001,
3593750000, -4.886998e+001,
3595312500, -4.887259e+001,
3596875000, -4.895830e+001,
3598437500, -4.888022e+001,
3600000000, -4.886201e+001,
3601562500, -4.883532e+001,
3603125000, -4.893692e+001,
3604687500, -4.885061e+001,
3606250000, -4.871965e+001,
3607812500, -4.889114e+001,
3609375000, -4.885952e+001,
3610937500, -4.860464e+001,
3612500000, -4.861517e+001,
3614062500, -4.862132e+001,
3615625000, -4.878107e+001,
3617187500, -4.871831e+001,
3618750000, -4.867860e+001,
3620312500, -4.863647e+001,
3621875000, -4.879897e+001,
3623437500, -4.877956e+001,
3625000000, -4.866128e+001,
3626562500, -4.874802e+001,
3628125000, -4.886874e+001,
3629687500, -4.871166e+001,
3631250000, -4.875541e+001,
3632812500, -4.899062e+001,
3634375000, -4.901262e+001,
3635937500, -4.873055e+001,
3637500000, -4.863193e+001,
3639062500, -4.886303e+001,
3640625000, -4.896003e+001,
3642187500, -4.894231e+001,
3643750000, -4.886414e+001,
3645312500, -4.884053e+001,
3646875000, -4.900928e+001,
3648437500, -4.902441e+001,
3650000000, -4.895985e+001,
3651562500, -4.907239e+001,
3653125000, -4.911588e+001,
3654687500, -4.908061e+001,
3656250000, -4.906055e+001,
3657812500, -4.908998e+001,
3659375000, -4.941229e+001,
3660937500, -4.930175e+001,
3662500000, -4.896843e+001,
3664062500, -4.895975e+001,
3665625000, -4.914432e+001,
3667187500, -4.926123e+001,
3668750000, -4.930955e+001,
3670312500, -4.922838e+001,
3671875000, -4.925831e+001,
3673437500, -4.933858e+001,
3675000000, -4.926064e+001,
3676562500, -4.924094e+001,
3678125000, -4.951841e+001,
3679687500, -4.958657e+001,
3681250000, -4.944971e+001,
3682812500, -4.929905e+001,
3684375000, -4.915715e+001,
3685937500, -4.966815e+001,
3687500000, -4.975579e+001,
3689062500, -4.958149e+001,
3690625000, -4.922066e+001,
3692187500, -4.920287e+001,
3693750000, -4.955950e+001,
3695312500, -4.972107e+001,
3696875000, -4.969683e+001,
3698437500, -4.981505e+001,
3700000000, -4.966398e+001,
3701562500, -4.961904e+001,
3703125000, -4.961564e+001,
3704687500, -4.972470e+001,
3706250000, -4.988150e+001,
3707812500, -5.014639e+001,
3709375000, -4.990126e+001,
3710937500, -4.972386e+001,
3712500000, -4.957753e+001,
3714062500, -4.973783e+001,
3715625000, -5.011921e+001,
3717187500, -5.019231e+001,
3718750000, -4.984034e+001,
3720312500, -4.959967e+001,
3721875000, -4.961243e+001,
3723437500, -4.977430e+001,
3725000000, -4.993068e+001,
3726562500, -5.020411e+001,
3728125000, -5.019611e+001,
3729687500, -4.985350e+001,
3731250000, -4.973031e+001,
3732812500, -4.980608e+001,
3734375000, -5.009873e+001,
3735937500, -5.024903e+001,
3737500000, -5.013431e+001,
3739062500, -5.010855e+001,
3740625000, -4.984434e+001,
3742187500, -4.982583e+001,
3743750000, -4.977763e+001,
3745312500, -5.026273e+001,
3746875000, -5.052509e+001,
3748437500, -5.002426e+001,
3750000000, -4.982007e+001,
3751562500, -4.982898e+001,
3753125000, -4.948046e+001,
3754687500, -4.995807e+001,
3756250000, -5.076374e+001,
3757812500, -5.069238e+001,
3759375000, -4.999191e+001,
3760937500, -4.978222e+001,
3762500000, -5.015659e+001,
3764062500, -5.032125e+001,
3765625000, -5.032410e+001,
3767187500, -5.032071e+001,
3768750000, -5.017455e+001,
3770312500, -5.008394e+001,
3771875000, -4.984770e+001,
3773437500, -4.975446e+001,
3775000000, -5.012676e+001,
3776562500, -5.025977e+001,
3778125000, -5.015480e+001,
3779687500, -4.993584e+001,
3781250000, -5.019263e+001,
3782812500, -4.965843e+001,
3784375000, -4.930468e+001,
3785937500, -5.020455e+001,
3787500000, -5.058321e+001,
3789062500, -5.035070e+001,
3790625000, -4.982761e+001,
3792187500, -4.980742e+001,
3793750000, -5.004669e+001,
3795312500, -5.021462e+001,
3796875000, -5.021171e+001,
3798437500, -5.022688e+001,
3800000000, -5.024028e+001,
3801562500, -4.989457e+001,
3803125000, -4.975283e+001,
3804687500, -5.008978e+001,
3806250000, -5.046870e+001,
3807812500, -5.026954e+001,
3809375000, -5.049149e+001,
3810937500, -5.020292e+001,
3812500000, -5.016896e+001,
3814062500, -5.043137e+001,
3815625000, -5.018460e+001,
3817187500, -5.069966e+001,
3818750000, -5.104346e+001,
3820312500, -5.105196e+001,
3821875000, -5.051806e+001,
3823437500, -5.078760e+001,
3825000000, -5.116890e+001,
3826562500, -5.091637e+001,
3828125000, -5.093608e+001,
3829687500, -5.131786e+001,
3831250000, -5.150722e+001,
3832812500, -5.126771e+001,
3834375000, -5.101030e+001,
3835937500, -5.071429e+001,
3837500000, -5.085537e+001,
3839062500, -5.138681e+001,
3840625000, -5.151543e+001,
3842187500, -5.187851e+001,
3843750000, -5.153490e+001,
3845312500, -5.120984e+001,
3846875000, -5.108138e+001,
3848437500, -5.135762e+001,
3850000000, -5.220942e+001,
3851562500, -5.270039e+001,
3853125000, -5.248225e+001,
3854687500, -5.154100e+001,
3856250000, -5.168741e+001,
3857812500, -5.196672e+001,
3859375000, -5.237209e+001,
3860937500, -5.256783e+001,
3862500000, -5.215543e+001,
3864062500, -5.202333e+001,
3865625000, -5.270998e+001,
3867187500, -5.272036e+001,
3868750000, -5.233120e+001,
3870312500, -5.190724e+001,
3871875000, -5.180873e+001,
3873437500, -5.183544e+001,
3875000000, -5.244163e+001,
3876562500, -5.309139e+001,
3878125000, -5.295670e+001,
3879687500, -5.244163e+001,
3881250000, -5.198031e+001,
3882812500, -5.212136e+001,
3884375000, -5.246814e+001,
3885937500, -5.286387e+001,
3887500000, -5.354853e+001,
3889062500, -5.330587e+001,
3890625000, -5.268102e+001,
3892187500, -5.216309e+001,
3893750000, -5.200097e+001,
3895312500, -5.271381e+001,
3896875000, -5.311271e+001,
3898437500, -5.252386e+001,
3900000000, -5.217532e+001,
3901562500, -5.252008e+001,
3903125000, -5.287704e+001,
3904687500, -5.302034e+001,
3906250000, -5.236071e+001,
3907812500, -5.170258e+001,
3909375000, -5.137371e+001,
3910937500, -5.172866e+001,
3912500000, -5.235774e+001,
3914062500, -5.284419e+001,
3915625000, -5.268012e+001,
3917187500, -5.234626e+001,
3918750000, -5.211845e+001,
3920312500, -5.203810e+001,
3921875000, -5.180029e+001,
3923437500, -5.142832e+001,
3925000000, -5.240387e+001,
3926562500, -5.375754e+001,
3928125000, -5.255873e+001,
3929687500, -5.169396e+001,
3931250000, -5.128183e+001,
3932812500, -5.159431e+001,
3934375000, -5.226698e+001,
3935937500, -5.191882e+001,
3937500000, -5.169363e+001,
3939062500, -5.180947e+001,
3940625000, -5.210609e+001,
3942187500, -5.249252e+001,
3943750000, -5.200288e+001,
3945312500, -5.166164e+001,
3946875000, -5.114960e+001,
3948437500, -5.102557e+001,
3950000000, -5.123273e+001,
3951562500, -5.111667e+001,
3953125000, -5.171152e+001,
3954687500, -5.335352e+001,
3956250000, -5.366469e+001,
3957812500, -5.235246e+001,
3959375000, -5.117522e+001,
3960937500, -5.046305e+001,
3962500000, -5.112744e+001,
3964062500, -5.240671e+001,
3965625000, -5.359439e+001,
3967187500, -5.344303e+001,
3968750000, -5.212700e+001,
3970312500, -5.171334e+001,
3971875000, -5.180320e+001,
3973437500, -5.136560e+001,
3975000000, -5.135323e+001,
3976562500, -5.224274e+001,
3978125000, -5.296832e+001,
3979687500, -5.298067e+001,
3981250000, -5.219930e+001,
3982812500, -5.184922e+001,
3984375000, -5.164863e+001,
3985937500, -5.263059e+001,
3987500000, -5.299400e+001,
3989062500, -5.133489e+001,
3990625000, -5.047588e+001,
3992187500, -5.102262e+001,
3993750000, -5.332327e+001,
3995312500, -5.502257e+001,
3996875000, -5.470853e+001,
3998437500, -5.317665e+001,
4000000000, -5.134558e+001,
4001562500, -5.060631e+001,
4003125000, -5.119888e+001,
4004687500, -5.339769e+001,
4006250000, -5.361176e+001,
4007812500, -5.345685e+001,
4009375000, -5.451654e+001,
4010937500, -5.337674e+001,
4012500000, -5.165128e+001,
4014062500, -5.114899e+001,
4015625000, -5.128579e+001,
4017187500, -5.191454e+001,
4018750000, -5.343509e+001,
4020312500, -5.467278e+001,
4021875000, -5.328460e+001,
4023437500, -5.150588e+001,
4025000000, -5.129972e+001,
4026562500, -5.281168e+001,
4028125000, -5.443695e+001,
4029687500, -5.327782e+001,
4031250000, -5.170421e+001,
4032812500, -5.107617e+001,
4034375000, -5.247546e+001,
4035937500, -5.392452e+001,
4037500000, -5.537857e+001,
4039062500, -5.489352e+001,
4040625000, -5.306631e+001,
4042187500, -5.256033e+001,
4043750000, -5.364040e+001,
4045312500, -5.211362e+001,
4046875000, -5.109684e+001,
4048437500, -5.205100e+001,
4050000000, -5.498913e+001,
4051562500, -5.642771e+001,
4053125000, -5.552877e+001,
4054687500, -5.239913e+001,
4056250000, -5.125575e+001,
4057812500, -5.192461e+001,
4059375000, -5.244028e+001,
4060937500, -5.244672e+001,
4062500000, -5.342162e+001,
4064062500, -5.419127e+001,
4065625000, -5.488456e+001,
4067187500, -5.406254e+001,
4068750000, -5.333128e+001,
4070312500, -5.343315e+001,
4071875000, -5.463089e+001,
4073437500, -5.378331e+001,
4075000000, -5.322485e+001,
4076562500, -5.301682e+001,
4078125000, -5.525528e+001,
4079687500, -5.565519e+001,
4081250000, -5.308247e+001,
4082812500, -5.291449e+001,
4084375000, -5.551524e+001,
4085937500, -5.775666e+001,
4087500000, -5.508025e+001,
4089062500, -5.330694e+001,
4090625000, -5.206470e+001,
4092187500, -5.336709e+001,
4093750000, -5.500072e+001,
4095312500, -5.481470e+001,
4096875000, -5.557573e+001,
4098437500, -5.519565e+001,
4100000000, -5.653465e+001,
4101562500, -5.569925e+001,
4103125000, -5.312529e+001,
4104687500, -5.270898e+001,
4106250000, -5.234752e+001,
4107812500, -5.269436e+001,
4109375000, -5.463177e+001,
4110937500, -5.944899e+001,
4112500000, -5.681298e+001,
4114062500, -5.425413e+001,
4115625000, -5.350227e+001,
4117187500, -5.582739e+001,
4118750000, -5.752723e+001,
4120312500, -5.817861e+001,
4121875000, -5.661667e+001,
4123437500, -5.433997e+001,
4125000000, -5.502179e+001,
4126562500, -5.528574e+001,
4128125000, -5.345576e+001,
4129687500, -5.374097e+001,
4131250000, -5.726779e+001,
4132812500, -5.745830e+001,
4134375000, -5.726246e+001,
4135937500, -5.756270e+001,
4137500000, -5.759265e+001,
4139062500, -5.826728e+001,
4140625000, -5.646221e+001,
4142187500, -5.193006e+001,
4143750000, -5.231122e+001,
4145312500, -5.368325e+001,
4146875000, -5.664296e+001,
4148437500, -5.833706e+001,
4150000000, -6.034310e+001,
4151562500, -5.733302e+001,
4153125000, -5.660346e+001,
4154687500, -5.529294e+001,
4156250000, -5.436097e+001,
4157812500, -5.408568e+001,
4159375000, -5.598030e+001,
4160937500, -5.831952e+001,
4162500000, -5.837980e+001,
4164062500, -5.717272e+001,
4165625000, -5.933881e+001,
4167187500, -5.752627e+001,
4168750000, -5.440141e+001,
4170312500, -5.422968e+001,
4171875000, -5.879481e+001,
4173437500, -7.611179e+001,
4175000000, -5.683769e+001,
4176562500, -5.220805e+001,
4178125000, -5.009139e+001,
4179687500, -5.032569e+001,
4181250000, -5.202024e+001,
4182812500, -5.351457e+001,
4184375000, -5.499419e+001,
4185937500, -5.812688e+001,
4187500000, -5.910030e+001,
4189062500, -5.330877e+001,
4190625000, -5.459053e+001,
4192187500, -5.367087e+001,
4193750000, -5.191657e+001,
4195312500, -5.176587e+001,
4196875000, -5.027487e+001,
4198437500, -5.138783e+001,
4200000000, -5.692970e+001,
4201562500, -6.886225e+001,
4203125000, -6.495177e+001,
4204687500, -6.753636e+001,
4206250000, -5.474984e+001,
4207812500, -5.143044e+001,
4209375000, -5.127752e+001,
4210937500, -5.316779e+001,
4212500000, -5.815673e+001,
4214062500, -7.336944e+001,
4215625000, -5.779529e+001,
4217187500, -5.277298e+001,
4218750000, -5.252252e+001,
4220312500, -5.302463e+001,
4221875000, -5.446460e+001,
4223437500, -5.598855e+001,
4225000000, -6.058052e+001,
4226562500, -7.545658e+001,
4228125000, -5.879343e+001,
4229687500, -5.310856e+001,
4231250000, -5.069447e+001,
4232812500, -5.008704e+001,
4234375000, -5.176793e+001,
4235937500, -5.050339e+001,
4237500000, -4.925748e+001,
4239062500, -5.524993e+001,
4240625000, -5.827224e+001,
4242187500, -5.070858e+001,
4243750000, -4.616756e+001,
4245312500, -4.435186e+001,
4246875000, -4.408807e+001,
4248437500, -4.488935e+001,
4250000000, -4.607367e+001,
4251562500, -4.677581e+001,
4253125000, -4.878053e+001,
4254687500, -5.330922e+001,
4256250000, -5.902497e+001,
4257812500, -5.827832e+001,
4259375000, -5.419198e+001,
4260937500, -5.317313e+001,
4262500000, -5.505251e+001,
4264062500, -6.144240e+001,
4265625000, -5.946339e+001,
4267187500, -5.607485e+001,
4268750000, -5.987587e+001,
4270312500, -5.534072e+001,
4271875000, -5.094905e+001,
4273437500, -5.127743e+001,
4275000000, -5.449526e+001,
4276562500, -5.961328e+001,
4278125000, -5.335035e+001,
4279687500, -5.075766e+001,
4281250000, -5.033909e+001,
4282812500, -5.315952e+001,
4284375000, -5.608634e+001,
4285937500, -5.436572e+001,
4287500000, -5.224477e+001,
4289062500, -4.982570e+001,
4290625000, -4.924345e+001,
4292187500, -5.042015e+001,
4293750000, -5.375114e+001,
4295312500, -5.283511e+001,
4296875000, -4.980835e+001,
4298437500, -4.668174e+001,
4300000000, -4.647442e+001,
4301562500, -4.403628e+001,
4303125000, -3.984040e+001,
4304687500, -3.952324e+001,
4306250000, -3.830484e+001,
4307812500, -3.795894e+001,
4309375000, -3.828246e+001,
4310937500, -3.875831e+001,
4312500000, -3.960558e+001,
4314062500, -4.304223e+001,
4315625000, -4.254445e+001,
4317187500, -4.171124e+001,
4318750000, -4.042405e+001,
4320312500, -4.156013e+001,
4321875000, -6.402390e+001,
4323437500, -4.641929e+001,
4325000000, -4.304199e+001,
4326562500, -4.044426e+001,
4328125000, -3.930867e+001,
4329687500, -3.771661e+001,
4331250000, -3.542146e+001,
4332812500, -3.344766e+001,
4334375000, -3.369786e+001,
4335937500, -3.480504e+001,
4337500000, -3.582402e+001,
4339062500, -3.835524e+001,
4340625000, -4.007664e+001,
4342187500, -3.976072e+001,
4343750000, -4.151673e+001,
4345312500, -3.900925e+001,
4346875000, -4.017258e+001,
4348437500, -4.198598e+001,
4350000000, -4.395059e+001,
4351562500, -4.441547e+001,
4353125000, -4.321804e+001,
4354687500, -4.464690e+001,
4356250000, -4.880631e+001,
4357812500, -5.671689e+001,
4359375000, -6.290856e+001,
4360937500, -5.872016e+001,
4362500000, -5.546508e+001,
4364062500, -5.471402e+001,
4365625000, -4.876184e+001,
4367187500, -4.157240e+001,
4368750000, -4.223086e+001,
4370312500, -4.596437e+001,
4371875000, -4.594809e+001,
4373437500, -4.092075e+001,
4375000000, -3.851451e+001,
4376562500, -3.806197e+001,
4378125000, -3.847699e+001,
4379687500, -3.898095e+001,
4381250000, -4.533616e+001,
4382812500, -4.315179e+001,
4384375000, -4.010625e+001,
4385937500, -3.871861e+001,
4387500000, -3.775644e+001,
4389062500, -4.157725e+001,
4390625000, -3.974519e+001,
4392187500, -3.615813e+001,
4393750000, -3.372155e+001,
4395312500, -2.977327e+001,
4396875000, -2.727925e+001,
4398437500, -2.963119e+001,
4400000000, -3.092505e+001,
4401562500, -2.956899e+001,
4403125000, -2.744581e+001,
4404687500, -2.399342e+001,
4406250000, -2.250722e+001,
4407812500, -2.493990e+001,
4409375000, -2.771064e+001,
4410937500, -2.860248e+001,
4412500000, -2.853471e+001,
4414062500, -2.724634e+001,
4415625000, -2.661058e+001,
4417187500, -2.801623e+001,
4418750000, -2.956634e+001,
4420312500, -2.849424e+001,
4421875000, -3.054634e+001,
4423437500, -3.152848e+001,
4425000000, -3.172326e+001,
4426562500, -3.167044e+001,
4428125000, -3.185628e+001,
4429687500, -3.339686e+001,
4431250000, -3.447305e+001,
4432812500, -3.705291e+001,
4434375000, -4.065787e+001,
4435937500, -4.163234e+001,
4437500000, -4.093083e+001,
4439062500, -4.607877e+001,
4440625000, -5.407090e+001,
4442187500, -4.909743e+001,
4443750000, -5.085221e+001,
4445312500, -4.977851e+001,
4446875000, -4.584699e+001,
4448437500, -4.231810e+001,
4450000000, -3.888391e+001,
4451562500, -3.615182e+001,
4453125000, -3.810119e+001,
4454687500, -4.363497e+001,
4456250000, -4.197206e+001,
4457812500, -3.877151e+001,
4459375000, -3.850531e+001,
4460937500, -3.902933e+001,
4462500000, -3.797046e+001,
4464062500, -3.680816e+001,
4465625000, -3.803249e+001,
4467187500, -3.926123e+001,
4468750000, -3.850295e+001,
4470312500, -3.852226e+001,
4471875000, -3.725830e+001,
4473437500, -3.641508e+001,
4475000000, -3.443235e+001,
4476562500, -3.392845e+001,
4478125000, -3.745802e+001,
4479687500, -4.074681e+001,
4481250000, -3.814434e+001,
4482812500, -3.674448e+001,
4484375000, -3.685954e+001,
4485937500, -3.671484e+001,
4487500000, -3.728300e+001,
4489062500, -3.533865e+001,
4490625000, -2.987383e+001,
4492187500, -2.248302e+001,
4493750000, -1.909064e+001,
4495312500, -2.140007e+001,
4496875000, -2.314667e+001,
4498437500, -2.405313e+001,
4500000000, -2.433085e+001,
4501562500, -2.447525e+001,
4503125000, -2.323968e+001,
4504687500, -2.106562e+001,
4506250000, -1.855754e+001,
4507812500, -1.720539e+001,
4509375000, -1.683882e+001,
4510937500, -1.726625e+001,
4512500000, -1.837031e+001,
4514062500, -1.789755e+001,
4515625000, -1.804439e+001,
4517187500, -1.845370e+001,
4518750000, -1.787817e+001,
4520312500, -1.694441e+001,
4521875000, -1.556072e+001,
4523437500, -1.423333e+001,
4525000000, -1.349140e+001,
4526562500, -1.379748e+001,
4528125000, -1.484431e+001,
4529687500, -1.529363e+001,
4531250000, -1.520230e+001,
4532812500, -1.519337e+001,
4534375000, -1.526485e+001,
4535937500, -1.502931e+001,
4537500000, -1.416228e+001,
4539062500, -1.302046e+001,
4540625000, -1.316818e+001,
4542187500, -1.469480e+001,
4543750000, -1.644672e+001,
4545312500, -1.767627e+001,
4546875000, -1.837035e+001,
4548437500, -1.883512e+001,
4550000000, -1.910589e+001,
4551562500, -1.897174e+001,
4553125000, -1.803450e+001,
4554687500, -1.780774e+001,
4556250000, -1.967033e+001,
4557812500, -2.171637e+001,
4559375000, -2.437819e+001,
4560937500, -2.682191e+001,
4562500000, -2.709104e+001,
4564062500, -2.697614e+001,
4565625000, -2.866994e+001,
4567187500, -2.685392e+001,
4568750000, -2.070858e+001,
4570312500, -1.811538e+001,
4571875000, -2.041896e+001,
4573437500, -2.409328e+001,
4575000000, -2.438153e+001,
4576562500, -2.236788e+001,
4578125000, -2.098399e+001,
4579687500, -2.059389e+001,
4581250000, -2.490637e+001,
4582812500, -3.099036e+001,
4584375000, -1.983065e+001,
4585937500, -1.679126e+001,
4587500000, -1.497380e+001,
4589062500, -1.436730e+001,
4590625000, -1.480771e+001,
4592187500, -1.557134e+001,
4593750000, -1.728685e+001,
4595312500, -2.152918e+001,
4596875000, -2.042233e+001,
4598437500, -1.610075e+001,
4600000000, -1.344919e+001,
4601562500, -1.253429e+001,
4603125000, -1.288675e+001,
4604687500, -1.365262e+001,
4606250000, -1.466192e+001,
4607812500, -1.570133e+001,
4609375000, -1.575185e+001,
4610937500, -1.520189e+001,
4612500000, -1.452533e+001,
4614062500, -1.411370e+001,
4615625000, -1.502772e+001,
4617187500, -1.614869e+001,
4618750000, -1.690450e+001,
4620312500, -1.720097e+001,
4621875000, -1.741795e+001,
4623437500, -1.757122e+001,
4625000000, -1.742719e+001,
4626562500, -1.791024e+001,
4628125000, -1.975142e+001,
4629687500, -2.217722e+001,
4631250000, -2.276875e+001,
4632812500, -2.277370e+001,
4634375000, -2.318057e+001,
4635937500, -2.357217e+001,
4637500000, -2.256828e+001,
4639062500, -2.199601e+001,
4640625000, -2.282699e+001,
4642187500, -2.437671e+001,
4643750000, -2.599560e+001,
4645312500, -2.617534e+001,
4646875000, -2.591826e+001,
4648437500, -2.473521e+001,
4650000000, -2.215192e+001,
4651562500, -1.955490e+001,
4653125000, -1.757027e+001,
4654687500, -1.683691e+001,
4656250000, -1.705094e+001,
4657812500, -1.803330e+001,
4659375000, -1.922540e+001,
4660937500, -2.034869e+001,
4662500000, -2.106193e+001,
4664062500, -1.999290e+001,
4665625000, -1.900287e+001,
4667187500, -1.896469e+001,
4668750000, -1.921955e+001,
4670312500, -2.017858e+001,
4671875000, -2.157637e+001,
4673437500, -2.264714e+001,
4675000000, -2.395011e+001,
4676562500, -2.396856e+001,
4678125000, -2.318007e+001,
4679687500, -2.346938e+001,
4681250000, -2.318833e+001,
4682812500, -2.261123e+001,
4684375000, -2.195286e+001,
4685937500, -2.160005e+001,
4687500000, -2.153955e+001,
4689062500, -2.193487e+001,
4690625000, -2.317859e+001,
4692187500, -2.464101e+001,
4693750000, -2.534152e+001,
4695312500, -2.565177e+001,
4696875000, -2.591085e+001,
4698437500, -2.730672e+001,
4700000000, -2.983617e+001,
4701562500, -3.672055e+001,
4703125000, -4.619641e+001,
4704687500, -3.680009e+001,
4706250000, -3.430034e+001,
4707812500, -3.716234e+001,
4709375000, -3.684076e+001,
4710937500, -3.239655e+001,
4712500000, -2.962527e+001,
4714062500, -2.765078e+001,
4715625000, -2.697264e+001,
4717187500, -2.653315e+001,
4718750000, -2.615472e+001,
4720312500, -2.679053e+001,
4721875000, -2.708622e+001,
4723437500, -2.671095e+001,
4725000000, -2.613357e+001,
4726562500, -2.575391e+001,
4728125000, -2.651685e+001,
4729687500, -2.909610e+001,
4731250000, -3.123395e+001,
4732812500, -2.794656e+001,
4734375000, -2.635000e+001,
4735937500, -2.625891e+001,
4737500000, -2.706773e+001,
4739062500, -2.833867e+001,
4740625000, -2.827647e+001,
4742187500, -2.721052e+001,
4743750000, -2.407344e+001,
4745312500, -2.085715e+001,
4746875000, -2.218255e+001,
4748437500, -2.416443e+001,
4750000000, -2.547202e+001,
4751562500, -2.582748e+001,
4753125000, -2.613861e+001,
4754687500, -2.606877e+001,
4756250000, -2.495643e+001,
4757812500, -2.330084e+001,
4759375000, -2.332422e+001,
4760937500, -2.561759e+001,
4762500000, -2.663110e+001,
4764062500, -2.687037e+001,
4765625000, -2.638888e+001,
4767187500, -2.564768e+001,
4768750000, -2.453513e+001,
4770312500, -2.324639e+001,
4771875000, -2.179137e+001,
4773437500, -2.148115e+001,
4775000000, -2.251623e+001,
4776562500, -2.397389e+001,
4778125000, -2.510843e+001,
4779687500, -2.605076e+001,
4781250000, -2.665138e+001,
4782812500, -2.629833e+001,
4784375000, -2.480855e+001,
4785937500, -2.335081e+001,
4787500000, -2.550742e+001,
4789062500, -3.119928e+001,
4790625000, -3.473826e+001,
4792187500, -3.472661e+001,
4793750000, -3.342309e+001,
4795312500, -3.221173e+001,
4796875000, -3.100602e+001,
4798437500, -2.939275e+001,
4800000000, -2.942757e+001,
4801562500, -3.762555e+001,
4803125000, -4.202631e+001,
4804687500, -3.973476e+001,
4806250000, -3.952365e+001,
4807812500, -4.087089e+001,
4809375000, -4.348195e+001,
4810937500, -4.558443e+001,
4812500000, -3.995810e+001,
4814062500, -3.392236e+001,
4815625000, -3.592477e+001,
4817187500, -4.299462e+001,
4818750000, -4.844515e+001,
4820312500, -4.338994e+001,
4821875000, -4.023997e+001,
4823437500, -3.853362e+001,
4825000000, -3.623423e+001,
4826562500, -3.174538e+001,
4828125000, -2.864599e+001,
4829687500, -3.060550e+001,
4831250000, -3.255278e+001,
4832812500, -3.364366e+001,
4834375000, -3.426627e+001,
4835937500, -3.459174e+001,
4837500000, -3.526892e+001,
4839062500, -3.416571e+001,
4840625000, -2.940861e+001,
4842187500, -2.964675e+001,
4843750000, -3.345716e+001,
4845312500, -3.634067e+001,
4846875000, -3.801479e+001,
4848437500, -3.920505e+001,
4850000000, -4.087354e+001,
4851562500, -4.660694e+001,
4853125000, -4.473322e+001,
4854687500, -3.486630e+001,
4856250000, -3.672765e+001,
4857812500, -4.078262e+001,
4859375000, -4.635764e+001,
4860937500, -4.790012e+001,
4862500000, -4.269490e+001,
4864062500, -3.939853e+001,
4865625000, -3.853198e+001,
4867187500, -4.362175e+001,
4868750000, -4.044261e+001,
4870312500, -3.815920e+001,
4871875000, -3.845890e+001,
4873437500, -4.019457e+001,
4875000000, -4.246671e+001,
4876562500, -4.446930e+001,
4878125000, -4.504671e+001,
4879687500, -4.532067e+001,
4881250000, -4.692672e+001,
4882812500, -4.526068e+001,
4884375000, -4.327729e+001,
4885937500, -4.197657e+001,
4887500000, -4.133413e+001,
4889062500, -4.127286e+001,
4890625000, -4.314118e+001,
4892187500, -4.808447e+001,
4893750000, -5.607995e+001,
4895312500, -5.051685e+001,
4896875000, -4.593895e+001,
4898437500, -4.419233e+001,
4900000000, -4.511435e+001,
4901562500, -4.913071e+001,
4903125000, -5.081142e+001,
4904687500, -4.600612e+001,
4906250000, -4.328293e+001,
4907812500, -4.185635e+001,
4909375000, -4.137147e+001,
4910937500, -4.165572e+001,
4912500000, -4.228471e+001,
4914062500, -4.347511e+001,
4915625000, -4.562752e+001,
4917187500, -4.954690e+001,
4918750000, -5.104752e+001,
4920312500, -4.651804e+001,
4921875000, -4.378681e+001,
4923437500, -4.336155e+001,
4925000000, -4.470279e+001,
4926562500, -4.812693e+001,
4928125000, -5.154281e+001,
4929687500, -4.898709e+001,
4931250000, -4.793431e+001,
4932812500, -4.804527e+001,
4934375000, -4.812537e+001,
4935937500, -4.916527e+001,
4937500000, -5.187383e+001,
4939062500, -6.011400e+001,
4940625000, -4.962737e+001,
4942187500, -4.353787e+001,
4943750000, -4.119891e+001,
4945312500, -4.033102e+001,
4946875000, -4.085184e+001,
4948437500, -4.350909e+001,
4950000000, -4.752705e+001,
4951562500, -4.861084e+001,
4953125000, -4.413605e+001,
4954687500, -4.127064e+001,
4956250000, -4.071643e+001,
4957812500, -4.199498e+001,
4959375000, -4.596651e+001,
4960937500, -5.839104e+001,
4962500000, -5.151254e+001,
4964062500, -4.613276e+001,
4965625000, -4.545049e+001,
4967187500, -4.853865e+001,
4968750000, -5.668106e+001,
4970312500, -5.453770e+001,
4971875000, -5.007585e+001,
4973437500, -4.897353e+001,
4975000000, -4.838362e+001,
4976562500, -4.724490e+001,
4978125000, -4.704402e+001,
4979687500, -4.940707e+001,
4981250000, -5.679742e+001,
4982812500, -5.709109e+001,
4984375000, -4.945100e+001,
4985937500, -4.658556e+001,
4987500000, -4.642493e+001,
4989062500, -4.797401e+001,
4990625000, -5.130244e+001,
4992187500, -5.626239e+001,
4993750000, -5.241729e+001,
4995312500, -4.906743e+001,
4996875000, -4.878836e+001,
4998437500, -5.145674e+001,
5000000000, -5.297974e+001,
5001562500, -5.033748e+001,
5003125000, -4.853045e+001,
5004687500, -4.832267e+001,
5006250000, -4.968829e+001,
5007812500, -5.279702e+001,
5009375000, -5.494854e+001,
5010937500, -5.240591e+001,
5012500000, -4.884573e+001,
5014062500, -4.738484e+001,
5015625000, -4.788766e+001,
5017187500, -5.154242e+001,
5018750000, -5.839270e+001,
5020312500, -5.211934e+001,
5021875000, -4.802583e+001,
5023437500, -4.805623e+001,
5025000000, -5.210347e+001,
5026562500, -5.373543e+001,
5028125000, -4.901244e+001,
5029687500, -4.831599e+001,
5031250000, -5.186622e+001,
5032812500, -5.650465e+001,
5034375000, -5.106176e+001,
5035937500, -4.803547e+001,
5037500000, -4.790758e+001,
5039062500, -5.142038e+001,
5040625000, -5.799035e+001,
5042187500, -5.058245e+001,
5043750000, -4.826175e+001,
5045312500, -5.062265e+001,
5046875000, -5.288623e+001,
5048437500, -5.013287e+001,
5050000000, -5.029797e+001,
5051562500, -5.265234e+001,
5053125000, -5.216246e+001,
5054687500, -5.073876e+001,
5056250000, -5.009275e+001,
5057812500, -5.053094e+001,
5059375000, -5.197551e+001,
5060937500, -5.214960e+001,
5062500000, -5.081501e+001,
5064062500, -5.102640e+001,
5065625000, -5.110930e+001,
5067187500, -5.063303e+001,
5068750000, -5.120858e+001,
5070312500, -5.202272e+001,
5071875000, -5.120395e+001,
5073437500, -5.058217e+001,
5075000000, -5.079837e+001,
5076562500, -5.093099e+001,
5078125000, -5.132200e+001,
5079687500, -5.179559e+001,
5081250000, -5.115073e+001,
5082812500, -5.035258e+001,
5084375000, -5.089821e+001,
5085937500, -5.173975e+001,
5087500000, -5.113773e+001,
5089062500, -5.081405e+001,
5090625000, -5.105837e+001,
5092187500, -5.081697e+001,
5093750000, -5.115256e+001,
5095312500, -5.147542e+001,
5096875000, -5.077795e+001,
5098437500, -5.097811e+001,
5100000000, -5.104472e+001,
5101562500, -5.109000e+001,
5103125000, -5.103114e+001,
5104687500, -5.106461e+001,
5106250000, -5.096626e+001,
5107812500, -5.103989e+001,
5109375000, -5.117854e+001,
5110937500, -5.136123e+001,
5112500000, -5.113118e+001,
5114062500, -5.076949e+001,
5115625000, -5.159597e+001,
5117187500, -5.114129e+001,
5118750000, -5.082551e+001,
5120312500, -5.126736e+001,
5121875000, -5.119762e+001,
5123437500, -5.122621e+001,
5125000000, -5.099662e+001,
5126562500, -5.120464e+001,
5128125000, -5.135226e+001,
5129687500, -5.129439e+001,
5131250000, -5.130525e+001,
5132812500, -5.147301e+001,
5134375000, -5.158884e+001,
5135937500, -5.162658e+001,
5137500000, -5.163004e+001,
5139062500, -5.177367e+001,
5140625000, -5.189122e+001,
5142187500, -5.186786e+001,
5143750000, -5.201711e+001,
5145312500, -5.203730e+001,
5146875000, -5.214576e+001,
5148437500, -5.225100e+001,
5150000000, -5.230009e+001,
5151562500, -5.232211e+001,
5153125000, -5.248319e+001,
5154687500, -5.249028e+001,
5156250000, -5.263527e+001,
5157812500, -5.269765e+001,
5159375000, -5.266947e+001,
5160937500, -5.277418e+001,
5162500000, -5.292229e+001,
5164062500, -5.292523e+001,
5165625000, -5.294742e+001,
5167187500, -5.302927e+001,
5168750000, -5.305812e+001,
5170312500, -5.294991e+001,
5171875000, -5.284739e+001,
5173437500, -5.336232e+001,
5175000000, -5.333758e+001,
5176562500, -5.343948e+001,
5178125000, -5.342280e+001,
5179687500, -5.360764e+001,
5181250000, -5.367846e+001,
5182812500, -5.379341e+001,
5184375000, -5.375900e+001,
5185937500, -5.388488e+001,
5187500000, -5.399270e+001,
5189062500, -5.394078e+001,
5190625000, -5.406546e+001,
5192187500, -5.406894e+001,
5193750000, -5.420003e+001,
5195312500, -5.425387e+001,
5196875000, -5.428043e+001,
5198437500, -5.425045e+001,
5200000000, -5.438568e+001,
5201562500, -5.438260e+001,
5203125000, -5.434083e+001,
5204687500, -5.440804e+001,
5206250000, -5.448991e+001,
5207812500, -5.447057e+001,
5209375000, -5.460142e+001,
5210937500, -5.464971e+001,
5212500000, -5.467814e+001,
5214062500, -5.470613e+001,
5215625000, -5.469724e+001,
5217187500, -5.470536e+001,
5218750000, -5.477362e+001,
5220312500, -5.473904e+001,
5221875000, -5.473883e+001,
5223437500, -5.472522e+001,
5225000000, -5.482325e+001,
5226562500, -5.478407e+001,
5228125000, -5.477909e+001,
5229687500, -5.482992e+001,
5231250000, -5.480758e+001,
5232812500, -5.486824e+001,
5234375000, -5.476890e+001,
5235937500, -5.478453e+001,
5237500000, -5.475237e+001,
5239062500, -5.479412e+001,
5240625000, -5.482525e+001,
5242187500, -5.482455e+001,
5243750000, -5.475783e+001,
5245312500, -5.477393e+001,
5246875000, -5.480127e+001,
5248437500, -5.483957e+001,
5250000000, -5.482380e+001,
5251562500, -5.483111e+001,
5253125000, -5.481164e+001,
5254687500, -5.481218e+001,
5256250000, -5.480599e+001,
5257812500, -5.474909e+001,
5259375000, -5.484838e+001,
5260937500, -5.481365e+001,
5262500000, -5.468747e+001,
5264062500, -5.469117e+001,
5265625000, -5.465593e+001,
5267187500, -5.467649e+001,
5268750000, -5.469484e+001,
5270312500, -5.471381e+001,
5271875000, -5.471823e+001,
5273437500, -5.468542e+001,
5275000000, -5.479314e+001,
5276562500, -5.484349e+001,
5278125000, -5.484742e+001,
5279687500, -5.487349e+001,
5281250000, -5.494530e+001,
5282812500, -5.496008e+001,
5284375000, -5.499073e+001,
5285937500, -5.502483e+001,
5287500000, -5.503397e+001,
5289062500, -5.511127e+001,
5290625000, -5.503984e+001,
5292187500, -5.519062e+001,
5293750000, -5.511166e+001,
5295312500, -5.511752e+001,
5296875000, -5.512569e+001,
5298437500, -5.526091e+001,
5300000000, -5.519268e+001,
5301562500, -5.519555e+001,
5303125000, -5.521274e+001,
5304687500, -5.520146e+001,
5306250000, -5.518618e+001,
5307812500, -5.515916e+001,
5309375000, -5.527811e+001,
5310937500, -5.524158e+001,
5312500000, -5.525336e+001,
5314062500, -5.513283e+001,
5315625000, -5.515932e+001,
5317187500, -5.511560e+001,
5318750000, -5.508836e+001,
5320312500, -5.513839e+001,
5321875000, -5.515460e+001,
5323437500, -5.507593e+001,
5325000000, -5.513270e+001,
5326562500, -5.518539e+001,
5328125000, -5.519076e+001,
5329687500, -5.521163e+001,
5331250000, -5.525288e+001,
5332812500, -5.529786e+001,
5334375000, -5.518739e+001,
5335937500, -5.519993e+001,
5337500000, -5.514584e+001,
5339062500, -5.516493e+001,
5340625000, -5.507752e+001,
5342187500, -5.517902e+001,
5343750000, -5.515643e+001,
5345312500, -5.513109e+001,
5346875000, -5.505135e+001,
5348437500, -5.510423e+001,
5350000000, -5.502731e+001,
5351562500, -5.509933e+001,
5353125000, -5.502140e+001,
5354687500, -5.490267e+001,
5356250000, -5.486169e+001,
5357812500, -5.473726e+001,
5359375000, -5.465895e+001,
5360937500, -5.462755e+001,
5362500000, -5.448439e+001,
5364062500, -5.448676e+001,
5365625000, -5.434999e+001,
5367187500, -5.436035e+001,
5368750000, -5.432745e+001,
5370312500, -5.425026e+001,
5371875000, -5.420963e+001,
5373437500, -5.409991e+001,
5375000000, -5.403227e+001,
5376562500, -5.401214e+001,
5378125000, -5.393636e+001,
5379687500, -5.389537e+001,
5381250000, -5.385171e+001,
5382812500, -5.377605e+001,
5384375000, -5.377253e+001,
5385937500, -5.366341e+001,
5387500000, -5.369497e+001,
5389062500, -5.373233e+001,
5390625000, -5.355994e+001,
5392187500, -5.354213e+001,
5393750000, -5.354268e+001,
5395312500, -5.349079e+001,
5396875000, -5.347729e+001,
5398437500, -5.345383e+001,
5400000000, -5.344864e+001,
5401562500, -5.336523e+001,
5403125000, -5.334164e+001,
5404687500, -5.330603e+001,
5406250000, -5.331683e+001,
5407812500, -5.334912e+001,
5409375000, -5.322690e+001,
5410937500, -5.324787e+001,
5412500000, -5.321199e+001,
5414062500, -5.324312e+001,
5415625000, -5.327890e+001,
5417187500, -5.333065e+001,
5418750000, -5.325901e+001,
5420312500, -5.330679e+001,
5421875000, -5.332463e+001,
5423437500, -5.332818e+001,
5425000000, -5.335550e+001,
5426562500, -5.337684e+001,
5428125000, -5.341898e+001,
5429687500, -5.348502e+001,
5431250000, -5.341384e+001,
5432812500, -5.348007e+001,
5434375000, -5.346304e+001,
5435937500, -5.348797e+001,
5437500000, -5.362551e+001,
5439062500, -5.359780e+001,
5440625000, -5.368416e+001,
5442187500, -5.369353e+001,
5443750000, -5.371931e+001,
5445312500, -5.372091e+001,
5446875000, -5.379638e+001,
5448437500, -5.386324e+001,
5450000000, -5.387910e+001,
5451562500, -5.394653e+001,
5453125000, -5.402987e+001,
5454687500, -5.413418e+001,
5456250000, -5.408778e+001,
5457812500, -5.425934e+001,
5459375000, -5.423365e+001,
5460937500, -5.429849e+001,
5462500000, -5.435586e+001,
5464062500, -5.440843e+001,
5465625000, -5.439183e+001,
5467187500, -5.447775e+001,
5468750000, -5.446660e+001,
5470312500, -5.452218e+001,
5471875000, -5.466521e+001,
5473437500, -5.466771e+001,
5475000000, -5.464418e+001,
5476562500, -5.471779e+001,
5478125000, -5.480701e+001,
5479687500, -5.479256e+001,
5481250000, -5.495320e+001,
5482812500, -5.494507e+001,
5484375000, -5.503324e+001,
5485937500, -5.510177e+001,
5487500000, -5.505552e+001,
5489062500, -5.506388e+001,
5490625000, -5.515334e+001,
5492187500, -5.516504e+001,
5493750000, -5.525730e+001,
5495312500, -5.533639e+001,
5496875000, -5.521526e+001,
5498437500, -5.525446e+001,
5500000000, -5.520224e+001,
