"S21 Log Mag"
"Frequency (Hz)","dB",
3000000000, -6.664074e+001,
3001250000, -6.651255e+001,
3002500000, -6.639558e+001,
3003750000, -6.612741e+001,
3005000000, -6.618974e+001,
3006250000, -6.641047e+001,
3007500000, -6.618647e+001,
3008750000, -6.636885e+001,
3010000000, -6.592907e+001,
3011250000, -6.584259e+001,
3012500000, -6.597570e+001,
3013750000, -6.627246e+001,
3015000000, -6.605676e+001,
3016250000, -6.576307e+001,
3017500000, -6.554157e+001,
3018750000, -6.536078e+001,
3020000000, -6.549771e+001,
3021250000, -6.501251e+001,
3022500000, -6.541514e+001,
3023750000, -6.545853e+001,
3025000000, -6.508567e+001,
3026250000, -6.523544e+001,
3027500000, -6.502721e+001,
3028750000, -6.512630e+001,
3030000000, -6.509339e+001,
3031250000, -6.510375e+001,
3032500000, -6.517969e+001,
3033750000, -6.510293e+001,
3035000000, -6.527335e+001,
3036250000, -6.500601e+001,
3037500000, -6.516827e+001,
3038750000, -6.481369e+001,
3040000000, -6.487935e+001,
3041250000, -6.502936e+001,
3042500000, -6.501035e+001,
3043750000, -6.502905e+001,
3045000000, -6.513123e+001,
3046250000, -6.505602e+001,
3047500000, -6.506599e+001,
3048750000, -6.496844e+001,
3050000000, -6.503599e+001,
3051250000, -6.489486e+001,
3052500000, -6.500701e+001,
3053750000, -6.495529e+001,
3055000000, -6.494804e+001,
3056250000, -6.511034e+001,
3057500000, -6.486832e+001,
3058750000, -6.497089e+001,
3060000000, -6.476412e+001,
3061250000, -6.462989e+001,
3062500000, -6.492946e+001,
3063750000, -6.466766e+001,
3065000000, -6.463570e+001,
3066250000, -6.472652e+001,
3067500000, -6.484329e+001,
3068750000, -6.470637e+001,
3070000000, -6.473121e+001,
3071250000, -6.463138e+001,
3072500000, -6.452127e+001,
3073750000, -6.452923e+001,
3075000000, -6.447658e+001,
3076250000, -6.433159e+001,
3077500000, -6.473141e+001,
3078750000, -6.457780e+001,
3080000000, -6.417612e+001,
3081250000, -6.447717e+001,
3082500000, -6.417781e+001,
3083750000, -6.434126e+001,
3085000000, -6.462670e+001,
3086250000, -6.436347e+001,
3087500000, -6.389711e+001,
3088750000, -6.403257e+001,
3090000000, -6.378709e+001,
3091250000, -6.362427e+001,
3092500000, -6.389160e+001,
3093750000, -6.397106e+001,
3095000000, -6.414624e+001,
3096250000, -6.393814e+001,
3097500000, -6.371996e+001,
3098750000, -6.386506e+001,
3100000000, -6.380260e+001,
3101250000, -6.336243e+001,
3102500000, -6.375503e+001,
3103750000, -6.362557e+001,
3105000000, -6.356360e+001,
3106250000, -6.339780e+001,
3107500000, -6.315838e+001,
3108750000, -6.305154e+001,
3110000000, -6.323217e+001,
3111250000, -6.348782e+001,
3112500000, -6.338722e+001,
3113750000, -6.308175e+001,
3115000000, -6.306266e+001,
3116250000, -6.289750e+001,
3117500000, -6.324188e+001,
3118750000, -6.319947e+001,
3120000000, -6.304608e+001,
3121250000, -6.294351e+001,
3122500000, -6.262329e+001,
3123750000, -6.284358e+001,
3125000000, -6.248273e+001,
3126250000, -6.262931e+001,
3127500000, -6.256398e+001,
3128750000, -6.232070e+001,
3130000000, -6.252409e+001,
3131250000, -6.248619e+001,
3132500000, -6.237577e+001,
3133750000, -6.227584e+001,
3135000000, -6.206186e+001,
3136250000, -6.220810e+001,
3137500000, -6.220226e+001,
3138750000, -6.251385e+001,
3140000000, -6.211578e+001,
3141250000, -6.244693e+001,
3142500000, -6.230647e+001,
3143750000, -6.256066e+001,
3145000000, -6.227197e+001,
3146250000, -6.228437e+001,
3147500000, -6.234554e+001,
3148750000, -6.270246e+001,
3150000000, -6.241145e+001,
3151250000, -6.267036e+001,
3152500000, -6.245967e+001,
3153750000, -6.261654e+001,
3155000000, -6.280451e+001,
3156250000, -6.278796e+001,
3157500000, -6.284423e+001,
3158750000, -6.307601e+001,
3160000000, -6.277345e+001,
3161250000, -6.300721e+001,
3162500000, -6.312389e+001,
3163750000, -6.314072e+001,
3165000000, -6.337646e+001,
3166250000, -6.321189e+001,
3167500000, -6.309538e+001,
3168750000, -6.328552e+001,
3170000000, -6.300986e+001,
3171250000, -6.344789e+001,
3172500000, -6.319935e+001,
3173750000, -6.314336e+001,
3175000000, -6.324313e+001,
3176250000, -6.304535e+001,
3177500000, -6.308041e+001,
3178750000, -6.305019e+001,
3180000000, -6.313977e+001,
3181250000, -6.310314e+001,
3182500000, -6.318852e+001,
3183750000, -6.291333e+001,
3185000000, -6.321334e+001,
3186250000, -6.304452e+001,
3187500000, -6.359449e+001,
3188750000, -6.308632e+001,
3190000000, -6.327480e+001,
3191250000, -6.305797e+001,
3192500000, -6.335934e+001,
3193750000, -6.304128e+001,
3195000000, -6.303688e+001,
3196250000, -6.317511e+001,
3197500000, -6.291766e+001,
3198750000, -6.307260e+001,
3200000000, -6.290688e+001,
3201250000, -6.309156e+001,
3202500000, -6.247061e+001,
3203750000, -6.273312e+001,
3205000000, -6.272805e+001,
3206250000, -6.272500e+001,
3207500000, -6.271325e+001,
3208750000, -6.248941e+001,
3210000000, -6.258731e+001,
3211250000, -6.266325e+001,
3212500000, -6.277171e+001,
3213750000, -6.211665e+001,
3215000000, -6.292776e+001,
3216250000, -6.247092e+001,
3217500000, -6.283262e+001,
3218750000, -6.285115e+001,
3220000000, -6.271285e+001,
3221250000, -6.262785e+001,
3222500000, -6.240283e+001,
3223750000, -6.279285e+001,
3225000000, -6.288970e+001,
3226250000, -6.309621e+001,
3227500000, -6.277993e+001,
3228750000, -6.299937e+001,
3230000000, -6.290975e+001,
3231250000, -6.259640e+001,
3232500000, -6.294659e+001,
3233750000, -6.277608e+001,
3235000000, -6.286139e+001,
3236250000, -6.292574e+001,
3237500000, -6.320972e+001,
3238750000, -6.290773e+001,
3240000000, -6.321706e+001,
3241250000, -6.306788e+001,
3242500000, -6.347887e+001,
3243750000, -6.304255e+001,
3245000000, -6.327096e+001,
3246250000, -6.354721e+001,
3247500000, -6.337415e+001,
3248750000, -6.317439e+001,
3250000000, -6.345304e+001,
3251250000, -6.327773e+001,
3252500000, -6.348856e+001,
3253750000, -6.352924e+001,
3255000000, -6.360610e+001,
3256250000, -6.358261e+001,
3257500000, -6.350224e+001,
3258750000, -6.370191e+001,
3260000000, -6.326926e+001,
3261250000, -6.421838e+001,
3262500000, -6.302277e+001,
3263750000, -6.403313e+001,
3265000000, -6.325004e+001,
3266250000, -6.386761e+001,
3267500000, -6.383586e+001,
3268750000, -6.341466e+001,
3270000000, -6.387832e+001,
3271250000, -6.379620e+001,
3272500000, -6.332243e+001,
3273750000, -6.378632e+001,
3275000000, -6.336562e+001,
3276250000, -6.387267e+001,
3277500000, -6.337729e+001,
3278750000, -6.355797e+001,
3280000000, -6.305654e+001,
3281250000, -6.346238e+001,
3282500000, -6.321061e+001,
3283750000, -6.321080e+001,
3285000000, -6.315978e+001,
3286250000, -6.311999e+001,
3287500000, -6.298720e+001,
3288750000, -6.319290e+001,
3290000000, -6.283488e+001,
3291250000, -6.336124e+001,
3292500000, -6.259936e+001,
3293750000, -6.282625e+001,
3295000000, -6.249734e+001,
3296250000, -6.267680e+001,
3297500000, -6.214876e+001,
3298750000, -6.261176e+001,
3300000000, -6.222888e+001,
3301250000, -6.202612e+001,
3302500000, -6.220558e+001,
3303750000, -6.207372e+001,
3305000000, -6.205233e+001,
3306250000, -6.223665e+001,
3307500000, -6.195332e+001,
3308750000, -6.172290e+001,
3310000000, -6.221968e+001,
3311250000, -6.136655e+001,
3312500000, -6.219922e+001,
3313750000, -6.207778e+001,
3315000000, -6.182723e+001,
3316250000, -6.203349e+001,
3317500000, -6.174209e+001,
3318750000, -6.178854e+001,
3320000000, -6.130807e+001,
3321250000, -6.194188e+001,
3322500000, -6.078836e+001,
3323750000, -6.133624e+001,
3325000000, -6.156964e+001,
3326250000, -6.060455e+001,
3327500000, -6.157800e+001,
3328750000, -6.096886e+001,
3330000000, -6.119813e+001,
3331250000, -6.126887e+001,
3332500000, -6.051762e+001,
3333750000, -6.096982e+001,
3335000000, -6.127907e+001,
3336250000, -6.107393e+001,
3337500000, -6.078187e+001,
3338750000, -6.133563e+001,
3340000000, -6.073143e+001,
3341250000, -6.106692e+001,
3342500000, -6.107588e+001,
3343750000, -6.089715e+001,
3345000000, -6.128684e+001,
3346250000, -6.078313e+001,
3347500000, -6.106224e+001,
3348750000, -6.068126e+001,
3350000000, -6.094126e+001,
3351250000, -6.212134e+001,
3352500000, -5.957903e+001,
3353750000, -6.211020e+001,
3355000000, -6.026267e+001,
3356250000, -6.063914e+001,
3357500000, -6.173352e+001,
3358750000, -6.096185e+001,
3360000000, -6.052473e+001,
3361250000, -6.224310e+001,
3362500000, -6.093288e+001,
3363750000, -6.121395e+001,
3365000000, -6.155243e+001,
3366250000, -6.135569e+001,
3367500000, -6.051627e+001,
3368750000, -6.225868e+001,
3370000000, -6.099313e+001,
3371250000, -6.128402e+001,
3372500000, -6.182711e+001,
3373750000, -6.148276e+001,
3375000000, -6.170552e+001,
3376250000, -6.139972e+001,
3377500000, -6.208978e+001,
3378750000, -6.137228e+001,
3380000000, -6.122141e+001,
3381250000, -6.185927e+001,
3382500000, -6.180151e+001,
3383750000, -6.090882e+001,
3385000000, -6.398116e+001,
3386250000, -6.045138e+001,
3387500000, -6.263595e+001,
3388750000, -6.187962e+001,
3390000000, -6.190298e+001,
3391250000, -6.113871e+001,
3392500000, -6.350810e+001,
3393750000, -6.189257e+001,
3395000000, -6.163129e+001,
3396250000, -6.287114e+001,
3397500000, -6.237234e+001,
3398750000, -6.154614e+001,
3400000000, -6.275881e+001,
3401250000, -6.248891e+001,
3402500000, -6.272036e+001,
3403750000, -6.176974e+001,
3405000000, -6.279047e+001,
3406250000, -6.280655e+001,
3407500000, -6.196464e+001,
3408750000, -6.369260e+001,
3410000000, -6.263114e+001,
3411250000, -6.230196e+001,
3412500000, -6.382763e+001,
3413750000, -6.231629e+001,
3415000000, -6.142873e+001,
3416250000, -6.436440e+001,
3417500000, -6.194981e+001,
3418750000, -6.253090e+001,
3420000000, -6.318930e+001,
3421250000, -6.285077e+001,
3422500000, -6.285623e+001,
3423750000, -6.270863e+001,
3425000000, -6.218474e+001,
3426250000, -6.417520e+001,
3427500000, -6.208905e+001,
3428750000, -6.203590e+001,
3430000000, -6.453039e+001,
3431250000, -6.114444e+001,
3432500000, -6.237895e+001,
3433750000, -6.339653e+001,
3435000000, -6.176244e+001,
3436250000, -6.339762e+001,
3437500000, -6.152694e+001,
3438750000, -6.382247e+001,
3440000000, -6.119700e+001,
3441250000, -6.215047e+001,
3442500000, -6.471551e+001,
3443750000, -6.019187e+001,
3445000000, -6.353767e+001,
3446250000, -6.377876e+001,
3447500000, -6.021148e+001,
3448750000, -6.284837e+001,
3450000000, -6.270366e+001,
3451250000, -6.094113e+001,
3452500000, -6.277422e+001,
3453750000, -6.144300e+001,
3455000000, -6.329366e+001,
3456250000, -6.188755e+001,
3457500000, -6.131309e+001,
3458750000, -6.281076e+001,
3460000000, -6.197580e+001,
3461250000, -6.195609e+001,
3462500000, -6.189648e+001,
3463750000, -6.185069e+001,
3465000000, -6.089993e+001,
3466250000, -6.320126e+001,
3467500000, -6.166035e+001,
3468750000, -6.000147e+001,
3470000000, -6.214109e+001,
3471250000, -6.235875e+001,
3472500000, -6.120038e+001,
3473750000, -6.165968e+001,
3475000000, -6.042053e+001,
3476250000, -6.510474e+001,
3477500000, -6.062887e+001,
3478750000, -5.950365e+001,
3480000000, -6.375010e+001,
3481250000, -6.368087e+001,
3482500000, -5.920439e+001,
3483750000, -6.307004e+001,
3485000000, -6.123169e+001,
3486250000, -6.173697e+001,
3487500000, -6.221585e+001,
3488750000, -6.051055e+001,
3490000000, -6.147672e+001,
3491250000, -6.181656e+001,
3492500000, -6.166598e+001,
3493750000, -6.151065e+001,
3495000000, -6.041994e+001,
3496250000, -6.412865e+001,
3497500000, -5.977968e+001,
3498750000, -6.513452e+001,
3500000000, -5.837406e+001,
3501250000, -6.089054e+001,
3502500000, -6.624767e+001,
3503750000, -5.913020e+001,
3505000000, -5.957321e+001,
3506250000, -6.203580e+001,
3507500000, -6.215306e+001,
3508750000, -6.164776e+001,
3510000000, -5.827942e+001,
3511250000, -6.078926e+001,
3512500000, -6.446740e+001,
3513750000, -5.868731e+001,
3515000000, -6.072451e+001,
3516250000, -6.119374e+001,
3517500000, -6.113130e+001,
3518750000, -6.211884e+001,
3520000000, -6.127551e+001,
3521250000, -6.069476e+001,
3522500000, -6.033564e+001,
3523750000, -6.287960e+001,
3525000000, -6.039351e+001,
3526250000, -6.099459e+001,
3527500000, -5.876028e+001,
3528750000, -6.150250e+001,
3530000000, -6.155429e+001,
3531250000, -6.008918e+001,
3532500000, -5.941752e+001,
3533750000, -5.852338e+001,
3535000000, -6.600940e+001,
3536250000, -5.880554e+001,
3537500000, -5.522553e+001,
3538750000, -6.591818e+001,
3540000000, -6.105935e+001,
3541250000, -6.220522e+001,
3542500000, -5.771586e+001,
3543750000, -5.986366e+001,
3545000000, -6.364335e+001,
3546250000, -6.020470e+001,
3547500000, -5.983212e+001,
3548750000, -6.057616e+001,
3550000000, -5.907581e+001,
3551250000, -6.054770e+001,
3552500000, -6.437320e+001,
3553750000, -5.751441e+001,
3555000000, -6.006141e+001,
3556250000, -6.122101e+001,
3557500000, -6.292335e+001,
3558750000, -6.027684e+001,
3560000000, -6.075069e+001,
3561250000, -5.820200e+001,
3562500000, -6.184359e+001,
3563750000, -6.535381e+001,
3565000000, -5.650271e+001,
3566250000, -5.665549e+001,
3567500000, -6.546447e+001,
3568750000, -5.982645e+001,
3570000000, -5.628812e+001,
3571250000, -5.913877e+001,
3572500000, -6.486871e+001,
3573750000, -5.869622e+001,
3575000000, -6.062831e+001,
3576250000, -6.312324e+001,
3577500000, -5.940209e+001,
3578750000, -5.726952e+001,
3580000000, -7.264149e+001,
3581250000, -5.723928e+001,
3582500000, -5.896256e+001,
3583750000, -6.154363e+001,
3585000000, -5.817807e+001,
3586250000, -6.323500e+001,
3587500000, -6.242117e+001,
3588750000, -5.964494e+001,
3590000000, -5.666418e+001,
3591250000, -6.080315e+001,
3592500000, -6.684937e+001,
3593750000, -5.655301e+001,
3595000000, -5.875309e+001,
3596250000, -5.911974e+001,
3597500000, -6.665730e+001,
3598750000, -6.132900e+001,
3600000000, -5.714893e+001,
3601250000, -6.079454e+001,
3602500000, -6.504575e+001,
3603750000, -6.191175e+001,
3605000000, -5.848198e+001,
3606250000, -5.945493e+001,
3607500000, -7.001463e+001,
3608750000, -5.766259e+001,
3610000000, -5.787940e+001,
3611250000, -6.645599e+001,
3612500000, -5.772170e+001,
3613750000, -5.350089e+001,
3615000000, -5.702881e+001,
3616250000, -5.983410e+001,
3617500000, -5.112084e+001,
3618750000, -5.246240e+001,
3620000000, -6.082076e+001,
3621250000, -6.058004e+001,
3622500000, -5.575410e+001,
3623750000, -6.280190e+001,
3625000000, -5.606263e+001,
3626250000, -6.618978e+001,
3627500000, -6.519338e+001,
3628750000, -6.086660e+001,
3630000000, -5.848939e+001,
3631250000, -5.858516e+001,
3632500000, -6.420815e+001,
3633750000, -6.072984e+001,
3635000000, -6.762832e+001,
3636250000, -5.877656e+001,
3637500000, -5.509405e+001,
3638750000, -5.674857e+001,
3640000000, -6.591690e+001,
3641250000, -5.479836e+001,
3642500000, -5.312051e+001,
3643750000, -6.057653e+001,
3645000000, -5.497745e+001,
3646250000, -5.536197e+001,
3647500000, -6.488714e+001,
3648750000, -6.342756e+001,
3650000000, -6.268452e+001,
3651250000, -5.943209e+001,
3652500000, -6.134236e+001,
3653750000, -6.730814e+001,
3655000000, -5.322107e+001,
3656250000, -5.084205e+001,
3657500000, -5.452560e+001,
3658750000, -5.645030e+001,
3660000000, -5.179024e+001,
3661250000, -5.162424e+001,
3662500000, -5.832438e+001,
3663750000, -6.175743e+001,
3665000000, -7.197398e+001,
3666250000, -6.109153e+001,
3667500000, -5.252430e+001,
3668750000, -5.120019e+001,
3670000000, -5.489938e+001,
3671250000, -5.694558e+001,
3672500000, -5.254762e+001,
3673750000, -5.105051e+001,
3675000000, -5.721426e+001,
3676250000, -5.374096e+001,
3677500000, -5.471861e+001,
3678750000, -5.636536e+001,
3680000000, -6.113260e+001,
3681250000, -5.783998e+001,
3682500000, -5.145151e+001,
3683750000, -5.075074e+001,
3685000000, -5.653957e+001,
3686250000, -5.869814e+001,
3687500000, -5.308197e+001,
3688750000, -5.672104e+001,
3690000000, -6.453219e+001,
3691250000, -7.134538e+001,
3692500000, -5.601519e+001,
3693750000, -5.419767e+001,
3695000000, -5.182494e+001,
3696250000, -5.073915e+001,
3697500000, -4.828637e+001,
3698750000, -4.406857e+001,
3700000000, -4.216790e+001,
3701250000, -4.553209e+001,
3702500000, -5.217821e+001,
3703750000, -5.300721e+001,
3705000000, -5.016750e+001,
3706250000, -4.968165e+001,
3707500000, -5.084391e+001,
3708750000, -5.305270e+001,
3710000000, -5.937987e+001,
3711250000, -5.956721e+001,
3712500000, -6.036699e+001,
3713750000, -5.563742e+001,
3715000000, -5.502169e+001,
3716250000, -5.718372e+001,
3717500000, -6.040865e+001,
3718750000, -5.390801e+001,
3720000000, -5.780295e+001,
3721250000, -5.701786e+001,
3722500000, -5.435793e+001,
3723750000, -4.902393e+001,
3725000000, -5.046876e+001,
3726250000, -5.445862e+001,
3727500000, -5.569189e+001,
3728750000, -5.604538e+001,
3730000000, -5.846448e+001,
3731250000, -6.524276e+001,
3732500000, -5.402671e+001,
3733750000, -5.114406e+001,
3735000000, -5.069913e+001,
3736250000, -4.928165e+001,
3737500000, -4.680923e+001,
3738750000, -4.678822e+001,
3740000000, -4.876216e+001,
3741250000, -4.760629e+001,
3742500000, -4.444553e+001,
3743750000, -4.423464e+001,
3745000000, -4.442929e+001,
3746250000, -4.542432e+001,
3747500000, -5.142145e+001,
3748750000, -4.978437e+001,
3750000000, -4.525010e+001,
3751250000, -4.371115e+001,
3752500000, -4.339822e+001,
3753750000, -4.392331e+001,
3755000000, -4.484941e+001,
3756250000, -4.777980e+001,
3757500000, -4.808485e+001,
3758750000, -4.999377e+001,
3760000000, -5.438567e+001,
3761250000, -5.722496e+001,
3762500000, -5.374834e+001,
3763750000, -5.222321e+001,
3765000000, -4.908824e+001,
3766250000, -5.097232e+001,
3767500000, -4.911884e+001,
3768750000, -4.611282e+001,
3770000000, -4.451026e+001,
3771250000, -4.340319e+001,
3772500000, -4.424624e+001,
3773750000, -4.825754e+001,
3775000000, -5.662385e+001,
3776250000, -5.110852e+001,
3777500000, -4.725904e+001,
3778750000, -4.387152e+001,
3780000000, -4.065603e+001,
3781250000, -3.881385e+001,
3782500000, -3.874145e+001,
3783750000, -3.899865e+001,
3785000000, -3.873225e+001,
3786250000, -3.983286e+001,
3787500000, -4.098750e+001,
3788750000, -3.913583e+001,
3790000000, -3.822220e+001,
3791250000, -3.864872e+001,
3792500000, -3.855092e+001,
3793750000, -3.833517e+001,
3795000000, -3.874021e+001,
3796250000, -3.995131e+001,
3797500000, -4.152556e+001,
3798750000, -4.196189e+001,
3800000000, -4.273941e+001,
3801250000, -4.130743e+001,
3802500000, -4.009841e+001,
3803750000, -4.086990e+001,
3805000000, -4.231834e+001,
3806250000, -4.594939e+001,
3807500000, -4.751712e+001,
3808750000, -4.723830e+001,
3810000000, -4.592813e+001,
3811250000, -4.647787e+001,
3812500000, -4.999899e+001,
3813750000, -5.277325e+001,
3815000000, -4.697153e+001,
3816250000, -4.365322e+001,
3817500000, -4.220385e+001,
3818750000, -4.349552e+001,
3820000000, -4.621505e+001,
3821250000, -4.970898e+001,
3822500000, -5.046339e+001,
3823750000, -4.223782e+001,
3825000000, -3.911108e+001,
3826250000, -3.660051e+001,
3827500000, -3.447226e+001,
3828750000, -3.364427e+001,
3830000000, -3.315350e+001,
3831250000, -3.350897e+001,
3832500000, -3.387800e+001,
3833750000, -3.414846e+001,
3835000000, -3.472733e+001,
3836250000, -3.507600e+001,
3837500000, -3.559990e+001,
3838750000, -3.763584e+001,
3840000000, -3.816745e+001,
3841250000, -3.803178e+001,
3842500000, -3.808590e+001,
3843750000, -3.842170e+001,
3845000000, -3.848287e+001,
3846250000, -3.858294e+001,
3847500000, -3.841753e+001,
3848750000, -3.871527e+001,
3850000000, -3.852127e+001,
3851250000, -3.895280e+001,
3852500000, -4.108027e+001,
3853750000, -4.364481e+001,
3855000000, -4.429255e+001,
3856250000, -4.260030e+001,
3857500000, -4.104588e+001,
3858750000, -4.096778e+001,
3860000000, -4.101480e+001,
3861250000, -4.093198e+001,
3862500000, -4.183894e+001,
3863750000, -4.298262e+001,
3865000000, -4.954505e+001,
3866250000, -4.870358e+001,
3867500000, -4.118474e+001,
3868750000, -3.997766e+001,
3870000000, -4.145145e+001,
3871250000, -4.337663e+001,
3872500000, -4.348806e+001,
3873750000, -4.059991e+001,
3875000000, -3.692331e+001,
3876250000, -3.364741e+001,
3877500000, -3.308655e+001,
3878750000, -3.356525e+001,
3880000000, -3.264415e+001,
3881250000, -3.113495e+001,
3882500000, -3.074675e+001,
3883750000, -3.099869e+001,
3885000000, -3.140130e+001,
3886250000, -3.181947e+001,
3887500000, -3.297339e+001,
3888750000, -3.346351e+001,
3890000000, -3.477477e+001,
3891250000, -3.497819e+001,
3892500000, -3.495917e+001,
3893750000, -3.463474e+001,
3895000000, -3.355826e+001,
3896250000, -3.284693e+001,
3897500000, -3.354657e+001,
3898750000, -3.465059e+001,
3900000000, -3.577602e+001,
3901250000, -3.625776e+001,
3902500000, -3.661739e+001,
3903750000, -3.650022e+001,
3905000000, -3.707095e+001,
3906250000, -3.589058e+001,
3907500000, -3.494126e+001,
3908750000, -3.499222e+001,
3910000000, -3.405942e+001,
3911250000, -3.392922e+001,
3912500000, -3.416578e+001,
3913750000, -3.441135e+001,
3915000000, -3.530959e+001,
3916250000, -3.603455e+001,
3917500000, -3.645964e+001,
3918750000, -3.596068e+001,
3920000000, -3.469140e+001,
3921250000, -3.364063e+001,
3922500000, -3.287105e+001,
3923750000, -3.343102e+001,
3925000000, -3.492137e+001,
3926250000, -3.430446e+001,
3927500000, -3.196984e+001,
3928750000, -3.093872e+001,
3930000000, -2.891335e+001,
3931250000, -2.885482e+001,
3932500000, -3.111419e+001,
3933750000, -3.476936e+001,
3935000000, -3.946257e+001,
3936250000, -4.030087e+001,
3937500000, -3.575283e+001,
3938750000, -3.501680e+001,
3940000000, -3.555511e+001,
3941250000, -3.772290e+001,
3942500000, -3.905433e+001,
3943750000, -4.069131e+001,
3945000000, -3.919247e+001,
3946250000, -3.543796e+001,
3947500000, -3.155722e+001,
3948750000, -2.930339e+001,
3950000000, -2.692225e+001,
3951250000, -2.473144e+001,
3952500000, -2.264950e+001,
3953750000, -2.139350e+001,
3955000000, -2.089970e+001,
3956250000, -2.058644e+001,
3957500000, -1.965767e+001,
3958750000, -1.740299e+001,
3960000000, -1.647809e+001,
3961250000, -1.653025e+001,
3962500000, -1.642023e+001,
3963750000, -1.582930e+001,
3965000000, -1.541615e+001,
3966250000, -1.492507e+001,
3967500000, -1.470878e+001,
3968750000, -1.458791e+001,
3970000000, -1.402804e+001,
3971250000, -1.397568e+001,
3972500000, -1.417567e+001,
3973750000, -1.395540e+001,
3975000000, -1.333530e+001,
3976250000, -1.281637e+001,
3977500000, -1.269953e+001,
3978750000, -1.270088e+001,
3980000000, -1.252192e+001,
3981250000, -1.241949e+001,
3982500000, -1.243024e+001,
3983750000, -1.199442e+001,
3985000000, -1.194255e+001,
3986250000, -1.200234e+001,
3987500000, -1.185378e+001,
3988750000, -1.147706e+001,
3990000000, -1.126508e+001,
3991250000, -1.125902e+001,
3992500000, -1.124246e+001,
3993750000, -1.126536e+001,
3995000000, -1.155005e+001,
3996250000, -1.184255e+001,
3997500000, -1.184064e+001,
3998750000, -1.144095e+001,
4000000000, -1.157599e+001,
4001250000, -1.172526e+001,
4002500000, -1.140189e+001,
4003750000, -1.116343e+001,
4005000000, -1.127022e+001,
4006250000, -1.113336e+001,
4007500000, -1.061590e+001,
4008750000, -1.047132e+001,
4010000000, -1.067696e+001,
4011250000, -1.073608e+001,
4012500000, -1.034279e+001,
4013750000, -9.907862e+000,
4015000000, -9.969382e+000,
4016250000, -1.018056e+001,
4017500000, -1.013865e+001,
4018750000, -9.822575e+000,
4020000000, -9.644095e+000,
4021250000, -9.606977e+000,
4022500000, -9.711431e+000,
4023750000, -9.680476e+000,
4025000000, -9.557035e+000,
4026250000, -9.561451e+000,
4027500000, -9.651970e+000,
4028750000, -9.510642e+000,
4030000000, -9.367282e+000,
4031250000, -9.522170e+000,
4032500000, -9.861897e+000,
4033750000, -9.923762e+000,
4035000000, -9.862171e+000,
4036250000, -1.003314e+001,
4037500000, -1.029750e+001,
4038750000, -1.044099e+001,
4040000000, -1.038424e+001,
4041250000, -1.045423e+001,
4042500000, -1.071670e+001,
4043750000, -1.103415e+001,
4045000000, -1.105918e+001,
4046250000, -1.074498e+001,
4047500000, -1.063276e+001,
4048750000, -1.099090e+001,
4050000000, -1.124803e+001,
4051250000, -1.094897e+001,
4052500000, -1.071861e+001,
4053750000, -1.105087e+001,
4055000000, -1.143128e+001,
4056250000, -1.124882e+001,
4057500000, -1.112987e+001,
4058750000, -1.138367e+001,
4060000000, -1.166602e+001,
4061250000, -1.159595e+001,
4062500000, -1.137514e+001,
4063750000, -1.155910e+001,
4065000000, -1.187916e+001,
4066250000, -1.165583e+001,
4067500000, -1.117294e+001,
4068750000, -1.107727e+001,
4070000000, -1.144324e+001,
4071250000, -1.159052e+001,
4072500000, -1.147942e+001,
4073750000, -1.137289e+001,
4075000000, -1.147617e+001,
4076250000, -1.171301e+001,
4077500000, -1.173753e+001,
4078750000, -1.168952e+001,
4080000000, -1.169511e+001,
4081250000, -1.167180e+001,
4082500000, -1.141558e+001,
4083750000, -1.127077e+001,
4085000000, -1.143713e+001,
4086250000, -1.154095e+001,
4087500000, -1.132041e+001,
4088750000, -1.117251e+001,
4090000000, -1.134914e+001,
4091250000, -1.152111e+001,
4092500000, -1.129893e+001,
4093750000, -1.114472e+001,
4095000000, -1.136090e+001,
4096250000, -1.151134e+001,
4097500000, -1.136201e+001,
4098750000, -1.131561e+001,
4100000000, -1.143245e+001,
4101250000, -1.160279e+001,
4102500000, -1.171930e+001,
4103750000, -1.172778e+001,
4105000000, -1.161698e+001,
4106250000, -1.174003e+001,
4107500000, -1.198143e+001,
4108750000, -1.198810e+001,
4110000000, -1.179282e+001,
4111250000, -1.193536e+001,
4112500000, -1.228084e+001,
4113750000, -1.236684e+001,
4115000000, -1.243619e+001,
4116250000, -1.273397e+001,
4117500000, -1.288833e+001,
4118750000, -1.296617e+001,
4120000000, -1.312841e+001,
4121250000, -1.329151e+001,
4122500000, -1.336893e+001,
4123750000, -1.327871e+001,
4125000000, -1.319887e+001,
4126250000, -1.336828e+001,
4127500000, -1.352312e+001,
4128750000, -1.326428e+001,
4130000000, -1.302458e+001,
4131250000, -1.322523e+001,
4132500000, -1.343062e+001,
4133750000, -1.332764e+001,
4135000000, -1.322971e+001,
4136250000, -1.341270e+001,
4137500000, -1.345915e+001,
4138750000, -1.324247e+001,
4140000000, -1.314992e+001,
4141250000, -1.310293e+001,
4142500000, -1.290433e+001,
4143750000, -1.278043e+001,
4145000000, -1.282415e+001,
4146250000, -1.266658e+001,
4147500000, -1.251277e+001,
4148750000, -1.263744e+001,
4150000000, -1.275325e+001,
4151250000, -1.269340e+001,
4152500000, -1.277414e+001,
4153750000, -1.321042e+001,
4155000000, -1.346993e+001,
4156250000, -1.338662e+001,
4157500000, -1.337718e+001,
4158750000, -1.387641e+001,
4160000000, -1.434239e+001,
4161250000, -1.425369e+001,
4162500000, -1.424278e+001,
4163750000, -1.491589e+001,
4165000000, -1.544379e+001,
4166250000, -1.529152e+001,
4167500000, -1.521697e+001,
4168750000, -1.564437e+001,
4170000000, -1.578909e+001,
4171250000, -1.534314e+001,
4172500000, -1.505209e+001,
4173750000, -1.513618e+001,
4175000000, -1.495893e+001,
4176250000, -1.458960e+001,
4177500000, -1.452095e+001,
4178750000, -1.460791e+001,
4180000000, -1.442114e+001,
4181250000, -1.423016e+001,
4182500000, -1.438458e+001,
4183750000, -1.443432e+001,
4185000000, -1.422148e+001,
4186250000, -1.419115e+001,
4187500000, -1.434516e+001,
4188750000, -1.444393e+001,
4190000000, -1.453547e+001,
4191250000, -1.459127e+001,
4192500000, -1.471327e+001,
4193750000, -1.507224e+001,
4195000000, -1.519491e+001,
4196250000, -1.497890e+001,
4197500000, -1.500038e+001,
4198750000, -1.516313e+001,
4200000000, -1.493287e+001,
4201250000, -1.462841e+001,
4202500000, -1.456845e+001,
4203750000, -1.452651e+001,
4205000000, -1.433412e+001,
4206250000, -1.425002e+001,
4207500000, -1.432719e+001,
4208750000, -1.418040e+001,
4210000000, -1.411269e+001,
4211250000, -1.455255e+001,
4212500000, -1.474469e+001,
4213750000, -1.452459e+001,
4215000000, -1.474141e+001,
4216250000, -1.526846e+001,
4217500000, -1.521316e+001,
4218750000, -1.505918e+001,
4220000000, -1.536564e+001,
4221250000, -1.555307e+001,
4222500000, -1.529601e+001,
4223750000, -1.512633e+001,
4225000000, -1.508858e+001,
4226250000, -1.491969e+001,
4227500000, -1.466722e+001,
4228750000, -1.441943e+001,
4230000000, -1.423424e+001,
4231250000, -1.409696e+001,
4232500000, -1.397972e+001,
4233750000, -1.393188e+001,
4235000000, -1.388121e+001,
4236250000, -1.382798e+001,
4237500000, -1.394604e+001,
4238750000, -1.406054e+001,
4240000000, -1.395616e+001,
4241250000, -1.399056e+001,
4242500000, -1.437414e+001,
4243750000, -1.458981e+001,
4245000000, -1.451017e+001,
4246250000, -1.468321e+001,
4247500000, -1.510454e+001,
4248750000, -1.507907e+001,
4250000000, -1.488361e+001,
4251250000, -1.498164e+001,
4252500000, -1.496129e+001,
4253750000, -1.469871e+001,
4255000000, -1.451574e+001,
4256250000, -1.438311e+001,
4257500000, -1.419526e+001,
4258750000, -1.399526e+001,
4260000000, -1.388548e+001,
4261250000, -1.386168e+001,
4262500000, -1.391263e+001,
4263750000, -1.402433e+001,
4265000000, -1.407368e+001,
4266250000, -1.412977e+001,
4267500000, -1.437126e+001,
4268750000, -1.455477e+001,
4270000000, -1.459260e+001,
4271250000, -1.477472e+001,
4272500000, -1.509062e+001,
4273750000, -1.503926e+001,
4275000000, -1.505155e+001,
4276250000, -1.530487e+001,
4277500000, -1.516185e+001,
4278750000, -1.482100e+001,
4280000000, -1.467716e+001,
4281250000, -1.443150e+001,
4282500000, -1.408800e+001,
4283750000, -1.390601e+001,
4285000000, -1.380551e+001,
4286250000, -1.371051e+001,
4287500000, -1.378306e+001,
4288750000, -1.388392e+001,
4290000000, -1.396725e+001,
4291250000, -1.427952e+001,
4292500000, -1.459810e+001,
4293750000, -1.477483e+001,
4295000000, -1.513208e+001,
4296250000, -1.551053e+001,
4297500000, -1.550661e+001,
4298750000, -1.566310e+001,
4300000000, -1.586351e+001,
4301250000, -1.572374e+001,
4302500000, -1.557127e+001,
4303750000, -1.553150e+001,
4305000000, -1.521186e+001,
4306250000, -1.497231e+001,
4307500000, -1.489068e+001,
4308750000, -1.474672e+001,
4310000000, -1.487529e+001,
4311250000, -1.499057e+001,
4312500000, -1.510539e+001,
4313750000, -1.551277e+001,
4315000000, -1.571973e+001,
4316250000, -1.587709e+001,
4317500000, -1.636444e+001,
4318750000, -1.656395e+001,
4320000000, -1.662867e+001,
4321250000, -1.683723e+001,
4322500000, -1.678479e+001,
4323750000, -1.661518e+001,
4325000000, -1.647817e+001,
4326250000, -1.626184e+001,
4327500000, -1.610117e+001,
4328750000, -1.602467e+001,
4330000000, -1.590445e+001,
4331250000, -1.591288e+001,
4332500000, -1.599419e+001,
4333750000, -1.609309e+001,
4335000000, -1.646577e+001,
4336250000, -1.671197e+001,
4337500000, -1.681739e+001,
4338750000, -1.719353e+001,
4340000000, -1.720560e+001,
4341250000, -1.714430e+001,
4342500000, -1.728008e+001,
4343750000, -1.707999e+001,
4345000000, -1.693766e+001,
4346250000, -1.682511e+001,
4347500000, -1.656199e+001,
4348750000, -1.640914e+001,
4350000000, -1.627238e+001,
4351250000, -1.626603e+001,
4352500000, -1.639782e+001,
4353750000, -1.646870e+001,
4355000000, -1.671193e+001,
4356250000, -1.692032e+001,
4357500000, -1.700194e+001,
4358750000, -1.730044e+001,
4360000000, -1.752561e+001,
4361250000, -1.768769e+001,
4362500000, -1.787133e+001,
4363750000, -1.789658e+001,
4365000000, -1.781165e+001,
4366250000, -1.778941e+001,
4367500000, -1.779218e+001,
4368750000, -1.784207e+001,
4370000000, -1.795328e+001,
4371250000, -1.812468e+001,
4372500000, -1.820002e+001,
4373750000, -1.838662e+001,
4375000000, -1.857980e+001,
4376250000, -1.875832e+001,
4377500000, -1.903145e+001,
4378750000, -1.914102e+001,
4380000000, -1.926417e+001,
4381250000, -1.940026e+001,
4382500000, -1.948967e+001,
4383750000, -1.957668e+001,
4385000000, -1.975019e+001,
4386250000, -1.991018e+001,
4387500000, -2.003812e+001,
4388750000, -2.020182e+001,
4390000000, -2.055790e+001,
4391250000, -2.098856e+001,
4392500000, -2.147583e+001,
4393750000, -2.190519e+001,
4395000000, -2.221565e+001,
4396250000, -2.246191e+001,
4397500000, -2.274966e+001,
4398750000, -2.304005e+001,
4400000000, -2.324471e+001,
4401250000, -2.336930e+001,
4402500000, -2.350403e+001,
4403750000, -2.377031e+001,
4405000000, -2.403957e+001,
4406250000, -2.447749e+001,
4407500000, -2.470084e+001,
4408750000, -2.488434e+001,
4410000000, -2.492220e+001,
4411250000, -2.501376e+001,
4412500000, -2.524434e+001,
4413750000, -2.538740e+001,
4415000000, -2.546829e+001,
4416250000, -2.536020e+001,
4417500000, -2.535253e+001,
4418750000, -2.545115e+001,
4420000000, -2.564340e+001,
4421250000, -2.567784e+001,
4422500000, -2.579128e+001,
4423750000, -2.583513e+001,
4425000000, -2.615227e+001,
4426250000, -2.634307e+001,
4427500000, -2.656755e+001,
4428750000, -2.680605e+001,
4430000000, -2.705520e+001,
4431250000, -2.715599e+001,
4432500000, -2.774041e+001,
4433750000, -2.818818e+001,
4435000000, -2.836638e+001,
4436250000, -2.867076e+001,
4437500000, -2.901751e+001,
4438750000, -2.947302e+001,
4440000000, -2.971883e+001,
4441250000, -2.972561e+001,
4442500000, -2.984531e+001,
4443750000, -3.013881e+001,
4445000000, -3.038520e+001,
4446250000, -3.065082e+001,
4447500000, -3.084003e+001,
4448750000, -3.093374e+001,
4450000000, -3.126981e+001,
4451250000, -3.175469e+001,
4452500000, -3.231561e+001,
4453750000, -3.264120e+001,
4455000000, -3.281807e+001,
4456250000, -3.334534e+001,
4457500000, -3.392916e+001,
4458750000, -3.426599e+001,
4460000000, -3.436246e+001,
4461250000, -3.439877e+001,
4462500000, -3.484980e+001,
4463750000, -3.534726e+001,
4465000000, -3.561530e+001,
4466250000, -3.566268e+001,
4467500000, -3.579546e+001,
4468750000, -3.648405e+001,
4470000000, -3.716563e+001,
4471250000, -3.734513e+001,
4472500000, -3.716315e+001,
4473750000, -3.730708e+001,
4475000000, -3.780154e+001,
4476250000, -3.795214e+001,
4477500000, -3.765081e+001,
4478750000, -3.784113e+001,
4480000000, -3.876215e+001,
4481250000, -3.974376e+001,
4482500000, -3.983525e+001,
4483750000, -3.984789e+001,
4485000000, -4.071908e+001,
4486250000, -4.209854e+001,
4487500000, -4.260372e+001,
4488750000, -4.241434e+001,
4490000000, -4.283676e+001,
4491250000, -4.450627e+001,
4492500000, -4.510658e+001,
4493750000, -4.406012e+001,
4495000000, -4.373112e+001,
4496250000, -4.495611e+001,
4497500000, -4.627302e+001,
4498750000, -4.619134e+001,
4500000000, -4.578344e+001,
4501250000, -4.758791e+001,
4502500000, -4.992546e+001,
4503750000, -4.885452e+001,
4505000000, -4.774360e+001,
4506250000, -4.895638e+001,
4507500000, -5.103652e+001,
4508750000, -5.097268e+001,
4510000000, -4.885802e+001,
4511250000, -4.854473e+001,
4512500000, -4.933067e+001,
4513750000, -4.902354e+001,
4515000000, -4.654307e+001,
4516250000, -4.615052e+001,
4517500000, -4.811638e+001,
4518750000, -4.865400e+001,
4520000000, -4.724757e+001,
4521250000, -4.760777e+001,
4522500000, -4.959635e+001,
4523750000, -4.883379e+001,
4525000000, -4.652338e+001,
4526250000, -4.668493e+001,
4527500000, -4.881636e+001,
4528750000, -4.761816e+001,
4530000000, -4.529601e+001,
4531250000, -4.551335e+001,
4532500000, -4.640969e+001,
4533750000, -4.462711e+001,
4535000000, -4.395456e+001,
4536250000, -4.587556e+001,
4537500000, -4.585167e+001,
4538750000, -4.439630e+001,
4540000000, -4.528300e+001,
4541250000, -4.660080e+001,
4542500000, -4.465353e+001,
4543750000, -4.394965e+001,
4545000000, -4.541861e+001,
4546250000, -4.516698e+001,
4547500000, -4.385659e+001,
4548750000, -4.517600e+001,
4550000000, -4.586337e+001,
4551250000, -4.439463e+001,
4552500000, -4.606709e+001,
4553750000, -4.769181e+001,
4555000000, -4.608978e+001,
4556250000, -4.640656e+001,
4557500000, -4.913228e+001,
4558750000, -4.806660e+001,
4560000000, -4.713192e+001,
4561250000, -5.068126e+001,
4562500000, -5.164300e+001,
4563750000, -5.006358e+001,
4565000000, -5.310299e+001,
4566250000, -5.610513e+001,
4567500000, -5.124837e+001,
4568750000, -4.976920e+001,
4570000000, -5.253899e+001,
4571250000, -4.903978e+001,
4572500000, -4.781201e+001,
4573750000, -5.083804e+001,
4575000000, -4.855740e+001,
4576250000, -4.716185e+001,
4577500000, -4.905029e+001,
4578750000, -4.627691e+001,
4580000000, -4.505022e+001,
4581250000, -4.693082e+001,
4582500000, -4.501400e+001,
4583750000, -4.480998e+001,
4585000000, -4.610287e+001,
4586250000, -4.392965e+001,
4587500000, -4.504949e+001,
4588750000, -4.625109e+001,
4590000000, -4.471886e+001,
4591250000, -4.697247e+001,
4592500000, -4.757102e+001,
4593750000, -4.703196e+001,
4595000000, -5.180561e+001,
4596250000, -5.114588e+001,
4597500000, -4.896503e+001,
4598750000, -5.285126e+001,
4600000000, -4.943678e+001,
4601250000, -4.873195e+001,
4602500000, -5.140377e+001,
4603750000, -4.733654e+001,
4605000000, -4.848700e+001,
4606250000, -4.823662e+001,
4607500000, -4.605655e+001,
4608750000, -4.866593e+001,
4610000000, -4.629320e+001,
4611250000, -4.765867e+001,
4612500000, -4.768833e+001,
4613750000, -4.605079e+001,
4615000000, -4.886984e+001,
4616250000, -4.660525e+001,
4617500000, -4.961433e+001,
4618750000, -4.887650e+001,
4620000000, -4.942993e+001,
4621250000, -5.260859e+001,
4622500000, -5.144234e+001,
4623750000, -6.162674e+001,
4625000000, -5.506552e+001,
4626250000, -5.603012e+001,
4627500000, -5.671504e+001,
4628750000, -5.278065e+001,
4630000000, -5.760711e+001,
4631250000, -5.128400e+001,
4632500000, -5.710639e+001,
4633750000, -5.123294e+001,
4635000000, -5.744810e+001,
4636250000, -5.242669e+001,
4637500000, -5.776641e+001,
4638750000, -5.350140e+001,
4640000000, -5.909098e+001,
4641250000, -5.603452e+001,
4642500000, -6.027715e+001,
4643750000, -5.965429e+001,
4645000000, -5.920790e+001,
4646250000, -6.210574e+001,
4647500000, -5.760503e+001,
4648750000, -6.225523e+001,
4650000000, -5.677572e+001,
4651250000, -5.884021e+001,
4652500000, -5.745440e+001,
4653750000, -5.675080e+001,
4655000000, -6.252099e+001,
4656250000, -5.707784e+001,
4657500000, -7.397117e+001,
4658750000, -5.895532e+001,
4660000000, -7.171397e+001,
4661250000, -5.950777e+001,
4662500000, -6.858652e+001,
4663750000, -5.968530e+001,
4665000000, -6.392770e+001,
4666250000, -6.151141e+001,
4667500000, -5.900918e+001,
4668750000, -7.215491e+001,
4670000000, -6.047075e+001,
4671250000, -6.381542e+001,
4672500000, -6.318806e+001,
4673750000, -6.210086e+001,
4675000000, -6.756396e+001,
4676250000, -6.000727e+001,
4677500000, -6.151197e+001,
4678750000, -6.753949e+001,
4680000000, -6.177009e+001,
4681250000, -6.260422e+001,
4682500000, -6.480145e+001,
4683750000, -6.274815e+001,
4685000000, -6.374284e+001,
4686250000, -6.549188e+001,
4687500000, -6.221487e+001,
4688750000, -6.164305e+001,
4690000000, -6.373503e+001,
4691250000, -6.498722e+001,
4692500000, -6.271969e+001,
4693750000, -6.237678e+001,
4695000000, -6.489723e+001,
4696250000, -6.648717e+001,
4697500000, -6.343378e+001,
4698750000, -6.232098e+001,
4700000000, -6.288103e+001,
4701250000, -6.437444e+001,
4702500000, -6.495248e+001,
4703750000, -6.492221e+001,
4705000000, -6.386651e+001,
4706250000, -6.347338e+001,
4707500000, -6.305093e+001,
4708750000, -6.319449e+001,
4710000000, -6.344958e+001,
4711250000, -6.377000e+001,
4712500000, -6.385720e+001,
4713750000, -6.394608e+001,
4715000000, -6.426659e+001,
4716250000, -6.405550e+001,
4717500000, -6.393004e+001,
4718750000, -6.375539e+001,
4720000000, -6.391633e+001,
4721250000, -6.403085e+001,
4722500000, -6.405576e+001,
4723750000, -6.418907e+001,
4725000000, -6.420006e+001,
4726250000, -6.395842e+001,
4727500000, -6.409964e+001,
4728750000, -6.402690e+001,
4730000000, -6.417184e+001,
4731250000, -6.399807e+001,
4732500000, -6.384783e+001,
4733750000, -6.427290e+001,
4735000000, -6.435909e+001,
4736250000, -6.458374e+001,
4737500000, -6.434553e+001,
4738750000, -6.443768e+001,
4740000000, -6.415359e+001,
4741250000, -6.387602e+001,
4742500000, -6.416128e+001,
4743750000, -6.432342e+001,
4745000000, -6.428355e+001,
4746250000, -6.427708e+001,
4747500000, -6.422113e+001,
4748750000, -6.418415e+001,
4750000000, -6.420271e+001,
4751250000, -6.435187e+001,
4752500000, -6.419166e+001,
4753750000, -6.461964e+001,
4755000000, -6.438483e+001,
4756250000, -6.447625e+001,
4757500000, -6.439713e+001,
4758750000, -6.412984e+001,
4760000000, -6.445880e+001,
4761250000, -6.418646e+001,
4762500000, -6.438366e+001,
4763750000, -6.403006e+001,
4765000000, -6.430051e+001,
4766250000, -6.419022e+001,
4767500000, -6.415468e+001,
4768750000, -6.425932e+001,
4770000000, -6.406411e+001,
4771250000, -6.421875e+001,
4772500000, -6.422667e+001,
4773750000, -6.402976e+001,
4775000000, -6.438792e+001,
4776250000, -6.424728e+001,
4777500000, -6.418606e+001,
4778750000, -6.430981e+001,
4780000000, -6.420133e+001,
4781250000, -6.417478e+001,
4782500000, -6.421504e+001,
4783750000, -6.414077e+001,
4785000000, -6.423189e+001,
4786250000, -6.410860e+001,
4787500000, -6.404626e+001,
4788750000, -6.371637e+001,
4790000000, -6.352871e+001,
4791250000, -6.367112e+001,
4792500000, -6.365206e+001,
4793750000, -6.335489e+001,
4795000000, -6.328309e+001,
4796250000, -6.313713e+001,
4797500000, -6.327732e+001,
4798750000, -6.297895e+001,
4800000000, -6.305652e+001,
4801250000, -6.284798e+001,
4802500000, -6.311665e+001,
4803750000, -6.312224e+001,
4805000000, -6.283466e+001,
4806250000, -6.293248e+001,
4807500000, -6.289013e+001,
4808750000, -6.296184e+001,
4810000000, -6.303427e+001,
4811250000, -6.299154e+001,
4812500000, -6.283593e+001,
4813750000, -6.280285e+001,
4815000000, -6.277351e+001,
4816250000, -6.285173e+001,
4817500000, -6.272699e+001,
4818750000, -6.273982e+001,
4820000000, -6.266239e+001,
4821250000, -6.258028e+001,
4822500000, -6.288788e+001,
4823750000, -6.273157e+001,
4825000000, -6.286446e+001,
4826250000, -6.259956e+001,
4827500000, -6.250924e+001,
4828750000, -6.266665e+001,
4830000000, -6.256347e+001,
4831250000, -6.258881e+001,
4832500000, -6.267258e+001,
4833750000, -6.269427e+001,
4835000000, -6.261298e+001,
4836250000, -6.250279e+001,
4837500000, -6.254243e+001,
4838750000, -6.272816e+001,
4840000000, -6.271552e+001,
4841250000, -6.259484e+001,
4842500000, -6.248645e+001,
4843750000, -6.243404e+001,
4845000000, -6.246027e+001,
4846250000, -6.241576e+001,
4847500000, -6.245469e+001,
4848750000, -6.254924e+001,
4850000000, -6.273874e+001,
4851250000, -6.284913e+001,
4852500000, -6.292276e+001,
4853750000, -6.289701e+001,
4855000000, -6.278198e+001,
4856250000, -6.297340e+001,
4857500000, -6.299694e+001,
4858750000, -6.314904e+001,
4860000000, -6.296168e+001,
4861250000, -6.300765e+001,
4862500000, -6.301396e+001,
4863750000, -6.343186e+001,
4865000000, -6.314595e+001,
4866250000, -6.343883e+001,
4867500000, -6.324862e+001,
4868750000, -6.312180e+001,
4870000000, -6.326964e+001,
4871250000, -6.337686e+001,
4872500000, -6.330118e+001,
4873750000, -6.357571e+001,
4875000000, -6.366055e+001,
4876250000, -6.345074e+001,
4877500000, -6.372591e+001,
4878750000, -6.369859e+001,
4880000000, -6.363684e+001,
4881250000, -6.372466e+001,
4882500000, -6.365346e+001,
4883750000, -6.360676e+001,
4885000000, -6.362163e+001,
4886250000, -6.369420e+001,
4887500000, -6.375288e+001,
4888750000, -6.397925e+001,
4890000000, -6.389523e+001,
4891250000, -6.400231e+001,
4892500000, -6.417593e+001,
4893750000, -6.426691e+001,
4895000000, -6.421606e+001,
4896250000, -6.410632e+001,
4897500000, -6.455354e+001,
4898750000, -6.451700e+001,
4900000000, -6.466529e+001,
4901250000, -6.489006e+001,
4902500000, -6.472848e+001,
4903750000, -6.473728e+001,
4905000000, -6.478356e+001,
4906250000, -6.495860e+001,
4907500000, -6.514970e+001,
4908750000, -6.507960e+001,
4910000000, -6.456112e+001,
4911250000, -6.445731e+001,
4912500000, -6.464442e+001,
4913750000, -6.480975e+001,
4915000000, -6.464307e+001,
4916250000, -6.464017e+001,
4917500000, -6.493826e+001,
4918750000, -6.464978e+001,
4920000000, -6.463795e+001,
4921250000, -6.462871e+001,
4922500000, -6.458627e+001,
4923750000, -6.473605e+001,
4925000000, -6.458146e+001,
4926250000, -6.473492e+001,
4927500000, -6.460976e+001,
4928750000, -6.451966e+001,
4930000000, -6.438926e+001,
4931250000, -6.478693e+001,
4932500000, -6.469699e+001,
4933750000, -6.427764e+001,
4935000000, -6.474033e+001,
4936250000, -6.466672e+001,
4937500000, -6.479628e+001,
4938750000, -6.505482e+001,
4940000000, -6.494453e+001,
4941250000, -6.481920e+001,
4942500000, -6.475343e+001,
4943750000, -6.514286e+001,
4945000000, -6.505209e+001,
4946250000, -6.484715e+001,
4947500000, -6.501745e+001,
4948750000, -6.500227e+001,
4950000000, -6.512693e+001,
4951250000, -6.513067e+001,
4952500000, -6.503190e+001,
4953750000, -6.531969e+001,
4955000000, -6.517126e+001,
4956250000, -6.509930e+001,
4957500000, -6.517087e+001,
4958750000, -6.525520e+001,
4960000000, -6.538564e+001,
4961250000, -6.520325e+001,
4962500000, -6.526455e+001,
4963750000, -6.550546e+001,
4965000000, -6.508230e+001,
4966250000, -6.546509e+001,
4967500000, -6.549333e+001,
4968750000, -6.542355e+001,
4970000000, -6.521256e+001,
4971250000, -6.502988e+001,
4972500000, -6.553371e+001,
4973750000, -6.543685e+001,
4975000000, -6.535787e+001,
4976250000, -6.567484e+001,
4977500000, -6.509156e+001,
4978750000, -6.523196e+001,
4980000000, -6.529930e+001,
4981250000, -6.545623e+001,
4982500000, -6.535733e+001,
4983750000, -6.551565e+001,
4985000000, -6.559238e+001,
4986250000, -6.561412e+001,
4987500000, -6.554752e+001,
4988750000, -6.532944e+001,
4990000000, -6.555255e+001,
4991250000, -6.522739e+001,
4992500000, -6.558156e+001,
4993750000, -6.557052e+001,
4995000000, -6.545061e+001,
4996250000, -6.572301e+001,
4997500000, -6.565499e+001,
4998750000, -6.566635e+001,
5000000000, -6.555975e+001,
