"S12 Log Mag"
"Frequency (Hz)","dB",
3000000000, -6.671322e+001,
3001250000, -6.694885e+001,
3002500000, -6.685294e+001,
3003750000, -6.649016e+001,
3005000000, -6.656998e+001,
3006250000, -6.630528e+001,
3007500000, -6.632984e+001,
3008750000, -6.610662e+001,
3010000000, -6.637631e+001,
3011250000, -6.637552e+001,
3012500000, -6.634110e+001,
3013750000, -6.586877e+001,
3015000000, -6.618015e+001,
3016250000, -6.590317e+001,
3017500000, -6.581101e+001,
3018750000, -6.562709e+001,
3020000000, -6.537022e+001,
3021250000, -6.534152e+001,
3022500000, -6.558349e+001,
3023750000, -6.540351e+001,
3025000000, -6.521265e+001,
3026250000, -6.533633e+001,
3027500000, -6.553526e+001,
3028750000, -6.518989e+001,
3030000000, -6.486591e+001,
3031250000, -6.516426e+001,
3032500000, -6.503521e+001,
3033750000, -6.502107e+001,
3035000000, -6.532254e+001,
3036250000, -6.524272e+001,
3037500000, -6.513891e+001,
3038750000, -6.520026e+001,
3040000000, -6.511427e+001,
3041250000, -6.515974e+001,
3042500000, -6.513852e+001,
3043750000, -6.500463e+001,
3045000000, -6.505525e+001,
3046250000, -6.501478e+001,
3047500000, -6.498297e+001,
3048750000, -6.505438e+001,
3050000000, -6.503748e+001,
3051250000, -6.507789e+001,
3052500000, -6.494935e+001,
3053750000, -6.507989e+001,
3055000000, -6.488546e+001,
3056250000, -6.490966e+001,
3057500000, -6.487277e+001,
3058750000, -6.489108e+001,
3060000000, -6.489407e+001,
3061250000, -6.487228e+001,
3062500000, -6.491764e+001,
3063750000, -6.498781e+001,
3065000000, -6.478618e+001,
3066250000, -6.495809e+001,
3067500000, -6.490181e+001,
3068750000, -6.495301e+001,
3070000000, -6.478508e+001,
3071250000, -6.461403e+001,
3072500000, -6.467200e+001,
3073750000, -6.451457e+001,
3075000000, -6.456295e+001,
3076250000, -6.456141e+001,
3077500000, -6.436205e+001,
3078750000, -6.445423e+001,
3080000000, -6.456637e+001,
3081250000, -6.428890e+001,
3082500000, -6.434256e+001,
3083750000, -6.468913e+001,
3085000000, -6.430646e+001,
3086250000, -6.414573e+001,
3087500000, -6.428142e+001,
3088750000, -6.438608e+001,
3090000000, -6.409393e+001,
3091250000, -6.427515e+001,
3092500000, -6.423668e+001,
3093750000, -6.394178e+001,
3095000000, -6.416624e+001,
3096250000, -6.418309e+001,
3097500000, -6.411583e+001,
3098750000, -6.414201e+001,
3100000000, -6.390659e+001,
3101250000, -6.401438e+001,
3102500000, -6.381762e+001,
3103750000, -6.379047e+001,
3105000000, -6.420287e+001,
3106250000, -6.386502e+001,
3107500000, -6.428654e+001,
3108750000, -6.369475e+001,
3110000000, -6.357574e+001,
3111250000, -6.368491e+001,
3112500000, -6.330756e+001,
3113750000, -6.374646e+001,
3115000000, -6.364536e+001,
3116250000, -6.353911e+001,
3117500000, -6.341256e+001,
3118750000, -6.304732e+001,
3120000000, -6.304642e+001,
3121250000, -6.285780e+001,
3122500000, -6.283633e+001,
3123750000, -6.267957e+001,
3125000000, -6.281105e+001,
3126250000, -6.258470e+001,
3127500000, -6.265403e+001,
3128750000, -6.271749e+001,
3130000000, -6.271231e+001,
3131250000, -6.272733e+001,
3132500000, -6.260056e+001,
3133750000, -6.240100e+001,
3135000000, -6.250450e+001,
3136250000, -6.227599e+001,
3137500000, -6.252876e+001,
3138750000, -6.238070e+001,
3140000000, -6.268251e+001,
3141250000, -6.263594e+001,
3142500000, -6.250264e+001,
3143750000, -6.230596e+001,
3145000000, -6.260601e+001,
3146250000, -6.271738e+001,
3147500000, -6.270529e+001,
3148750000, -6.257392e+001,
3150000000, -6.275258e+001,
3151250000, -6.257612e+001,
3152500000, -6.274253e+001,
3153750000, -6.274282e+001,
3155000000, -6.279403e+001,
3156250000, -6.299701e+001,
3157500000, -6.310519e+001,
3158750000, -6.294489e+001,
3160000000, -6.296415e+001,
3161250000, -6.326462e+001,
3162500000, -6.313392e+001,
3163750000, -6.318624e+001,
3165000000, -6.329840e+001,
3166250000, -6.326798e+001,
3167500000, -6.330877e+001,
3168750000, -6.331496e+001,
3170000000, -6.321243e+001,
3171250000, -6.333751e+001,
3172500000, -6.338730e+001,
3173750000, -6.313815e+001,
3175000000, -6.319431e+001,
3176250000, -6.313326e+001,
3177500000, -6.325854e+001,
3178750000, -6.314843e+001,
3180000000, -6.326186e+001,
3181250000, -6.311334e+001,
3182500000, -6.326572e+001,
3183750000, -6.327096e+001,
3185000000, -6.326856e+001,
3186250000, -6.335593e+001,
3187500000, -6.326592e+001,
3188750000, -6.351603e+001,
3190000000, -6.327999e+001,
3191250000, -6.316185e+001,
3192500000, -6.298176e+001,
3193750000, -6.310485e+001,
3195000000, -6.317341e+001,
3196250000, -6.308981e+001,
3197500000, -6.309346e+001,
3198750000, -6.299807e+001,
3200000000, -6.298156e+001,
3201250000, -6.308283e+001,
3202500000, -6.284101e+001,
3203750000, -6.286581e+001,
3205000000, -6.260321e+001,
3206250000, -6.288311e+001,
3207500000, -6.273719e+001,
3208750000, -6.275134e+001,
3210000000, -6.275652e+001,
3211250000, -6.270525e+001,
3212500000, -6.269836e+001,
3213750000, -6.290201e+001,
3215000000, -6.275634e+001,
3216250000, -6.285886e+001,
3217500000, -6.281274e+001,
3218750000, -6.288309e+001,
3220000000, -6.280341e+001,
3221250000, -6.288881e+001,
3222500000, -6.301621e+001,
3223750000, -6.282068e+001,
3225000000, -6.293849e+001,
3226250000, -6.300204e+001,
3227500000, -6.293309e+001,
3228750000, -6.283630e+001,
3230000000, -6.299577e+001,
3231250000, -6.302678e+001,
3232500000, -6.291300e+001,
3233750000, -6.300009e+001,
3235000000, -6.302257e+001,
3236250000, -6.300341e+001,
3237500000, -6.325439e+001,
3238750000, -6.324329e+001,
3240000000, -6.319606e+001,
3241250000, -6.309183e+001,
3242500000, -6.335295e+001,
3243750000, -6.348797e+001,
3245000000, -6.337055e+001,
3246250000, -6.371519e+001,
3247500000, -6.362262e+001,
3248750000, -6.374115e+001,
3250000000, -6.380460e+001,
3251250000, -6.366553e+001,
3252500000, -6.351589e+001,
3253750000, -6.367514e+001,
3255000000, -6.380348e+001,
3256250000, -6.386337e+001,
3257500000, -6.383120e+001,
3258750000, -6.384109e+001,
3260000000, -6.376146e+001,
3261250000, -6.391121e+001,
3262500000, -6.379590e+001,
3263750000, -6.374649e+001,
3265000000, -6.380962e+001,
3266250000, -6.404150e+001,
3267500000, -6.386806e+001,
3268750000, -6.365804e+001,
3270000000, -6.365555e+001,
3271250000, -6.382109e+001,
3272500000, -6.390492e+001,
3273750000, -6.372286e+001,
3275000000, -6.362720e+001,
3276250000, -6.358468e+001,
3277500000, -6.375903e+001,
3278750000, -6.374755e+001,
3280000000, -6.335904e+001,
3281250000, -6.345598e+001,
3282500000, -6.300384e+001,
3283750000, -6.288306e+001,
3285000000, -6.313430e+001,
3286250000, -6.281269e+001,
3287500000, -6.287667e+001,
3288750000, -6.287460e+001,
3290000000, -6.292983e+001,
3291250000, -6.287631e+001,
3292500000, -6.299358e+001,
3293750000, -6.245786e+001,
3295000000, -6.253122e+001,
3296250000, -6.248520e+001,
3297500000, -6.245925e+001,
3298750000, -6.219156e+001,
3300000000, -6.229064e+001,
3301250000, -6.224277e+001,
3302500000, -6.219887e+001,
3303750000, -6.232210e+001,
3305000000, -6.201057e+001,
3306250000, -6.208514e+001,
3307500000, -6.205093e+001,
3308750000, -6.183992e+001,
3310000000, -6.191094e+001,
3311250000, -6.167180e+001,
3312500000, -6.169824e+001,
3313750000, -6.168860e+001,
3315000000, -6.171100e+001,
3316250000, -6.158531e+001,
3317500000, -6.139550e+001,
3318750000, -6.142540e+001,
3320000000, -6.149207e+001,
3321250000, -6.125245e+001,
3322500000, -6.123651e+001,
3323750000, -6.124093e+001,
3325000000, -6.112236e+001,
3326250000, -6.113980e+001,
3327500000, -6.106828e+001,
3328750000, -6.115690e+001,
3330000000, -6.085149e+001,
3331250000, -6.095079e+001,
3332500000, -6.088222e+001,
3333750000, -6.076816e+001,
3335000000, -6.082793e+001,
3336250000, -6.071758e+001,
3337500000, -6.069507e+001,
3338750000, -6.089354e+001,
3340000000, -6.074939e+001,
3341250000, -6.088704e+001,
3342500000, -6.086830e+001,
3343750000, -6.068720e+001,
3345000000, -6.076466e+001,
3346250000, -6.066014e+001,
3347500000, -6.077613e+001,
3348750000, -6.071547e+001,
3350000000, -6.071656e+001,
3351250000, -6.075057e+001,
3352500000, -6.061686e+001,
3353750000, -6.088097e+001,
3355000000, -6.076952e+001,
3356250000, -6.085281e+001,
3357500000, -6.088923e+001,
3358750000, -6.107121e+001,
3360000000, -6.104780e+001,
3361250000, -6.109604e+001,
3362500000, -6.119267e+001,
3363750000, -6.141386e+001,
3365000000, -6.125331e+001,
3366250000, -6.126887e+001,
3367500000, -6.129025e+001,
3368750000, -6.117673e+001,
3370000000, -6.139571e+001,
3371250000, -6.122533e+001,
3372500000, -6.121053e+001,
3373750000, -6.140448e+001,
3375000000, -6.138019e+001,
3376250000, -6.164508e+001,
3377500000, -6.159922e+001,
3378750000, -6.174697e+001,
3380000000, -6.160731e+001,
3381250000, -6.145605e+001,
3382500000, -6.168916e+001,
3383750000, -6.168831e+001,
3385000000, -6.180677e+001,
3386250000, -6.158321e+001,
3387500000, -6.147762e+001,
3388750000, -6.194513e+001,
3390000000, -6.174584e+001,
3391250000, -6.219986e+001,
3392500000, -6.241945e+001,
3393750000, -6.207215e+001,
3395000000, -6.236466e+001,
3396250000, -6.242761e+001,
3397500000, -6.230392e+001,
3398750000, -6.244932e+001,
3400000000, -6.235762e+001,
3401250000, -6.270253e+001,
3402500000, -6.283292e+001,
3403750000, -6.272077e+001,
3405000000, -6.285519e+001,
3406250000, -6.257823e+001,
3407500000, -6.280156e+001,
3408750000, -6.265656e+001,
3410000000, -6.289672e+001,
3411250000, -6.274561e+001,
3412500000, -6.284757e+001,
3413750000, -6.270251e+001,
3415000000, -6.278090e+001,
3416250000, -6.293884e+001,
3417500000, -6.289999e+001,
3418750000, -6.285048e+001,
3420000000, -6.292164e+001,
3421250000, -6.285356e+001,
3422500000, -6.299783e+001,
3423750000, -6.300174e+001,
3425000000, -6.274374e+001,
3426250000, -6.280106e+001,
3427500000, -6.289094e+001,
3428750000, -6.299213e+001,
3430000000, -6.269870e+001,
3431250000, -6.273893e+001,
3432500000, -6.333652e+001,
3433750000, -6.285503e+001,
3435000000, -6.296993e+001,
3436250000, -6.261063e+001,
3437500000, -6.266569e+001,
3438750000, -6.257618e+001,
3440000000, -6.272349e+001,
3441250000, -6.260526e+001,
3442500000, -6.283471e+001,
3443750000, -6.265237e+001,
3445000000, -6.245362e+001,
3446250000, -6.242264e+001,
3447500000, -6.224654e+001,
3448750000, -6.240156e+001,
3450000000, -6.202422e+001,
3451250000, -6.234815e+001,
3452500000, -6.219273e+001,
3453750000, -6.203916e+001,
3455000000, -6.237748e+001,
3456250000, -6.208767e+001,
3457500000, -6.227585e+001,
3458750000, -6.212045e+001,
3460000000, -6.221031e+001,
3461250000, -6.191505e+001,
3462500000, -6.198355e+001,
3463750000, -6.217601e+001,
3465000000, -6.172768e+001,
3466250000, -6.204758e+001,
3467500000, -6.211013e+001,
3468750000, -6.175100e+001,
3470000000, -6.196774e+001,
3471250000, -6.194386e+001,
3472500000, -6.188220e+001,
3473750000, -6.202662e+001,
3475000000, -6.197041e+001,
3476250000, -6.187269e+001,
3477500000, -6.205409e+001,
3478750000, -6.198098e+001,
3480000000, -6.221602e+001,
3481250000, -6.200195e+001,
3482500000, -6.212634e+001,
3483750000, -6.207405e+001,
3485000000, -6.159739e+001,
3486250000, -6.183109e+001,
3487500000, -6.150817e+001,
3488750000, -6.146545e+001,
3490000000, -6.166320e+001,
3491250000, -6.185775e+001,
3492500000, -6.144064e+001,
3493750000, -6.188879e+001,
3495000000, -6.166051e+001,
3496250000, -6.140582e+001,
3497500000, -6.191936e+001,
3498750000, -6.158018e+001,
3500000000, -6.173851e+001,
3501250000, -6.170581e+001,
3502500000, -6.112284e+001,
3503750000, -6.150996e+001,
3505000000, -6.152958e+001,
3506250000, -6.125729e+001,
3507500000, -6.144907e+001,
3508750000, -6.137592e+001,
3510000000, -6.128490e+001,
3511250000, -6.134895e+001,
3512500000, -6.092418e+001,
3513750000, -6.117757e+001,
3515000000, -6.121980e+001,
3516250000, -6.113220e+001,
3517500000, -6.128410e+001,
3518750000, -6.121723e+001,
3520000000, -6.145142e+001,
3521250000, -6.131152e+001,
3522500000, -6.123951e+001,
3523750000, -6.128020e+001,
3525000000, -6.096299e+001,
3526250000, -6.116689e+001,
3527500000, -6.090588e+001,
3528750000, -6.097430e+001,
3530000000, -6.072931e+001,
3531250000, -6.064706e+001,
3532500000, -6.110899e+001,
3533750000, -6.075531e+001,
3535000000, -6.096374e+001,
3536250000, -6.072944e+001,
3537500000, -6.095669e+001,
3538750000, -6.038976e+001,
3540000000, -6.118177e+001,
3541250000, -6.085043e+001,
3542500000, -6.057780e+001,
3543750000, -6.099670e+001,
3545000000, -6.049478e+001,
3546250000, -6.097441e+001,
3547500000, -6.088083e+001,
3548750000, -6.076039e+001,
3550000000, -6.121693e+001,
3551250000, -6.104214e+001,
3552500000, -6.088969e+001,
3553750000, -6.128001e+001,
3555000000, -6.076355e+001,
3556250000, -6.059603e+001,
3557500000, -6.079342e+001,
3558750000, -6.089571e+001,
3560000000, -6.096348e+001,
3561250000, -6.151363e+001,
3562500000, -6.115933e+001,
3563750000, -6.091675e+001,
3565000000, -6.134476e+001,
3566250000, -6.109963e+001,
3567500000, -6.126898e+001,
3568750000, -6.092193e+001,
3570000000, -6.097957e+001,
3571250000, -6.134380e+001,
3572500000, -6.116344e+001,
3573750000, -6.106217e+001,
3575000000, -6.059156e+001,
3576250000, -6.123486e+001,
3577500000, -6.040471e+001,
3578750000, -6.077194e+001,
3580000000, -6.076008e+001,
3581250000, -6.092963e+001,
3582500000, -6.062837e+001,
3583750000, -6.085880e+001,
3585000000, -6.169768e+001,
3586250000, -6.106913e+001,
3587500000, -6.129353e+001,
3588750000, -6.109422e+001,
3590000000, -6.120388e+001,
3591250000, -6.148465e+001,
3592500000, -6.082000e+001,
3593750000, -6.081861e+001,
3595000000, -6.181938e+001,
3596250000, -6.117486e+001,
3597500000, -6.152383e+001,
3598750000, -6.118970e+001,
3600000000, -6.100190e+001,
3601250000, -6.114008e+001,
3602500000, -6.131368e+001,
3603750000, -6.072915e+001,
3605000000, -6.124988e+001,
3606250000, -6.219640e+001,
3607500000, -6.104291e+001,
3608750000, -6.133285e+001,
3610000000, -6.283368e+001,
3611250000, -6.134978e+001,
3612500000, -6.053158e+001,
3613750000, -6.194149e+001,
3615000000, -6.229515e+001,
3616250000, -6.035739e+001,
3617500000, -6.106401e+001,
3618750000, -6.292715e+001,
3620000000, -6.090339e+001,
3621250000, -6.043702e+001,
3622500000, -6.173618e+001,
3623750000, -6.126738e+001,
3625000000, -6.098750e+001,
3626250000, -6.089626e+001,
3627500000, -6.087031e+001,
3628750000, -6.107673e+001,
3630000000, -6.174732e+001,
3631250000, -6.134289e+001,
3632500000, -6.141905e+001,
3633750000, -6.268415e+001,
3635000000, -6.195606e+001,
3636250000, -6.077860e+001,
3637500000, -6.120781e+001,
3638750000, -6.271383e+001,
3640000000, -6.133495e+001,
3641250000, -6.074024e+001,
3642500000, -6.470601e+001,
3643750000, -6.143461e+001,
3645000000, -6.041595e+001,
3646250000, -6.353334e+001,
3647500000, -6.264546e+001,
3648750000, -6.173172e+001,
3650000000, -5.995529e+001,
3651250000, -6.252271e+001,
3652500000, -6.269813e+001,
3653750000, -6.171421e+001,
3655000000, -6.152325e+001,
3656250000, -6.127098e+001,
3657500000, -6.275454e+001,
3658750000, -6.292605e+001,
3660000000, -6.210218e+001,
3661250000, -6.194029e+001,
3662500000, -6.092316e+001,
3663750000, -6.350852e+001,
3665000000, -6.452921e+001,
3666250000, -6.126220e+001,
3667500000, -5.888504e+001,
3668750000, -6.274498e+001,
3670000000, -6.461001e+001,
3671250000, -5.669208e+001,
3672500000, -5.826776e+001,
3673750000, -7.687255e+001,
3675000000, -5.895516e+001,
3676250000, -5.917296e+001,
3677500000, -6.339853e+001,
3678750000, -6.355289e+001,
3680000000, -5.961694e+001,
3681250000, -6.184972e+001,
3682500000, -6.409150e+001,
3683750000, -6.221296e+001,
3685000000, -6.273520e+001,
3686250000, -6.294366e+001,
3687500000, -6.168558e+001,
3688750000, -6.144569e+001,
3690000000, -6.342735e+001,
3691250000, -6.460330e+001,
3692500000, -6.119038e+001,
3693750000, -6.112193e+001,
3695000000, -6.544452e+001,
3696250000, -6.859495e+001,
3697500000, -5.840347e+001,
3698750000, -5.603210e+001,
3700000000, -6.269758e+001,
3701250000, -6.165220e+001,
3702500000, -5.746655e+001,
3703750000, -5.985006e+001,
3705000000, -6.276377e+001,
3706250000, -6.497759e+001,
3707500000, -6.528362e+001,
3708750000, -6.176187e+001,
3710000000, -6.210551e+001,
3711250000, -6.561169e+001,
3712500000, -6.316689e+001,
3713750000, -6.430527e+001,
3715000000, -6.599519e+001,
3716250000, -6.148544e+001,
3717500000, -6.447655e+001,
3718750000, -6.882079e+001,
3720000000, -6.261164e+001,
3721250000, -6.142756e+001,
3722500000, -7.251637e+001,
3723750000, -5.990451e+001,
3725000000, -6.338407e+001,
3726250000, -6.548204e+001,
3727500000, -5.799813e+001,
3728750000, -6.244201e+001,
3730000000, -6.564403e+001,
3731250000, -5.930575e+001,
3732500000, -6.054807e+001,
3733750000, -7.285119e+001,
3735000000, -6.260553e+001,
3736250000, -5.872075e+001,
3737500000, -6.040833e+001,
3738750000, -6.611001e+001,
3740000000, -6.952113e+001,
3741250000, -6.859142e+001,
3742500000, -6.182470e+001,
3743750000, -6.135215e+001,
3745000000, -6.610940e+001,
3746250000, -7.268109e+001,
3747500000, -6.065164e+001,
3748750000, -5.898898e+001,
3750000000, -6.452707e+001,
3751250000, -6.439684e+001,
3752500000, -5.892587e+001,
3753750000, -5.569230e+001,
3755000000, -5.770322e+001,
3756250000, -6.599726e+001,
3757500000, -6.087752e+001,
3758750000, -5.639486e+001,
3760000000, -5.769357e+001,
3761250000, -6.794312e+001,
3762500000, -6.338871e+001,
3763750000, -5.901753e+001,
3765000000, -5.820825e+001,
3766250000, -6.195307e+001,
3767500000, -7.126712e+001,
3768750000, -6.395621e+001,
3770000000, -5.647880e+001,
3771250000, -5.451698e+001,
3772500000, -5.693076e+001,
3773750000, -6.034259e+001,
3775000000, -5.702338e+001,
3776250000, -5.679087e+001,
3777500000, -6.029928e+001,
3778750000, -6.482755e+001,
3780000000, -6.281778e+001,
3781250000, -5.531559e+001,
3782500000, -5.337912e+001,
3783750000, -5.536537e+001,
3785000000, -6.199973e+001,
3786250000, -6.259215e+001,
3787500000, -5.615245e+001,
3788750000, -5.234992e+001,
3790000000, -5.196223e+001,
3791250000, -5.403957e+001,
3792500000, -5.525162e+001,
3793750000, -5.358955e+001,
3795000000, -5.343019e+001,
3796250000, -5.495294e+001,
3797500000, -5.789639e+001,
3798750000, -6.516045e+001,
3800000000, -6.970932e+001,
3801250000, -6.376022e+001,
3802500000, -6.011248e+001,
3803750000, -6.028164e+001,
3805000000, -6.619661e+001,
3806250000, -6.824311e+001,
3807500000, -5.966507e+001,
3808750000, -6.016101e+001,
3810000000, -7.133957e+001,
3811250000, -6.487900e+001,
3812500000, -6.176901e+001,
3813750000, -6.294899e+001,
3815000000, -6.772797e+001,
3816250000, -7.065578e+001,
3817500000, -6.860284e+001,
3818750000, -6.138384e+001,
3820000000, -5.653663e+001,
3821250000, -5.666858e+001,
3822500000, -5.815424e+001,
3823750000, -5.674977e+001,
3825000000, -5.257823e+001,
3826250000, -5.062092e+001,
3827500000, -4.945415e+001,
3828750000, -4.910885e+001,
3830000000, -4.949519e+001,
3831250000, -5.002026e+001,
3832500000, -5.029140e+001,
3833750000, -5.087513e+001,
3835000000, -5.247028e+001,
3836250000, -5.394065e+001,
3837500000, -5.410898e+001,
3838750000, -5.430970e+001,
3840000000, -5.370048e+001,
3841250000, -5.271767e+001,
3842500000, -5.569692e+001,
3843750000, -6.537081e+001,
3845000000, -7.254364e+001,
3846250000, -7.492468e+001,
3847500000, -6.445960e+001,
3848750000, -6.634369e+001,
3850000000, -7.561308e+001,
3851250000, -6.936178e+001,
3852500000, -5.763406e+001,
3853750000, -5.370658e+001,
3855000000, -5.370575e+001,
3856250000, -5.426268e+001,
3857500000, -5.582035e+001,
3858750000, -5.670871e+001,
3860000000, -5.567887e+001,
3861250000, -5.469858e+001,
3862500000, -5.564868e+001,
3863750000, -6.107775e+001,
3865000000, -6.753831e+001,
3866250000, -5.689347e+001,
3867500000, -5.625205e+001,
3868750000, -5.890962e+001,
3870000000, -5.843344e+001,
3871250000, -5.521956e+001,
3872500000, -5.400575e+001,
3873750000, -5.224660e+001,
3875000000, -5.002702e+001,
3876250000, -4.782326e+001,
3877500000, -4.817360e+001,
3878750000, -5.118695e+001,
3880000000, -5.193894e+001,
3881250000, -5.242137e+001,
3882500000, -5.297426e+001,
3883750000, -5.261889e+001,
3885000000, -5.369415e+001,
3886250000, -6.505196e+001,
3887500000, -6.595009e+001,
3888750000, -7.734635e+001,
3890000000, -6.827513e+001,
3891250000, -5.798739e+001,
3892500000, -5.466653e+001,
3893750000, -5.289514e+001,
3895000000, -5.335603e+001,
3896250000, -5.512402e+001,
3897500000, -5.997731e+001,
3898750000, -5.947923e+001,
3900000000, -5.521881e+001,
3901250000, -5.327757e+001,
3902500000, -5.107699e+001,
3903750000, -5.179443e+001,
3905000000, -5.570472e+001,
3906250000, -5.354312e+001,
3907500000, -5.232583e+001,
3908750000, -5.087539e+001,
3910000000, -4.982769e+001,
3911250000, -5.008204e+001,
3912500000, -5.179454e+001,
3913750000, -5.262085e+001,
3915000000, -5.239270e+001,
3916250000, -5.098421e+001,
3917500000, -5.236835e+001,
3918750000, -5.575602e+001,
3920000000, -5.827620e+001,
3921250000, -5.759109e+001,
3922500000, -5.412482e+001,
3923750000, -5.078286e+001,
3925000000, -4.633529e+001,
3926250000, -4.235485e+001,
3927500000, -3.812960e+001,
3928750000, -3.529239e+001,
3930000000, -3.379752e+001,
3931250000, -3.361994e+001,
3932500000, -3.369357e+001,
3933750000, -3.396648e+001,
3935000000, -3.549294e+001,
3936250000, -3.684406e+001,
3937500000, -3.710318e+001,
3938750000, -3.953651e+001,
3940000000, -4.293073e+001,
3941250000, -4.477937e+001,
3942500000, -4.543155e+001,
3943750000, -4.610716e+001,
3945000000, -4.557293e+001,
3946250000, -4.401599e+001,
3947500000, -4.227483e+001,
3948750000, -3.998819e+001,
3950000000, -3.952139e+001,
3951250000, -4.110574e+001,
3952500000, -4.058200e+001,
3953750000, -4.130560e+001,
3955000000, -4.435006e+001,
3956250000, -5.026835e+001,
3957500000, -5.050796e+001,
3958750000, -4.216348e+001,
3960000000, -3.701154e+001,
3961250000, -3.367614e+001,
3962500000, -3.054948e+001,
3963750000, -2.807576e+001,
3965000000, -2.722062e+001,
3966250000, -2.637329e+001,
3967500000, -2.518573e+001,
3968750000, -2.447153e+001,
3970000000, -2.314253e+001,
3971250000, -2.315898e+001,
3972500000, -2.431986e+001,
3973750000, -2.375793e+001,
3975000000, -2.279519e+001,
3976250000, -2.291399e+001,
3977500000, -2.361088e+001,
3978750000, -2.359361e+001,
3980000000, -2.347643e+001,
3981250000, -2.385535e+001,
3982500000, -2.534772e+001,
3983750000, -2.524051e+001,
3985000000, -2.584079e+001,
3986250000, -2.704366e+001,
3987500000, -2.871284e+001,
3988750000, -3.017837e+001,
3990000000, -3.141141e+001,
3991250000, -3.390356e+001,
3992500000, -3.634056e+001,
3993750000, -3.899588e+001,
3995000000, -4.318650e+001,
3996250000, -4.493059e+001,
3997500000, -4.381384e+001,
3998750000, -4.277973e+001,
4000000000, -3.957848e+001,
4001250000, -3.628692e+001,
4002500000, -3.499642e+001,
4003750000, -3.308530e+001,
4005000000, -3.185443e+001,
4006250000, -3.217664e+001,
4007500000, -3.144403e+001,
4008750000, -2.895604e+001,
4010000000, -2.832868e+001,
4011250000, -2.886969e+001,
4012500000, -2.683503e+001,
4013750000, -2.429845e+001,
4015000000, -2.381333e+001,
4016250000, -2.455316e+001,
4017500000, -2.354077e+001,
4018750000, -2.172491e+001,
4020000000, -2.101871e+001,
4021250000, -2.128324e+001,
4022500000, -2.123529e+001,
4023750000, -2.076561e+001,
4025000000, -2.072776e+001,
4026250000, -2.140555e+001,
4027500000, -2.221404e+001,
4028750000, -2.280189e+001,
4030000000, -2.316289e+001,
4031250000, -2.427718e+001,
4032500000, -2.626870e+001,
4033750000, -2.837605e+001,
4035000000, -3.058881e+001,
4036250000, -3.510630e+001,
4037500000, -4.800430e+001,
4038750000, -4.382848e+001,
4040000000, -3.657598e+001,
4041250000, -3.229486e+001,
4042500000, -3.029537e+001,
4043750000, -2.983872e+001,
4045000000, -2.917654e+001,
4046250000, -2.820604e+001,
4047500000, -2.788004e+001,
4048750000, -2.875313e+001,
4050000000, -2.956062e+001,
4051250000, -2.963930e+001,
4052500000, -3.016090e+001,
4053750000, -3.122867e+001,
4055000000, -3.194915e+001,
4056250000, -3.192815e+001,
4057500000, -3.178681e+001,
4058750000, -3.158900e+001,
4060000000, -3.123211e+001,
4061250000, -3.071715e+001,
4062500000, -3.014554e+001,
4063750000, -2.932519e+001,
4065000000, -2.913582e+001,
4066250000, -2.960682e+001,
4067500000, -2.999606e+001,
4068750000, -3.103116e+001,
4070000000, -3.297359e+001,
4071250000, -3.393273e+001,
4072500000, -3.478560e+001,
4073750000, -3.639085e+001,
4075000000, -3.842445e+001,
4076250000, -4.111034e+001,
4077500000, -4.314939e+001,
4078750000, -3.853558e+001,
4080000000, -3.389280e+001,
4081250000, -3.043671e+001,
4082500000, -2.809714e+001,
4083750000, -2.671361e+001,
4085000000, -2.550524e+001,
4086250000, -2.413870e+001,
4087500000, -2.337539e+001,
4088750000, -2.317867e+001,
4090000000, -2.293145e+001,
4091250000, -2.260620e+001,
4092500000, -2.273953e+001,
4093750000, -2.326842e+001,
4095000000, -2.369348e+001,
4096250000, -2.401067e+001,
4097500000, -2.471961e+001,
4098750000, -2.600006e+001,
4100000000, -2.762888e+001,
4101250000, -2.924060e+001,
4102500000, -3.172676e+001,
4103750000, -3.666737e+001,
4105000000, -4.365170e+001,
4106250000, -4.068255e+001,
4107500000, -3.765854e+001,
4108750000, -3.362818e+001,
4110000000, -3.083158e+001,
4111250000, -2.999599e+001,
4112500000, -3.007809e+001,
4113750000, -3.009654e+001,
4115000000, -3.039177e+001,
4116250000, -3.156269e+001,
4117500000, -3.321166e+001,
4118750000, -3.483208e+001,
4120000000, -3.674635e+001,
4121250000, -3.927480e+001,
4122500000, -3.911859e+001,
4123750000, -3.756379e+001,
4125000000, -3.483790e+001,
4126250000, -3.263609e+001,
4127500000, -3.156248e+001,
4128750000, -3.075560e+001,
4130000000, -3.024582e+001,
4131250000, -3.026200e+001,
4132500000, -3.116549e+001,
4133750000, -3.295773e+001,
4135000000, -3.525884e+001,
4136250000, -3.896732e+001,
4137500000, -4.950445e+001,
4138750000, -4.485039e+001,
4140000000, -3.871215e+001,
4141250000, -3.573743e+001,
4142500000, -3.299876e+001,
4143750000, -3.113827e+001,
4145000000, -3.014815e+001,
4146250000, -2.906616e+001,
4147500000, -2.808208e+001,
4148750000, -2.748560e+001,
4150000000, -2.730414e+001,
4151250000, -2.715382e+001,
4152500000, -2.681981e+001,
4153750000, -2.700260e+001,
4155000000, -2.781686e+001,
4156250000, -2.807492e+001,
4157500000, -2.793346e+001,
4158750000, -2.913700e+001,
4160000000, -3.098293e+001,
4161250000, -3.161495e+001,
4162500000, -3.273114e+001,
4163750000, -3.609068e+001,
4165000000, -3.877104e+001,
4166250000, -3.954920e+001,
4167500000, -4.186825e+001,
4168750000, -4.331701e+001,
4170000000, -4.289852e+001,
4171250000, -4.516548e+001,
4172500000, -4.738249e+001,
4173750000, -4.938507e+001,
4175000000, -5.249436e+001,
4176250000, -4.723351e+001,
4177500000, -4.285244e+001,
4178750000, -3.895022e+001,
4180000000, -3.627918e+001,
4181250000, -3.411237e+001,
4182500000, -3.213915e+001,
4183750000, -3.085219e+001,
4185000000, -3.004935e+001,
4186250000, -2.942000e+001,
4187500000, -2.917029e+001,
4188750000, -2.921547e+001,
4190000000, -2.937868e+001,
4191250000, -2.962768e+001,
4192500000, -3.028076e+001,
4193750000, -3.166781e+001,
4195000000, -3.336567e+001,
4196250000, -3.548859e+001,
4197500000, -3.887974e+001,
4198750000, -4.335553e+001,
4200000000, -4.873583e+001,
4201250000, -4.594497e+001,
4202500000, -4.042722e+001,
4203750000, -3.800906e+001,
4205000000, -3.604186e+001,
4206250000, -3.465289e+001,
4207500000, -3.428836e+001,
4208750000, -3.428187e+001,
4210000000, -3.426159e+001,
4211250000, -3.504704e+001,
4212500000, -3.634338e+001,
4213750000, -3.744971e+001,
4215000000, -3.947184e+001,
4216250000, -4.156580e+001,
4217500000, -4.116435e+001,
4218750000, -3.989556e+001,
4220000000, -3.876323e+001,
4221250000, -3.803945e+001,
4222500000, -3.783715e+001,
4223750000, -3.841295e+001,
4225000000, -4.022930e+001,
4226250000, -4.378900e+001,
4227500000, -5.243286e+001,
4228750000, -5.263460e+001,
4230000000, -4.414702e+001,
4231250000, -4.031560e+001,
4232500000, -3.759999e+001,
4233750000, -3.605756e+001,
4235000000, -3.487360e+001,
4236250000, -3.394995e+001,
4237500000, -3.367051e+001,
4238750000, -3.355808e+001,
4240000000, -3.341763e+001,
4241250000, -3.362792e+001,
4242500000, -3.398066e+001,
4243750000, -3.430053e+001,
4245000000, -3.485194e+001,
4246250000, -3.591397e+001,
4247500000, -3.770732e+001,
4248750000, -3.995961e+001,
4250000000, -4.281807e+001,
4251250000, -4.671108e+001,
4252500000, -5.273732e+001,
4253750000, -6.130995e+001,
4255000000, -5.100616e+001,
4256250000, -4.621999e+001,
4257500000, -4.318871e+001,
4258750000, -4.145555e+001,
4260000000, -4.046603e+001,
4261250000, -3.950201e+001,
4262500000, -3.893120e+001,
4263750000, -3.839369e+001,
4265000000, -3.787799e+001,
4266250000, -3.787349e+001,
4267500000, -3.832347e+001,
4268750000, -3.883023e+001,
4270000000, -3.951081e+001,
4271250000, -4.032451e+001,
4272500000, -4.119165e+001,
4273750000, -4.241621e+001,
4275000000, -4.469643e+001,
4276250000, -4.908884e+001,
4277500000, -5.899815e+001,
4278750000, -5.784255e+001,
4280000000, -4.955209e+001,
4281250000, -4.539596e+001,
4282500000, -4.220497e+001,
4283750000, -3.986455e+001,
4285000000, -3.835728e+001,
4286250000, -3.756403e+001,
4287500000, -3.747767e+001,
4288750000, -3.757203e+001,
4290000000, -3.768417e+001,
4291250000, -3.810844e+001,
4292500000, -3.889259e+001,
4293750000, -4.029913e+001,
4295000000, -4.282288e+001,
4296250000, -4.599555e+001,
4297500000, -4.901980e+001,
4298750000, -5.208550e+001,
4300000000, -5.510456e+001,
4301250000, -6.073433e+001,
4302500000, -6.647881e+001,
4303750000, -5.266745e+001,
4305000000, -4.746001e+001,
4306250000, -4.479745e+001,
4307500000, -4.325967e+001,
4308750000, -4.193053e+001,
4310000000, -4.087998e+001,
4311250000, -4.028700e+001,
4312500000, -4.051935e+001,
4313750000, -4.164589e+001,
4315000000, -4.276349e+001,
4316250000, -4.367118e+001,
4317500000, -4.484348e+001,
4318750000, -4.672535e+001,
4320000000, -5.001349e+001,
4321250000, -5.613213e+001,
4322500000, -6.737935e+001,
4323750000, -6.598181e+001,
4325000000, -6.142546e+001,
4326250000, -5.574657e+001,
4327500000, -5.103524e+001,
4328750000, -4.805751e+001,
4330000000, -4.661492e+001,
4331250000, -4.619058e+001,
4332500000, -4.573462e+001,
4333750000, -4.473681e+001,
4335000000, -4.359686e+001,
4336250000, -4.318370e+001,
4337500000, -4.394891e+001,
4338750000, -4.583018e+001,
4340000000, -4.737883e+001,
4341250000, -4.868812e+001,
4342500000, -5.147509e+001,
4343750000, -5.731165e+001,
4345000000, -6.598244e+001,
4346250000, -6.374257e+001,
4347500000, -6.889514e+001,
4348750000, -6.716374e+001,
4350000000, -6.539584e+001,
4351250000, -7.379976e+001,
4352500000, -5.603450e+001,
4353750000, -5.104667e+001,
4355000000, -4.974642e+001,
4356250000, -5.008831e+001,
4357500000, -4.959555e+001,
4358750000, -4.864049e+001,
4360000000, -4.888890e+001,
4361250000, -5.092817e+001,
4362500000, -5.459710e+001,
4363750000, -5.697671e+001,
4365000000, -5.576607e+001,
4366250000, -5.416490e+001,
4367500000, -5.364909e+001,
4368750000, -5.494059e+001,
4370000000, -5.849121e+001,
4371250000, -5.870434e+001,
4372500000, -5.650471e+001,
4373750000, -5.833045e+001,
4375000000, -6.732112e+001,
4376250000, -6.381316e+001,
4377500000, -5.991130e+001,
4378750000, -6.290850e+001,
4380000000, -6.360820e+001,
4381250000, -5.767984e+001,
4382500000, -5.573429e+001,
4383750000, -5.655870e+001,
4385000000, -5.992393e+001,
4386250000, -6.273612e+001,
4387500000, -5.757994e+001,
4388750000, -5.433979e+001,
4390000000, -5.436086e+001,
4391250000, -5.784249e+001,
4392500000, -6.230334e+001,
4393750000, -5.900754e+001,
4395000000, -5.761669e+001,
4396250000, -5.950175e+001,
4397500000, -6.471963e+001,
4398750000, -7.413848e+001,
4400000000, -6.926915e+001,
4401250000, -6.549313e+001,
4402500000, -6.291051e+001,
4403750000, -6.128392e+001,
4405000000, -6.238611e+001,
4406250000, -6.983308e+001,
4407500000, -7.128551e+001,
4408750000, -6.125260e+001,
4410000000, -5.902967e+001,
4411250000, -6.074274e+001,
4412500000, -6.872359e+001,
4413750000, -7.074475e+001,
4415000000, -6.138792e+001,
4416250000, -5.915430e+001,
4417500000, -6.043781e+001,
4418750000, -6.780743e+001,
4420000000, -6.981814e+001,
4421250000, -6.079017e+001,
4422500000, -5.900348e+001,
4423750000, -6.205793e+001,
4425000000, -8.739974e+001,
4426250000, -6.361800e+001,
4427500000, -6.225949e+001,
4428750000, -6.562492e+001,
4430000000, -6.631853e+001,
4431250000, -6.491346e+001,
4432500000, -6.770425e+001,
4433750000, -6.954588e+001,
4435000000, -6.350415e+001,
4436250000, -6.085375e+001,
4437500000, -6.337444e+001,
4438750000, -8.351570e+001,
4440000000, -6.160036e+001,
4441250000, -5.905272e+001,
4442500000, -6.249432e+001,
4443750000, -8.282507e+001,
4445000000, -6.310106e+001,
4446250000, -6.116373e+001,
4447500000, -6.441179e+001,
4448750000, -7.273049e+001,
4450000000, -6.541883e+001,
4451250000, -6.387126e+001,
4452500000, -6.683459e+001,
4453750000, -6.582259e+001,
4455000000, -6.467252e+001,
4456250000, -6.878434e+001,
4457500000, -6.631264e+001,
4458750000, -6.359921e+001,
4460000000, -6.524167e+001,
4461250000, -6.830571e+001,
4462500000, -6.692912e+001,
4463750000, -6.421820e+001,
4465000000, -6.379256e+001,
4466250000, -6.770737e+001,
4467500000, -6.853403e+001,
4468750000, -6.387663e+001,
4470000000, -6.381898e+001,
4471250000, -6.757660e+001,
4472500000, -6.658701e+001,
4473750000, -6.474538e+001,
4475000000, -6.481036e+001,
4476250000, -6.635548e+001,
4477500000, -6.603915e+001,
4478750000, -6.535026e+001,
4480000000, -6.534879e+001,
4481250000, -6.492169e+001,
4482500000, -6.540471e+001,
4483750000, -6.687992e+001,
4485000000, -6.522596e+001,
4486250000, -6.389886e+001,
4487500000, -6.537962e+001,
4488750000, -6.703961e+001,
4490000000, -6.457197e+001,
4491250000, -6.395921e+001,
4492500000, -6.648108e+001,
4493750000, -6.523826e+001,
4495000000, -6.412238e+001,
4496250000, -6.559309e+001,
4497500000, -6.454797e+001,
4498750000, -6.531406e+001,
4500000000, -6.557893e+001,
4501250000, -6.377311e+001,
4502500000, -6.490234e+001,
4503750000, -6.660980e+001,
4505000000, -6.358330e+001,
4506250000, -6.399546e+001,
4507500000, -6.600106e+001,
4508750000, -6.435410e+001,
4510000000, -6.397667e+001,
4511250000, -6.426314e+001,
4512500000, -6.471931e+001,
4513750000, -6.450835e+001,
4515000000, -6.376161e+001,
4516250000, -6.471796e+001,
4517500000, -6.504489e+001,
4518750000, -6.371268e+001,
4520000000, -6.407519e+001,
4521250000, -6.409760e+001,
4522500000, -6.427359e+001,
4523750000, -6.371706e+001,
4525000000, -6.350013e+001,
4526250000, -6.481453e+001,
4527500000, -6.368301e+001,
4528750000, -6.357291e+001,
4530000000, -6.437735e+001,
4531250000, -6.395193e+001,
4532500000, -6.364378e+001,
4533750000, -6.363584e+001,
4535000000, -6.363910e+001,
4536250000, -6.358299e+001,
4537500000, -6.345811e+001,
4538750000, -6.373739e+001,
4540000000, -6.367270e+001,
4541250000, -6.346462e+001,
4542500000, -6.361395e+001,
4543750000, -6.349039e+001,
4545000000, -6.325933e+001,
4546250000, -6.330275e+001,
4547500000, -6.328726e+001,
4548750000, -6.329948e+001,
4550000000, -6.334665e+001,
4551250000, -6.335658e+001,
4552500000, -6.317852e+001,
4553750000, -6.304268e+001,
4555000000, -6.317578e+001,
4556250000, -6.342265e+001,
4557500000, -6.318264e+001,
4558750000, -6.308481e+001,
4560000000, -6.314891e+001,
4561250000, -6.302048e+001,
4562500000, -6.309430e+001,
4563750000, -6.318616e+001,
4565000000, -6.312154e+001,
4566250000, -6.293883e+001,
4567500000, -6.320803e+001,
4568750000, -6.296060e+001,
4570000000, -6.295996e+001,
4571250000, -6.312436e+001,
4572500000, -6.298529e+001,
4573750000, -6.319661e+001,
4575000000, -6.292435e+001,
4576250000, -6.318353e+001,
4577500000, -6.307964e+001,
4578750000, -6.302651e+001,
4580000000, -6.321704e+001,
4581250000, -6.332883e+001,
4582500000, -6.316898e+001,
4583750000, -6.316772e+001,
4585000000, -6.336577e+001,
4586250000, -6.307598e+001,
4587500000, -6.309066e+001,
4588750000, -6.310203e+001,
4590000000, -6.347023e+001,
4591250000, -6.305269e+001,
4592500000, -6.313017e+001,
4593750000, -6.308816e+001,
4595000000, -6.327156e+001,
4596250000, -6.339657e+001,
4597500000, -6.331240e+001,
4598750000, -6.352993e+001,
4600000000, -6.331268e+001,
4601250000, -6.336968e+001,
4602500000, -6.341279e+001,
4603750000, -6.349276e+001,
4605000000, -6.304484e+001,
4606250000, -6.325706e+001,
4607500000, -6.344307e+001,
4608750000, -6.327383e+001,
4610000000, -6.347493e+001,
4611250000, -6.320481e+001,
4612500000, -6.331341e+001,
4613750000, -6.318537e+001,
4615000000, -6.343159e+001,
4616250000, -6.346463e+001,
4617500000, -6.342111e+001,
4618750000, -6.346867e+001,
4620000000, -6.331210e+001,
4621250000, -6.330709e+001,
4622500000, -6.360705e+001,
4623750000, -6.333818e+001,
4625000000, -6.356438e+001,
4626250000, -6.380643e+001,
4627500000, -6.339149e+001,
4628750000, -6.361742e+001,
4630000000, -6.349640e+001,
4631250000, -6.372747e+001,
4632500000, -6.375738e+001,
4633750000, -6.355108e+001,
4635000000, -6.346665e+001,
4636250000, -6.353044e+001,
4637500000, -6.348862e+001,
4638750000, -6.386227e+001,
4640000000, -6.358540e+001,
4641250000, -6.349379e+001,
4642500000, -6.362692e+001,
4643750000, -6.364490e+001,
4645000000, -6.364491e+001,
4646250000, -6.350946e+001,
4647500000, -6.377843e+001,
4648750000, -6.360784e+001,
4650000000, -6.368600e+001,
4651250000, -6.364492e+001,
4652500000, -6.373771e+001,
4653750000, -6.373886e+001,
4655000000, -6.379284e+001,
4656250000, -6.391911e+001,
4657500000, -6.367875e+001,
4658750000, -6.354790e+001,
4660000000, -6.386604e+001,
4661250000, -6.373358e+001,
4662500000, -6.367202e+001,
4663750000, -6.381466e+001,
4665000000, -6.379261e+001,
4666250000, -6.387211e+001,
4667500000, -6.381598e+001,
4668750000, -6.386925e+001,
4670000000, -6.383995e+001,
4671250000, -6.369933e+001,
4672500000, -6.377799e+001,
4673750000, -6.390606e+001,
4675000000, -6.383525e+001,
4676250000, -6.375521e+001,
4677500000, -6.379328e+001,
4678750000, -6.386168e+001,
4680000000, -6.393457e+001,
4681250000, -6.383120e+001,
4682500000, -6.409180e+001,
4683750000, -6.366085e+001,
4685000000, -6.397621e+001,
4686250000, -6.402357e+001,
4687500000, -6.398203e+001,
4688750000, -6.388290e+001,
4690000000, -6.388894e+001,
4691250000, -6.405547e+001,
4692500000, -6.408234e+001,
4693750000, -6.404243e+001,
4695000000, -6.415550e+001,
4696250000, -6.403582e+001,
4697500000, -6.423198e+001,
4698750000, -6.418335e+001,
4700000000, -6.428339e+001,
4701250000, -6.406396e+001,
4702500000, -6.422742e+001,
4703750000, -6.422063e+001,
4705000000, -6.452641e+001,
4706250000, -6.427595e+001,
4707500000, -6.411955e+001,
4708750000, -6.417017e+001,
4710000000, -6.433218e+001,
4711250000, -6.415314e+001,
4712500000, -6.452104e+001,
4713750000, -6.436192e+001,
4715000000, -6.446707e+001,
4716250000, -6.453167e+001,
4717500000, -6.448567e+001,
4718750000, -6.449567e+001,
4720000000, -6.447961e+001,
4721250000, -6.443132e+001,
4722500000, -6.435287e+001,
4723750000, -6.469589e+001,
4725000000, -6.470512e+001,
4726250000, -6.466208e+001,
4727500000, -6.471437e+001,
4728750000, -6.463970e+001,
4730000000, -6.455666e+001,
4731250000, -6.459129e+001,
4732500000, -6.499622e+001,
4733750000, -6.488493e+001,
4735000000, -6.477911e+001,
4736250000, -6.486980e+001,
4737500000, -6.497928e+001,
4738750000, -6.510925e+001,
4740000000, -6.497376e+001,
4741250000, -6.488522e+001,
4742500000, -6.485104e+001,
4743750000, -6.488940e+001,
4745000000, -6.448989e+001,
4746250000, -6.487667e+001,
4747500000, -6.474943e+001,
4748750000, -6.509146e+001,
4750000000, -6.491145e+001,
4751250000, -6.506938e+001,
4752500000, -6.508862e+001,
4753750000, -6.493127e+001,
4755000000, -6.505282e+001,
4756250000, -6.494901e+001,
4757500000, -6.521455e+001,
4758750000, -6.482967e+001,
4760000000, -6.464356e+001,
4761250000, -6.485806e+001,
4762500000, -6.481445e+001,
4763750000, -6.478876e+001,
4765000000, -6.476389e+001,
4766250000, -6.487092e+001,
4767500000, -6.478394e+001,
4768750000, -6.473441e+001,
4770000000, -6.475627e+001,
4771250000, -6.492184e+001,
4772500000, -6.491821e+001,
4773750000, -6.475150e+001,
4775000000, -6.491560e+001,
4776250000, -6.488548e+001,
4777500000, -6.483678e+001,
4778750000, -6.428367e+001,
4780000000, -6.465958e+001,
4781250000, -6.454620e+001,
4782500000, -6.458983e+001,
4783750000, -6.458342e+001,
4785000000, -6.432827e+001,
4786250000, -6.419195e+001,
4787500000, -6.432595e+001,
4788750000, -6.414845e+001,
4790000000, -6.411456e+001,
4791250000, -6.425164e+001,
4792500000, -6.394547e+001,
4793750000, -6.405261e+001,
4795000000, -6.373618e+001,
4796250000, -6.383874e+001,
4797500000, -6.391836e+001,
4798750000, -6.406060e+001,
4800000000, -6.375455e+001,
4801250000, -6.375677e+001,
4802500000, -6.372693e+001,
4803750000, -6.382944e+001,
4805000000, -6.374848e+001,
4806250000, -6.364789e+001,
4807500000, -6.365743e+001,
4808750000, -6.365688e+001,
4810000000, -6.356168e+001,
4811250000, -6.373781e+001,
4812500000, -6.345160e+001,
4813750000, -6.349601e+001,
4815000000, -6.362812e+001,
4816250000, -6.353313e+001,
4817500000, -6.352650e+001,
4818750000, -6.345684e+001,
4820000000, -6.332578e+001,
4821250000, -6.361407e+001,
4822500000, -6.348319e+001,
4823750000, -6.341898e+001,
4825000000, -6.318242e+001,
4826250000, -6.346902e+001,
4827500000, -6.346440e+001,
4828750000, -6.351958e+001,
4830000000, -6.331234e+001,
4831250000, -6.333922e+001,
4832500000, -6.336695e+001,
4833750000, -6.311081e+001,
4835000000, -6.310123e+001,
4836250000, -6.302079e+001,
4837500000, -6.318841e+001,
4838750000, -6.297752e+001,
4840000000, -6.293081e+001,
4841250000, -6.311518e+001,
4842500000, -6.300054e+001,
4843750000, -6.299293e+001,
4845000000, -6.284574e+001,
4846250000, -6.300391e+001,
4847500000, -6.302650e+001,
4848750000, -6.324255e+001,
4850000000, -6.312762e+001,
4851250000, -6.307631e+001,
4852500000, -6.327239e+001,
4853750000, -6.315690e+001,
4855000000, -6.322179e+001,
4856250000, -6.328102e+001,
4857500000, -6.327285e+001,
4858750000, -6.329832e+001,
4860000000, -6.340742e+001,
4861250000, -6.351516e+001,
4862500000, -6.352832e+001,
4863750000, -6.351698e+001,
4865000000, -6.343683e+001,
4866250000, -6.365324e+001,
4867500000, -6.337178e+001,
4868750000, -6.373456e+001,
4870000000, -6.376001e+001,
4871250000, -6.362623e+001,
4872500000, -6.375851e+001,
4873750000, -6.374874e+001,
4875000000, -6.401047e+001,
4876250000, -6.384160e+001,
4877500000, -6.431877e+001,
4878750000, -6.405889e+001,
4880000000, -6.413429e+001,
4881250000, -6.412441e+001,
4882500000, -6.399664e+001,
4883750000, -6.430871e+001,
4885000000, -6.420732e+001,
4886250000, -6.431380e+001,
4887500000, -6.428160e+001,
4888750000, -6.436980e+001,
4890000000, -6.438450e+001,
4891250000, -6.416341e+001,
4892500000, -6.477775e+001,
4893750000, -6.463554e+001,
4895000000, -6.451865e+001,
4896250000, -6.458063e+001,
4897500000, -6.460854e+001,
4898750000, -6.470255e+001,
4900000000, -6.500120e+001,
4901250000, -6.477472e+001,
4902500000, -6.490275e+001,
4903750000, -6.498691e+001,
4905000000, -6.487536e+001,
4906250000, -6.504046e+001,
4907500000, -6.502844e+001,
4908750000, -6.514818e+001,
4910000000, -6.527550e+001,
4911250000, -6.538176e+001,
4912500000, -6.532021e+001,
4913750000, -6.546215e+001,
4915000000, -6.539294e+001,
4916250000, -6.523750e+001,
4917500000, -6.522324e+001,
4918750000, -6.512456e+001,
4920000000, -6.541222e+001,
4921250000, -6.537531e+001,
4922500000, -6.539638e+001,
4923750000, -6.543561e+001,
4925000000, -6.569453e+001,
4926250000, -6.534605e+001,
4927500000, -6.540174e+001,
4928750000, -6.542892e+001,
4930000000, -6.554356e+001,
4931250000, -6.591628e+001,
4932500000, -6.529838e+001,
4933750000, -6.549192e+001,
4935000000, -6.554060e+001,
4936250000, -6.544768e+001,
4937500000, -6.537228e+001,
4938750000, -6.563818e+001,
4940000000, -6.582214e+001,
4941250000, -6.556676e+001,
4942500000, -6.536264e+001,
4943750000, -6.521647e+001,
4945000000, -6.568327e+001,
4946250000, -6.570282e+001,
4947500000, -6.557408e+001,
4948750000, -6.559850e+001,
4950000000, -6.563840e+001,
4951250000, -6.591959e+001,
4952500000, -6.566125e+001,
4953750000, -6.555669e+001,
4955000000, -6.597463e+001,
4956250000, -6.564066e+001,
4957500000, -6.576336e+001,
4958750000, -6.577931e+001,
4960000000, -6.595170e+001,
4961250000, -6.592457e+001,
4962500000, -6.592300e+001,
4963750000, -6.590842e+001,
4965000000, -6.604747e+001,
4966250000, -6.609998e+001,
4967500000, -6.622525e+001,
4968750000, -6.615830e+001,
4970000000, -6.607806e+001,
4971250000, -6.599511e+001,
4972500000, -6.624674e+001,
4973750000, -6.612963e+001,
4975000000, -6.620100e+001,
4976250000, -6.610661e+001,
4977500000, -6.620319e+001,
4978750000, -6.595406e+001,
4980000000, -6.605827e+001,
4981250000, -6.602696e+001,
4982500000, -6.614893e+001,
4983750000, -6.602860e+001,
4985000000, -6.611642e+001,
4986250000, -6.605901e+001,
4987500000, -6.622017e+001,
4988750000, -6.603119e+001,
4990000000, -6.624738e+001,
4991250000, -6.620438e+001,
4992500000, -6.626828e+001,
4993750000, -6.631759e+001,
4995000000, -6.628178e+001,
4996250000, -6.645379e+001,
4997500000, -6.627166e+001,
4998750000, -6.638371e+001,
5000000000, -6.674100e+001,
