"S21 Log Mag"
"Frequency (Hz)","dB",
3000000000, -6.711453e+001,
3001250000, -6.647224e+001,
3002500000, -6.687512e+001,
3003750000, -6.678787e+001,
3005000000, -6.696761e+001,
3006250000, -6.687704e+001,
3007500000, -6.692368e+001,
3008750000, -6.639734e+001,
3010000000, -6.673028e+001,
3011250000, -6.668099e+001,
3012500000, -6.645203e+001,
3013750000, -6.623469e+001,
3015000000, -6.618139e+001,
3016250000, -6.637405e+001,
3017500000, -6.609920e+001,
3018750000, -6.641874e+001,
3020000000, -6.607430e+001,
3021250000, -6.603254e+001,
3022500000, -6.589324e+001,
3023750000, -6.537672e+001,
3025000000, -6.558737e+001,
3026250000, -6.584552e+001,
3027500000, -6.566838e+001,
3028750000, -6.572867e+001,
3030000000, -6.539162e+001,
3031250000, -6.537289e+001,
3032500000, -6.579929e+001,
3033750000, -6.573562e+001,
3035000000, -6.552768e+001,
3036250000, -6.602179e+001,
3037500000, -6.552493e+001,
3038750000, -6.558710e+001,
3040000000, -6.536186e+001,
3041250000, -6.577274e+001,
3042500000, -6.568887e+001,
3043750000, -6.546531e+001,
3045000000, -6.549689e+001,
3046250000, -6.565881e+001,
3047500000, -6.532600e+001,
3048750000, -6.543924e+001,
3050000000, -6.518977e+001,
3051250000, -6.539623e+001,
3052500000, -6.511283e+001,
3053750000, -6.500447e+001,
3055000000, -6.495193e+001,
3056250000, -6.482449e+001,
3057500000, -6.525314e+001,
3058750000, -6.503810e+001,
3060000000, -6.510873e+001,
3061250000, -6.471704e+001,
3062500000, -6.451297e+001,
3063750000, -6.452806e+001,
3065000000, -6.470039e+001,
3066250000, -6.474007e+001,
3067500000, -6.424975e+001,
3068750000, -6.450005e+001,
3070000000, -6.472100e+001,
3071250000, -6.444144e+001,
3072500000, -6.426010e+001,
3073750000, -6.412324e+001,
3075000000, -6.420874e+001,
3076250000, -6.388820e+001,
3077500000, -6.387461e+001,
3078750000, -6.397772e+001,
3080000000, -6.377271e+001,
3081250000, -6.376759e+001,
3082500000, -6.366332e+001,
3083750000, -6.353655e+001,
3085000000, -6.371111e+001,
3086250000, -6.367568e+001,
3087500000, -6.344985e+001,
3088750000, -6.323685e+001,
3090000000, -6.328366e+001,
3091250000, -6.330116e+001,
3092500000, -6.321574e+001,
3093750000, -6.306790e+001,
3095000000, -6.316118e+001,
3096250000, -6.286575e+001,
3097500000, -6.321944e+001,
3098750000, -6.301894e+001,
3100000000, -6.303403e+001,
3101250000, -6.273596e+001,
3102500000, -6.285167e+001,
3103750000, -6.289171e+001,
3105000000, -6.272006e+001,
3106250000, -6.269067e+001,
3107500000, -6.251382e+001,
3108750000, -6.267449e+001,
3110000000, -6.244973e+001,
3111250000, -6.255845e+001,
3112500000, -6.246233e+001,
3113750000, -6.228734e+001,
3115000000, -6.188304e+001,
3116250000, -6.199028e+001,
3117500000, -6.186197e+001,
3118750000, -6.205425e+001,
3120000000, -6.167872e+001,
3121250000, -6.160947e+001,
3122500000, -6.178388e+001,
3123750000, -6.145118e+001,
3125000000, -6.160059e+001,
3126250000, -6.118343e+001,
3127500000, -6.120741e+001,
3128750000, -6.103561e+001,
3130000000, -6.127038e+001,
3131250000, -6.107360e+001,
3132500000, -6.123343e+001,
3133750000, -6.107249e+001,
3135000000, -6.120447e+001,
3136250000, -6.090605e+001,
3137500000, -6.094999e+001,
3138750000, -6.078051e+001,
3140000000, -6.075208e+001,
3141250000, -6.107951e+001,
3142500000, -6.081866e+001,
3143750000, -6.105447e+001,
3145000000, -6.119314e+001,
3146250000, -6.103995e+001,
3147500000, -6.123651e+001,
3148750000, -6.113718e+001,
3150000000, -6.127005e+001,
3151250000, -6.156831e+001,
3152500000, -6.149224e+001,
3153750000, -6.152317e+001,
3155000000, -6.174456e+001,
3156250000, -6.148650e+001,
3157500000, -6.174134e+001,
3158750000, -6.171677e+001,
3160000000, -6.208826e+001,
3161250000, -6.172920e+001,
3162500000, -6.212936e+001,
3163750000, -6.173528e+001,
3165000000, -6.174154e+001,
3166250000, -6.195932e+001,
3167500000, -6.207107e+001,
3168750000, -6.209571e+001,
3170000000, -6.203212e+001,
3171250000, -6.201661e+001,
3172500000, -6.204588e+001,
3173750000, -6.193405e+001,
3175000000, -6.222352e+001,
3176250000, -6.203636e+001,
3177500000, -6.228299e+001,
3178750000, -6.220359e+001,
3180000000, -6.250035e+001,
3181250000, -6.217017e+001,
3182500000, -6.229032e+001,
3183750000, -6.225929e+001,
3185000000, -6.263841e+001,
3186250000, -6.230746e+001,
3187500000, -6.253138e+001,
3188750000, -6.232763e+001,
3190000000, -6.253156e+001,
3191250000, -6.244345e+001,
3192500000, -6.256959e+001,
3193750000, -6.232222e+001,
3195000000, -6.253615e+001,
3196250000, -6.244013e+001,
3197500000, -6.235176e+001,
3198750000, -6.245903e+001,
3200000000, -6.249149e+001,
3201250000, -6.257192e+001,
3202500000, -6.204892e+001,
3203750000, -6.238617e+001,
3205000000, -6.221256e+001,
3206250000, -6.246642e+001,
3207500000, -6.198908e+001,
3208750000, -6.242049e+001,
3210000000, -6.218805e+001,
3211250000, -6.212083e+001,
3212500000, -6.233558e+001,
3213750000, -6.246938e+001,
3215000000, -6.230691e+001,
3216250000, -6.239703e+001,
3217500000, -6.237740e+001,
3218750000, -6.260658e+001,
3220000000, -6.256585e+001,
3221250000, -6.228543e+001,
3222500000, -6.275650e+001,
3223750000, -6.230520e+001,
3225000000, -6.224070e+001,
3226250000, -6.210089e+001,
3227500000, -6.221671e+001,
3228750000, -6.246032e+001,
3230000000, -6.248263e+001,
3231250000, -6.249120e+001,
3232500000, -6.276908e+001,
3233750000, -6.250064e+001,
3235000000, -6.254870e+001,
3236250000, -6.258707e+001,
3237500000, -6.272001e+001,
3238750000, -6.270623e+001,
3240000000, -6.258506e+001,
3241250000, -6.303941e+001,
3242500000, -6.323885e+001,
3243750000, -6.268855e+001,
3245000000, -6.320562e+001,
3246250000, -6.280934e+001,
3247500000, -6.327857e+001,
3248750000, -6.302499e+001,
3250000000, -6.365973e+001,
3251250000, -6.303911e+001,
3252500000, -6.329650e+001,
3253750000, -6.295827e+001,
3255000000, -6.324059e+001,
3256250000, -6.323972e+001,
3257500000, -6.358226e+001,
3258750000, -6.326451e+001,
3260000000, -6.345775e+001,
3261250000, -6.349579e+001,
3262500000, -6.358544e+001,
3263750000, -6.370531e+001,
3265000000, -6.371138e+001,
3266250000, -6.388068e+001,
3267500000, -6.408416e+001,
3268750000, -6.379815e+001,
3270000000, -6.361101e+001,
3271250000, -6.406387e+001,
3272500000, -6.352367e+001,
3273750000, -6.400085e+001,
3275000000, -6.341821e+001,
3276250000, -6.398318e+001,
3277500000, -6.324421e+001,
3278750000, -6.355098e+001,
3280000000, -6.288006e+001,
3281250000, -6.369582e+001,
3282500000, -6.275306e+001,
3283750000, -6.361137e+001,
3285000000, -6.333107e+001,
3286250000, -6.310513e+001,
3287500000, -6.321286e+001,
3288750000, -6.260800e+001,
3290000000, -6.305219e+001,
3291250000, -6.308381e+001,
3292500000, -6.269411e+001,
3293750000, -6.271656e+001,
3295000000, -6.302877e+001,
3296250000, -6.239304e+001,
3297500000, -6.271315e+001,
3298750000, -6.275238e+001,
3300000000, -6.218990e+001,
3301250000, -6.217391e+001,
3302500000, -6.246937e+001,
3303750000, -6.161228e+001,
3305000000, -6.249588e+001,
3306250000, -6.198318e+001,
3307500000, -6.183719e+001,
3308750000, -6.261164e+001,
3310000000, -6.128806e+001,
3311250000, -6.209064e+001,
3312500000, -6.169609e+001,
3313750000, -6.132854e+001,
3315000000, -6.227211e+001,
3316250000, -6.140263e+001,
3317500000, -6.165839e+001,
3318750000, -6.132152e+001,
3320000000, -6.194947e+001,
3321250000, -6.103594e+001,
3322500000, -6.162028e+001,
3323750000, -6.155808e+001,
3325000000, -6.096519e+001,
3326250000, -6.171101e+001,
3327500000, -6.111903e+001,
3328750000, -6.139135e+001,
3330000000, -6.096218e+001,
3331250000, -6.167523e+001,
3332500000, -6.022530e+001,
3333750000, -6.184307e+001,
3335000000, -6.020933e+001,
3336250000, -6.112363e+001,
3337500000, -6.151937e+001,
3338750000, -6.029516e+001,
3340000000, -6.184557e+001,
3341250000, -6.061028e+001,
3342500000, -6.068124e+001,
3343750000, -6.101106e+001,
3345000000, -6.069528e+001,
3346250000, -6.095088e+001,
3347500000, -6.017020e+001,
3348750000, -6.167271e+001,
3350000000, -6.030519e+001,
3351250000, -6.030680e+001,
3352500000, -6.145169e+001,
3353750000, -6.098094e+001,
3355000000, -5.992687e+001,
3356250000, -6.191504e+001,
3357500000, -6.075419e+001,
3358750000, -6.119415e+001,
3360000000, -6.170903e+001,
3361250000, -6.097319e+001,
3362500000, -6.106709e+001,
3363750000, -6.234236e+001,
3365000000, -5.988468e+001,
3366250000, -6.264784e+001,
3367500000, -6.128054e+001,
3368750000, -6.038564e+001,
3370000000, -6.287683e+001,
3371250000, -6.136883e+001,
3372500000, -6.119005e+001,
3373750000, -6.173607e+001,
3375000000, -6.127021e+001,
3376250000, -6.231522e+001,
3377500000, -6.056074e+001,
3378750000, -6.215210e+001,
3380000000, -6.260457e+001,
3381250000, -5.994170e+001,
3382500000, -6.262325e+001,
3383750000, -6.193056e+001,
3385000000, -6.110232e+001,
3386250000, -6.189439e+001,
3387500000, -6.220462e+001,
3388750000, -6.119644e+001,
3390000000, -6.364916e+001,
3391250000, -6.154233e+001,
3392500000, -6.186063e+001,
3393750000, -6.464126e+001,
3395000000, -6.115387e+001,
3396250000, -6.271159e+001,
3397500000, -6.304820e+001,
3398750000, -6.336028e+001,
3400000000, -6.123428e+001,
3401250000, -6.440537e+001,
3402500000, -6.281032e+001,
3403750000, -6.281650e+001,
3405000000, -6.282560e+001,
3406250000, -6.346882e+001,
3407500000, -6.406525e+001,
3408750000, -6.223127e+001,
3410000000, -6.177901e+001,
3411250000, -6.621825e+001,
3412500000, -6.129723e+001,
3413750000, -6.387594e+001,
3415000000, -6.335643e+001,
3416250000, -6.186521e+001,
3417500000, -6.434775e+001,
3418750000, -6.203579e+001,
3420000000, -6.191063e+001,
3421250000, -6.439057e+001,
3422500000, -6.314022e+001,
3423750000, -6.142928e+001,
3425000000, -6.521317e+001,
3426250000, -6.301253e+001,
3427500000, -6.299599e+001,
3428750000, -6.274691e+001,
3430000000, -6.429703e+001,
3431250000, -6.365488e+001,
3432500000, -6.278911e+001,
3433750000, -6.249989e+001,
3435000000, -6.414230e+001,
3436250000, -6.254390e+001,
3437500000, -6.346415e+001,
3438750000, -6.123054e+001,
3440000000, -6.655016e+001,
3441250000, -6.209549e+001,
3442500000, -6.176100e+001,
3443750000, -6.324175e+001,
3445000000, -6.342753e+001,
3446250000, -6.378812e+001,
3447500000, -6.130701e+001,
3448750000, -6.353100e+001,
3450000000, -6.343462e+001,
3451250000, -6.270995e+001,
3452500000, -6.041512e+001,
3453750000, -6.432258e+001,
3455000000, -6.390776e+001,
3456250000, -6.097567e+001,
3457500000, -6.160141e+001,
3458750000, -6.458302e+001,
3460000000, -6.258170e+001,
3461250000, -6.171043e+001,
3462500000, -6.316008e+001,
3463750000, -6.279530e+001,
3465000000, -6.124569e+001,
3466250000, -6.599088e+001,
3467500000, -6.029611e+001,
3468750000, -6.088391e+001,
3470000000, -6.540245e+001,
3471250000, -6.252799e+001,
3472500000, -5.834816e+001,
3473750000, -6.717329e+001,
3475000000, -6.208667e+001,
3476250000, -6.317041e+001,
3477500000, -6.050256e+001,
3478750000, -6.094979e+001,
3480000000, -6.733328e+001,
3481250000, -6.067638e+001,
3482500000, -5.863420e+001,
3483750000, -6.716950e+001,
3485000000, -6.252702e+001,
3486250000, -5.920199e+001,
3487500000, -6.368717e+001,
3488750000, -6.370676e+001,
3490000000, -6.098795e+001,
3491250000, -6.145314e+001,
3492500000, -6.354301e+001,
3493750000, -6.263364e+001,
3495000000, -6.090926e+001,
3496250000, -6.357651e+001,
3497500000, -6.559947e+001,
3498750000, -5.954420e+001,
3500000000, -5.931924e+001,
3501250000, -7.305141e+001,
3502500000, -5.869365e+001,
3503750000, -6.000345e+001,
3505000000, -6.444744e+001,
3506250000, -6.450060e+001,
3507500000, -6.132372e+001,
3508750000, -5.873311e+001,
3510000000, -6.213041e+001,
3511250000, -6.733631e+001,
3512500000, -5.777424e+001,
3513750000, -5.965599e+001,
3515000000, -6.739232e+001,
3516250000, -6.242285e+001,
3517500000, -5.742159e+001,
3518750000, -6.055262e+001,
3520000000, -6.579860e+001,
3521250000, -5.658051e+001,
3522500000, -6.129085e+001,
3523750000, -6.607224e+001,
3525000000, -5.861282e+001,
3526250000, -5.863345e+001,
3527500000, -6.559370e+001,
3528750000, -6.174990e+001,
3530000000, -5.982667e+001,
3531250000, -5.752095e+001,
3532500000, -6.361512e+001,
3533750000, -6.593704e+001,
3535000000, -5.814136e+001,
3536250000, -5.611176e+001,
3537500000, -6.500739e+001,
3538750000, -6.111203e+001,
3540000000, -5.639089e+001,
3541250000, -6.086609e+001,
3542500000, -6.161079e+001,
3543750000, -6.826508e+001,
3545000000, -5.752883e+001,
3546250000, -5.462493e+001,
3547500000, -6.410284e+001,
3548750000, -5.864083e+001,
3550000000, -5.566605e+001,
3551250000, -6.435553e+001,
3552500000, -6.449010e+001,
3553750000, -5.845005e+001,
3555000000, -5.770420e+001,
3556250000, -7.229887e+001,
3557500000, -5.801614e+001,
3558750000, -5.448210e+001,
3560000000, -6.063077e+001,
3561250000, -6.703909e+001,
3562500000, -5.805897e+001,
3563750000, -5.612136e+001,
3565000000, -5.885672e+001,
3566250000, -7.434267e+001,
3567500000, -6.029317e+001,
3568750000, -5.365939e+001,
3570000000, -5.565070e+001,
3571250000, -6.387675e+001,
3572500000, -5.683009e+001,
3573750000, -5.244966e+001,
3575000000, -5.655389e+001,
3576250000, -6.823625e+001,
3577500000, -6.322087e+001,
3578750000, -5.777853e+001,
3580000000, -5.742219e+001,
3581250000, -6.497247e+001,
3582500000, -6.441104e+001,
3583750000, -5.623846e+001,
3585000000, -5.895684e+001,
3586250000, -6.545363e+001,
3587500000, -5.481645e+001,
3588750000, -6.072578e+001,
3590000000, -6.310363e+001,
3591250000, -5.735228e+001,
3592500000, -5.453026e+001,
3593750000, -5.948568e+001,
3595000000, -6.586180e+001,
3596250000, -5.406395e+001,
3597500000, -5.234908e+001,
3598750000, -5.701970e+001,
3600000000, -6.573500e+001,
3601250000, -5.870298e+001,
3602500000, -5.492990e+001,
3603750000, -5.347533e+001,
3605000000, -5.754940e+001,
3606250000, -6.418931e+001,
3607500000, -5.516851e+001,
3608750000, -5.026556e+001,
3610000000, -5.340626e+001,
3611250000, -6.324899e+001,
3612500000, -5.685035e+001,
3613750000, -5.178308e+001,
3615000000, -5.119203e+001,
3616250000, -5.549825e+001,
3617500000, -5.655424e+001,
3618750000, -5.511863e+001,
3620000000, -5.854249e+001,
3621250000, -5.790332e+001,
3622500000, -6.307404e+001,
3623750000, -6.557549e+001,
3625000000, -5.916214e+001,
3626250000, -5.244266e+001,
3627500000, -4.960565e+001,
3628750000, -5.130886e+001,
3630000000, -5.547279e+001,
3631250000, -5.133607e+001,
3632500000, -4.833289e+001,
3633750000, -5.077174e+001,
3635000000, -5.660566e+001,
3636250000, -5.448694e+001,
3637500000, -5.056777e+001,
3638750000, -5.197147e+001,
3640000000, -5.693496e+001,
3641250000, -6.166280e+001,
3642500000, -5.642761e+001,
3643750000, -5.367527e+001,
3645000000, -5.158840e+001,
3646250000, -5.300694e+001,
3647500000, -5.408115e+001,
3648750000, -4.912046e+001,
3650000000, -4.700801e+001,
3651250000, -4.924789e+001,
3652500000, -5.414714e+001,
3653750000, -5.228536e+001,
3655000000, -4.860769e+001,
3656250000, -4.982244e+001,
3657500000, -5.584389e+001,
3658750000, -6.990167e+001,
3660000000, -6.474149e+001,
3661250000, -5.628972e+001,
3662500000, -5.061388e+001,
3663750000, -4.767825e+001,
3665000000, -4.781287e+001,
3666250000, -5.079118e+001,
3667500000, -4.933798e+001,
3668750000, -4.751362e+001,
3670000000, -4.829338e+001,
3671250000, -5.147375e+001,
3672500000, -5.460303e+001,
3673750000, -5.036385e+001,
3675000000, -4.862353e+001,
3676250000, -5.390455e+001,
3677500000, -5.957614e+001,
3678750000, -5.524954e+001,
3680000000, -5.346144e+001,
3681250000, -5.144820e+001,
3682500000, -5.256274e+001,
3683750000, -5.413249e+001,
3685000000, -5.078692e+001,
3686250000, -4.944298e+001,
3687500000, -5.162603e+001,
3688750000, -5.208651e+001,
3690000000, -5.145399e+001,
3691250000, -4.864192e+001,
3692500000, -4.587725e+001,
3693750000, -4.494560e+001,
3695000000, -4.968369e+001,
3696250000, -5.501618e+001,
3697500000, -5.651939e+001,
3698750000, -5.115606e+001,
3700000000, -4.648533e+001,
3701250000, -4.395045e+001,
3702500000, -4.367293e+001,
3703750000, -4.446326e+001,
3705000000, -4.589108e+001,
3706250000, -4.723193e+001,
3707500000, -4.967817e+001,
3708750000, -5.341766e+001,
3710000000, -5.773496e+001,
3711250000, -5.606285e+001,
3712500000, -5.199255e+001,
3713750000, -5.409883e+001,
3715000000, -5.328855e+001,
3716250000, -5.166886e+001,
3717500000, -5.491296e+001,
3718750000, -5.062483e+001,
3720000000, -4.480021e+001,
3721250000, -4.445545e+001,
3722500000, -4.288016e+001,
3723750000, -4.064716e+001,
3725000000, -4.027512e+001,
3726250000, -4.178767e+001,
3727500000, -4.348171e+001,
3728750000, -4.339056e+001,
3730000000, -4.288840e+001,
3731250000, -4.361740e+001,
3732500000, -4.485257e+001,
3733750000, -4.743247e+001,
3735000000, -4.830478e+001,
3736250000, -4.973680e+001,
3737500000, -5.073814e+001,
3738750000, -5.536088e+001,
3740000000, -4.703373e+001,
3741250000, -4.309637e+001,
3742500000, -4.328191e+001,
3743750000, -4.345413e+001,
3745000000, -4.444898e+001,
3746250000, -4.636813e+001,
3747500000, -4.930252e+001,
3748750000, -6.001299e+001,
3750000000, -4.889498e+001,
3751250000, -4.444135e+001,
3752500000, -4.384043e+001,
3753750000, -4.391377e+001,
3755000000, -4.207585e+001,
3756250000, -3.920472e+001,
3757500000, -3.874269e+001,
3758750000, -3.985377e+001,
3760000000, -4.136102e+001,
3761250000, -4.303947e+001,
3762500000, -4.393838e+001,
3763750000, -4.167994e+001,
3765000000, -3.939439e+001,
3766250000, -3.803318e+001,
3767500000, -3.773743e+001,
3768750000, -3.906388e+001,
3770000000, -3.997415e+001,
3771250000, -4.004928e+001,
3772500000, -4.142788e+001,
3773750000, -4.173786e+001,
3775000000, -4.441816e+001,
3776250000, -5.067356e+001,
3777500000, -5.698926e+001,
3778750000, -5.369234e+001,
3780000000, -5.029290e+001,
3781250000, -4.949279e+001,
3782500000, -4.810666e+001,
3783750000, -4.749324e+001,
3785000000, -4.502298e+001,
3786250000, -4.520583e+001,
3787500000, -4.478471e+001,
3788750000, -4.833231e+001,
3790000000, -6.831896e+001,
3791250000, -4.908874e+001,
3792500000, -4.238784e+001,
3793750000, -4.111829e+001,
3795000000, -4.258905e+001,
3796250000, -4.308971e+001,
3797500000, -4.253906e+001,
3798750000, -3.804521e+001,
3800000000, -3.534939e+001,
3801250000, -3.536152e+001,
3802500000, -3.697572e+001,
3803750000, -4.078520e+001,
3805000000, -3.914387e+001,
3806250000, -3.914852e+001,
3807500000, -3.914443e+001,
3808750000, -3.989580e+001,
3810000000, -4.060629e+001,
3811250000, -4.183697e+001,
3812500000, -4.135511e+001,
3813750000, -4.226567e+001,
3815000000, -4.458326e+001,
3816250000, -4.691367e+001,
3817500000, -5.034429e+001,
3818750000, -5.474270e+001,
3820000000, -5.627991e+001,
3821250000, -5.033115e+001,
3822500000, -4.799024e+001,
3823750000, -4.554131e+001,
3825000000, -4.429032e+001,
3826250000, -4.381337e+001,
3827500000, -4.420475e+001,
3828750000, -4.704088e+001,
3830000000, -5.129337e+001,
3831250000, -4.951725e+001,
3832500000, -4.811895e+001,
3833750000, -4.843497e+001,
3835000000, -5.173339e+001,
3836250000, -5.334493e+001,
3837500000, -4.986146e+001,
3838750000, -4.187885e+001,
3840000000, -3.639333e+001,
3841250000, -3.472664e+001,
3842500000, -3.382611e+001,
3843750000, -3.440724e+001,
3845000000, -3.617649e+001,
3846250000, -3.747971e+001,
3847500000, -3.710424e+001,
3848750000, -3.710775e+001,
3850000000, -3.721582e+001,
3851250000, -3.604321e+001,
3852500000, -3.467212e+001,
3853750000, -3.410107e+001,
3855000000, -3.374327e+001,
3856250000, -3.483270e+001,
3857500000, -3.794590e+001,
3858750000, -4.279528e+001,
3860000000, -4.698054e+001,
3861250000, -4.660523e+001,
3862500000, -4.757137e+001,
3863750000, -4.574745e+001,
3865000000, -4.511071e+001,
3866250000, -4.479631e+001,
3867500000, -4.311652e+001,
3868750000, -4.043249e+001,
3870000000, -3.901771e+001,
3871250000, -3.960436e+001,
3872500000, -4.168586e+001,
3873750000, -4.574661e+001,
3875000000, -5.705078e+001,
3876250000, -4.880263e+001,
3877500000, -4.274778e+001,
3878750000, -3.987729e+001,
3880000000, -3.950587e+001,
3881250000, -4.085201e+001,
3882500000, -4.092562e+001,
3883750000, -4.147915e+001,
3885000000, -4.303934e+001,
3886250000, -4.226159e+001,
3887500000, -4.081180e+001,
3888750000, -4.208555e+001,
3890000000, -4.931799e+001,
3891250000, -5.383716e+001,
3892500000, -4.219388e+001,
3893750000, -3.636357e+001,
3895000000, -3.194444e+001,
3896250000, -2.989989e+001,
3897500000, -2.934316e+001,
3898750000, -2.915959e+001,
3900000000, -2.973479e+001,
3901250000, -3.035959e+001,
3902500000, -3.105567e+001,
3903750000, -3.210661e+001,
3905000000, -3.295399e+001,
3906250000, -3.254284e+001,
3907500000, -3.360475e+001,
3908750000, -3.553341e+001,
3910000000, -3.580826e+001,
3911250000, -3.661512e+001,
3912500000, -3.916960e+001,
3913750000, -4.127975e+001,
3915000000, -4.034325e+001,
3916250000, -3.822871e+001,
3917500000, -3.932721e+001,
3918750000, -3.784251e+001,
3920000000, -3.808852e+001,
3921250000, -3.638933e+001,
3922500000, -3.474735e+001,
3923750000, -3.269793e+001,
3925000000, -3.076519e+001,
3926250000, -2.999142e+001,
3927500000, -3.060940e+001,
3928750000, -3.049396e+001,
3930000000, -2.964421e+001,
3931250000, -2.984086e+001,
3932500000, -3.064230e+001,
3933750000, -3.175060e+001,
3935000000, -3.334222e+001,
3936250000, -3.651091e+001,
3937500000, -3.771915e+001,
3938750000, -3.581005e+001,
3940000000, -3.238948e+001,
3941250000, -2.923703e+001,
3942500000, -2.678385e+001,
3943750000, -2.688737e+001,
3945000000, -2.658190e+001,
3946250000, -2.784616e+001,
3947500000, -2.971592e+001,
3948750000, -3.204019e+001,
3950000000, -3.601362e+001,
3951250000, -3.887995e+001,
3952500000, -3.905660e+001,
3953750000, -3.822373e+001,
3955000000, -3.774369e+001,
3956250000, -4.107035e+001,
3957500000, -4.022417e+001,
3958750000, -3.613902e+001,
3960000000, -3.863670e+001,
3961250000, -4.494153e+001,
3962500000, -3.684089e+001,
3963750000, -3.005829e+001,
3965000000, -2.624338e+001,
3966250000, -2.294668e+001,
3967500000, -1.978682e+001,
3968750000, -1.816386e+001,
3970000000, -1.763157e+001,
3971250000, -1.729665e+001,
3972500000, -1.671152e+001,
3973750000, -1.585708e+001,
3975000000, -1.478485e+001,
3976250000, -1.423982e+001,
3977500000, -1.418411e+001,
3978750000, -1.431779e+001,
3980000000, -1.431019e+001,
3981250000, -1.462654e+001,
3982500000, -1.482112e+001,
3983750000, -1.492430e+001,
3985000000, -1.492905e+001,
3986250000, -1.530495e+001,
3987500000, -1.470358e+001,
3988750000, -1.467731e+001,
3990000000, -1.422327e+001,
3991250000, -1.339903e+001,
3992500000, -1.389039e+001,
3993750000, -1.362009e+001,
3995000000, -1.309148e+001,
3996250000, -1.281945e+001,
3997500000, -1.227248e+001,
3998750000, -1.202557e+001,
4000000000, -1.148006e+001,
4001250000, -1.150155e+001,
4002500000, -1.165786e+001,
4003750000, -1.150387e+001,
4005000000, -1.107388e+001,
4006250000, -1.078816e+001,
4007500000, -1.088276e+001,
4008750000, -1.083316e+001,
4010000000, -1.032485e+001,
4011250000, -9.998704e+000,
4012500000, -9.842477e+000,
4013750000, -9.778037e+000,
4015000000, -9.593201e+000,
4016250000, -9.533770e+000,
4017500000, -9.571460e+000,
4018750000, -9.544639e+000,
4020000000, -9.425279e+000,
4021250000, -9.045430e+000,
4022500000, -8.962467e+000,
4023750000, -9.255282e+000,
4025000000, -9.625983e+000,
4026250000, -9.486275e+000,
4027500000, -9.161274e+000,
4028750000, -9.258195e+000,
4030000000, -9.707091e+000,
4031250000, -9.863482e+000,
4032500000, -9.542674e+000,
4033750000, -9.577655e+000,
4035000000, -1.002572e+001,
4036250000, -1.020703e+001,
4037500000, -9.739972e+000,
4038750000, -9.441655e+000,
4040000000, -9.632186e+000,
4041250000, -9.905106e+000,
4042500000, -9.634054e+000,
4043750000, -9.162583e+000,
4045000000, -9.096984e+000,
4046250000, -9.414392e+000,
4047500000, -9.496042e+000,
4048750000, -9.181853e+000,
4050000000, -9.095300e+000,
4051250000, -9.400775e+000,
4052500000, -9.691340e+000,
4053750000, -9.503517e+000,
4055000000, -9.192380e+000,
4056250000, -9.400980e+000,
4057500000, -9.979465e+000,
4058750000, -1.013838e+001,
4060000000, -9.844760e+000,
4061250000, -9.732809e+000,
4062500000, -1.005041e+001,
4063750000, -1.033702e+001,
4065000000, -1.034770e+001,
4066250000, -1.029997e+001,
4067500000, -1.035862e+001,
4068750000, -1.057198e+001,
4070000000, -1.070683e+001,
4071250000, -1.076183e+001,
4072500000, -1.071219e+001,
4073750000, -1.079671e+001,
4075000000, -1.086316e+001,
4076250000, -1.084205e+001,
4077500000, -1.072643e+001,
4078750000, -1.065879e+001,
4080000000, -1.067998e+001,
4081250000, -1.068731e+001,
4082500000, -1.061842e+001,
4083750000, -1.059299e+001,
4085000000, -1.058494e+001,
4086250000, -1.051994e+001,
4087500000, -1.055872e+001,
4088750000, -1.073910e+001,
4090000000, -1.101293e+001,
4091250000, -1.115394e+001,
4092500000, -1.118472e+001,
4093750000, -1.130302e+001,
4095000000, -1.171728e+001,
4096250000, -1.220450e+001,
4097500000, -1.221461e+001,
4098750000, -1.193473e+001,
4100000000, -1.224815e+001,
4101250000, -1.304817e+001,
4102500000, -1.330240e+001,
4103750000, -1.282005e+001,
4105000000, -1.264034e+001,
4106250000, -1.312791e+001,
4107500000, -1.339343e+001,
4108750000, -1.299604e+001,
4110000000, -1.260587e+001,
4111250000, -1.257065e+001,
4112500000, -1.262178e+001,
4113750000, -1.244818e+001,
4115000000, -1.215705e+001,
4116250000, -1.196458e+001,
4117500000, -1.199981e+001,
4118750000, -1.194646e+001,
4120000000, -1.173191e+001,
4121250000, -1.161268e+001,
4122500000, -1.170841e+001,
4123750000, -1.173669e+001,
4125000000, -1.165210e+001,
4126250000, -1.167348e+001,
4127500000, -1.180634e+001,
4128750000, -1.194330e+001,
4130000000, -1.217893e+001,
4131250000, -1.259414e+001,
4132500000, -1.273368e+001,
4133750000, -1.260561e+001,
4135000000, -1.300186e+001,
4136250000, -1.383287e+001,
4137500000, -1.415703e+001,
4138750000, -1.375796e+001,
4140000000, -1.386622e+001,
4141250000, -1.483498e+001,
4142500000, -1.530625e+001,
4143750000, -1.461281e+001,
4145000000, -1.441087e+001,
4146250000, -1.508439e+001,
4147500000, -1.506681e+001,
4148750000, -1.417410e+001,
4150000000, -1.398922e+001,
4151250000, -1.412015e+001,
4152500000, -1.350595e+001,
4153750000, -1.299018e+001,
4155000000, -1.298153e+001,
4156250000, -1.283152e+001,
4157500000, -1.254104e+001,
4158750000, -1.256755e+001,
4160000000, -1.263921e+001,
4161250000, -1.250744e+001,
4162500000, -1.260975e+001,
4163750000, -1.302915e+001,
4165000000, -1.311465e+001,
4166250000, -1.297380e+001,
4167500000, -1.348440e+001,
4168750000, -1.418238e+001,
4170000000, -1.414104e+001,
4171250000, -1.397189e+001,
4172500000, -1.457880e+001,
4173750000, -1.526859e+001,
4175000000, -1.509582e+001,
4176250000, -1.481642e+001,
4177500000, -1.521004e+001,
4178750000, -1.554052e+001,
4180000000, -1.521000e+001,
4181250000, -1.485698e+001,
4182500000, -1.482498e+001,
4183750000, -1.462068e+001,
4185000000, -1.424824e+001,
4186250000, -1.394360e+001,
4187500000, -1.374221e+001,
4188750000, -1.350007e+001,
4190000000, -1.327654e+001,
4191250000, -1.316471e+001,
4192500000, -1.304629e+001,
4193750000, -1.300981e+001,
4195000000, -1.304797e+001,
4196250000, -1.300536e+001,
4197500000, -1.308191e+001,
4198750000, -1.340662e+001,
4200000000, -1.353986e+001,
4201250000, -1.348729e+001,
4202500000, -1.381933e+001,
4203750000, -1.428358e+001,
4205000000, -1.441349e+001,
4206250000, -1.441340e+001,
4207500000, -1.475191e+001,
4208750000, -1.524831e+001,
4210000000, -1.544096e+001,
4211250000, -1.541171e+001,
4212500000, -1.556269e+001,
4213750000, -1.588427e+001,
4215000000, -1.593844e+001,
4216250000, -1.558139e+001,
4217500000, -1.549040e+001,
4218750000, -1.548412e+001,
4220000000, -1.510265e+001,
4221250000, -1.476531e+001,
4222500000, -1.460186e+001,
4223750000, -1.436818e+001,
4225000000, -1.419006e+001,
4226250000, -1.423679e+001,
4227500000, -1.425382e+001,
4228750000, -1.424270e+001,
4230000000, -1.437349e+001,
4231250000, -1.460589e+001,
4232500000, -1.482778e+001,
4233750000, -1.492016e+001,
4235000000, -1.507960e+001,
4236250000, -1.544914e+001,
4237500000, -1.581379e+001,
4238750000, -1.586357e+001,
4240000000, -1.602699e+001,
4241250000, -1.646191e+001,
4242500000, -1.651084e+001,
4243750000, -1.637358e+001,
4245000000, -1.650892e+001,
4246250000, -1.660152e+001,
4247500000, -1.644850e+001,
4248750000, -1.619641e+001,
4250000000, -1.595873e+001,
4251250000, -1.578730e+001,
4252500000, -1.548353e+001,
4253750000, -1.526260e+001,
4255000000, -1.523058e+001,
4256250000, -1.513916e+001,
4257500000, -1.518962e+001,
4258750000, -1.544181e+001,
4260000000, -1.544714e+001,
4261250000, -1.548183e+001,
4262500000, -1.585448e+001,
4263750000, -1.600841e+001,
4265000000, -1.592867e+001,
4266250000, -1.627373e+001,
4267500000, -1.659841e+001,
4268750000, -1.651802e+001,
4270000000, -1.663559e+001,
4271250000, -1.689872e+001,
4272500000, -1.692591e+001,
4273750000, -1.691195e+001,
4275000000, -1.682765e+001,
4276250000, -1.685245e+001,
4277500000, -1.692955e+001,
4278750000, -1.676822e+001,
4280000000, -1.669561e+001,
4281250000, -1.673779e+001,
4282500000, -1.666101e+001,
4283750000, -1.666135e+001,
4285000000, -1.666222e+001,
4286250000, -1.665177e+001,
4287500000, -1.686930e+001,
4288750000, -1.692690e+001,
4290000000, -1.692278e+001,
4291250000, -1.715639e+001,
4292500000, -1.720688e+001,
4293750000, -1.705743e+001,
4295000000, -1.713325e+001,
4296250000, -1.726621e+001,
4297500000, -1.735058e+001,
4298750000, -1.735248e+001,
4300000000, -1.741321e+001,
4301250000, -1.757903e+001,
4302500000, -1.758899e+001,
4303750000, -1.756218e+001,
4305000000, -1.772077e+001,
4306250000, -1.769209e+001,
4307500000, -1.747805e+001,
4308750000, -1.732517e+001,
4310000000, -1.715559e+001,
4311250000, -1.694182e+001,
4312500000, -1.677445e+001,
4313750000, -1.669692e+001,
4315000000, -1.667971e+001,
4316250000, -1.660263e+001,
4317500000, -1.654238e+001,
4318750000, -1.662803e+001,
4320000000, -1.669121e+001,
4321250000, -1.661179e+001,
4322500000, -1.665865e+001,
4323750000, -1.682670e+001,
4325000000, -1.689940e+001,
4326250000, -1.696148e+001,
4327500000, -1.726550e+001,
4328750000, -1.738537e+001,
4330000000, -1.728822e+001,
4331250000, -1.744314e+001,
4332500000, -1.740913e+001,
4333750000, -1.712534e+001,
4335000000, -1.707244e+001,
4336250000, -1.695411e+001,
4337500000, -1.675919e+001,
4338750000, -1.671283e+001,
4340000000, -1.669602e+001,
4341250000, -1.671420e+001,
4342500000, -1.673856e+001,
4343750000, -1.679161e+001,
4345000000, -1.699902e+001,
4346250000, -1.710994e+001,
4347500000, -1.718673e+001,
4348750000, -1.752910e+001,
4350000000, -1.778935e+001,
4351250000, -1.780810e+001,
4352500000, -1.802937e+001,
4353750000, -1.810619e+001,
4355000000, -1.796193e+001,
4356250000, -1.807527e+001,
4357500000, -1.805084e+001,
4358750000, -1.792765e+001,
4360000000, -1.793572e+001,
4361250000, -1.782975e+001,
4362500000, -1.773820e+001,
4363750000, -1.767049e+001,
4365000000, -1.773656e+001,
4366250000, -1.782115e+001,
4367500000, -1.790838e+001,
4368750000, -1.815457e+001,
4370000000, -1.824746e+001,
4371250000, -1.822605e+001,
4372500000, -1.836836e+001,
4373750000, -1.842283e+001,
4375000000, -1.838948e+001,
4376250000, -1.857653e+001,
4377500000, -1.854506e+001,
4378750000, -1.848760e+001,
4380000000, -1.848631e+001,
4381250000, -1.837403e+001,
4382500000, -1.841148e+001,
4383750000, -1.850743e+001,
4385000000, -1.870268e+001,
4386250000, -1.875034e+001,
4387500000, -1.890218e+001,
4388750000, -1.902816e+001,
4390000000, -1.900288e+001,
4391250000, -1.917232e+001,
4392500000, -1.920934e+001,
4393750000, -1.917432e+001,
4395000000, -1.920422e+001,
4396250000, -1.916903e+001,
4397500000, -1.913342e+001,
4398750000, -1.915906e+001,
4400000000, -1.915698e+001,
4401250000, -1.921156e+001,
4402500000, -1.929452e+001,
4403750000, -1.947167e+001,
4405000000, -1.961806e+001,
4406250000, -1.991420e+001,
4407500000, -2.002393e+001,
4408750000, -2.020029e+001,
4410000000, -2.021323e+001,
4411250000, -2.009451e+001,
4412500000, -2.025124e+001,
4413750000, -2.031841e+001,
4415000000, -2.026904e+001,
4416250000, -2.023931e+001,
4417500000, -2.023629e+001,
4418750000, -2.016620e+001,
4420000000, -2.044905e+001,
4421250000, -2.058937e+001,
4422500000, -2.053453e+001,
4423750000, -2.082878e+001,
4425000000, -2.104041e+001,
4426250000, -2.137183e+001,
4427500000, -2.170358e+001,
4428750000, -2.211056e+001,
4430000000, -2.244631e+001,
4431250000, -2.259519e+001,
4432500000, -2.275282e+001,
4433750000, -2.308501e+001,
4435000000, -2.334798e+001,
4436250000, -2.340411e+001,
4437500000, -2.370507e+001,
4438750000, -2.395847e+001,
4440000000, -2.434981e+001,
4441250000, -2.462329e+001,
4442500000, -2.500848e+001,
4443750000, -2.539393e+001,
4445000000, -2.574940e+001,
4446250000, -2.624552e+001,
4447500000, -2.670676e+001,
4448750000, -2.694089e+001,
4450000000, -2.734076e+001,
4451250000, -2.767405e+001,
4452500000, -2.862915e+001,
4453750000, -2.904158e+001,
4455000000, -2.949086e+001,
4456250000, -2.968552e+001,
4457500000, -3.022436e+001,
4458750000, -3.067278e+001,
4460000000, -3.104663e+001,
4461250000, -3.116019e+001,
4462500000, -3.143116e+001,
4463750000, -3.204303e+001,
4465000000, -3.270466e+001,
4466250000, -3.310125e+001,
4467500000, -3.326418e+001,
4468750000, -3.354512e+001,
4470000000, -3.383694e+001,
4471250000, -3.424629e+001,
4472500000, -3.428745e+001,
4473750000, -3.419162e+001,
4475000000, -3.423286e+001,
4476250000, -3.491281e+001,
4477500000, -3.542624e+001,
4478750000, -3.545360e+001,
4480000000, -3.547956e+001,
4481250000, -3.592786e+001,
4482500000, -3.670333e+001,
4483750000, -3.714881e+001,
4485000000, -3.704377e+001,
4486250000, -3.710027e+001,
4487500000, -3.792796e+001,
4488750000, -3.871237e+001,
4490000000, -3.911314e+001,
4491250000, -3.920499e+001,
4492500000, -3.972793e+001,
4493750000, -4.088570e+001,
4495000000, -4.185127e+001,
4496250000, -4.165191e+001,
4497500000, -4.193334e+001,
4498750000, -4.312332e+001,
4500000000, -4.380525e+001,
4501250000, -4.404047e+001,
4502500000, -4.369744e+001,
4503750000, -4.474353e+001,
4505000000, -4.566212e+001,
4506250000, -4.517095e+001,
4507500000, -4.413386e+001,
4508750000, -4.416339e+001,
4510000000, -4.440239e+001,
4511250000, -4.438380e+001,
4512500000, -4.340022e+001,
4513750000, -4.305286e+001,
4515000000, -4.377211e+001,
4516250000, -4.428244e+001,
4517500000, -4.338494e+001,
4518750000, -4.295732e+001,
4520000000, -4.377194e+001,
4521250000, -4.455342e+001,
4522500000, -4.339273e+001,
4523750000, -4.238820e+001,
4525000000, -4.288025e+001,
4526250000, -4.324267e+001,
4527500000, -4.224829e+001,
4528750000, -4.166970e+001,
4530000000, -4.263226e+001,
4531250000, -4.340838e+001,
4532500000, -4.256726e+001,
4533750000, -4.206594e+001,
4535000000, -4.308298e+001,
4536250000, -4.351547e+001,
4537500000, -4.227979e+001,
4538750000, -4.250595e+001,
4540000000, -4.414414e+001,
4541250000, -4.442312e+001,
4542500000, -4.386134e+001,
4543750000, -4.462620e+001,
4545000000, -4.639230e+001,
4546250000, -4.502216e+001,
4547500000, -4.397971e+001,
4548750000, -4.486041e+001,
4550000000, -4.490173e+001,
4551250000, -4.298955e+001,
4552500000, -4.288786e+001,
4553750000, -4.409888e+001,
4555000000, -4.328205e+001,
4556250000, -4.274541e+001,
4557500000, -4.419495e+001,
4558750000, -4.421724e+001,
4560000000, -4.304269e+001,
4561250000, -4.406957e+001,
4562500000, -4.534816e+001,
4563750000, -4.429755e+001,
4565000000, -4.540422e+001,
4566250000, -4.828814e+001,
4567500000, -4.717204e+001,
4568750000, -4.641687e+001,
4570000000, -4.969381e+001,
4571250000, -5.070673e+001,
4572500000, -4.752079e+001,
4573750000, -4.721944e+001,
4575000000, -4.856577e+001,
4576250000, -4.590294e+001,
4577500000, -4.462500e+001,
4578750000, -4.644950e+001,
4580000000, -4.534086e+001,
4581250000, -4.439253e+001,
4582500000, -4.617763e+001,
4583750000, -4.497912e+001,
4585000000, -4.339223e+001,
4586250000, -4.481664e+001,
4587500000, -4.459967e+001,
4588750000, -4.353313e+001,
4590000000, -4.445273e+001,
4591250000, -4.360817e+001,
4592500000, -4.238594e+001,
4593750000, -4.328061e+001,
4595000000, -4.264495e+001,
4596250000, -4.174660e+001,
4597500000, -4.323867e+001,
4598750000, -4.231949e+001,
4600000000, -4.187458e+001,
4601250000, -4.379276e+001,
4602500000, -4.359856e+001,
4603750000, -4.508415e+001,
4605000000, -4.677320e+001,
4606250000, -4.582076e+001,
4607500000, -4.924018e+001,
4608750000, -5.065479e+001,
4610000000, -4.900494e+001,
4611250000, -5.251522e+001,
4612500000, -5.051713e+001,
4613750000, -4.969468e+001,
4615000000, -5.493945e+001,
4616250000, -5.106854e+001,
4617500000, -5.257566e+001,
4618750000, -5.539303e+001,
4620000000, -5.050499e+001,
4621250000, -5.378222e+001,
4622500000, -5.132299e+001,
4623750000, -4.980972e+001,
4625000000, -5.184175e+001,
4626250000, -4.781773e+001,
4627500000, -5.049319e+001,
4628750000, -4.833945e+001,
4630000000, -4.966473e+001,
4631250000, -5.064821e+001,
4632500000, -5.006180e+001,
4633750000, -5.607432e+001,
4635000000, -5.212080e+001,
4636250000, -5.822915e+001,
4637500000, -5.577883e+001,
4638750000, -5.648591e+001,
4640000000, -6.031390e+001,
4641250000, -5.369626e+001,
4642500000, -6.376468e+001,
4643750000, -5.405894e+001,
4645000000, -6.078682e+001,
4646250000, -5.545234e+001,
4647500000, -5.601757e+001,
4648750000, -5.450399e+001,
4650000000, -5.421163e+001,
4651250000, -5.504810e+001,
4652500000, -5.522630e+001,
4653750000, -5.706398e+001,
4655000000, -5.642995e+001,
4656250000, -5.901669e+001,
4657500000, -5.715635e+001,
4658750000, -5.915691e+001,
4660000000, -5.894046e+001,
4661250000, -5.941245e+001,
4662500000, -6.227197e+001,
4663750000, -6.236826e+001,
4665000000, -6.100108e+001,
4666250000, -6.189152e+001,
4667500000, -6.046894e+001,
4668750000, -5.832420e+001,
4670000000, -6.573521e+001,
4671250000, -5.764750e+001,
4672500000, -9.489387e+001,
4673750000, -5.822143e+001,
4675000000, -6.672058e+001,
4676250000, -6.031721e+001,
4677500000, -6.131691e+001,
4678750000, -6.574839e+001,
4680000000, -6.029556e+001,
4681250000, -7.458035e+001,
4682500000, -5.865699e+001,
4683750000, -6.258594e+001,
4685000000, -6.526741e+001,
4686250000, -5.895940e+001,
4687500000, -6.635584e+001,
4688750000, -6.388217e+001,
4690000000, -6.001510e+001,
4691250000, -6.546078e+001,
4692500000, -6.378635e+001,
4693750000, -6.125807e+001,
4695000000, -6.649113e+001,
4696250000, -6.421477e+001,
4697500000, -6.107491e+001,
4698750000, -6.349725e+001,
4700000000, -6.834889e+001,
4701250000, -6.214153e+001,
4702500000, -6.122552e+001,
4703750000, -6.577821e+001,
4705000000, -6.701685e+001,
4706250000, -6.186651e+001,
4707500000, -6.095294e+001,
4708750000, -6.380957e+001,
4710000000, -6.806475e+001,
4711250000, -6.591364e+001,
4712500000, -6.284882e+001,
4713750000, -6.202874e+001,
4715000000, -6.327531e+001,
4716250000, -6.460165e+001,
4717500000, -6.632851e+001,
4718750000, -6.572517e+001,
4720000000, -6.526968e+001,
4721250000, -6.402837e+001,
4722500000, -6.387778e+001,
4723750000, -6.394698e+001,
4725000000, -6.384469e+001,
4726250000, -6.420822e+001,
4727500000, -6.398856e+001,
4728750000, -6.442513e+001,
4730000000, -6.447395e+001,
4731250000, -6.453770e+001,
4732500000, -6.462196e+001,
4733750000, -6.458664e+001,
4735000000, -6.480560e+001,
4736250000, -6.440345e+001,
4737500000, -6.450249e+001,
4738750000, -6.436744e+001,
4740000000, -6.456645e+001,
4741250000, -6.478186e+001,
4742500000, -6.480101e+001,
4743750000, -6.486868e+001,
4745000000, -6.501978e+001,
4746250000, -6.448576e+001,
4747500000, -6.456152e+001,
4748750000, -6.466394e+001,
4750000000, -6.487224e+001,
4751250000, -6.472110e+001,
4752500000, -6.502333e+001,
4753750000, -6.495923e+001,
4755000000, -6.481090e+001,
4756250000, -6.494598e+001,
4757500000, -6.480102e+001,
4758750000, -6.481123e+001,
4760000000, -6.468233e+001,
4761250000, -6.480733e+001,
4762500000, -6.437875e+001,
4763750000, -6.450278e+001,
4765000000, -6.486938e+001,
4766250000, -6.458302e+001,
4767500000, -6.494230e+001,
4768750000, -6.485138e+001,
4770000000, -6.490785e+001,
4771250000, -6.452270e+001,
4772500000, -6.467476e+001,
4773750000, -6.445500e+001,
4775000000, -6.469511e+001,
4776250000, -6.460496e+001,
4777500000, -6.453840e+001,
4778750000, -6.480727e+001,
4780000000, -6.426282e+001,
4781250000, -6.457148e+001,
4782500000, -6.469290e+001,
4783750000, -6.421307e+001,
4785000000, -6.443324e+001,
4786250000, -6.432636e+001,
4787500000, -6.410530e+001,
4788750000, -6.442307e+001,
4790000000, -6.430293e+001,
4791250000, -6.438780e+001,
4792500000, -6.418944e+001,
4793750000, -6.398308e+001,
4795000000, -6.405004e+001,
4796250000, -6.408770e+001,
4797500000, -6.409544e+001,
4798750000, -6.399988e+001,
4800000000, -6.405123e+001,
4801250000, -6.380093e+001,
4802500000, -6.380558e+001,
4803750000, -6.401762e+001,
4805000000, -6.385857e+001,
4806250000, -6.383403e+001,
4807500000, -6.385144e+001,
4808750000, -6.362287e+001,
4810000000, -6.375111e+001,
4811250000, -6.376884e+001,
4812500000, -6.372013e+001,
4813750000, -6.354336e+001,
4815000000, -6.359386e+001,
4816250000, -6.362822e+001,
4817500000, -6.353318e+001,
4818750000, -6.343465e+001,
4820000000, -6.359370e+001,
4821250000, -6.344023e+001,
4822500000, -6.340230e+001,
4823750000, -6.342096e+001,
4825000000, -6.344838e+001,
4826250000, -6.325775e+001,
4827500000, -6.321789e+001,
4828750000, -6.326814e+001,
4830000000, -6.353535e+001,
4831250000, -6.331192e+001,
4832500000, -6.327753e+001,
4833750000, -6.320311e+001,
4835000000, -6.338244e+001,
4836250000, -6.328490e+001,
4837500000, -6.308081e+001,
4838750000, -6.329654e+001,
4840000000, -6.314681e+001,
4841250000, -6.337977e+001,
4842500000, -6.320741e+001,
4843750000, -6.335969e+001,
4845000000, -6.356667e+001,
4846250000, -6.328275e+001,
4847500000, -6.326730e+001,
4848750000, -6.351275e+001,
4850000000, -6.371538e+001,
4851250000, -6.366372e+001,
4852500000, -6.354358e+001,
4853750000, -6.377018e+001,
4855000000, -6.342754e+001,
4856250000, -6.387344e+001,
4857500000, -6.373716e+001,
4858750000, -6.408289e+001,
4860000000, -6.364716e+001,
4861250000, -6.379534e+001,
4862500000, -6.383463e+001,
4863750000, -6.387772e+001,
4865000000, -6.408569e+001,
4866250000, -6.398230e+001,
4867500000, -6.373422e+001,
4868750000, -6.388728e+001,
4870000000, -6.394689e+001,
4871250000, -6.386871e+001,
4872500000, -6.393935e+001,
4873750000, -6.367579e+001,
4875000000, -6.393172e+001,
4876250000, -6.412531e+001,
4877500000, -6.416561e+001,
4878750000, -6.409370e+001,
4880000000, -6.414252e+001,
4881250000, -6.419370e+001,
4882500000, -6.427863e+001,
4883750000, -6.424574e+001,
4885000000, -6.463034e+001,
4886250000, -6.465910e+001,
4887500000, -6.461455e+001,
4888750000, -6.471470e+001,
4890000000, -6.452483e+001,
4891250000, -6.461670e+001,
4892500000, -6.465734e+001,
4893750000, -6.490502e+001,
4895000000, -6.470293e+001,
4896250000, -6.481499e+001,
4897500000, -6.454327e+001,
4898750000, -6.484715e+001,
4900000000, -6.494264e+001,
4901250000, -6.498898e+001,
4902500000, -6.480663e+001,
4903750000, -6.495937e+001,
4905000000, -6.507777e+001,
4906250000, -6.523066e+001,
4907500000, -6.533176e+001,
4908750000, -6.521857e+001,
4910000000, -6.530279e+001,
4911250000, -6.505599e+001,
4912500000, -6.511216e+001,
4913750000, -6.531264e+001,
4915000000, -6.506243e+001,
4916250000, -6.523797e+001,
4917500000, -6.534421e+001,
4918750000, -6.562440e+001,
4920000000, -6.540110e+001,
4921250000, -6.552325e+001,
4922500000, -6.571147e+001,
4923750000, -6.521644e+001,
4925000000, -6.532753e+001,
4926250000, -6.560911e+001,
4927500000, -6.539145e+001,
4928750000, -6.593262e+001,
4930000000, -6.576632e+001,
4931250000, -6.546495e+001,
4932500000, -6.558544e+001,
4933750000, -6.536649e+001,
4935000000, -6.533423e+001,
4936250000, -6.558283e+001,
4937500000, -6.558557e+001,
4938750000, -6.559874e+001,
4940000000, -6.558266e+001,
4941250000, -6.559620e+001,
4942500000, -6.552942e+001,
4943750000, -6.529559e+001,
4945000000, -6.541138e+001,
4946250000, -6.574596e+001,
4947500000, -6.557840e+001,
4948750000, -6.559331e+001,
4950000000, -6.545399e+001,
4951250000, -6.544906e+001,
4952500000, -6.547739e+001,
4953750000, -6.526118e+001,
4955000000, -6.527764e+001,
4956250000, -6.554342e+001,
4957500000, -6.555445e+001,
4958750000, -6.558965e+001,
4960000000, -6.591318e+001,
4961250000, -6.585471e+001,
4962500000, -6.572093e+001,
4963750000, -6.600517e+001,
4965000000, -6.576366e+001,
4966250000, -6.583237e+001,
4967500000, -6.614192e+001,
4968750000, -6.618324e+001,
4970000000, -6.601598e+001,
4971250000, -6.611208e+001,
4972500000, -6.617007e+001,
4973750000, -6.604295e+001,
4975000000, -6.573907e+001,
4976250000, -6.622602e+001,
4977500000, -6.584370e+001,
4978750000, -6.619573e+001,
4980000000, -6.571689e+001,
4981250000, -6.614053e+001,
4982500000, -6.587171e+001,
4983750000, -6.588475e+001,
4985000000, -6.597852e+001,
4986250000, -6.584480e+001,
4987500000, -6.604386e+001,
4988750000, -6.617576e+001,
4990000000, -6.628385e+001,
4991250000, -6.635510e+001,
4992500000, -6.619212e+001,
4993750000, -6.605349e+001,
4995000000, -6.611990e+001,
4996250000, -6.629655e+001,
4997500000, -6.631818e+001,
4998750000, -6.602294e+001,
5000000000, -6.614379e+001,
