"S12 Log Mag"
"Frequency (Hz)","dB",
3500000000, -5.945578e+001,
3501250000, -5.932889e+001,
3502500000, -5.943101e+001,
3503750000, -5.939807e+001,
3505000000, -5.924605e+001,
3506250000, -5.938274e+001,
3507500000, -5.917352e+001,
3508750000, -5.925501e+001,
3510000000, -5.911026e+001,
3511250000, -5.910967e+001,
3512500000, -5.893060e+001,
3513750000, -5.895967e+001,
3515000000, -5.906031e+001,
3516250000, -5.903724e+001,
3517500000, -5.910509e+001,
3518750000, -5.903809e+001,
3520000000, -5.886117e+001,
3521250000, -5.894086e+001,
3522500000, -5.901107e+001,
3523750000, -5.883406e+001,
3525000000, -5.879306e+001,
3526250000, -5.880398e+001,
3527500000, -5.894421e+001,
3528750000, -5.876061e+001,
3530000000, -5.901352e+001,
3531250000, -5.892288e+001,
3532500000, -5.882982e+001,
3533750000, -5.882560e+001,
3535000000, -5.881840e+001,
3536250000, -5.867643e+001,
3537500000, -5.893008e+001,
3538750000, -5.866161e+001,
3540000000, -5.867782e+001,
3541250000, -5.885134e+001,
3542500000, -5.879547e+001,
3543750000, -5.888154e+001,
3545000000, -5.887220e+001,
3546250000, -5.868545e+001,
3547500000, -5.882758e+001,
3548750000, -5.892640e+001,
3550000000, -5.874215e+001,
3551250000, -5.899832e+001,
3552500000, -5.909052e+001,
3553750000, -5.885359e+001,
3555000000, -5.895464e+001,
3556250000, -5.875505e+001,
3557500000, -5.894549e+001,
3558750000, -5.885062e+001,
3560000000, -5.897933e+001,
3561250000, -5.907371e+001,
3562500000, -5.909511e+001,
3563750000, -5.902993e+001,
3565000000, -5.898149e+001,
3566250000, -5.913435e+001,
3567500000, -5.925965e+001,
3568750000, -5.922815e+001,
3570000000, -5.919595e+001,
3571250000, -5.930143e+001,
3572500000, -5.931397e+001,
3573750000, -5.924164e+001,
3575000000, -5.928408e+001,
3576250000, -5.918497e+001,
3577500000, -5.929682e+001,
3578750000, -5.923424e+001,
3580000000, -5.932007e+001,
3581250000, -5.906212e+001,
3582500000, -5.930639e+001,
3583750000, -5.929655e+001,
3585000000, -5.945640e+001,
3586250000, -5.938296e+001,
3587500000, -5.947914e+001,
3588750000, -5.943277e+001,
3590000000, -5.940628e+001,
3591250000, -5.946516e+001,
3592500000, -5.939132e+001,
3593750000, -5.948022e+001,
3595000000, -5.942889e+001,
3596250000, -5.958187e+001,
3597500000, -5.939002e+001,
3598750000, -5.956095e+001,
3600000000, -5.957596e+001,
3601250000, -5.957412e+001,
3602500000, -5.962748e+001,
3603750000, -5.954447e+001,
3605000000, -5.978860e+001,
3606250000, -5.982832e+001,
3607500000, -5.971180e+001,
3608750000, -5.980288e+001,
3610000000, -5.987781e+001,
3611250000, -5.982746e+001,
3612500000, -5.997171e+001,
3613750000, -6.003281e+001,
3615000000, -5.992944e+001,
3616250000, -6.011325e+001,
3617500000, -6.002649e+001,
3618750000, -6.004397e+001,
3620000000, -5.990253e+001,
3621250000, -5.987595e+001,
3622500000, -5.992336e+001,
3623750000, -6.011259e+001,
3625000000, -6.011332e+001,
3626250000, -6.004944e+001,
3627500000, -6.005709e+001,
3628750000, -5.990648e+001,
3630000000, -6.002440e+001,
3631250000, -5.999740e+001,
3632500000, -5.997559e+001,
3633750000, -6.000732e+001,
3635000000, -6.009477e+001,
3636250000, -6.017101e+001,
3637500000, -6.022757e+001,
3638750000, -6.016594e+001,
3640000000, -6.021417e+001,
3641250000, -6.027372e+001,
3642500000, -6.031575e+001,
3643750000, -6.021951e+001,
3645000000, -6.022391e+001,
3646250000, -6.017471e+001,
3647500000, -6.028810e+001,
3648750000, -6.029767e+001,
3650000000, -6.019546e+001,
3651250000, -6.037413e+001,
3652500000, -6.039090e+001,
3653750000, -6.041290e+001,
3655000000, -6.036328e+001,
3656250000, -6.043779e+001,
3657500000, -6.057718e+001,
3658750000, -6.043785e+001,
3660000000, -6.041340e+001,
3661250000, -6.037161e+001,
3662500000, -6.041331e+001,
3663750000, -6.037215e+001,
3665000000, -6.058371e+001,
3666250000, -6.048368e+001,
3667500000, -6.050235e+001,
3668750000, -6.041184e+001,
3670000000, -6.058967e+001,
3671250000, -6.048285e+001,
3672500000, -6.047594e+001,
3673750000, -6.045439e+001,
3675000000, -6.057192e+001,
3676250000, -6.046811e+001,
3677500000, -6.044022e+001,
3678750000, -6.042901e+001,
3680000000, -6.059654e+001,
3681250000, -6.056887e+001,
3682500000, -6.082286e+001,
3683750000, -6.070345e+001,
3685000000, -6.060437e+001,
3686250000, -6.090786e+001,
3687500000, -6.080541e+001,
3688750000, -6.064703e+001,
3690000000, -6.091857e+001,
3691250000, -6.085830e+001,
3692500000, -6.104326e+001,
3693750000, -6.090734e+001,
3695000000, -6.117879e+001,
3696250000, -6.125253e+001,
3697500000, -6.122838e+001,
3698750000, -6.115685e+001,
3700000000, -6.102513e+001,
3701250000, -6.116231e+001,
3702500000, -6.135450e+001,
3703750000, -6.120570e+001,
3705000000, -6.135479e+001,
3706250000, -6.120491e+001,
3707500000, -6.119070e+001,
3708750000, -6.144389e+001,
3710000000, -6.125519e+001,
3711250000, -6.149168e+001,
3712500000, -6.141723e+001,
3713750000, -6.164723e+001,
3715000000, -6.202149e+001,
3716250000, -6.188271e+001,
3717500000, -6.187874e+001,
3718750000, -6.215757e+001,
3720000000, -6.196529e+001,
3721250000, -6.216045e+001,
3722500000, -6.230002e+001,
3723750000, -6.233998e+001,
3725000000, -6.230933e+001,
3726250000, -6.237835e+001,
3727500000, -6.222297e+001,
3728750000, -6.252790e+001,
3730000000, -6.224216e+001,
3731250000, -6.227974e+001,
3732500000, -6.219353e+001,
3733750000, -6.214517e+001,
3735000000, -6.224815e+001,
3736250000, -6.235457e+001,
3737500000, -6.213750e+001,
3738750000, -6.227620e+001,
3740000000, -6.236189e+001,
3741250000, -6.252355e+001,
3742500000, -6.228259e+001,
3743750000, -6.237430e+001,
3745000000, -6.257888e+001,
3746250000, -6.261909e+001,
3747500000, -6.253329e+001,
3748750000, -6.253886e+001,
3750000000, -6.239764e+001,
3751250000, -6.229677e+001,
3752500000, -6.254316e+001,
3753750000, -6.247385e+001,
3755000000, -6.229468e+001,
3756250000, -6.224957e+001,
3757500000, -6.230381e+001,
3758750000, -6.197011e+001,
3760000000, -6.225723e+001,
3761250000, -6.226722e+001,
3762500000, -6.201204e+001,
3763750000, -6.195466e+001,
3765000000, -6.181345e+001,
3766250000, -6.192158e+001,
3767500000, -6.183367e+001,
3768750000, -6.164856e+001,
3770000000, -6.185211e+001,
3771250000, -6.176698e+001,
3772500000, -6.171114e+001,
3773750000, -6.178749e+001,
3775000000, -6.191472e+001,
3776250000, -6.190046e+001,
3777500000, -6.179382e+001,
3778750000, -6.163625e+001,
3780000000, -6.167122e+001,
3781250000, -6.181611e+001,
3782500000, -6.159143e+001,
3783750000, -6.183907e+001,
3785000000, -6.167472e+001,
3786250000, -6.171989e+001,
3787500000, -6.177917e+001,
3788750000, -6.172560e+001,
3790000000, -6.149229e+001,
3791250000, -6.188386e+001,
3792500000, -6.173244e+001,
3793750000, -6.179782e+001,
3795000000, -6.171490e+001,
3796250000, -6.180612e+001,
3797500000, -6.198956e+001,
3798750000, -6.185605e+001,
3800000000, -6.191832e+001,
3801250000, -6.209837e+001,
3802500000, -6.209116e+001,
3803750000, -6.212109e+001,
3805000000, -6.238602e+001,
3806250000, -6.230650e+001,
3807500000, -6.228604e+001,
3808750000, -6.207648e+001,
3810000000, -6.231991e+001,
3811250000, -6.219139e+001,
3812500000, -6.253720e+001,
3813750000, -6.235732e+001,
3815000000, -6.237115e+001,
3816250000, -6.261295e+001,
3817500000, -6.257809e+001,
3818750000, -6.266771e+001,
3820000000, -6.274232e+001,
3821250000, -6.271319e+001,
3822500000, -6.271993e+001,
3823750000, -6.284584e+001,
3825000000, -6.306994e+001,
3826250000, -6.341121e+001,
3827500000, -6.328118e+001,
3828750000, -6.319799e+001,
3830000000, -6.306722e+001,
3831250000, -6.325803e+001,
3832500000, -6.377831e+001,
3833750000, -6.339169e+001,
3835000000, -6.348962e+001,
3836250000, -6.384215e+001,
3837500000, -6.389722e+001,
3838750000, -6.401302e+001,
3840000000, -6.393758e+001,
3841250000, -6.429042e+001,
3842500000, -6.417130e+001,
3843750000, -6.414027e+001,
3845000000, -6.398007e+001,
3846250000, -6.455124e+001,
3847500000, -6.415891e+001,
3848750000, -6.435841e+001,
3850000000, -6.439426e+001,
3851250000, -6.441130e+001,
3852500000, -6.451108e+001,
3853750000, -6.439176e+001,
3855000000, -6.462061e+001,
3856250000, -6.431644e+001,
3857500000, -6.467898e+001,
3858750000, -6.498750e+001,
3860000000, -6.476395e+001,
3861250000, -6.504761e+001,
3862500000, -6.448789e+001,
3863750000, -6.469370e+001,
3865000000, -6.458661e+001,
3866250000, -6.449579e+001,
3867500000, -6.460239e+001,
3868750000, -6.474791e+001,
3870000000, -6.483512e+001,
3871250000, -6.473042e+001,
3872500000, -6.496375e+001,
3873750000, -6.490530e+001,
3875000000, -6.450639e+001,
3876250000, -6.455899e+001,
3877500000, -6.490609e+001,
3878750000, -6.462652e+001,
3880000000, -6.474881e+001,
3881250000, -6.447952e+001,
3882500000, -6.464157e+001,
3883750000, -6.468169e+001,
3885000000, -6.488677e+001,
3886250000, -6.447736e+001,
3887500000, -6.485597e+001,
3888750000, -6.477686e+001,
3890000000, -6.479064e+001,
3891250000, -6.491695e+001,
3892500000, -6.451782e+001,
3893750000, -6.485076e+001,
3895000000, -6.470686e+001,
3896250000, -6.470090e+001,
3897500000, -6.498795e+001,
3898750000, -6.507350e+001,
3900000000, -6.494193e+001,
3901250000, -6.504634e+001,
3902500000, -6.505697e+001,
3903750000, -6.486326e+001,
3905000000, -6.525290e+001,
3906250000, -6.510999e+001,
3907500000, -6.521341e+001,
3908750000, -6.473117e+001,
3910000000, -6.498964e+001,
3911250000, -6.478687e+001,
3912500000, -6.494282e+001,
3913750000, -6.490166e+001,
3915000000, -6.511507e+001,
3916250000, -6.483355e+001,
3917500000, -6.498596e+001,
3918750000, -6.511295e+001,
3920000000, -6.490946e+001,
3921250000, -6.509767e+001,
3922500000, -6.514816e+001,
3923750000, -6.517657e+001,
3925000000, -6.509189e+001,
3926250000, -6.533311e+001,
3927500000, -6.535422e+001,
3928750000, -6.531701e+001,
3930000000, -6.536020e+001,
3931250000, -6.517645e+001,
3932500000, -6.564086e+001,
3933750000, -6.542618e+001,
3935000000, -6.555199e+001,
3936250000, -6.539088e+001,
3937500000, -6.573306e+001,
3938750000, -6.548351e+001,
3940000000, -6.555735e+001,
3941250000, -6.590529e+001,
3942500000, -6.577699e+001,
3943750000, -6.588279e+001,
3945000000, -6.614436e+001,
3946250000, -6.597389e+001,
3947500000, -6.577823e+001,
3948750000, -6.607288e+001,
3950000000, -6.564032e+001,
3951250000, -6.591200e+001,
3952500000, -6.586646e+001,
3953750000, -6.583352e+001,
3955000000, -6.575761e+001,
3956250000, -6.591448e+001,
3957500000, -6.617364e+001,
3958750000, -6.602354e+001,
3960000000, -6.644491e+001,
3961250000, -6.651956e+001,
3962500000, -6.615779e+001,
3963750000, -6.639422e+001,
3965000000, -6.623800e+001,
3966250000, -6.627094e+001,
3967500000, -6.668853e+001,
3968750000, -6.658765e+001,
3970000000, -6.642569e+001,
3971250000, -6.696468e+001,
3972500000, -6.639063e+001,
3973750000, -6.640058e+001,
3975000000, -6.652110e+001,
3976250000, -6.654890e+001,
3977500000, -6.725578e+001,
3978750000, -6.710824e+001,
3980000000, -6.729630e+001,
3981250000, -6.653909e+001,
3982500000, -6.762851e+001,
3983750000, -6.670718e+001,
3985000000, -6.723937e+001,
3986250000, -6.735487e+001,
3987500000, -6.726318e+001,
3988750000, -6.712981e+001,
3990000000, -6.699667e+001,
3991250000, -6.754166e+001,
3992500000, -6.705566e+001,
3993750000, -6.706048e+001,
3995000000, -6.746183e+001,
3996250000, -6.687546e+001,
3997500000, -6.685280e+001,
3998750000, -6.752666e+001,
4000000000, -6.731297e+001,
4001250000, -6.753674e+001,
4002500000, -6.750836e+001,
4003750000, -6.724292e+001,
4005000000, -6.748174e+001,
4006250000, -6.766079e+001,
4007500000, -6.795489e+001,
4008750000, -6.776987e+001,
4010000000, -6.742323e+001,
4011250000, -6.762026e+001,
4012500000, -6.719080e+001,
4013750000, -6.751852e+001,
4015000000, -6.747797e+001,
4016250000, -6.771461e+001,
4017500000, -6.785580e+001,
4018750000, -6.808050e+001,
4020000000, -6.795367e+001,
4021250000, -6.743455e+001,
4022500000, -6.843355e+001,
4023750000, -6.821619e+001,
4025000000, -6.757748e+001,
4026250000, -6.834327e+001,
4027500000, -6.835035e+001,
4028750000, -6.868595e+001,
4030000000, -6.834663e+001,
4031250000, -6.800182e+001,
4032500000, -6.828850e+001,
4033750000, -6.778023e+001,
4035000000, -6.767573e+001,
4036250000, -6.867834e+001,
4037500000, -6.796909e+001,
4038750000, -6.782612e+001,
4040000000, -6.847861e+001,
4041250000, -6.830852e+001,
4042500000, -6.881678e+001,
4043750000, -6.828787e+001,
4045000000, -6.874996e+001,
4046250000, -6.853189e+001,
4047500000, -6.843634e+001,
4048750000, -6.844173e+001,
4050000000, -6.836282e+001,
4051250000, -6.822095e+001,
4052500000, -6.887573e+001,
4053750000, -6.930944e+001,
4055000000, -6.893327e+001,
4056250000, -6.951168e+001,
4057500000, -6.988730e+001,
4058750000, -6.915736e+001,
4060000000, -6.869234e+001,
4061250000, -7.063563e+001,
4062500000, -6.909062e+001,
4063750000, -6.767946e+001,
4065000000, -7.090034e+001,
4066250000, -6.840831e+001,
4067500000, -6.887310e+001,
4068750000, -6.910357e+001,
4070000000, -6.900350e+001,
4071250000, -6.923454e+001,
4072500000, -6.912688e+001,
4073750000, -6.848251e+001,
4075000000, -6.905114e+001,
4076250000, -6.898852e+001,
4077500000, -6.863057e+001,
4078750000, -6.993262e+001,
4080000000, -6.918550e+001,
4081250000, -6.901433e+001,
4082500000, -7.010587e+001,
4083750000, -6.977728e+001,
4085000000, -6.996706e+001,
4086250000, -6.910734e+001,
4087500000, -7.023207e+001,
4088750000, -7.026469e+001,
4090000000, -6.995608e+001,
4091250000, -6.956341e+001,
4092500000, -7.016167e+001,
4093750000, -7.076922e+001,
4095000000, -6.867446e+001,
4096250000, -7.013779e+001,
4097500000, -7.121016e+001,
4098750000, -7.026677e+001,
4100000000, -7.075231e+001,
4101250000, -7.035751e+001,
4102500000, -7.149541e+001,
4103750000, -7.136251e+001,
4105000000, -6.990055e+001,
4106250000, -7.215186e+001,
4107500000, -7.097762e+001,
4108750000, -6.957204e+001,
4110000000, -7.098775e+001,
4111250000, -7.171133e+001,
4112500000, -6.934405e+001,
4113750000, -7.029675e+001,
4115000000, -7.181565e+001,
4116250000, -7.094715e+001,
4117500000, -6.992358e+001,
4118750000, -7.152365e+001,
4120000000, -7.117972e+001,
4121250000, -7.114409e+001,
4122500000, -7.049828e+001,
4123750000, -7.088931e+001,
4125000000, -7.281478e+001,
4126250000, -7.066125e+001,
4127500000, -7.093636e+001,
4128750000, -7.234221e+001,
4130000000, -7.141951e+001,
4131250000, -7.124247e+001,
4132500000, -7.035312e+001,
4133750000, -7.247355e+001,
4135000000, -7.005382e+001,
4136250000, -6.985519e+001,
4137500000, -7.065852e+001,
4138750000, -6.995294e+001,
4140000000, -7.139253e+001,
4141250000, -6.932333e+001,
4142500000, -7.006371e+001,
4143750000, -7.248801e+001,
4145000000, -7.031133e+001,
4146250000, -7.001193e+001,
4147500000, -7.147242e+001,
4148750000, -7.164151e+001,
4150000000, -7.014157e+001,
4151250000, -7.422614e+001,
4152500000, -7.294617e+001,
4153750000, -7.076746e+001,
4155000000, -7.112501e+001,
4156250000, -7.350004e+001,
4157500000, -7.376720e+001,
4158750000, -6.970013e+001,
4160000000, -7.092745e+001,
4161250000, -7.085155e+001,
4162500000, -7.306635e+001,
4163750000, -7.189301e+001,
4165000000, -6.999172e+001,
4166250000, -7.089796e+001,
4167500000, -7.495851e+001,
4168750000, -7.189117e+001,
4170000000, -6.950448e+001,
4171250000, -7.555138e+001,
4172500000, -7.269679e+001,
4173750000, -6.909323e+001,
4175000000, -7.158727e+001,
4176250000, -7.255447e+001,
4177500000, -7.198028e+001,
4178750000, -7.434943e+001,
4180000000, -6.854871e+001,
4181250000, -6.940257e+001,
4182500000, -7.288896e+001,
4183750000, -7.322247e+001,
4185000000, -6.780518e+001,
4186250000, -6.710287e+001,
4187500000, -7.286202e+001,
4188750000, -7.168613e+001,
4190000000, -7.015343e+001,
4191250000, -7.178643e+001,
4192500000, -7.125684e+001,
4193750000, -6.988042e+001,
4195000000, -7.024257e+001,
4196250000, -6.989368e+001,
4197500000, -7.390876e+001,
4198750000, -7.149447e+001,
4200000000, -6.823985e+001,
4201250000, -6.798006e+001,
4202500000, -7.879424e+001,
4203750000, -7.226806e+001,
4205000000, -6.705241e+001,
4206250000, -6.807247e+001,
4207500000, -7.683416e+001,
4208750000, -6.985387e+001,
4210000000, -6.627319e+001,
4211250000, -7.121137e+001,
4212500000, -7.344323e+001,
4213750000, -6.672995e+001,
4215000000, -6.666561e+001,
4216250000, -7.016079e+001,
4217500000, -7.928036e+001,
4218750000, -6.715204e+001,
4220000000, -6.643983e+001,
4221250000, -6.829030e+001,
4222500000, -7.378327e+001,
4223750000, -7.067573e+001,
4225000000, -6.858188e+001,
4226250000, -6.846970e+001,
4227500000, -7.468449e+001,
4228750000, -6.652924e+001,
4230000000, -6.510310e+001,
4231250000, -7.895476e+001,
4232500000, -6.572374e+001,
4233750000, -6.304596e+001,
4235000000, -6.620753e+001,
4236250000, -7.840223e+001,
4237500000, -6.874131e+001,
4238750000, -6.916052e+001,
4240000000, -6.672897e+001,
4241250000, -6.635203e+001,
4242500000, -6.999278e+001,
4243750000, -7.297656e+001,
4245000000, -6.867568e+001,
4246250000, -6.519848e+001,
4247500000, -6.970812e+001,
4248750000, -6.953992e+001,
4250000000, -6.872800e+001,
4251250000, -6.781321e+001,
4252500000, -6.723031e+001,
4253750000, -8.135145e+001,
4255000000, -6.720561e+001,
4256250000, -6.285794e+001,
4257500000, -6.514690e+001,
4258750000, -7.395028e+001,
4260000000, -7.374985e+001,
4261250000, -6.508694e+001,
4262500000, -6.436820e+001,
4263750000, -6.406057e+001,
4265000000, -6.538646e+001,
4266250000, -7.805117e+001,
4267500000, -6.465086e+001,
4268750000, -6.084469e+001,
4270000000, -6.283222e+001,
4271250000, -7.123724e+001,
4272500000, -7.129613e+001,
4273750000, -6.245811e+001,
4275000000, -6.246420e+001,
4276250000, -7.243063e+001,
4277500000, -6.556954e+001,
4278750000, -5.995404e+001,
4280000000, -6.251192e+001,
4281250000, -6.894524e+001,
4282500000, -6.077295e+001,
4283750000, -5.909692e+001,
4285000000, -6.249273e+001,
4286250000, -7.497169e+001,
4287500000, -6.533393e+001,
4288750000, -6.084866e+001,
4290000000, -6.094491e+001,
4291250000, -6.552399e+001,
4292500000, -7.970465e+001,
4293750000, -6.248220e+001,
4295000000, -5.992207e+001,
4296250000, -6.501125e+001,
4297500000, -7.969112e+001,
4298750000, -6.516571e+001,
4300000000, -5.968836e+001,
4301250000, -5.904438e+001,
4302500000, -6.403178e+001,
4303750000, -6.828593e+001,
4305000000, -6.456496e+001,
4306250000, -6.220194e+001,
4307500000, -5.970187e+001,
4308750000, -6.184416e+001,
4310000000, -6.768815e+001,
4311250000, -6.182954e+001,
4312500000, -5.844192e+001,
4313750000, -5.908058e+001,
4315000000, -6.337612e+001,
4316250000, -8.435012e+001,
4317500000, -6.968440e+001,
4318750000, -6.776459e+001,
4320000000, -6.204492e+001,
4321250000, -6.293953e+001,
4322500000, -7.488831e+001,
4323750000, -6.466512e+001,
4325000000, -6.371597e+001,
4326250000, -7.077043e+001,
4327500000, -7.459290e+001,
4328750000, -6.492766e+001,
4330000000, -6.105056e+001,
4331250000, -6.143468e+001,
4332500000, -6.638806e+001,
4333750000, -6.554736e+001,
4335000000, -5.998095e+001,
4336250000, -6.036678e+001,
4337500000, -5.833060e+001,
4338750000, -6.031218e+001,
4340000000, -6.110929e+001,
4341250000, -5.772136e+001,
4342500000, -6.280099e+001,
4343750000, -6.965956e+001,
4345000000, -5.916133e+001,
4346250000, -5.611718e+001,
4347500000, -5.813007e+001,
4348750000, -5.999614e+001,
4350000000, -5.615832e+001,
4351250000, -5.865191e+001,
4352500000, -5.801315e+001,
4353750000, -5.329962e+001,
4355000000, -5.154248e+001,
4356250000, -5.171210e+001,
4357500000, -5.191864e+001,
4358750000, -5.097309e+001,
4360000000, -5.016780e+001,
4361250000, -5.020605e+001,
4362500000, -5.146506e+001,
4363750000, -5.295283e+001,
4365000000, -5.244290e+001,
4366250000, -5.253888e+001,
4367500000, -5.774230e+001,
4368750000, -8.578195e+001,
4370000000, -6.174990e+001,
4371250000, -6.383887e+001,
4372500000, -6.333513e+001,
4373750000, -5.822281e+001,
4375000000, -5.708144e+001,
4376250000, -5.879779e+001,
4377500000, -6.404659e+001,
4378750000, -7.451609e+001,
4380000000, -6.868091e+001,
4381250000, -6.174559e+001,
4382500000, -6.109140e+001,
4383750000, -6.982808e+001,
4385000000, -7.967799e+001,
4386250000, -6.754801e+001,
4387500000, -6.819877e+001,
4388750000, -6.656088e+001,
4390000000, -6.625739e+001,
4391250000, -6.105428e+001,
4392500000, -5.896513e+001,
4393750000, -5.929220e+001,
4395000000, -5.591211e+001,
4396250000, -5.196724e+001,
4397500000, -4.983231e+001,
4398750000, -4.939582e+001,
4400000000, -5.012899e+001,
4401250000, -5.024520e+001,
4402500000, -4.756964e+001,
4403750000, -4.487451e+001,
4405000000, -4.463267e+001,
4406250000, -4.668250e+001,
4407500000, -4.845274e+001,
4408750000, -4.912706e+001,
4410000000, -4.952641e+001,
4411250000, -5.114404e+001,
4412500000, -5.379931e+001,
4413750000, -5.815833e+001,
4415000000, -6.505627e+001,
4416250000, -6.840787e+001,
4417500000, -6.650373e+001,
4418750000, -5.901786e+001,
4420000000, -5.498527e+001,
4421250000, -5.478546e+001,
4422500000, -5.702491e+001,
4423750000, -6.281975e+001,
4425000000, -6.590885e+001,
4426250000, -7.369728e+001,
4427500000, -5.789332e+001,
4428750000, -5.506283e+001,
4430000000, -5.735656e+001,
4431250000, -5.949004e+001,
4432500000, -5.909634e+001,
4433750000, -5.929404e+001,
4435000000, -5.813447e+001,
4436250000, -5.713362e+001,
4437500000, -5.375381e+001,
4438750000, -5.116364e+001,
4440000000, -5.113867e+001,
4441250000, -5.538799e+001,
4442500000, -5.940667e+001,
4443750000, -5.693338e+001,
4445000000, -5.447061e+001,
4446250000, -5.123745e+001,
4447500000, -4.985149e+001,
4448750000, -4.941910e+001,
4450000000, -4.842675e+001,
4451250000, -4.761606e+001,
4452500000, -4.749056e+001,
4453750000, -4.926197e+001,
4455000000, -5.164921e+001,
4456250000, -5.064315e+001,
4457500000, -4.673867e+001,
4458750000, -4.326610e+001,
4460000000, -4.134021e+001,
4461250000, -4.206678e+001,
4462500000, -4.483772e+001,
4463750000, -4.911850e+001,
4465000000, -5.275497e+001,
4466250000, -5.233686e+001,
4467500000, -4.761441e+001,
4468750000, -4.489916e+001,
4470000000, -4.387066e+001,
4471250000, -4.335097e+001,
4472500000, -4.294114e+001,
4473750000, -4.311031e+001,
4475000000, -4.457002e+001,
4476250000, -4.744883e+001,
4477500000, -5.009486e+001,
4478750000, -5.425870e+001,
4480000000, -5.372179e+001,
4481250000, -5.163375e+001,
4482500000, -5.377934e+001,
4483750000, -6.203242e+001,
4485000000, -5.737627e+001,
4486250000, -5.062184e+001,
4487500000, -4.606284e+001,
4488750000, -4.311572e+001,
4490000000, -4.249685e+001,
4491250000, -4.354804e+001,
4492500000, -4.570471e+001,
4493750000, -4.743491e+001,
4495000000, -5.002740e+001,
4496250000, -4.751863e+001,
4497500000, -4.542552e+001,
4498750000, -4.407607e+001,
4500000000, -4.317603e+001,
4501250000, -4.387821e+001,
4502500000, -4.506224e+001,
4503750000, -4.581085e+001,
4505000000, -4.626147e+001,
4506250000, -4.681624e+001,
4507500000, -4.647260e+001,
4508750000, -4.716696e+001,
4510000000, -4.623638e+001,
4511250000, -4.644882e+001,
4512500000, -4.678654e+001,
4513750000, -5.243713e+001,
4515000000, -6.280707e+001,
4516250000, -5.687769e+001,
4517500000, -6.323668e+001,
4518750000, -5.613422e+001,
4520000000, -4.972209e+001,
4521250000, -4.768198e+001,
4522500000, -4.651724e+001,
4523750000, -4.671679e+001,
4525000000, -4.453394e+001,
4526250000, -4.421484e+001,
4527500000, -4.285352e+001,
4528750000, -4.144173e+001,
4530000000, -4.362952e+001,
4531250000, -4.409639e+001,
4532500000, -4.215298e+001,
4533750000, -4.055501e+001,
4535000000, -3.905816e+001,
4536250000, -3.774209e+001,
4537500000, -3.688073e+001,
4538750000, -3.729863e+001,
4540000000, -3.806490e+001,
4541250000, -3.870856e+001,
4542500000, -3.828701e+001,
4543750000, -3.841598e+001,
4545000000, -4.029463e+001,
4546250000, -4.375726e+001,
4547500000, -4.591901e+001,
4548750000, -4.710937e+001,
4550000000, -4.326955e+001,
4551250000, -4.317855e+001,
4552500000, -3.903764e+001,
4553750000, -3.648485e+001,
4555000000, -3.474231e+001,
4556250000, -3.283406e+001,
4557500000, -3.135152e+001,
4558750000, -3.061590e+001,
4560000000, -2.997387e+001,
4561250000, -2.945095e+001,
4562500000, -2.866562e+001,
4563750000, -2.796598e+001,
4565000000, -2.899339e+001,
4566250000, -2.861894e+001,
4567500000, -2.853839e+001,
4568750000, -2.900351e+001,
4570000000, -2.883783e+001,
4571250000, -3.064619e+001,
4572500000, -3.089715e+001,
4573750000, -3.134161e+001,
4575000000, -3.214386e+001,
4576250000, -3.482063e+001,
4577500000, -3.659846e+001,
4578750000, -3.832312e+001,
4580000000, -3.851173e+001,
4581250000, -3.978191e+001,
4582500000, -4.037498e+001,
4583750000, -4.321440e+001,
4585000000, -4.775946e+001,
4586250000, -4.209388e+001,
4587500000, -3.790894e+001,
4588750000, -3.527899e+001,
4590000000, -3.286407e+001,
4591250000, -3.180155e+001,
4592500000, -3.042727e+001,
4593750000, -2.927409e+001,
4595000000, -2.832807e+001,
4596250000, -2.744581e+001,
4597500000, -2.715450e+001,
4598750000, -2.685675e+001,
4600000000, -2.642835e+001,
4601250000, -2.646154e+001,
4602500000, -2.693357e+001,
4603750000, -2.713554e+001,
4605000000, -2.737690e+001,
4606250000, -2.817141e+001,
4607500000, -2.868137e+001,
4608750000, -2.899848e+001,
4610000000, -2.973507e+001,
4611250000, -3.059417e+001,
4612500000, -3.163972e+001,
4613750000, -3.314994e+001,
4615000000, -3.459930e+001,
4616250000, -3.585207e+001,
4617500000, -3.817958e+001,
4618750000, -4.320864e+001,
4620000000, -5.498442e+001,
4621250000, -4.337107e+001,
4622500000, -3.652327e+001,
4623750000, -3.285642e+001,
4625000000, -3.077922e+001,
4626250000, -2.935610e+001,
4627500000, -2.838807e+001,
4628750000, -2.821355e+001,
4630000000, -2.819584e+001,
4631250000, -2.824067e+001,
4632500000, -2.828923e+001,
4633750000, -2.808167e+001,
4635000000, -2.791162e+001,
4636250000, -2.773433e+001,
4637500000, -2.728674e+001,
4638750000, -2.706914e+001,
4640000000, -2.693830e+001,
4641250000, -2.687907e+001,
4642500000, -2.729181e+001,
4643750000, -2.799955e+001,
4645000000, -2.869501e+001,
4646250000, -3.008100e+001,
4647500000, -3.270772e+001,
4648750000, -3.588244e+001,
4650000000, -3.861479e+001,
4651250000, -4.207997e+001,
4652500000, -4.802862e+001,
4653750000, -5.333676e+001,
4655000000, -4.551380e+001,
4656250000, -3.887196e+001,
4657500000, -3.513235e+001,
4658750000, -3.302380e+001,
4660000000, -3.155763e+001,
4661250000, -3.093287e+001,
4662500000, -3.121709e+001,
4663750000, -3.160961e+001,
4665000000, -3.202778e+001,
4666250000, -3.243727e+001,
4667500000, -3.210298e+001,
4668750000, -3.199999e+001,
4670000000, -3.197689e+001,
4671250000, -3.136468e+001,
4672500000, -3.127359e+001,
4673750000, -3.166629e+001,
4675000000, -3.170250e+001,
4676250000, -3.193234e+001,
4677500000, -3.251741e+001,
4678750000, -3.330386e+001,
4680000000, -3.458876e+001,
4681250000, -3.654727e+001,
4682500000, -3.902845e+001,
4683750000, -4.281829e+001,
4685000000, -4.423852e+001,
4686250000, -4.099989e+001,
4687500000, -3.769704e+001,
4688750000, -3.572839e+001,
4690000000, -3.473263e+001,
4691250000, -3.385390e+001,
4692500000, -3.356057e+001,
4693750000, -3.392187e+001,
4695000000, -3.466024e+001,
4696250000, -3.580196e+001,
4697500000, -3.703078e+001,
4698750000, -3.735142e+001,
4700000000, -3.688052e+001,
4701250000, -3.622733e+001,
4702500000, -3.569217e+001,
4703750000, -3.538478e+001,
4705000000, -3.545335e+001,
4706250000, -3.550629e+001,
4707500000, -3.619847e+001,
4708750000, -3.746643e+001,
4710000000, -3.858474e+001,
4711250000, -3.998284e+001,
4712500000, -4.190093e+001,
4713750000, -4.539342e+001,
4715000000, -5.365907e+001,
4716250000, -5.692786e+001,
4717500000, -4.572171e+001,
4718750000, -4.154421e+001,
4720000000, -3.999232e+001,
4721250000, -3.902996e+001,
4722500000, -3.854589e+001,
4723750000, -3.855243e+001,
4725000000, -3.871072e+001,
4726250000, -3.871981e+001,
4727500000, -3.906439e+001,
4728750000, -3.939017e+001,
4730000000, -3.940072e+001,
4731250000, -3.949250e+001,
4732500000, -3.956258e+001,
4733750000, -3.939090e+001,
4735000000, -3.972475e+001,
4736250000, -4.068310e+001,
4737500000, -4.216890e+001,
4738750000, -4.454607e+001,
4740000000, -4.883323e+001,
4741250000, -5.514448e+001,
4742500000, -5.758855e+001,
4743750000, -5.348739e+001,
4745000000, -4.850587e+001,
4746250000, -4.565038e+001,
4747500000, -4.338400e+001,
4748750000, -4.197777e+001,
4750000000, -4.190638e+001,
4751250000, -4.244197e+001,
4752500000, -4.323879e+001,
4753750000, -4.398203e+001,
4755000000, -4.401268e+001,
4756250000, -4.360122e+001,
4757500000, -4.323133e+001,
4758750000, -4.306966e+001,
4760000000, -4.351414e+001,
4761250000, -4.474642e+001,
4762500000, -4.665080e+001,
4763750000, -4.867105e+001,
4765000000, -4.990211e+001,
4766250000, -4.971779e+001,
4767500000, -4.887605e+001,
4768750000, -4.803193e+001,
4770000000, -4.771714e+001,
4771250000, -4.808702e+001,
4772500000, -4.877528e+001,
4773750000, -4.899438e+001,
4775000000, -4.830164e+001,
4776250000, -4.700871e+001,
4777500000, -4.632782e+001,
4778750000, -4.671255e+001,
4780000000, -4.837032e+001,
4781250000, -5.101956e+001,
4782500000, -5.301030e+001,
4783750000, -5.270753e+001,
4785000000, -5.076546e+001,
4786250000, -4.896523e+001,
4787500000, -4.847388e+001,
4788750000, -4.913666e+001,
4790000000, -5.065333e+001,
4791250000, -5.218237e+001,
4792500000, -5.242460e+001,
4793750000, -5.069922e+001,
4795000000, -4.847723e+001,
4796250000, -4.721452e+001,
4797500000, -4.737724e+001,
4798750000, -4.904677e+001,
4800000000, -5.169928e+001,
4801250000, -5.467805e+001,
4802500000, -5.466064e+001,
4803750000, -5.299731e+001,
4805000000, -5.209331e+001,
4806250000, -5.252249e+001,
4807500000, -5.424574e+001,
4808750000, -5.720964e+001,
4810000000, -6.097269e+001,
4811250000, -6.199683e+001,
4812500000, -5.758090e+001,
4813750000, -5.322168e+001,
4815000000, -5.062318e+001,
4816250000, -4.952200e+001,
4817500000, -4.974600e+001,
4818750000, -5.064150e+001,
4820000000, -5.028479e+001,
4821250000, -4.860185e+001,
4822500000, -4.766563e+001,
4823750000, -4.851057e+001,
4825000000, -5.119264e+001,
4826250000, -5.542851e+001,
4827500000, -5.739384e+001,
4828750000, -5.707847e+001,
4830000000, -5.876621e+001,
4831250000, -6.027453e+001,
4832500000, -5.858091e+001,
4833750000, -5.799910e+001,
4835000000, -5.908460e+001,
4836250000, -6.214181e+001,
4837500000, -5.939785e+001,
4838750000, -5.389027e+001,
4840000000, -5.128345e+001,
4841250000, -5.142630e+001,
4842500000, -5.385537e+001,
4843750000, -5.670073e+001,
4845000000, -5.466220e+001,
4846250000, -5.261158e+001,
4847500000, -5.301556e+001,
4848750000, -5.651705e+001,
4850000000, -6.470953e+001,
4851250000, -6.025347e+001,
4852500000, -5.716503e+001,
4853750000, -5.972874e+001,
4855000000, -7.646069e+001,
4856250000, -5.963116e+001,
4857500000, -5.514055e+001,
4858750000, -5.538709e+001,
4860000000, -5.975137e+001,
4861250000, -5.932508e+001,
4862500000, -5.450781e+001,
4863750000, -5.340454e+001,
4865000000, -5.578025e+001,
4866250000, -6.180698e+001,
4867500000, -5.924679e+001,
4868750000, -5.599909e+001,
4870000000, -5.730769e+001,
4871250000, -6.484100e+001,
4872500000, -6.907400e+001,
4873750000, -6.008676e+001,
4875000000, -5.929939e+001,
4876250000, -6.420372e+001,
4877500000, -7.118159e+001,
4878750000, -5.958305e+001,
4880000000, -5.824487e+001,
4881250000, -6.337353e+001,
4882500000, -7.493423e+001,
4883750000, -6.333430e+001,
4885000000, -6.182019e+001,
4886250000, -6.181840e+001,
4887500000, -6.402322e+001,
4888750000, -7.402074e+001,
4890000000, -6.173072e+001,
4891250000, -6.017216e+001,
4892500000, -6.771601e+001,
4893750000, -6.608295e+001,
4895000000, -5.998105e+001,
4896250000, -6.160703e+001,
4897500000, -7.395918e+001,
4898750000, -6.478552e+001,
4900000000, -6.055462e+001,
4901250000, -6.154311e+001,
4902500000, -6.900957e+001,
4903750000, -6.717317e+001,
4905000000, -5.927390e+001,
4906250000, -6.001508e+001,
4907500000, -7.778899e+001,
4908750000, -6.066753e+001,
4910000000, -5.908995e+001,
4911250000, -6.662230e+001,
4912500000, -6.701529e+001,
4913750000, -6.157695e+001,
4915000000, -6.356593e+001,
4916250000, -6.749321e+001,
4917500000, -6.687817e+001,
4918750000, -6.342023e+001,
4920000000, -6.325179e+001,
4921250000, -6.885586e+001,
4922500000, -6.422034e+001,
4923750000, -6.241708e+001,
4925000000, -6.788833e+001,
4926250000, -6.493721e+001,
4927500000, -6.365338e+001,
4928750000, -6.548644e+001,
4930000000, -6.505324e+001,
4931250000, -6.635950e+001,
4932500000, -6.431561e+001,
4933750000, -6.495911e+001,
4935000000, -6.656813e+001,
4936250000, -6.399313e+001,
4937500000, -6.501923e+001,
4938750000, -6.530431e+001,
4940000000, -6.512126e+001,
4941250000, -6.536487e+001,
4942500000, -6.536844e+001,
4943750000, -6.505597e+001,
4945000000, -6.508262e+001,
4946250000, -6.654784e+001,
4947500000, -6.483673e+001,
4948750000, -6.464861e+001,
4950000000, -6.593839e+001,
4951250000, -6.579162e+001,
4952500000, -6.546050e+001,
4953750000, -6.489198e+001,
4955000000, -6.627827e+001,
4956250000, -6.547234e+001,
4957500000, -6.513266e+001,
4958750000, -6.661039e+001,
4960000000, -6.512118e+001,
4961250000, -6.603066e+001,
4962500000, -6.639608e+001,
4963750000, -6.609372e+001,
4965000000, -6.537585e+001,
4966250000, -6.578245e+001,
4967500000, -6.672958e+001,
4968750000, -6.584336e+001,
4970000000, -6.621299e+001,
4971250000, -6.600400e+001,
4972500000, -6.641767e+001,
4973750000, -6.626564e+001,
4975000000, -6.623641e+001,
4976250000, -6.539347e+001,
4977500000, -6.700321e+001,
4978750000, -6.652299e+001,
4980000000, -6.554932e+001,
4981250000, -6.683547e+001,
4982500000, -6.623013e+001,
4983750000, -6.675920e+001,
4985000000, -6.645335e+001,
4986250000, -6.640426e+001,
4987500000, -6.630829e+001,
4988750000, -6.761439e+001,
4990000000, -6.614767e+001,
4991250000, -6.653909e+001,
4992500000, -6.682970e+001,
4993750000, -6.674290e+001,
4995000000, -6.682302e+001,
4996250000, -6.666766e+001,
4997500000, -6.675980e+001,
4998750000, -6.752966e+001,
5000000000, -6.669898e+001,
5001250000, -6.720589e+001,
5002500000, -6.708846e+001,
5003750000, -6.721118e+001,
5005000000, -6.744937e+001,
5006250000, -6.711176e+001,
5007500000, -6.722208e+001,
5008750000, -6.749767e+001,
5010000000, -6.719819e+001,
5011250000, -6.687592e+001,
5012500000, -6.727564e+001,
5013750000, -6.697459e+001,
5015000000, -6.704527e+001,
5016250000, -6.726794e+001,
5017500000, -6.715195e+001,
5018750000, -6.723196e+001,
5020000000, -6.686800e+001,
5021250000, -6.719051e+001,
5022500000, -6.706615e+001,
5023750000, -6.688318e+001,
5025000000, -6.694012e+001,
5026250000, -6.700012e+001,
5027500000, -6.708804e+001,
5028750000, -6.716545e+001,
5030000000, -6.737721e+001,
5031250000, -6.690335e+001,
5032500000, -6.723387e+001,
5033750000, -6.716444e+001,
5035000000, -6.703633e+001,
5036250000, -6.715732e+001,
5037500000, -6.730034e+001,
5038750000, -6.711086e+001,
5040000000, -6.690866e+001,
5041250000, -6.710852e+001,
5042500000, -6.685624e+001,
5043750000, -6.673579e+001,
5045000000, -6.690658e+001,
5046250000, -6.732047e+001,
5047500000, -6.666891e+001,
5048750000, -6.713718e+001,
5050000000, -6.702150e+001,
5051250000, -6.734928e+001,
5052500000, -6.707499e+001,
5053750000, -6.720470e+001,
5055000000, -6.708772e+001,
5056250000, -6.697636e+001,
5057500000, -6.728903e+001,
5058750000, -6.716106e+001,
5060000000, -6.696685e+001,
5061250000, -6.734971e+001,
5062500000, -6.706687e+001,
5063750000, -6.702033e+001,
5065000000, -6.738686e+001,
5066250000, -6.733313e+001,
5067500000, -6.734553e+001,
5068750000, -6.747388e+001,
5070000000, -6.731234e+001,
5071250000, -6.742077e+001,
5072500000, -6.710953e+001,
5073750000, -6.746448e+001,
5075000000, -6.691268e+001,
5076250000, -6.721288e+001,
5077500000, -6.734245e+001,
5078750000, -6.696655e+001,
5080000000, -6.718700e+001,
5081250000, -6.741067e+001,
5082500000, -6.690067e+001,
5083750000, -6.697140e+001,
5085000000, -6.677317e+001,
5086250000, -6.712054e+001,
5087500000, -6.698268e+001,
5088750000, -6.655351e+001,
5090000000, -6.684515e+001,
5091250000, -6.675517e+001,
5092500000, -6.667431e+001,
5093750000, -6.653308e+001,
5095000000, -6.684879e+001,
5096250000, -6.650294e+001,
5097500000, -6.672021e+001,
5098750000, -6.673331e+001,
5100000000, -6.685921e+001,
5101250000, -6.700056e+001,
5102500000, -6.693024e+001,
5103750000, -6.718655e+001,
5105000000, -6.705581e+001,
5106250000, -6.703080e+001,
5107500000, -6.707496e+001,
5108750000, -6.706128e+001,
5110000000, -6.710401e+001,
5111250000, -6.709382e+001,
5112500000, -6.709040e+001,
5113750000, -6.695727e+001,
5115000000, -6.681890e+001,
5116250000, -6.660117e+001,
5117500000, -6.665594e+001,
5118750000, -6.671161e+001,
5120000000, -6.661207e+001,
5121250000, -6.660453e+001,
5122500000, -6.655217e+001,
5123750000, -6.635272e+001,
5125000000, -6.647355e+001,
5126250000, -6.647395e+001,
5127500000, -6.637201e+001,
5128750000, -6.662905e+001,
5130000000, -6.643883e+001,
5131250000, -6.637199e+001,
5132500000, -6.638553e+001,
5133750000, -6.656839e+001,
5135000000, -6.631037e+001,
5136250000, -6.630145e+001,
5137500000, -6.665631e+001,
5138750000, -6.650632e+001,
5140000000, -6.638342e+001,
5141250000, -6.623011e+001,
5142500000, -6.621968e+001,
5143750000, -6.653156e+001,
5145000000, -6.653773e+001,
5146250000, -6.645138e+001,
5147500000, -6.684367e+001,
5148750000, -6.670889e+001,
5150000000, -6.677750e+001,
5151250000, -6.672600e+001,
5152500000, -6.711954e+001,
5153750000, -6.719250e+001,
5155000000, -6.727980e+001,
5156250000, -6.709453e+001,
5157500000, -6.700433e+001,
5158750000, -6.711378e+001,
5160000000, -6.716866e+001,
5161250000, -6.727592e+001,
5162500000, -6.714967e+001,
5163750000, -6.698856e+001,
5165000000, -6.744517e+001,
5166250000, -6.702616e+001,
5167500000, -6.729806e+001,
5168750000, -6.709958e+001,
5170000000, -6.708447e+001,
5171250000, -6.709096e+001,
5172500000, -6.730715e+001,
5173750000, -6.733820e+001,
5175000000, -6.741228e+001,
5176250000, -6.759055e+001,
5177500000, -6.735448e+001,
5178750000, -6.761980e+001,
5180000000, -6.736349e+001,
5181250000, -6.770555e+001,
5182500000, -6.781026e+001,
5183750000, -6.804105e+001,
5185000000, -6.786151e+001,
5186250000, -6.742399e+001,
5187500000, -6.765438e+001,
5188750000, -6.753079e+001,
5190000000, -6.770316e+001,
5191250000, -6.767888e+001,
5192500000, -6.791991e+001,
5193750000, -6.798444e+001,
5195000000, -6.800363e+001,
5196250000, -6.789795e+001,
5197500000, -6.763244e+001,
5198750000, -6.788580e+001,
5200000000, -6.822807e+001,
5201250000, -6.754172e+001,
5202500000, -6.783924e+001,
5203750000, -6.782291e+001,
5205000000, -6.786872e+001,
5206250000, -6.772667e+001,
5207500000, -6.759677e+001,
5208750000, -6.782958e+001,
5210000000, -6.757465e+001,
5211250000, -6.746989e+001,
5212500000, -6.778866e+001,
5213750000, -6.773573e+001,
5215000000, -6.766260e+001,
5216250000, -6.803839e+001,
5217500000, -6.805074e+001,
5218750000, -6.815614e+001,
5220000000, -6.805337e+001,
5221250000, -6.816275e+001,
5222500000, -6.776255e+001,
5223750000, -6.786126e+001,
5225000000, -6.812106e+001,
5226250000, -6.853130e+001,
5227500000, -6.836305e+001,
5228750000, -6.811558e+001,
5230000000, -6.843040e+001,
5231250000, -6.827586e+001,
5232500000, -6.880308e+001,
5233750000, -6.862567e+001,
5235000000, -6.824759e+001,
5236250000, -6.826057e+001,
5237500000, -6.857997e+001,
5238750000, -6.817632e+001,
5240000000, -6.857693e+001,
5241250000, -6.835860e+001,
5242500000, -6.843226e+001,
5243750000, -6.845326e+001,
5245000000, -6.817045e+001,
5246250000, -6.838383e+001,
5247500000, -6.858854e+001,
5248750000, -6.862374e+001,
5250000000, -6.870688e+001,
5251250000, -6.854534e+001,
5252500000, -6.884486e+001,
5253750000, -6.921451e+001,
5255000000, -6.855904e+001,
5256250000, -6.843949e+001,
5257500000, -6.876823e+001,
5258750000, -6.843987e+001,
5260000000, -6.857436e+001,
5261250000, -6.823357e+001,
5262500000, -6.857429e+001,
5263750000, -6.845625e+001,
5265000000, -6.858849e+001,
5266250000, -6.814132e+001,
5267500000, -6.798633e+001,
5268750000, -6.793272e+001,
5270000000, -6.765664e+001,
5271250000, -6.768567e+001,
5272500000, -6.762697e+001,
5273750000, -6.740971e+001,
5275000000, -6.723601e+001,
5276250000, -6.713181e+001,
5277500000, -6.722811e+001,
5278750000, -6.692750e+001,
5280000000, -6.717796e+001,
5281250000, -6.710921e+001,
5282500000, -6.717582e+001,
5283750000, -6.703710e+001,
5285000000, -6.689512e+001,
5286250000, -6.722564e+001,
5287500000, -6.685202e+001,
5288750000, -6.699467e+001,
5290000000, -6.693005e+001,
5291250000, -6.668287e+001,
5292500000, -6.675810e+001,
5293750000, -6.692142e+001,
5295000000, -6.662607e+001,
5296250000, -6.649700e+001,
5297500000, -6.632598e+001,
5298750000, -6.630614e+001,
5300000000, -6.597060e+001,
5301250000, -6.604837e+001,
5302500000, -6.601726e+001,
5303750000, -6.574964e+001,
5305000000, -6.561221e+001,
5306250000, -6.576009e+001,
5307500000, -6.591375e+001,
5308750000, -6.567920e+001,
5310000000, -6.560475e+001,
5311250000, -6.580652e+001,
5312500000, -6.593633e+001,
5313750000, -6.607046e+001,
5315000000, -6.592942e+001,
5316250000, -6.594068e+001,
5317500000, -6.569503e+001,
5318750000, -6.583851e+001,
5320000000, -6.608707e+001,
5321250000, -6.583712e+001,
5322500000, -6.611256e+001,
5323750000, -6.607392e+001,
5325000000, -6.628577e+001,
5326250000, -6.633788e+001,
5327500000, -6.607601e+001,
5328750000, -6.599789e+001,
5330000000, -6.648760e+001,
5331250000, -6.616644e+001,
5332500000, -6.620255e+001,
5333750000, -6.658578e+001,
5335000000, -6.655891e+001,
5336250000, -6.632837e+001,
5337500000, -6.634808e+001,
5338750000, -6.653094e+001,
5340000000, -6.661343e+001,
5341250000, -6.711630e+001,
5342500000, -6.748753e+001,
5343750000, -6.715192e+001,
5345000000, -6.736167e+001,
5346250000, -6.769506e+001,
5347500000, -6.720869e+001,
5348750000, -6.712908e+001,
5350000000, -6.731833e+001,
5351250000, -6.688085e+001,
5352500000, -6.638991e+001,
5353750000, -6.703750e+001,
5355000000, -6.715882e+001,
5356250000, -6.710413e+001,
5357500000, -6.669454e+001,
5358750000, -6.690913e+001,
5360000000, -6.703572e+001,
5361250000, -6.731637e+001,
5362500000, -6.718258e+001,
5363750000, -6.714571e+001,
5365000000, -6.714420e+001,
5366250000, -6.731824e+001,
5367500000, -6.746333e+001,
5368750000, -6.707768e+001,
5370000000, -6.682132e+001,
5371250000, -6.712061e+001,
5372500000, -6.680559e+001,
5373750000, -6.676174e+001,
5375000000, -6.658945e+001,
5376250000, -6.658981e+001,
5377500000, -6.664881e+001,
5378750000, -6.692017e+001,
5380000000, -6.624804e+001,
5381250000, -6.642787e+001,
5382500000, -6.650059e+001,
5383750000, -6.635033e+001,
5385000000, -6.649093e+001,
5386250000, -6.648238e+001,
5387500000, -6.636458e+001,
5388750000, -6.626728e+001,
5390000000, -6.623504e+001,
5391250000, -6.659142e+001,
5392500000, -6.665255e+001,
5393750000, -6.651861e+001,
5395000000, -6.662619e+001,
5396250000, -6.681205e+001,
5397500000, -6.708366e+001,
5398750000, -6.694082e+001,
5400000000, -6.708456e+001,
5401250000, -6.750489e+001,
5402500000, -6.746216e+001,
5403750000, -6.704089e+001,
5405000000, -6.722607e+001,
5406250000, -6.748168e+001,
5407500000, -6.733402e+001,
5408750000, -6.741639e+001,
5410000000, -6.721645e+001,
5411250000, -6.750376e+001,
5412500000, -6.757145e+001,
5413750000, -6.796568e+001,
5415000000, -6.778516e+001,
5416250000, -6.811301e+001,
5417500000, -6.789410e+001,
5418750000, -6.816203e+001,
5420000000, -6.824762e+001,
5421250000, -6.856448e+001,
5422500000, -6.817759e+001,
5423750000, -6.896869e+001,
5425000000, -6.840432e+001,
5426250000, -6.874809e+001,
5427500000, -6.862501e+001,
5428750000, -6.905907e+001,
5430000000, -6.887891e+001,
5431250000, -6.945441e+001,
5432500000, -6.961801e+001,
5433750000, -6.988986e+001,
5435000000, -6.977274e+001,
5436250000, -7.015618e+001,
5437500000, -7.035986e+001,
5438750000, -7.020693e+001,
5440000000, -7.051607e+001,
5441250000, -7.078290e+001,
5442500000, -7.114026e+001,
5443750000, -7.152678e+001,
5445000000, -7.093867e+001,
5446250000, -7.127670e+001,
5447500000, -7.104572e+001,
5448750000, -7.101867e+001,
5450000000, -7.118121e+001,
5451250000, -7.121394e+001,
5452500000, -7.139041e+001,
5453750000, -7.139773e+001,
5455000000, -7.118101e+001,
5456250000, -7.140471e+001,
5457500000, -7.153004e+001,
5458750000, -7.142342e+001,
5460000000, -7.184853e+001,
5461250000, -7.145199e+001,
5462500000, -7.141647e+001,
5463750000, -7.187821e+001,
5465000000, -7.227892e+001,
5466250000, -7.215900e+001,
5467500000, -7.253590e+001,
5468750000, -7.261775e+001,
5470000000, -7.283369e+001,
5471250000, -7.247824e+001,
5472500000, -7.278217e+001,
5473750000, -7.266985e+001,
5475000000, -7.311118e+001,
5476250000, -7.321085e+001,
5477500000, -7.329664e+001,
5478750000, -7.328246e+001,
5480000000, -7.383813e+001,
5481250000, -7.368930e+001,
5482500000, -7.398540e+001,
5483750000, -7.494209e+001,
5485000000, -7.356192e+001,
5486250000, -7.522665e+001,
5487500000, -7.465963e+001,
5488750000, -7.521883e+001,
5490000000, -7.573978e+001,
5491250000, -7.699616e+001,
5492500000, -7.800328e+001,
5493750000, -7.690676e+001,
5495000000, -7.949973e+001,
5496250000, -7.965545e+001,
5497500000, -7.930891e+001,
5498750000, -7.914082e+001,
5500000000, -7.966463e+001,
