"S21 Log Mag"
"Frequency (Hz)","dB",
3500000000, -5.912691e+001,
3501250000, -5.921890e+001,
3502500000, -5.902027e+001,
3503750000, -5.906243e+001,
3505000000, -5.912557e+001,
3506250000, -5.905408e+001,
3507500000, -5.908108e+001,
3508750000, -5.894212e+001,
3510000000, -5.876237e+001,
3511250000, -5.905804e+001,
3512500000, -5.890051e+001,
3513750000, -5.881524e+001,
3515000000, -5.880581e+001,
3516250000, -5.890983e+001,
3517500000, -5.897488e+001,
3518750000, -5.869548e+001,
3520000000, -5.873894e+001,
3521250000, -5.866514e+001,
3522500000, -5.869926e+001,
3523750000, -5.871704e+001,
3525000000, -5.850615e+001,
3526250000, -5.829957e+001,
3527500000, -5.857651e+001,
3528750000, -5.841752e+001,
3530000000, -5.834258e+001,
3531250000, -5.848719e+001,
3532500000, -5.855111e+001,
3533750000, -5.853234e+001,
3535000000, -5.845789e+001,
3536250000, -5.858524e+001,
3537500000, -5.852633e+001,
3538750000, -5.869214e+001,
3540000000, -5.844261e+001,
3541250000, -5.845672e+001,
3542500000, -5.869043e+001,
3543750000, -5.858460e+001,
3545000000, -5.857916e+001,
3546250000, -5.861444e+001,
3547500000, -5.867086e+001,
3548750000, -5.868450e+001,
3550000000, -5.859103e+001,
3551250000, -5.868670e+001,
3552500000, -5.862756e+001,
3553750000, -5.852005e+001,
3555000000, -5.846627e+001,
3556250000, -5.845863e+001,
3557500000, -5.867871e+001,
3558750000, -5.871932e+001,
3560000000, -5.871102e+001,
3561250000, -5.888332e+001,
3562500000, -5.872879e+001,
3563750000, -5.877369e+001,
3565000000, -5.888866e+001,
3566250000, -5.874044e+001,
3567500000, -5.895524e+001,
3568750000, -5.892640e+001,
3570000000, -5.903117e+001,
3571250000, -5.868923e+001,
3572500000, -5.869769e+001,
3573750000, -5.894503e+001,
3575000000, -5.910005e+001,
3576250000, -5.901244e+001,
3577500000, -5.907241e+001,
3578750000, -5.919328e+001,
3580000000, -5.893993e+001,
3581250000, -5.920474e+001,
3582500000, -5.885315e+001,
3583750000, -5.908555e+001,
3585000000, -5.927106e+001,
3586250000, -5.919407e+001,
3587500000, -5.937827e+001,
3588750000, -5.911945e+001,
3590000000, -5.928656e+001,
3591250000, -5.931538e+001,
3592500000, -5.937294e+001,
3593750000, -5.931508e+001,
3595000000, -5.923754e+001,
3596250000, -5.947706e+001,
3597500000, -5.958510e+001,
3598750000, -5.952422e+001,
3600000000, -5.962065e+001,
3601250000, -5.942764e+001,
3602500000, -5.979295e+001,
3603750000, -5.951086e+001,
3605000000, -5.955870e+001,
3606250000, -5.976818e+001,
3607500000, -5.978013e+001,
3608750000, -5.994711e+001,
3610000000, -5.972969e+001,
3611250000, -5.988326e+001,
3612500000, -5.997110e+001,
3613750000, -6.003692e+001,
3615000000, -5.985309e+001,
3616250000, -5.989252e+001,
3617500000, -6.003500e+001,
3618750000, -5.992552e+001,
3620000000, -5.991328e+001,
3621250000, -6.001347e+001,
3622500000, -6.010003e+001,
3623750000, -6.003116e+001,
3625000000, -6.004554e+001,
3626250000, -5.993826e+001,
3627500000, -5.999675e+001,
3628750000, -6.001807e+001,
3630000000, -6.002318e+001,
3631250000, -5.991548e+001,
3632500000, -6.001777e+001,
3633750000, -6.007278e+001,
3635000000, -6.019651e+001,
3636250000, -6.027621e+001,
3637500000, -6.016065e+001,
3638750000, -6.032568e+001,
3640000000, -6.017952e+001,
3641250000, -6.031415e+001,
3642500000, -6.040033e+001,
3643750000, -6.028032e+001,
3645000000, -6.017958e+001,
3646250000, -6.038491e+001,
3647500000, -6.033199e+001,
3648750000, -6.035305e+001,
3650000000, -6.038723e+001,
3651250000, -6.044834e+001,
3652500000, -6.013726e+001,
3653750000, -6.034372e+001,
3655000000, -6.052614e+001,
3656250000, -6.032830e+001,
3657500000, -6.019704e+001,
3658750000, -6.035102e+001,
3660000000, -6.037374e+001,
3661250000, -6.052361e+001,
3662500000, -6.046547e+001,
3663750000, -6.040342e+001,
3665000000, -6.034010e+001,
3666250000, -6.061683e+001,
3667500000, -6.037931e+001,
3668750000, -6.035238e+001,
3670000000, -6.043198e+001,
3671250000, -6.032987e+001,
3672500000, -6.049503e+001,
3673750000, -6.059040e+001,
3675000000, -6.063866e+001,
3676250000, -6.029288e+001,
3677500000, -6.062246e+001,
3678750000, -6.073856e+001,
3680000000, -6.063848e+001,
3681250000, -6.063393e+001,
3682500000, -6.081480e+001,
3683750000, -6.032703e+001,
3685000000, -6.067802e+001,
3686250000, -6.060981e+001,
3687500000, -6.058844e+001,
3688750000, -6.092162e+001,
3690000000, -6.118241e+001,
3691250000, -6.078690e+001,
3692500000, -6.091360e+001,
3693750000, -6.091877e+001,
3695000000, -6.095140e+001,
3696250000, -6.093501e+001,
3697500000, -6.113637e+001,
3698750000, -6.099714e+001,
3700000000, -6.105426e+001,
3701250000, -6.099905e+001,
3702500000, -6.111133e+001,
3703750000, -6.101554e+001,
3705000000, -6.106275e+001,
3706250000, -6.105627e+001,
3707500000, -6.135626e+001,
3708750000, -6.142339e+001,
3710000000, -6.144658e+001,
3711250000, -6.151036e+001,
3712500000, -6.117493e+001,
3713750000, -6.171350e+001,
3715000000, -6.161985e+001,
3716250000, -6.168661e+001,
3717500000, -6.215435e+001,
3718750000, -6.191722e+001,
3720000000, -6.203740e+001,
3721250000, -6.222018e+001,
3722500000, -6.232264e+001,
3723750000, -6.211095e+001,
3725000000, -6.211996e+001,
3726250000, -6.244017e+001,
3727500000, -6.219341e+001,
3728750000, -6.212760e+001,
3730000000, -6.222164e+001,
3731250000, -6.208996e+001,
3732500000, -6.243288e+001,
3733750000, -6.208746e+001,
3735000000, -6.226232e+001,
3736250000, -6.266016e+001,
3737500000, -6.242400e+001,
3738750000, -6.224632e+001,
3740000000, -6.239657e+001,
3741250000, -6.208390e+001,
3742500000, -6.244609e+001,
3743750000, -6.243080e+001,
3745000000, -6.236092e+001,
3746250000, -6.246741e+001,
3747500000, -6.263007e+001,
3748750000, -6.257523e+001,
3750000000, -6.244253e+001,
3751250000, -6.229319e+001,
3752500000, -6.228146e+001,
3753750000, -6.252574e+001,
3755000000, -6.220136e+001,
3756250000, -6.228585e+001,
3757500000, -6.201951e+001,
3758750000, -6.234645e+001,
3760000000, -6.202682e+001,
3761250000, -6.195812e+001,
3762500000, -6.198120e+001,
3763750000, -6.205728e+001,
3765000000, -6.194656e+001,
3766250000, -6.179247e+001,
3767500000, -6.199894e+001,
3768750000, -6.160361e+001,
3770000000, -6.199559e+001,
3771250000, -6.164264e+001,
3772500000, -6.176535e+001,
3773750000, -6.209702e+001,
3775000000, -6.185696e+001,
3776250000, -6.169316e+001,
3777500000, -6.194465e+001,
3778750000, -6.134683e+001,
3780000000, -6.174311e+001,
3781250000, -6.176322e+001,
3782500000, -6.157869e+001,
3783750000, -6.172260e+001,
3785000000, -6.187816e+001,
3786250000, -6.140750e+001,
3787500000, -6.167453e+001,
3788750000, -6.183072e+001,
3790000000, -6.174205e+001,
3791250000, -6.170555e+001,
3792500000, -6.190189e+001,
3793750000, -6.178797e+001,
3795000000, -6.201291e+001,
3796250000, -6.190582e+001,
3797500000, -6.163964e+001,
3798750000, -6.212535e+001,
3800000000, -6.181818e+001,
3801250000, -6.166500e+001,
3802500000, -6.221611e+001,
3803750000, -6.163240e+001,
3805000000, -6.221014e+001,
3806250000, -6.217465e+001,
3807500000, -6.174434e+001,
3808750000, -6.246099e+001,
3810000000, -6.170482e+001,
3811250000, -6.223963e+001,
3812500000, -6.216408e+001,
3813750000, -6.206647e+001,
3815000000, -6.242678e+001,
3816250000, -6.215355e+001,
3817500000, -6.242518e+001,
3818750000, -6.244694e+001,
3820000000, -6.268730e+001,
3821250000, -6.250853e+001,
3822500000, -6.291273e+001,
3823750000, -6.256586e+001,
3825000000, -6.349673e+001,
3826250000, -6.275760e+001,
3827500000, -6.355977e+001,
3828750000, -6.292012e+001,
3830000000, -6.357248e+001,
3831250000, -6.321670e+001,
3832500000, -6.350710e+001,
3833750000, -6.346315e+001,
3835000000, -6.384048e+001,
3836250000, -6.370938e+001,
3837500000, -6.368452e+001,
3838750000, -6.449235e+001,
3840000000, -6.359584e+001,
3841250000, -6.454911e+001,
3842500000, -6.399040e+001,
3843750000, -6.411861e+001,
3845000000, -6.405228e+001,
3846250000, -6.395935e+001,
3847500000, -6.422180e+001,
3848750000, -6.451915e+001,
3850000000, -6.411201e+001,
3851250000, -6.406930e+001,
3852500000, -6.454362e+001,
3853750000, -6.405880e+001,
3855000000, -6.465978e+001,
3856250000, -6.392635e+001,
3857500000, -6.463245e+001,
3858750000, -6.470688e+001,
3860000000, -6.442976e+001,
3861250000, -6.455968e+001,
3862500000, -6.464943e+001,
3863750000, -6.434219e+001,
3865000000, -6.466441e+001,
3866250000, -6.507838e+001,
3867500000, -6.426057e+001,
3868750000, -6.510701e+001,
3870000000, -6.482119e+001,
3871250000, -6.455948e+001,
3872500000, -6.541193e+001,
3873750000, -6.452812e+001,
3875000000, -6.425922e+001,
3876250000, -6.471436e+001,
3877500000, -6.444414e+001,
3878750000, -6.480580e+001,
3880000000, -6.439278e+001,
3881250000, -6.460303e+001,
3882500000, -6.429025e+001,
3883750000, -6.411819e+001,
3885000000, -6.379124e+001,
3886250000, -6.459365e+001,
3887500000, -6.420502e+001,
3888750000, -6.472398e+001,
3890000000, -6.532957e+001,
3891250000, -6.457460e+001,
3892500000, -6.452402e+001,
3893750000, -6.484245e+001,
3895000000, -6.465369e+001,
3896250000, -6.418428e+001,
3897500000, -6.510300e+001,
3898750000, -6.445669e+001,
3900000000, -6.420187e+001,
3901250000, -6.531534e+001,
3902500000, -6.427711e+001,
3903750000, -6.487377e+001,
3905000000, -6.535418e+001,
3906250000, -6.442578e+001,
3907500000, -6.540688e+001,
3908750000, -6.472662e+001,
3910000000, -6.545134e+001,
3911250000, -6.485847e+001,
3912500000, -6.487833e+001,
3913750000, -6.457375e+001,
3915000000, -6.534068e+001,
3916250000, -6.440937e+001,
3917500000, -6.480415e+001,
3918750000, -6.501249e+001,
3920000000, -6.472908e+001,
3921250000, -6.463997e+001,
3922500000, -6.542222e+001,
3923750000, -6.485022e+001,
3925000000, -6.497357e+001,
3926250000, -6.556233e+001,
3927500000, -6.565153e+001,
3928750000, -6.437357e+001,
3930000000, -6.603328e+001,
3931250000, -6.518170e+001,
3932500000, -6.457953e+001,
3933750000, -6.545337e+001,
3935000000, -6.632787e+001,
3936250000, -6.409649e+001,
3937500000, -6.562372e+001,
3938750000, -6.622429e+001,
3940000000, -6.506020e+001,
3941250000, -6.608765e+001,
3942500000, -6.559981e+001,
3943750000, -6.598787e+001,
3945000000, -6.559156e+001,
3946250000, -6.644235e+001,
3947500000, -6.575424e+001,
3948750000, -6.689472e+001,
3950000000, -6.452576e+001,
3951250000, -6.548762e+001,
3952500000, -6.612399e+001,
3953750000, -6.494095e+001,
3955000000, -6.494689e+001,
3956250000, -6.608208e+001,
3957500000, -6.670023e+001,
3958750000, -6.443629e+001,
3960000000, -6.557732e+001,
3961250000, -6.911597e+001,
3962500000, -6.389403e+001,
3963750000, -6.580757e+001,
3965000000, -6.915486e+001,
3966250000, -6.499263e+001,
3967500000, -6.471371e+001,
3968750000, -6.777686e+001,
3970000000, -6.617630e+001,
3971250000, -6.513588e+001,
3972500000, -6.569772e+001,
3973750000, -6.788428e+001,
3975000000, -6.590420e+001,
3976250000, -6.542747e+001,
3977500000, -6.833798e+001,
3978750000, -6.636252e+001,
3980000000, -6.770174e+001,
3981250000, -6.642040e+001,
3982500000, -6.565268e+001,
3983750000, -7.255580e+001,
3985000000, -6.472475e+001,
3986250000, -6.569984e+001,
3987500000, -6.793948e+001,
3988750000, -6.671483e+001,
3990000000, -6.486857e+001,
3991250000, -6.623365e+001,
3992500000, -6.911928e+001,
3993750000, -6.554135e+001,
3995000000, -6.488313e+001,
3996250000, -6.804650e+001,
3997500000, -6.887912e+001,
3998750000, -6.493899e+001,
4000000000, -6.798898e+001,
4001250000, -7.013109e+001,
4002500000, -6.518108e+001,
4003750000, -6.745605e+001,
4005000000, -6.777260e+001,
4006250000, -6.820944e+001,
4007500000, -6.540237e+001,
4008750000, -6.556404e+001,
4010000000, -7.019784e+001,
4011250000, -6.540302e+001,
4012500000, -6.468186e+001,
4013750000, -7.010796e+001,
4015000000, -6.641190e+001,
4016250000, -6.927322e+001,
4017500000, -6.637270e+001,
4018750000, -6.686741e+001,
4020000000, -6.954417e+001,
4021250000, -7.069479e+001,
4022500000, -6.374098e+001,
4023750000, -6.684317e+001,
4025000000, -6.974928e+001,
4026250000, -6.431226e+001,
4027500000, -6.808434e+001,
4028750000, -6.907539e+001,
4030000000, -6.805303e+001,
4031250000, -6.527217e+001,
4032500000, -6.803136e+001,
4033750000, -6.990557e+001,
4035000000, -6.577637e+001,
4036250000, -6.679177e+001,
4037500000, -6.785882e+001,
4038750000, -7.611725e+001,
4040000000, -6.358023e+001,
4041250000, -6.696293e+001,
4042500000, -7.180706e+001,
4043750000, -6.770807e+001,
4045000000, -6.916901e+001,
4046250000, -6.534724e+001,
4047500000, -6.957869e+001,
4048750000, -6.931562e+001,
4050000000, -6.847945e+001,
4051250000, -6.637749e+001,
4052500000, -6.611759e+001,
4053750000, -6.956027e+001,
4055000000, -7.123506e+001,
4056250000, -6.495430e+001,
4057500000, -6.549491e+001,
4058750000, -7.792838e+001,
4060000000, -6.544726e+001,
4061250000, -6.227141e+001,
4062500000, -7.042325e+001,
4063750000, -6.327047e+001,
4065000000, -6.326267e+001,
4066250000, -7.432174e+001,
4067500000, -7.445449e+001,
4068750000, -6.514009e+001,
4070000000, -6.241864e+001,
4071250000, -7.017598e+001,
4072500000, -7.931163e+001,
4073750000, -6.224859e+001,
4075000000, -6.227808e+001,
4076250000, -6.812811e+001,
4077500000, -8.911502e+001,
4078750000, -6.349253e+001,
4080000000, -6.305338e+001,
4081250000, -8.225172e+001,
4082500000, -6.448318e+001,
4083750000, -6.533501e+001,
4085000000, -7.487482e+001,
4086250000, -6.505472e+001,
4087500000, -6.386843e+001,
4088750000, -7.053301e+001,
4090000000, -7.248931e+001,
4091250000, -6.564832e+001,
4092500000, -6.599019e+001,
4093750000, -7.171033e+001,
4095000000, -6.918635e+001,
4096250000, -6.608905e+001,
4097500000, -7.064925e+001,
4098750000, -7.312586e+001,
4100000000, -6.462434e+001,
4101250000, -6.673275e+001,
4102500000, -6.913020e+001,
4103750000, -6.775004e+001,
4105000000, -6.152374e+001,
4106250000, -6.054914e+001,
4107500000, -6.389762e+001,
4108750000, -6.332600e+001,
4110000000, -6.130844e+001,
4111250000, -6.259181e+001,
4112500000, -7.140500e+001,
4113750000, -7.611986e+001,
4115000000, -6.808424e+001,
4116250000, -6.624043e+001,
4117500000, -6.694360e+001,
4118750000, -6.987605e+001,
4120000000, -6.593819e+001,
4121250000, -7.410377e+001,
4122500000, -6.648034e+001,
4123750000, -6.099588e+001,
4125000000, -6.072528e+001,
4126250000, -6.630457e+001,
4127500000, -6.673531e+001,
4128750000, -6.337698e+001,
4130000000, -6.140430e+001,
4131250000, -6.540983e+001,
4132500000, -6.746480e+001,
4133750000, -6.649597e+001,
4135000000, -7.386636e+001,
4136250000, -6.220912e+001,
4137500000, -6.179468e+001,
4138750000, -6.372221e+001,
4140000000, -6.699715e+001,
4141250000, -6.076557e+001,
4142500000, -5.862260e+001,
4143750000, -5.853679e+001,
4145000000, -6.299748e+001,
4146250000, -6.448649e+001,
4147500000, -6.040919e+001,
4148750000, -6.195377e+001,
4150000000, -7.155551e+001,
4151250000, -6.848583e+001,
4152500000, -6.915385e+001,
4153750000, -6.564706e+001,
4155000000, -6.091283e+001,
4156250000, -5.871635e+001,
4157500000, -6.063701e+001,
4158750000, -6.495605e+001,
4160000000, -6.040162e+001,
4161250000, -5.826102e+001,
4162500000, -5.759527e+001,
4163750000, -6.013070e+001,
4165000000, -6.398439e+001,
4166250000, -6.030184e+001,
4167500000, -5.884665e+001,
4168750000, -6.561758e+001,
4170000000, -6.601955e+001,
4171250000, -6.249941e+001,
4172500000, -6.464228e+001,
4173750000, -6.046589e+001,
4175000000, -5.690850e+001,
4176250000, -5.705069e+001,
4177500000, -5.790956e+001,
4178750000, -5.820820e+001,
4180000000, -5.742951e+001,
4181250000, -5.792349e+001,
4182500000, -5.742889e+001,
4183750000, -5.873365e+001,
4185000000, -5.997575e+001,
4186250000, -5.710530e+001,
4187500000, -5.791813e+001,
4188750000, -6.468330e+001,
4190000000, -6.174302e+001,
4191250000, -5.753738e+001,
4192500000, -5.685466e+001,
4193750000, -5.450851e+001,
4195000000, -5.282641e+001,
4196250000, -5.265176e+001,
4197500000, -5.311807e+001,
4198750000, -5.368813e+001,
4200000000, -5.230060e+001,
4201250000, -5.213984e+001,
4202500000, -5.415356e+001,
4203750000, -5.866850e+001,
4205000000, -6.071265e+001,
4206250000, -6.133275e+001,
4207500000, -6.026830e+001,
4208750000, -6.118124e+001,
4210000000, -6.873682e+001,
4211250000, -5.797710e+001,
4212500000, -5.732320e+001,
4213750000, -5.606593e+001,
4215000000, -5.350558e+001,
4216250000, -5.164445e+001,
4217500000, -5.006773e+001,
4218750000, -5.109562e+001,
4220000000, -5.011983e+001,
4221250000, -4.768681e+001,
4222500000, -4.802328e+001,
4223750000, -4.998034e+001,
4225000000, -5.426715e+001,
4226250000, -6.268252e+001,
4227500000, -6.836189e+001,
4228750000, -5.367602e+001,
4230000000, -4.888914e+001,
4231250000, -4.819932e+001,
4232500000, -4.905076e+001,
4233750000, -4.957562e+001,
4235000000, -5.071887e+001,
4236250000, -5.198042e+001,
4237500000, -4.961719e+001,
4238750000, -5.039482e+001,
4240000000, -5.131138e+001,
4241250000, -5.070129e+001,
4242500000, -5.000023e+001,
4243750000, -4.899500e+001,
4245000000, -4.968549e+001,
4246250000, -5.179286e+001,
4247500000, -5.307682e+001,
4248750000, -5.556150e+001,
4250000000, -5.698491e+001,
4251250000, -5.280906e+001,
4252500000, -4.824234e+001,
4253750000, -4.708785e+001,
4255000000, -4.757190e+001,
4256250000, -4.649480e+001,
4257500000, -4.637450e+001,
4258750000, -4.895295e+001,
4260000000, -5.018219e+001,
4261250000, -4.969703e+001,
4262500000, -4.822997e+001,
4263750000, -4.666181e+001,
4265000000, -4.587350e+001,
4266250000, -4.625984e+001,
4267500000, -4.655318e+001,
4268750000, -4.700386e+001,
4270000000, -4.871054e+001,
4271250000, -5.135637e+001,
4272500000, -5.248721e+001,
4273750000, -6.136650e+001,
4275000000, -5.516830e+001,
4276250000, -5.123367e+001,
4277500000, -5.008996e+001,
4278750000, -4.707089e+001,
4280000000, -4.586944e+001,
4281250000, -4.659031e+001,
4282500000, -4.681782e+001,
4283750000, -4.605849e+001,
4285000000, -4.675724e+001,
4286250000, -4.957198e+001,
4287500000, -5.201231e+001,
4288750000, -5.164586e+001,
4290000000, -4.978170e+001,
4291250000, -4.881614e+001,
4292500000, -4.930567e+001,
4293750000, -5.078965e+001,
4295000000, -4.781100e+001,
4296250000, -4.524125e+001,
4297500000, -4.582647e+001,
4298750000, -4.554196e+001,
4300000000, -4.399616e+001,
4301250000, -4.222715e+001,
4302500000, -4.122200e+001,
4303750000, -4.234788e+001,
4305000000, -4.411948e+001,
4306250000, -4.322522e+001,
4307500000, -4.194568e+001,
4308750000, -4.261584e+001,
4310000000, -4.335503e+001,
4311250000, -4.376761e+001,
4312500000, -4.410948e+001,
4313750000, -4.428598e+001,
4315000000, -4.497241e+001,
4316250000, -4.678899e+001,
4317500000, -5.167684e+001,
4318750000, -5.523232e+001,
4320000000, -5.148567e+001,
4321250000, -4.874831e+001,
4322500000, -5.004735e+001,
4323750000, -5.124086e+001,
4325000000, -4.780373e+001,
4326250000, -4.774859e+001,
4327500000, -4.682484e+001,
4328750000, -4.557413e+001,
4330000000, -4.460976e+001,
4331250000, -4.409131e+001,
4332500000, -4.344728e+001,
4333750000, -4.355639e+001,
4335000000, -4.365002e+001,
4336250000, -4.427731e+001,
4337500000, -4.242817e+001,
4338750000, -4.124688e+001,
4340000000, -4.267548e+001,
4341250000, -4.468605e+001,
4342500000, -4.638263e+001,
4343750000, -4.720970e+001,
4345000000, -4.866551e+001,
4346250000, -4.760505e+001,
4347500000, -4.157148e+001,
4348750000, -3.776767e+001,
4350000000, -3.699370e+001,
4351250000, -3.701159e+001,
4352500000, -3.684200e+001,
4353750000, -3.717668e+001,
4355000000, -3.801202e+001,
4356250000, -3.897213e+001,
4357500000, -3.878630e+001,
4358750000, -3.840857e+001,
4360000000, -3.898074e+001,
4361250000, -3.924391e+001,
4362500000, -3.913906e+001,
4363750000, -4.032924e+001,
4365000000, -4.379457e+001,
4366250000, -4.927253e+001,
4367500000, -4.810333e+001,
4368750000, -4.224622e+001,
4370000000, -3.892604e+001,
4371250000, -3.826418e+001,
4372500000, -3.953398e+001,
4373750000, -4.128808e+001,
4375000000, -4.307553e+001,
4376250000, -4.282118e+001,
4377500000, -3.985207e+001,
4378750000, -4.022217e+001,
4380000000, -4.346142e+001,
4381250000, -4.590299e+001,
4382500000, -4.171280e+001,
4383750000, -3.958226e+001,
4385000000, -3.910415e+001,
4386250000, -3.882511e+001,
4387500000, -3.929062e+001,
4388750000, -4.061368e+001,
4390000000, -4.211732e+001,
4391250000, -4.219979e+001,
4392500000, -4.301351e+001,
4393750000, -4.247065e+001,
4395000000, -3.831896e+001,
4396250000, -3.506371e+001,
4397500000, -3.331168e+001,
4398750000, -3.272618e+001,
4400000000, -3.342408e+001,
4401250000, -3.487975e+001,
4402500000, -3.411410e+001,
4403750000, -3.191517e+001,
4405000000, -3.121655e+001,
4406250000, -3.207817e+001,
4407500000, -3.309711e+001,
4408750000, -3.434441e+001,
4410000000, -3.514209e+001,
4411250000, -3.581527e+001,
4412500000, -3.575577e+001,
4413750000, -3.539574e+001,
4415000000, -3.609114e+001,
4416250000, -3.752822e+001,
4417500000, -3.882991e+001,
4418750000, -3.946959e+001,
4420000000, -4.238495e+001,
4421250000, -4.932983e+001,
4422500000, -4.701844e+001,
4423750000, -4.451113e+001,
4425000000, -4.691282e+001,
4426250000, -4.321879e+001,
4427500000, -3.856970e+001,
4428750000, -3.721894e+001,
4430000000, -3.775488e+001,
4431250000, -3.674648e+001,
4432500000, -3.543761e+001,
4433750000, -3.445978e+001,
4435000000, -3.402135e+001,
4436250000, -3.458714e+001,
4437500000, -3.477613e+001,
4438750000, -3.412855e+001,
4440000000, -3.425011e+001,
4441250000, -3.588540e+001,
4442500000, -3.849480e+001,
4443750000, -4.031379e+001,
4445000000, -3.859786e+001,
4446250000, -4.058488e+001,
4447500000, -4.428902e+001,
4448750000, -3.711712e+001,
4450000000, -3.424273e+001,
4451250000, -3.388689e+001,
4452500000, -3.454978e+001,
4453750000, -3.559673e+001,
4455000000, -3.963276e+001,
4456250000, -3.852793e+001,
4457500000, -3.217158e+001,
4458750000, -2.918395e+001,
4460000000, -2.669785e+001,
4461250000, -2.589014e+001,
4462500000, -2.654622e+001,
4463750000, -2.721678e+001,
4465000000, -2.723584e+001,
4466250000, -2.756477e+001,
4467500000, -2.845611e+001,
4468750000, -2.937744e+001,
4470000000, -2.949365e+001,
4471250000, -2.890173e+001,
4472500000, -2.827156e+001,
4473750000, -2.841907e+001,
4475000000, -2.924797e+001,
4476250000, -3.059509e+001,
4477500000, -3.245189e+001,
4478750000, -3.395538e+001,
4480000000, -3.543648e+001,
4481250000, -3.514907e+001,
4482500000, -3.403325e+001,
4483750000, -3.442496e+001,
4485000000, -3.565823e+001,
4486250000, -3.329653e+001,
4487500000, -3.048803e+001,
4488750000, -2.887301e+001,
4490000000, -2.840511e+001,
4491250000, -2.822833e+001,
4492500000, -2.857564e+001,
4493750000, -2.829613e+001,
4495000000, -2.901483e+001,
4496250000, -2.918892e+001,
4497500000, -2.931915e+001,
4498750000, -3.063061e+001,
4500000000, -3.124134e+001,
4501250000, -3.234381e+001,
4502500000, -3.125412e+001,
4503750000, -3.037922e+001,
4505000000, -3.097444e+001,
4506250000, -3.055281e+001,
4507500000, -2.943912e+001,
4508750000, -2.789878e+001,
4510000000, -2.679764e+001,
4511250000, -2.581936e+001,
4512500000, -2.528586e+001,
4513750000, -2.538192e+001,
4515000000, -2.690936e+001,
4516250000, -3.030255e+001,
4517500000, -3.173317e+001,
4518750000, -3.225200e+001,
4520000000, -3.440822e+001,
4521250000, -3.621195e+001,
4522500000, -3.587181e+001,
4523750000, -3.394499e+001,
4525000000, -2.971225e+001,
4526250000, -2.726254e+001,
4527500000, -2.625242e+001,
4528750000, -2.701762e+001,
4530000000, -2.853731e+001,
4531250000, -2.839461e+001,
4532500000, -2.740418e+001,
4533750000, -2.622379e+001,
4535000000, -2.510124e+001,
4536250000, -2.392618e+001,
4537500000, -2.274394e+001,
4538750000, -2.249398e+001,
4540000000, -2.326657e+001,
4541250000, -2.160150e+001,
4542500000, -1.861827e+001,
4543750000, -1.661648e+001,
4545000000, -1.591034e+001,
4546250000, -1.600542e+001,
4547500000, -1.566909e+001,
4548750000, -1.492723e+001,
4550000000, -1.491111e+001,
4551250000, -1.492467e+001,
4552500000, -1.465011e+001,
4553750000, -1.417739e+001,
4555000000, -1.406061e+001,
4556250000, -1.387190e+001,
4557500000, -1.387138e+001,
4558750000, -1.385694e+001,
4560000000, -1.377958e+001,
4561250000, -1.362258e+001,
4562500000, -1.327223e+001,
4563750000, -1.347411e+001,
4565000000, -1.329896e+001,
4566250000, -1.312604e+001,
4567500000, -1.289659e+001,
4568750000, -1.287421e+001,
4570000000, -1.233477e+001,
4571250000, -1.249402e+001,
4572500000, -1.244367e+001,
4573750000, -1.219776e+001,
4575000000, -1.221745e+001,
4576250000, -1.298983e+001,
4577500000, -1.289965e+001,
4578750000, -1.262726e+001,
4580000000, -1.214239e+001,
4581250000, -1.207428e+001,
4582500000, -1.190271e+001,
4583750000, -1.126831e+001,
4585000000, -1.095316e+001,
4586250000, -1.106244e+001,
4587500000, -1.100622e+001,
4588750000, -1.048692e+001,
4590000000, -1.010558e+001,
4591250000, -1.031089e+001,
4592500000, -1.030581e+001,
4593750000, -9.894618e+000,
4595000000, -9.619658e+000,
4596250000, -9.638704e+000,
4597500000, -9.512706e+000,
4598750000, -9.367842e+000,
4600000000, -9.311993e+000,
4601250000, -9.329253e+000,
4602500000, -9.327189e+000,
4603750000, -9.392495e+000,
4605000000, -9.507772e+000,
4606250000, -9.452213e+000,
4607500000, -9.484756e+000,
4608750000, -9.774516e+000,
4610000000, -9.892059e+000,
4611250000, -9.754195e+000,
4612500000, -9.823589e+000,
4613750000, -1.002296e+001,
4615000000, -1.016281e+001,
4616250000, -1.016867e+001,
4617500000, -1.000574e+001,
4618750000, -9.878200e+000,
4620000000, -1.005221e+001,
4621250000, -1.027551e+001,
4622500000, -1.007517e+001,
4623750000, -9.690785e+000,
4625000000, -9.565733e+000,
4626250000, -9.611455e+000,
4627500000, -9.518364e+000,
4628750000, -9.365499e+000,
4630000000, -9.288136e+000,
4631250000, -9.239750e+000,
4632500000, -9.145509e+000,
4633750000, -9.053066e+000,
4635000000, -8.986714e+000,
4636250000, -8.937025e+000,
4637500000, -8.911312e+000,
4638750000, -8.822759e+000,
4640000000, -8.799550e+000,
4641250000, -8.988483e+000,
4642500000, -9.156107e+000,
4643750000, -9.131654e+000,
4645000000, -9.085822e+000,
4646250000, -9.255427e+000,
4647500000, -9.569813e+000,
4648750000, -9.865824e+000,
4650000000, -9.945162e+000,
4651250000, -9.895554e+000,
4652500000, -1.001925e+001,
4653750000, -1.019331e+001,
4655000000, -1.008912e+001,
4656250000, -9.898745e+000,
4657500000, -9.811446e+000,
4658750000, -9.758550e+000,
4660000000, -9.695090e+000,
4661250000, -9.649754e+000,
4662500000, -9.626717e+000,
4663750000, -9.686079e+000,
4665000000, -9.835777e+000,
4666250000, -9.936633e+000,
4667500000, -1.007924e+001,
4668750000, -1.040346e+001,
4670000000, -1.058596e+001,
4671250000, -1.055864e+001,
4672500000, -1.072272e+001,
4673750000, -1.104314e+001,
4675000000, -1.117982e+001,
4676250000, -1.124531e+001,
4677500000, -1.139153e+001,
4678750000, -1.167222e+001,
4680000000, -1.186988e+001,
4681250000, -1.179978e+001,
4682500000, -1.181488e+001,
4683750000, -1.197082e+001,
4685000000, -1.198141e+001,
4686250000, -1.191883e+001,
4687500000, -1.182727e+001,
4688750000, -1.170401e+001,
4690000000, -1.171406e+001,
4691250000, -1.175454e+001,
4692500000, -1.173554e+001,
4693750000, -1.184319e+001,
4695000000, -1.204632e+001,
4696250000, -1.206135e+001,
4697500000, -1.214336e+001,
4698750000, -1.246519e+001,
4700000000, -1.264956e+001,
4701250000, -1.275700e+001,
4702500000, -1.304030e+001,
4703750000, -1.336414e+001,
4705000000, -1.349968e+001,
4706250000, -1.347235e+001,
4707500000, -1.354466e+001,
4708750000, -1.367878e+001,
4710000000, -1.368247e+001,
4711250000, -1.360895e+001,
4712500000, -1.364170e+001,
4713750000, -1.370568e+001,
4715000000, -1.375886e+001,
4716250000, -1.372921e+001,
4717500000, -1.368633e+001,
4718750000, -1.373336e+001,
4720000000, -1.378537e+001,
4721250000, -1.377206e+001,
4722500000, -1.390946e+001,
4723750000, -1.409721e+001,
4725000000, -1.415888e+001,
4726250000, -1.427784e+001,
4727500000, -1.451682e+001,
4728750000, -1.451383e+001,
4730000000, -1.447289e+001,
4731250000, -1.469767e+001,
4732500000, -1.483449e+001,
4733750000, -1.476798e+001,
4735000000, -1.484894e+001,
4736250000, -1.498867e+001,
4737500000, -1.497994e+001,
4738750000, -1.486289e+001,
4740000000, -1.481816e+001,
4741250000, -1.480589e+001,
4742500000, -1.476091e+001,
4743750000, -1.475350e+001,
4745000000, -1.485424e+001,
4746250000, -1.493647e+001,
4747500000, -1.499642e+001,
4748750000, -1.517971e+001,
4750000000, -1.532294e+001,
4751250000, -1.538067e+001,
4752500000, -1.558696e+001,
4753750000, -1.583653e+001,
4755000000, -1.585849e+001,
4756250000, -1.591432e+001,
4757500000, -1.602785e+001,
4758750000, -1.598147e+001,
4760000000, -1.588653e+001,
4761250000, -1.590794e+001,
4762500000, -1.594746e+001,
4763750000, -1.602501e+001,
4765000000, -1.611509e+001,
4766250000, -1.619171e+001,
4767500000, -1.632276e+001,
4768750000, -1.640818e+001,
4770000000, -1.638533e+001,
4771250000, -1.642825e+001,
4772500000, -1.652334e+001,
4773750000, -1.659624e+001,
4775000000, -1.665081e+001,
4776250000, -1.672082e+001,
4777500000, -1.689622e+001,
4778750000, -1.700702e+001,
4780000000, -1.697871e+001,
4781250000, -1.705939e+001,
4782500000, -1.711770e+001,
4783750000, -1.718176e+001,
4785000000, -1.722956e+001,
4786250000, -1.727406e+001,
4787500000, -1.736971e+001,
4788750000, -1.730196e+001,
4790000000, -1.716876e+001,
4791250000, -1.714791e+001,
4792500000, -1.721483e+001,
4793750000, -1.727831e+001,
4795000000, -1.737891e+001,
4796250000, -1.756006e+001,
4797500000, -1.765704e+001,
4798750000, -1.760051e+001,
4800000000, -1.741544e+001,
4801250000, -1.774035e+001,
4802500000, -1.768829e+001,
4803750000, -1.772840e+001,
4805000000, -1.781349e+001,
4806250000, -1.781092e+001,
4807500000, -1.769658e+001,
4808750000, -1.750475e+001,
4810000000, -1.738915e+001,
4811250000, -1.727621e+001,
4812500000, -1.717801e+001,
4813750000, -1.720643e+001,
4815000000, -1.723575e+001,
4816250000, -1.716251e+001,
4817500000, -1.709020e+001,
4818750000, -1.709350e+001,
4820000000, -1.714318e+001,
4821250000, -1.715997e+001,
4822500000, -1.729418e+001,
4823750000, -1.749622e+001,
4825000000, -1.753477e+001,
4826250000, -1.755665e+001,
4827500000, -1.770076e+001,
4828750000, -1.775373e+001,
4830000000, -1.780242e+001,
4831250000, -1.786469e+001,
4832500000, -1.784997e+001,
4833750000, -1.771918e+001,
4835000000, -1.755831e+001,
4836250000, -1.745007e+001,
4837500000, -1.732073e+001,
4838750000, -1.727968e+001,
4840000000, -1.728276e+001,
4841250000, -1.730410e+001,
4842500000, -1.723015e+001,
4843750000, -1.724720e+001,
4845000000, -1.738832e+001,
4846250000, -1.739897e+001,
4847500000, -1.755634e+001,
4848750000, -1.759305e+001,
4850000000, -1.743580e+001,
4851250000, -1.741002e+001,
4852500000, -1.732769e+001,
4853750000, -1.724973e+001,
4855000000, -1.722573e+001,
4856250000, -1.721756e+001,
4857500000, -1.721995e+001,
4858750000, -1.713470e+001,
4860000000, -1.715508e+001,
4861250000, -1.728407e+001,
4862500000, -1.737000e+001,
4863750000, -1.755019e+001,
4865000000, -1.771385e+001,
4866250000, -1.770987e+001,
4867500000, -1.775066e+001,
4868750000, -1.771891e+001,
4870000000, -1.773711e+001,
4871250000, -1.788359e+001,
4872500000, -1.794918e+001,
4873750000, -1.801365e+001,
4875000000, -1.801710e+001,
4876250000, -1.803864e+001,
4877500000, -1.813315e+001,
4878750000, -1.821655e+001,
4880000000, -1.845519e+001,
4881250000, -1.866870e+001,
4882500000, -1.888803e+001,
4883750000, -1.921080e+001,
4885000000, -1.948609e+001,
4886250000, -1.978749e+001,
4887500000, -2.000666e+001,
4888750000, -2.020858e+001,
4890000000, -2.037667e+001,
4891250000, -2.066515e+001,
4892500000, -2.105920e+001,
4893750000, -2.151708e+001,
4895000000, -2.195735e+001,
4896250000, -2.228426e+001,
4897500000, -2.254405e+001,
4898750000, -2.281734e+001,
4900000000, -2.309503e+001,
4901250000, -2.350232e+001,
4902500000, -2.377599e+001,
4903750000, -2.402945e+001,
4905000000, -2.426561e+001,
4906250000, -2.465037e+001,
4907500000, -2.510287e+001,
4908750000, -2.553702e+001,
4910000000, -2.589267e+001,
4911250000, -2.602288e+001,
4912500000, -2.623102e+001,
4913750000, -2.643143e+001,
4915000000, -2.677520e+001,
4916250000, -2.704537e+001,
4917500000, -2.733573e+001,
4918750000, -2.770769e+001,
4920000000, -2.829903e+001,
4921250000, -2.910282e+001,
4922500000, -2.987636e+001,
4923750000, -3.044472e+001,
4925000000, -3.054353e+001,
4926250000, -3.032972e+001,
4927500000, -3.025616e+001,
4928750000, -3.033104e+001,
4930000000, -3.053636e+001,
4931250000, -3.043894e+001,
4932500000, -3.038211e+001,
4933750000, -3.054902e+001,
4935000000, -3.097804e+001,
4936250000, -3.145541e+001,
4937500000, -3.153160e+001,
4938750000, -3.124346e+001,
4940000000, -3.097993e+001,
4941250000, -3.097736e+001,
4942500000, -3.104511e+001,
4943750000, -3.083652e+001,
4945000000, -3.025435e+001,
4946250000, -2.968382e+001,
4947500000, -2.963901e+001,
4948750000, -3.003220e+001,
4950000000, -3.021733e+001,
4951250000, -3.015034e+001,
4952500000, -3.018437e+001,
4953750000, -3.076187e+001,
4955000000, -3.171973e+001,
4956250000, -3.235678e+001,
4957500000, -3.240775e+001,
4958750000, -3.191508e+001,
4960000000, -3.127412e+001,
4961250000, -3.085064e+001,
4962500000, -3.039048e+001,
4963750000, -2.976086e+001,
4965000000, -2.909508e+001,
4966250000, -2.875662e+001,
4967500000, -2.870087e+001,
4968750000, -2.866699e+001,
4970000000, -2.880298e+001,
4971250000, -2.922566e+001,
4972500000, -2.985518e+001,
4973750000, -3.037616e+001,
4975000000, -3.053067e+001,
4976250000, -3.080106e+001,
4977500000, -3.154231e+001,
4978750000, -3.229838e+001,
4980000000, -3.259067e+001,
4981250000, -3.258532e+001,
4982500000, -3.253727e+001,
4983750000, -3.282026e+001,
4985000000, -3.277724e+001,
4986250000, -3.226748e+001,
4987500000, -3.185555e+001,
4988750000, -3.195543e+001,
4990000000, -3.234584e+001,
4991250000, -3.238055e+001,
4992500000, -3.210152e+001,
4993750000, -3.219382e+001,
4995000000, -3.280902e+001,
4996250000, -3.358493e+001,
4997500000, -3.451429e+001,
4998750000, -3.611179e+001,
5000000000, -3.843295e+001,
5001250000, -4.085982e+001,
5002500000, -4.303614e+001,
5003750000, -4.440055e+001,
5005000000, -4.173008e+001,
5006250000, -3.873697e+001,
5007500000, -3.621940e+001,
5008750000, -3.428870e+001,
5010000000, -3.339362e+001,
5011250000, -3.297686e+001,
5012500000, -3.221654e+001,
5013750000, -3.119323e+001,
5015000000, -3.050411e+001,
5016250000, -3.012188e+001,
5017500000, -2.962266e+001,
5018750000, -2.902271e+001,
5020000000, -2.898719e+001,
5021250000, -2.934260e+001,
5022500000, -2.941673e+001,
5023750000, -2.935081e+001,
5025000000, -2.970197e+001,
5026250000, -3.007169e+001,
5027500000, -3.006459e+001,
5028750000, -3.021907e+001,
5030000000, -3.076048e+001,
5031250000, -3.121123e+001,
5032500000, -3.176852e+001,
5033750000, -3.275368e+001,
5035000000, -3.373787e+001,
5036250000, -3.439482e+001,
5037500000, -3.460336e+001,
5038750000, -3.528186e+001,
5040000000, -3.581772e+001,
5041250000, -3.593409e+001,
5042500000, -3.650155e+001,
5043750000, -3.702776e+001,
5045000000, -3.713231e+001,
5046250000, -3.782856e+001,
5047500000, -3.959456e+001,
5048750000, -4.144054e+001,
5050000000, -4.316644e+001,
5051250000, -4.427839e+001,
5052500000, -4.528250e+001,
5053750000, -4.405968e+001,
5055000000, -4.246527e+001,
5056250000, -4.292791e+001,
5057500000, -4.401405e+001,
5058750000, -4.517107e+001,
5060000000, -4.862698e+001,
5061250000, -4.737288e+001,
5062500000, -4.321631e+001,
5063750000, -4.008493e+001,
5065000000, -3.940070e+001,
5066250000, -3.892637e+001,
5067500000, -3.840817e+001,
5068750000, -3.914349e+001,
5070000000, -3.935575e+001,
5071250000, -3.989081e+001,
5072500000, -4.209281e+001,
5073750000, -4.403767e+001,
5075000000, -4.904581e+001,
5076250000, -5.907229e+001,
5077500000, -5.296032e+001,
5078750000, -4.817297e+001,
5080000000, -4.878482e+001,
5081250000, -4.888046e+001,
5082500000, -4.382163e+001,
5083750000, -4.095224e+001,
5085000000, -4.044620e+001,
5086250000, -3.966591e+001,
5087500000, -4.087215e+001,
5088750000, -4.211205e+001,
5090000000, -4.200283e+001,
5091250000, -4.314467e+001,
5092500000, -4.288950e+001,
5093750000, -4.255021e+001,
5095000000, -4.388506e+001,
5096250000, -4.308735e+001,
5097500000, -4.444651e+001,
5098750000, -4.636584e+001,
5100000000, -4.589997e+001,
5101250000, -4.907213e+001,
5102500000, -4.922908e+001,
5103750000, -4.872622e+001,
5105000000, -5.248052e+001,
5106250000, -4.994016e+001,
5107500000, -5.276393e+001,
5108750000, -5.490115e+001,
5110000000, -6.649802e+001,
5111250000, -5.452689e+001,
5112500000, -5.406341e+001,
5113750000, -4.997219e+001,
5115000000, -5.349218e+001,
5116250000, -5.082221e+001,
5117500000, -5.204654e+001,
5118750000, -5.133485e+001,
5120000000, -5.456672e+001,
5121250000, -6.078839e+001,
5122500000, -6.111002e+001,
5123750000, -6.326495e+001,
5125000000, -5.712654e+001,
5126250000, -7.104173e+001,
5127500000, -5.922556e+001,
5128750000, -5.533177e+001,
5130000000, -5.649754e+001,
5131250000, -5.364761e+001,
5132500000, -5.897109e+001,
5133750000, -5.861442e+001,
5135000000, -5.498928e+001,
5136250000, -5.512794e+001,
5137500000, -5.542925e+001,
5138750000, -5.818050e+001,
5140000000, -5.790700e+001,
5141250000, -6.069084e+001,
5142500000, -6.317425e+001,
5143750000, -6.857369e+001,
5145000000, -5.792679e+001,
5146250000, -6.878763e+001,
5147500000, -5.729214e+001,
5148750000, -6.549766e+001,
5150000000, -6.653576e+001,
5151250000, -6.609685e+001,
5152500000, -6.089725e+001,
5153750000, -6.874156e+001,
5155000000, -6.454700e+001,
5156250000, -6.574496e+001,
5157500000, -6.325164e+001,
5158750000, -6.997581e+001,
5160000000, -6.829725e+001,
5161250000, -6.972574e+001,
5162500000, -6.200475e+001,
5163750000, -6.784785e+001,
5165000000, -6.460651e+001,
5166250000, -6.381866e+001,
5167500000, -6.464491e+001,
5168750000, -6.443928e+001,
5170000000, -9.739155e+001,
5171250000, -6.445336e+001,
5172500000, -6.427499e+001,
5173750000, -6.985030e+001,
5175000000, -6.700910e+001,
5176250000, -6.366244e+001,
5177500000, -6.349500e+001,
5178750000, -6.957408e+001,
5180000000, -6.867678e+001,
5181250000, -6.479589e+001,
5182500000, -6.659715e+001,
5183750000, -6.758623e+001,
5185000000, -6.574883e+001,
5186250000, -6.663486e+001,
5187500000, -6.773211e+001,
5188750000, -6.730163e+001,
5190000000, -6.699368e+001,
5191250000, -6.689551e+001,
5192500000, -6.681336e+001,
5193750000, -6.711554e+001,
5195000000, -6.705212e+001,
5196250000, -6.748360e+001,
5197500000, -6.653955e+001,
5198750000, -6.684032e+001,
5200000000, -6.716634e+001,
5201250000, -6.702276e+001,
5202500000, -6.674171e+001,
5203750000, -6.695404e+001,
5205000000, -6.710899e+001,
5206250000, -6.706570e+001,
5207500000, -6.723819e+001,
5208750000, -6.693465e+001,
5210000000, -6.711685e+001,
5211250000, -6.695803e+001,
5212500000, -6.705833e+001,
5213750000, -6.688313e+001,
5215000000, -6.718127e+001,
5216250000, -6.717937e+001,
5217500000, -6.744020e+001,
5218750000, -6.735685e+001,
5220000000, -6.740526e+001,
5221250000, -6.740314e+001,
5222500000, -6.754320e+001,
5223750000, -6.758621e+001,
5225000000, -6.750105e+001,
5226250000, -6.776112e+001,
5227500000, -6.736142e+001,
5228750000, -6.790637e+001,
5230000000, -6.746774e+001,
5231250000, -6.772027e+001,
5232500000, -6.777402e+001,
5233750000, -6.747150e+001,
5235000000, -6.755078e+001,
5236250000, -6.791089e+001,
5237500000, -6.758624e+001,
5238750000, -6.781912e+001,
5240000000, -6.789726e+001,
5241250000, -6.758015e+001,
5242500000, -6.791722e+001,
5243750000, -6.819881e+001,
5245000000, -6.804314e+001,
5246250000, -6.817999e+001,
5247500000, -6.791955e+001,
5248750000, -6.808093e+001,
5250000000, -6.892976e+001,
5251250000, -6.823731e+001,
5252500000, -6.888846e+001,
5253750000, -6.867988e+001,
5255000000, -6.865465e+001,
5256250000, -6.851694e+001,
5257500000, -6.881692e+001,
5258750000, -6.807164e+001,
5260000000, -6.831243e+001,
5261250000, -6.818591e+001,
5262500000, -6.866119e+001,
5263750000, -6.805164e+001,
5265000000, -6.774570e+001,
5266250000, -6.793034e+001,
5267500000, -6.756012e+001,
5268750000, -6.746467e+001,
5270000000, -6.726653e+001,
5271250000, -6.734147e+001,
5272500000, -6.671246e+001,
5273750000, -6.721723e+001,
5275000000, -6.658634e+001,
5276250000, -6.640959e+001,
5277500000, -6.681187e+001,
5278750000, -6.653795e+001,
5280000000, -6.673756e+001,
5281250000, -6.690641e+001,
5282500000, -6.680916e+001,
5283750000, -6.640166e+001,
5285000000, -6.665536e+001,
5286250000, -6.666778e+001,
5287500000, -6.644882e+001,
5288750000, -6.655201e+001,
5290000000, -6.664400e+001,
5291250000, -6.628852e+001,
5292500000, -6.657041e+001,
5293750000, -6.622659e+001,
5295000000, -6.613269e+001,
5296250000, -6.605061e+001,
5297500000, -6.546961e+001,
5298750000, -6.565012e+001,
5300000000, -6.552528e+001,
5301250000, -6.553871e+001,
5302500000, -6.528908e+001,
5303750000, -6.519881e+001,
5305000000, -6.515847e+001,
5306250000, -6.527749e+001,
5307500000, -6.509678e+001,
5308750000, -6.524572e+001,
5310000000, -6.478555e+001,
5311250000, -6.496278e+001,
5312500000, -6.493618e+001,
5313750000, -6.494435e+001,
5315000000, -6.490280e+001,
5316250000, -6.511137e+001,
5317500000, -6.516581e+001,
5318750000, -6.506408e+001,
5320000000, -6.516611e+001,
5321250000, -6.551641e+001,
5322500000, -6.537524e+001,
5323750000, -6.559145e+001,
5325000000, -6.531422e+001,
5326250000, -6.534316e+001,
5327500000, -6.526550e+001,
5328750000, -6.507002e+001,
5330000000, -6.547912e+001,
5331250000, -6.535124e+001,
5332500000, -6.543307e+001,
5333750000, -6.578222e+001,
5335000000, -6.549171e+001,
5336250000, -6.567564e+001,
5337500000, -6.585450e+001,
5338750000, -6.637380e+001,
5340000000, -6.573878e+001,
5341250000, -6.657830e+001,
5342500000, -6.647227e+001,
5343750000, -6.648320e+001,
5345000000, -6.699082e+001,
5346250000, -6.686378e+001,
5347500000, -6.643605e+001,
5348750000, -6.661463e+001,
5350000000, -6.679504e+001,
5351250000, -6.662747e+001,
5352500000, -6.695741e+001,
5353750000, -6.680659e+001,
5355000000, -6.667643e+001,
5356250000, -6.706321e+001,
5357500000, -6.672308e+001,
5358750000, -6.727429e+001,
5360000000, -6.686106e+001,
5361250000, -6.695728e+001,
5362500000, -6.685523e+001,
5363750000, -6.705499e+001,
5365000000, -6.720161e+001,
5366250000, -6.709016e+001,
5367500000, -6.734490e+001,
5368750000, -6.695899e+001,
5370000000, -6.690533e+001,
5371250000, -6.702660e+001,
5372500000, -6.667812e+001,
5373750000, -6.697485e+001,
5375000000, -6.699200e+001,
5376250000, -6.685241e+001,
5377500000, -6.663994e+001,
5378750000, -6.684824e+001,
5380000000, -6.681477e+001,
5381250000, -6.679386e+001,
5382500000, -6.681184e+001,
5383750000, -6.679803e+001,
5385000000, -6.650269e+001,
5386250000, -6.674529e+001,
5387500000, -6.668029e+001,
5388750000, -6.686694e+001,
5390000000, -6.665013e+001,
5391250000, -6.677723e+001,
5392500000, -6.691554e+001,
5393750000, -6.673145e+001,
5395000000, -6.721516e+001,
5396250000, -6.726534e+001,
5397500000, -6.738908e+001,
5398750000, -6.746690e+001,
5400000000, -6.753320e+001,
5401250000, -6.782436e+001,
5402500000, -6.790869e+001,
5403750000, -6.785757e+001,
5405000000, -6.798739e+001,
5406250000, -6.800913e+001,
5407500000, -6.829106e+001,
5408750000, -6.819487e+001,
5410000000, -6.841663e+001,
5411250000, -6.821524e+001,
5412500000, -6.856848e+001,
5413750000, -6.864459e+001,
5415000000, -6.864675e+001,
5416250000, -6.892620e+001,
5417500000, -6.895058e+001,
5418750000, -6.928481e+001,
5420000000, -6.921359e+001,
5421250000, -6.937198e+001,
5422500000, -6.941528e+001,
5423750000, -6.951278e+001,
5425000000, -6.958752e+001,
5426250000, -6.965174e+001,
5427500000, -7.000691e+001,
5428750000, -6.994766e+001,
5430000000, -6.996893e+001,
5431250000, -7.024124e+001,
5432500000, -7.076696e+001,
5433750000, -7.042739e+001,
5435000000, -7.051489e+001,
5436250000, -7.099252e+001,
5437500000, -7.104819e+001,
5438750000, -7.175311e+001,
5440000000, -7.185403e+001,
5441250000, -7.200580e+001,
5442500000, -7.243569e+001,
5443750000, -7.236880e+001,
5445000000, -7.249888e+001,
5446250000, -7.186651e+001,
5447500000, -7.217160e+001,
5448750000, -7.190943e+001,
5450000000, -7.185178e+001,
5451250000, -7.287458e+001,
5452500000, -7.269406e+001,
5453750000, -7.229311e+001,
5455000000, -7.176045e+001,
5456250000, -7.222651e+001,
5457500000, -7.212261e+001,
5458750000, -7.264703e+001,
5460000000, -7.256446e+001,
5461250000, -7.333067e+001,
5462500000, -7.318404e+001,
5463750000, -7.275307e+001,
5465000000, -7.299072e+001,
5466250000, -7.421115e+001,
5467500000, -7.323916e+001,
5468750000, -7.381672e+001,
5470000000, -7.353678e+001,
5471250000, -7.423114e+001,
5472500000, -7.409653e+001,
5473750000, -7.446298e+001,
5475000000, -7.463954e+001,
5476250000, -7.442451e+001,
5477500000, -7.512833e+001,
5478750000, -7.496478e+001,
5480000000, -7.487639e+001,
5481250000, -7.692602e+001,
5482500000, -7.589629e+001,
5483750000, -7.718439e+001,
5485000000, -7.737386e+001,
5486250000, -7.776463e+001,
5487500000, -7.828004e+001,
5488750000, -7.898898e+001,
5490000000, -8.156677e+001,
5491250000, -8.007510e+001,
5492500000, -8.204313e+001,
5493750000, -8.109393e+001,
5495000000, -8.265922e+001,
5496250000, -8.236147e+001,
5497500000, -8.359557e+001,
5498750000, -8.332042e+001,
5500000000, -8.382315e+001,
