"S21 Log Mag"
"Frequency (Hz)","dB",
3500000000, -4.472385e+001,
3501250000, -4.461816e+001,
3502500000, -4.459908e+001,
3503750000, -4.461808e+001,
3505000000, -4.463697e+001,
3506250000, -4.460843e+001,
3507500000, -4.469090e+001,
3508750000, -4.473137e+001,
3510000000, -4.467710e+001,
3511250000, -4.467897e+001,
3512500000, -4.470803e+001,
3513750000, -4.482685e+001,
3515000000, -4.481772e+001,
3516250000, -4.472637e+001,
3517500000, -4.469682e+001,
3518750000, -4.485670e+001,
3520000000, -4.494923e+001,
3521250000, -4.489661e+001,
3522500000, -4.484417e+001,
3523750000, -4.497197e+001,
3525000000, -4.495735e+001,
3526250000, -4.495586e+001,
3527500000, -4.503315e+001,
3528750000, -4.513289e+001,
3530000000, -4.517930e+001,
3531250000, -4.516018e+001,
3532500000, -4.509354e+001,
3533750000, -4.517824e+001,
3535000000, -4.526598e+001,
3536250000, -4.526760e+001,
3537500000, -4.517074e+001,
3538750000, -4.518563e+001,
3540000000, -4.540299e+001,
3541250000, -4.541776e+001,
3542500000, -4.524529e+001,
3543750000, -4.537481e+001,
3545000000, -4.547501e+001,
3546250000, -4.544883e+001,
3547500000, -4.537292e+001,
3548750000, -4.551620e+001,
3550000000, -4.560397e+001,
3551250000, -4.561674e+001,
3552500000, -4.560969e+001,
3553750000, -4.555776e+001,
3555000000, -4.557938e+001,
3556250000, -4.566814e+001,
3557500000, -4.573146e+001,
3558750000, -4.555093e+001,
3560000000, -4.563374e+001,
3561250000, -4.582746e+001,
3562500000, -4.577999e+001,
3563750000, -4.575920e+001,
3565000000, -4.580985e+001,
3566250000, -4.588019e+001,
3567500000, -4.587732e+001,
3568750000, -4.576989e+001,
3570000000, -4.580791e+001,
3571250000, -4.600892e+001,
3572500000, -4.600299e+001,
3573750000, -4.596847e+001,
3575000000, -4.594135e+001,
3576250000, -4.586316e+001,
3577500000, -4.595545e+001,
3578750000, -4.607988e+001,
3580000000, -4.600342e+001,
3581250000, -4.593193e+001,
3582500000, -4.606316e+001,
3583750000, -4.600264e+001,
3585000000, -4.594419e+001,
3586250000, -4.598434e+001,
3587500000, -4.602151e+001,
3588750000, -4.605102e+001,
3590000000, -4.604472e+001,
3591250000, -4.589721e+001,
3592500000, -4.599927e+001,
3593750000, -4.613710e+001,
3595000000, -4.607992e+001,
3596250000, -4.598833e+001,
3597500000, -4.600046e+001,
3598750000, -4.593848e+001,
3600000000, -4.592430e+001,
3601250000, -4.605550e+001,
3602500000, -4.595019e+001,
3603750000, -4.591637e+001,
3605000000, -4.608497e+001,
3606250000, -4.596678e+001,
3607500000, -4.572552e+001,
3608750000, -4.586567e+001,
3610000000, -4.593712e+001,
3611250000, -4.595837e+001,
3612500000, -4.583769e+001,
3613750000, -4.569719e+001,
3615000000, -4.580109e+001,
3616250000, -4.593776e+001,
3617500000, -4.592555e+001,
3618750000, -4.585979e+001,
3620000000, -4.575003e+001,
3621250000, -4.572271e+001,
3622500000, -4.579982e+001,
3623750000, -4.588339e+001,
3625000000, -4.569570e+001,
3626250000, -4.553494e+001,
3627500000, -4.584501e+001,
3628750000, -4.604832e+001,
3630000000, -4.566203e+001,
3631250000, -4.545428e+001,
3632500000, -4.556462e+001,
3633750000, -4.585310e+001,
3635000000, -4.592013e+001,
3636250000, -4.568119e+001,
3637500000, -4.544705e+001,
3638750000, -4.557444e+001,
3640000000, -4.580412e+001,
3641250000, -4.581362e+001,
3642500000, -4.576027e+001,
3643750000, -4.555318e+001,
3645000000, -4.537665e+001,
3646250000, -4.557045e+001,
3647500000, -4.584270e+001,
3648750000, -4.567177e+001,
3650000000, -4.527743e+001,
3651250000, -4.554988e+001,
3652500000, -4.586050e+001,
3653750000, -4.582703e+001,
3655000000, -4.553419e+001,
3656250000, -4.529911e+001,
3657500000, -4.557635e+001,
3658750000, -4.588222e+001,
3660000000, -4.589419e+001,
3661250000, -4.564313e+001,
3662500000, -4.551546e+001,
3663750000, -4.559872e+001,
3665000000, -4.583725e+001,
3666250000, -4.603652e+001,
3667500000, -4.598134e+001,
3668750000, -4.568538e+001,
3670000000, -4.539773e+001,
3671250000, -4.562387e+001,
3672500000, -4.613754e+001,
3673750000, -4.597437e+001,
3675000000, -4.540351e+001,
3676250000, -4.547369e+001,
3677500000, -4.601860e+001,
3678750000, -4.617640e+001,
3680000000, -4.584964e+001,
3681250000, -4.551278e+001,
3682500000, -4.561344e+001,
3683750000, -4.595240e+001,
3685000000, -4.622131e+001,
3686250000, -4.607515e+001,
3687500000, -4.576093e+001,
3688750000, -4.576162e+001,
3690000000, -4.588733e+001,
3691250000, -4.622391e+001,
3692500000, -4.652218e+001,
3693750000, -4.625194e+001,
3695000000, -4.556290e+001,
3696250000, -4.552983e+001,
3697500000, -4.616419e+001,
3698750000, -4.669601e+001,
3700000000, -4.605139e+001,
3701250000, -4.551279e+001,
3702500000, -4.577854e+001,
3703750000, -4.625221e+001,
3705000000, -4.651007e+001,
3706250000, -4.606126e+001,
3707500000, -4.570212e+001,
3708750000, -4.579515e+001,
3710000000, -4.618434e+001,
3711250000, -4.639151e+001,
3712500000, -4.631658e+001,
3713750000, -4.607507e+001,
3715000000, -4.585062e+001,
3716250000, -4.583643e+001,
3717500000, -4.624053e+001,
3718750000, -4.680582e+001,
3720000000, -4.654731e+001,
3721250000, -4.560304e+001,
3722500000, -4.537360e+001,
3723750000, -4.601506e+001,
3725000000, -4.666903e+001,
3726250000, -4.633978e+001,
3727500000, -4.582667e+001,
3728750000, -4.540685e+001,
3730000000, -4.565021e+001,
3731250000, -4.668143e+001,
3732500000, -4.631647e+001,
3733750000, -4.559667e+001,
3735000000, -4.562181e+001,
3736250000, -4.599488e+001,
3737500000, -4.617233e+001,
3738750000, -4.616002e+001,
3740000000, -4.598932e+001,
3741250000, -4.585000e+001,
3742500000, -4.573610e+001,
3743750000, -4.565910e+001,
3745000000, -4.592350e+001,
3746250000, -4.650631e+001,
3747500000, -4.638344e+001,
3748750000, -4.529530e+001,
3750000000, -4.503730e+001,
3751250000, -4.565475e+001,
3752500000, -4.625254e+001,
3753750000, -4.603670e+001,
3755000000, -4.566445e+001,
3756250000, -4.521862e+001,
3757500000, -4.513649e+001,
3758750000, -4.606819e+001,
3760000000, -4.631888e+001,
3761250000, -4.547968e+001,
3762500000, -4.533316e+001,
3763750000, -4.570418e+001,
3765000000, -4.578611e+001,
3766250000, -4.573304e+001,
3767500000, -4.580401e+001,
3768750000, -4.579405e+001,
3770000000, -4.558638e+001,
3771250000, -4.539340e+001,
3772500000, -4.547082e+001,
3773750000, -4.587445e+001,
3775000000, -4.651413e+001,
3776250000, -4.598129e+001,
3777500000, -4.496632e+001,
3778750000, -4.491073e+001,
3780000000, -4.569107e+001,
3781250000, -4.620866e+001,
3782500000, -4.585487e+001,
3783750000, -4.544404e+001,
3785000000, -4.497494e+001,
3786250000, -4.516930e+001,
3787500000, -4.619473e+001,
3788750000, -4.616329e+001,
3790000000, -4.540136e+001,
3791250000, -4.524284e+001,
3792500000, -4.562572e+001,
3793750000, -4.578556e+001,
3795000000, -4.597921e+001,
3796250000, -4.615243e+001,
3797500000, -4.594904e+001,
3798750000, -4.553490e+001,
3800000000, -4.538966e+001,
3801250000, -4.563521e+001,
3802500000, -4.603443e+001,
3803750000, -4.643030e+001,
3805000000, -4.641464e+001,
3806250000, -4.582954e+001,
3807500000, -4.556374e+001,
3808750000, -4.579331e+001,
3810000000, -4.601625e+001,
3811250000, -4.622093e+001,
3812500000, -4.646541e+001,
3813750000, -4.580243e+001,
3815000000, -4.507116e+001,
3816250000, -4.592456e+001,
3817500000, -4.756222e+001,
3818750000, -4.696004e+001,
3820000000, -4.599942e+001,
3821250000, -4.567454e+001,
3822500000, -4.593133e+001,
3823750000, -4.645075e+001,
3825000000, -4.703694e+001,
3826250000, -4.744893e+001,
3827500000, -4.717984e+001,
3828750000, -4.644770e+001,
3830000000, -4.610212e+001,
3831250000, -4.627868e+001,
3832500000, -4.677541e+001,
3833750000, -4.731515e+001,
3835000000, -4.733922e+001,
3836250000, -4.686634e+001,
3837500000, -4.682914e+001,
3838750000, -4.700035e+001,
3840000000, -4.715266e+001,
3841250000, -4.705136e+001,
3842500000, -4.753312e+001,
3843750000, -4.739394e+001,
3845000000, -4.593768e+001,
3846250000, -4.565254e+001,
3847500000, -4.744081e+001,
3848750000, -4.929320e+001,
3850000000, -4.827789e+001,
3851250000, -4.706981e+001,
3852500000, -4.647850e+001,
3853750000, -4.657678e+001,
3855000000, -4.706839e+001,
3856250000, -4.770127e+001,
3857500000, -4.853684e+001,
3858750000, -4.848543e+001,
3860000000, -4.782477e+001,
3861250000, -4.728543e+001,
3862500000, -4.697383e+001,
3863750000, -4.718223e+001,
3865000000, -4.785671e+001,
3866250000, -4.818562e+001,
3867500000, -4.770063e+001,
3868750000, -4.750421e+001,
3870000000, -4.778336e+001,
3871250000, -4.800190e+001,
3872500000, -4.819093e+001,
3873750000, -4.852012e+001,
3875000000, -4.874072e+001,
3876250000, -4.711342e+001,
3877500000, -4.599160e+001,
3878750000, -4.647652e+001,
3880000000, -4.817841e+001,
3881250000, -4.986132e+001,
3882500000, -4.954155e+001,
3883750000, -4.815145e+001,
3885000000, -4.730569e+001,
3886250000, -4.716102e+001,
3887500000, -4.719010e+001,
3888750000, -4.761618e+001,
3890000000, -4.830814e+001,
3891250000, -4.878924e+001,
3892500000, -4.860859e+001,
3893750000, -4.816159e+001,
3895000000, -4.776290e+001,
3896250000, -4.763794e+001,
3897500000, -4.779941e+001,
3898750000, -4.776506e+001,
3900000000, -4.714789e+001,
3901250000, -4.737051e+001,
3902500000, -4.804554e+001,
3903750000, -4.764157e+001,
3905000000, -4.783061e+001,
3906250000, -4.818319e+001,
3907500000, -4.958183e+001,
3908750000, -4.849815e+001,
3910000000, -4.622123e+001,
3911250000, -4.575767e+001,
3912500000, -4.645414e+001,
3913750000, -4.733709e+001,
3915000000, -4.859929e+001,
3916250000, -4.936718e+001,
3917500000, -4.860857e+001,
3918750000, -4.743088e+001,
3920000000, -4.710877e+001,
3921250000, -4.686093e+001,
3922500000, -4.687896e+001,
3923750000, -4.720316e+001,
3925000000, -4.730034e+001,
3926250000, -4.781534e+001,
3927500000, -4.803161e+001,
3928750000, -4.792732e+001,
3930000000, -4.749023e+001,
3931250000, -4.706371e+001,
3932500000, -4.684414e+001,
3933750000, -4.635429e+001,
3935000000, -4.641796e+001,
3936250000, -4.711358e+001,
3937500000, -4.670310e+001,
3938750000, -4.646238e+001,
3940000000, -4.760375e+001,
3941250000, -4.772689e+001,
3942500000, -4.849310e+001,
3943750000, -4.731408e+001,
3945000000, -4.544730e+001,
3946250000, -4.547173e+001,
3947500000, -4.620603e+001,
3948750000, -4.689741e+001,
3950000000, -4.732700e+001,
3951250000, -4.723868e+001,
3952500000, -4.695156e+001,
3953750000, -4.691677e+001,
3955000000, -4.699562e+001,
3956250000, -4.686197e+001,
3957500000, -4.692401e+001,
3958750000, -4.642538e+001,
3960000000, -4.606383e+001,
3961250000, -4.626036e+001,
3962500000, -4.667388e+001,
3963750000, -4.692263e+001,
3965000000, -4.667589e+001,
3966250000, -4.649687e+001,
3967500000, -4.663205e+001,
3968750000, -4.668116e+001,
3970000000, -4.693317e+001,
3971250000, -4.635634e+001,
3972500000, -4.437521e+001,
3973750000, -4.409407e+001,
3975000000, -4.717326e+001,
3976250000, -4.855248e+001,
3977500000, -4.782932e+001,
3978750000, -4.651186e+001,
3980000000, -4.513828e+001,
3981250000, -4.478983e+001,
3982500000, -4.597490e+001,
3983750000, -4.735924e+001,
3985000000, -4.763588e+001,
3986250000, -4.698985e+001,
3987500000, -4.627691e+001,
3988750000, -4.524418e+001,
3990000000, -4.549755e+001,
3991250000, -4.642894e+001,
3992500000, -4.696064e+001,
3993750000, -4.782976e+001,
3995000000, -4.772949e+001,
3996250000, -4.654335e+001,
3997500000, -4.596755e+001,
3998750000, -4.562676e+001,
4000000000, -4.572603e+001,
4001250000, -4.600751e+001,
4002500000, -4.668562e+001,
4003750000, -4.687230e+001,
4005000000, -4.659481e+001,
4006250000, -4.726781e+001,
4007500000, -4.696884e+001,
4008750000, -4.514394e+001,
4010000000, -4.352062e+001,
4011250000, -4.480944e+001,
4012500000, -4.761961e+001,
4013750000, -4.931755e+001,
4015000000, -4.855458e+001,
4016250000, -4.724762e+001,
4017500000, -4.477164e+001,
4018750000, -4.330574e+001,
4020000000, -4.397309e+001,
4021250000, -4.674656e+001,
4022500000, -4.975726e+001,
4023750000, -4.980622e+001,
4025000000, -4.694667e+001,
4026250000, -4.496519e+001,
4027500000, -4.462493e+001,
4028750000, -4.557069e+001,
4030000000, -4.664757e+001,
4031250000, -4.742306e+001,
4032500000, -4.780916e+001,
4033750000, -4.763451e+001,
4035000000, -4.690762e+001,
4036250000, -4.584015e+001,
4037500000, -4.575048e+001,
4038750000, -4.591599e+001,
4040000000, -4.588489e+001,
4041250000, -4.613885e+001,
4042500000, -4.713852e+001,
4043750000, -4.874963e+001,
4045000000, -4.763114e+001,
4046250000, -4.525944e+001,
4047500000, -4.310181e+001,
4048750000, -4.337403e+001,
4050000000, -4.592239e+001,
4051250000, -4.856441e+001,
4052500000, -4.907811e+001,
4053750000, -4.854961e+001,
4055000000, -4.723945e+001,
4056250000, -4.614528e+001,
4057500000, -4.468758e+001,
4058750000, -4.361156e+001,
4060000000, -4.536442e+001,
4061250000, -4.983338e+001,
4062500000, -5.140712e+001,
4063750000, -4.762435e+001,
4065000000, -4.482362e+001,
4066250000, -4.385559e+001,
4067500000, -4.429578e+001,
4068750000, -4.607226e+001,
4070000000, -4.911605e+001,
4071250000, -5.126431e+001,
4072500000, -4.874426e+001,
4073750000, -4.585085e+001,
4075000000, -4.461591e+001,
4076250000, -4.467424e+001,
4077500000, -4.603528e+001,
4078750000, -4.729551e+001,
4080000000, -4.697131e+001,
4081250000, -4.717297e+001,
4082500000, -4.909493e+001,
4083750000, -5.140530e+001,
4085000000, -4.689689e+001,
4086250000, -4.356169e+001,
4087500000, -4.326604e+001,
4088750000, -4.488614e+001,
4090000000, -4.686092e+001,
4091250000, -4.826793e+001,
4092500000, -4.883675e+001,
4093750000, -4.821740e+001,
4095000000, -4.834627e+001,
4096250000, -4.802047e+001,
4097500000, -4.669251e+001,
4098750000, -4.542031e+001,
4100000000, -4.491571e+001,
4101250000, -4.672314e+001,
4102500000, -5.013315e+001,
4103750000, -5.328362e+001,
4105000000, -5.001661e+001,
4106250000, -4.776740e+001,
4107500000, -4.605240e+001,
4108750000, -4.491081e+001,
4110000000, -4.515373e+001,
4111250000, -4.667731e+001,
4112500000, -4.843533e+001,
4113750000, -5.043610e+001,
4115000000, -5.080683e+001,
4116250000, -4.982472e+001,
4117500000, -4.695893e+001,
4118750000, -4.525496e+001,
4120000000, -4.617155e+001,
4121250000, -4.807409e+001,
4122500000, -4.809070e+001,
4123750000, -4.848999e+001,
4125000000, -5.111757e+001,
4126250000, -4.758540e+001,
4127500000, -4.437218e+001,
4128750000, -4.526982e+001,
4130000000, -4.976480e+001,
4131250000, -5.376509e+001,
4132500000, -5.295947e+001,
4133750000, -4.760381e+001,
4135000000, -4.571434e+001,
4136250000, -4.577062e+001,
4137500000, -4.694991e+001,
4138750000, -4.730523e+001,
4140000000, -4.723579e+001,
4141250000, -4.900177e+001,
4142500000, -5.001196e+001,
4143750000, -5.059888e+001,
4145000000, -5.211171e+001,
4146250000, -5.177309e+001,
4147500000, -4.913784e+001,
4148750000, -4.720060e+001,
4150000000, -4.649829e+001,
4151250000, -4.712945e+001,
4152500000, -4.862280e+001,
4153750000, -4.895469e+001,
4155000000, -4.949909e+001,
4156250000, -5.032126e+001,
4157500000, -5.116491e+001,
4158750000, -5.191624e+001,
4160000000, -5.056306e+001,
4161250000, -4.786795e+001,
4162500000, -4.629727e+001,
4163750000, -4.509169e+001,
4165000000, -4.675100e+001,
4166250000, -5.187423e+001,
4167500000, -5.112189e+001,
4168750000, -4.696308e+001,
4170000000, -4.366688e+001,
4171250000, -4.334854e+001,
4172500000, -4.555715e+001,
4173750000, -4.853673e+001,
4175000000, -5.196752e+001,
4176250000, -5.927978e+001,
4177500000, -5.618459e+001,
4178750000, -4.971156e+001,
4180000000, -4.612313e+001,
4181250000, -4.443914e+001,
4182500000, -4.425011e+001,
4183750000, -4.549573e+001,
4185000000, -4.797916e+001,
4186250000, -5.009693e+001,
4187500000, -5.027610e+001,
4188750000, -5.081904e+001,
4190000000, -5.205417e+001,
4191250000, -5.334758e+001,
4192500000, -5.114396e+001,
4193750000, -5.018671e+001,
4195000000, -4.825849e+001,
4196250000, -4.679802e+001,
4197500000, -4.586169e+001,
4198750000, -4.533345e+001,
4200000000, -4.521941e+001,
4201250000, -4.522650e+001,
4202500000, -4.565656e+001,
4203750000, -4.495286e+001,
4205000000, -4.389182e+001,
4206250000, -4.532478e+001,
4207500000, -5.032130e+001,
4208750000, -6.108417e+001,
4210000000, -6.358860e+001,
4211250000, -5.285163e+001,
4212500000, -4.296671e+001,
4213750000, -3.880855e+001,
4215000000, -3.695223e+001,
4216250000, -3.551119e+001,
4217500000, -3.545078e+001,
4218750000, -3.685806e+001,
4220000000, -3.931922e+001,
4221250000, -4.217142e+001,
4222500000, -4.552172e+001,
4223750000, -4.815057e+001,
4225000000, -4.675447e+001,
4226250000, -4.397025e+001,
4227500000, -4.138353e+001,
4228750000, -4.034772e+001,
4230000000, -4.055507e+001,
4231250000, -4.109524e+001,
4232500000, -4.150778e+001,
4233750000, -4.242452e+001,
4235000000, -4.318812e+001,
4236250000, -4.371303e+001,
4237500000, -4.525449e+001,
4238750000, -4.771461e+001,
4240000000, -4.820914e+001,
4241250000, -4.549295e+001,
4242500000, -4.268238e+001,
4243750000, -4.077642e+001,
4245000000, -4.023355e+001,
4246250000, -4.057417e+001,
4247500000, -4.184581e+001,
4248750000, -4.322548e+001,
4250000000, -4.107262e+001,
4251250000, -3.887992e+001,
4252500000, -3.998779e+001,
4253750000, -4.172218e+001,
4255000000, -4.208595e+001,
4256250000, -4.092196e+001,
4257500000, -4.023785e+001,
4258750000, -4.074203e+001,
4260000000, -4.119638e+001,
4261250000, -3.999527e+001,
4262500000, -3.855005e+001,
4263750000, -3.811352e+001,
4265000000, -3.756641e+001,
4266250000, -3.736345e+001,
4267500000, -3.797257e+001,
4268750000, -3.983759e+001,
4270000000, -4.270103e+001,
4271250000, -4.587765e+001,
4272500000, -4.913890e+001,
4273750000, -4.962971e+001,
4275000000, -4.603988e+001,
4276250000, -4.223389e+001,
4277500000, -3.999400e+001,
4278750000, -4.105482e+001,
4280000000, -4.118936e+001,
4281250000, -3.927989e+001,
4282500000, -3.779929e+001,
4283750000, -3.760238e+001,
4285000000, -3.709343e+001,
4286250000, -3.639274e+001,
4287500000, -3.635088e+001,
4288750000, -3.701349e+001,
4290000000, -3.678450e+001,
4291250000, -3.564142e+001,
4292500000, -3.514017e+001,
4293750000, -3.512619e+001,
4295000000, -3.470255e+001,
4296250000, -3.407042e+001,
4297500000, -3.370028e+001,
4298750000, -3.254204e+001,
4300000000, -3.174227e+001,
4301250000, -3.185274e+001,
4302500000, -3.147176e+001,
4303750000, -3.161727e+001,
4305000000, -3.247050e+001,
4306250000, -3.329078e+001,
4307500000, -3.467770e+001,
4308750000, -3.582950e+001,
4310000000, -3.673836e+001,
4311250000, -3.699095e+001,
4312500000, -3.584251e+001,
4313750000, -3.449380e+001,
4315000000, -3.372540e+001,
4316250000, -3.347796e+001,
4317500000, -3.260603e+001,
4318750000, -3.151372e+001,
4320000000, -3.103133e+001,
4321250000, -3.096647e+001,
4322500000, -3.099437e+001,
4323750000, -3.097289e+001,
4325000000, -3.055792e+001,
4326250000, -3.103587e+001,
4327500000, -3.191709e+001,
4328750000, -3.204609e+001,
4330000000, -3.175407e+001,
4331250000, -3.267976e+001,
4332500000, -3.360251e+001,
4333750000, -3.394133e+001,
4335000000, -3.396495e+001,
4336250000, -3.345135e+001,
4337500000, -3.307092e+001,
4338750000, -3.325398e+001,
4340000000, -3.370881e+001,
4341250000, -3.435429e+001,
4342500000, -3.307605e+001,
4343750000, -3.223318e+001,
4345000000, -3.201351e+001,
4346250000, -3.216124e+001,
4347500000, -3.261964e+001,
4348750000, -3.295859e+001,
4350000000, -3.336782e+001,
4351250000, -3.406857e+001,
4352500000, -4.141908e+001,
4353750000, -3.732750e+001,
4355000000, -3.427544e+001,
4356250000, -3.253133e+001,
4357500000, -3.341342e+001,
4358750000, -3.810917e+001,
4360000000, -4.156323e+001,
4361250000, -3.682981e+001,
4362500000, -3.288864e+001,
4363750000, -3.212430e+001,
4365000000, -3.151663e+001,
4366250000, -3.055403e+001,
4367500000, -2.912946e+001,
4368750000, -2.778191e+001,
4370000000, -2.701700e+001,
4371250000, -2.683520e+001,
4372500000, -2.710925e+001,
4373750000, -2.722952e+001,
4375000000, -2.694283e+001,
4376250000, -2.647867e+001,
4377500000, -2.667192e+001,
4378750000, -2.708773e+001,
4380000000, -2.712365e+001,
4381250000, -2.676319e+001,
4382500000, -2.583420e+001,
4383750000, -2.490725e+001,
4385000000, -2.423387e+001,
4386250000, -2.491403e+001,
4387500000, -2.621175e+001,
4388750000, -2.670003e+001,
4390000000, -2.626172e+001,
4391250000, -2.615714e+001,
4392500000, -2.708680e+001,
4393750000, -2.834328e+001,
4395000000, -2.881276e+001,
4396250000, -2.858293e+001,
4397500000, -2.856961e+001,
4398750000, -2.834283e+001,
4400000000, -2.815143e+001,
4401250000, -2.783796e+001,
4402500000, -2.755651e+001,
4403750000, -2.798457e+001,
4405000000, -2.931524e+001,
4406250000, -3.046189e+001,
4407500000, -3.019867e+001,
4408750000, -2.961329e+001,
4410000000, -3.066714e+001,
4411250000, -3.249340e+001,
4412500000, -2.982045e+001,
4413750000, -3.011716e+001,
4415000000, -3.167285e+001,
4416250000, -3.350658e+001,
4417500000, -2.801832e+001,
4418750000, -2.455425e+001,
4420000000, -2.404701e+001,
4421250000, -2.409375e+001,
4422500000, -2.363603e+001,
4423750000, -2.230206e+001,
4425000000, -2.023226e+001,
4426250000, -1.936244e+001,
4427500000, -2.062083e+001,
4428750000, -2.242886e+001,
4430000000, -2.383417e+001,
4431250000, -2.396740e+001,
4432500000, -2.338675e+001,
4433750000, -2.248220e+001,
4435000000, -2.166637e+001,
4436250000, -2.086564e+001,
4437500000, -2.121964e+001,
4438750000, -2.237760e+001,
4440000000, -2.295159e+001,
4441250000, -2.356675e+001,
4442500000, -2.370129e+001,
4443750000, -2.257403e+001,
4445000000, -2.209064e+001,
4446250000, -2.288004e+001,
4447500000, -2.304180e+001,
4448750000, -2.311910e+001,
4450000000, -2.299419e+001,
4451250000, -2.292004e+001,
4452500000, -2.285702e+001,
4453750000, -2.225316e+001,
4455000000, -2.224758e+001,
4456250000, -2.352312e+001,
4457500000, -2.440712e+001,
4458750000, -2.488099e+001,
4460000000, -2.526058e+001,
4461250000, -2.533189e+001,
4462500000, -2.525931e+001,
4463750000, -2.509377e+001,
4465000000, -2.454986e+001,
4466250000, -2.401579e+001,
4467500000, -2.512043e+001,
4468750000, -2.703175e+001,
4470000000, -2.709848e+001,
4471250000, -2.671287e+001,
4472500000, -2.651433e+001,
4473750000, -2.670360e+001,
4475000000, -2.781955e+001,
4476250000, -2.820338e+001,
4477500000, -2.709899e+001,
4478750000, -2.658596e+001,
4480000000, -2.598682e+001,
4481250000, -2.612824e+001,
4482500000, -2.703636e+001,
4483750000, -2.915400e+001,
4485000000, -3.270941e+001,
4486250000, -3.502290e+001,
4487500000, -3.445557e+001,
4488750000, -3.691784e+001,
4490000000, -3.740908e+001,
4491250000, -3.571483e+001,
4492500000, -3.236521e+001,
4493750000, -3.124491e+001,
4495000000, -3.138274e+001,
4496250000, -2.645130e+001,
4497500000, -2.374690e+001,
4498750000, -2.377130e+001,
4500000000, -2.473771e+001,
4501250000, -2.401402e+001,
4502500000, -2.486468e+001,
4503750000, -2.551355e+001,
4505000000, -2.436856e+001,
4506250000, -2.454510e+001,
4507500000, -2.365116e+001,
4508750000, -2.200448e+001,
4510000000, -2.160793e+001,
4511250000, -2.123716e+001,
4512500000, -2.051086e+001,
4513750000, -1.873457e+001,
4515000000, -1.714183e+001,
4516250000, -1.672803e+001,
4517500000, -1.795046e+001,
4518750000, -1.916281e+001,
4520000000, -1.947595e+001,
4521250000, -1.819448e+001,
4522500000, -1.588613e+001,
4523750000, -1.378804e+001,
4525000000, -1.352744e+001,
4526250000, -1.443200e+001,
4527500000, -1.455750e+001,
4528750000, -1.336009e+001,
4530000000, -1.246379e+001,
4531250000, -1.315759e+001,
4532500000, -1.453018e+001,
4533750000, -1.525354e+001,
4535000000, -1.434548e+001,
4536250000, -1.234806e+001,
4537500000, -1.088962e+001,
4538750000, -1.094151e+001,
4540000000, -1.161772e+001,
4541250000, -1.180824e+001,
4542500000, -1.172234e+001,
4543750000, -1.139537e+001,
4545000000, -1.109817e+001,
4546250000, -1.134367e+001,
4547500000, -1.174592e+001,
4548750000, -1.160347e+001,
4550000000, -1.083166e+001,
4551250000, -9.832123e+000,
4552500000, -9.213179e+000,
4553750000, -9.381000e+000,
4555000000, -1.005737e+001,
4556250000, -1.033916e+001,
4557500000, -9.892896e+000,
4558750000, -9.350819e+000,
4560000000, -9.257030e+000,
4561250000, -9.434751e+000,
4562500000, -9.714935e+000,
4563750000, -1.006427e+001,
4565000000, -1.025512e+001,
4566250000, -1.030686e+001,
4567500000, -1.047501e+001,
4568750000, -1.058101e+001,
4570000000, -1.036794e+001,
4571250000, -9.889791e+000,
4572500000, -9.324454e+000,
4573750000, -8.859160e+000,
4575000000, -8.660236e+000,
4576250000, -8.824863e+000,
4577500000, -9.551193e+000,
4578750000, -1.069277e+001,
4580000000, -1.153599e+001,
4581250000, -1.169208e+001,
4582500000, -1.107092e+001,
4583750000, -1.019554e+001,
4585000000, -9.348329e+000,
4586250000, -8.639512e+000,
4587500000, -8.140355e+000,
4588750000, -7.907987e+000,
4590000000, -7.974948e+000,
4591250000, -8.426852e+000,
4592500000, -9.175932e+000,
4593750000, -9.902822e+000,
4595000000, -1.022759e+001,
4596250000, -1.003056e+001,
4597500000, -9.418350e+000,
4598750000, -8.576652e+000,
4600000000, -7.825374e+000,
4601250000, -7.293540e+000,
4602500000, -7.113179e+000,
4603750000, -7.408304e+000,
4605000000, -8.050770e+000,
4606250000, -8.770230e+000,
4607500000, -9.309861e+000,
4608750000, -9.645734e+000,
4610000000, -9.733122e+000,
4611250000, -9.583199e+000,
4612500000, -9.172416e+000,
4613750000, -8.524064e+000,
4615000000, -8.071226e+000,
4616250000, -8.291493e+000,
4617500000, -9.018585e+000,
4618750000, -9.849336e+000,
4620000000, -1.048315e+001,
4621250000, -1.080042e+001,
4622500000, -1.092780e+001,
4623750000, -1.111147e+001,
4625000000, -1.125853e+001,
4626250000, -1.090582e+001,
4627500000, -1.001084e+001,
4628750000, -9.420163e+000,
4630000000, -9.541700e+000,
4631250000, -9.926534e+000,
4632500000, -1.031651e+001,
4633750000, -1.067935e+001,
4635000000, -1.100589e+001,
4636250000, -1.134231e+001,
4637500000, -1.149599e+001,
4638750000, -1.098803e+001,
4640000000, -9.811409e+000,
4641250000, -8.871718e+000,
4642500000, -8.762620e+000,
4643750000, -9.117564e+000,
4645000000, -9.531322e+000,
4646250000, -9.812482e+000,
4647500000, -9.929660e+000,
4648750000, -9.952143e+000,
4650000000, -9.793668e+000,
4651250000, -9.309728e+000,
4652500000, -8.735581e+000,
4653750000, -8.639790e+000,
4655000000, -9.024113e+000,
4656250000, -9.510117e+000,
4657500000, -9.868417e+000,
4658750000, -1.001352e+001,
4660000000, -9.918314e+000,
4661250000, -9.723100e+000,
4662500000, -9.555466e+000,
4663750000, -9.437510e+000,
4665000000, -9.493638e+000,
4666250000, -9.852599e+000,
4667500000, -1.033976e+001,
4668750000, -1.077394e+001,
4670000000, -1.106489e+001,
4671250000, -1.109223e+001,
4672500000, -1.088745e+001,
4673750000, -1.061307e+001,
4675000000, -1.041420e+001,
4676250000, -1.049957e+001,
4677500000, -1.091460e+001,
4678750000, -1.146212e+001,
4680000000, -1.192098e+001,
4681250000, -1.212292e+001,
4682500000, -1.217113e+001,
4683750000, -1.204722e+001,
4685000000, -1.165449e+001,
4686250000, -1.125060e+001,
4687500000, -1.115228e+001,
4688750000, -1.133949e+001,
4690000000, -1.157039e+001,
4691250000, -1.189611e+001,
4692500000, -1.226515e+001,
4693750000, -1.238445e+001,
4695000000, -1.216465e+001,
4696250000, -1.184283e+001,
4697500000, -1.160525e+001,
4698750000, -1.149018e+001,
4700000000, -1.156276e+001,
4701250000, -1.183238e+001,
4702500000, -1.215372e+001,
4703750000, -1.236707e+001,
4705000000, -1.236852e+001,
4706250000, -1.227106e+001,
4707500000, -1.220415e+001,
4708750000, -1.220308e+001,
4710000000, -1.218078e+001,
4711250000, -1.232969e+001,
4712500000, -1.283581e+001,
4713750000, -1.342834e+001,
4715000000, -1.376251e+001,
4716250000, -1.379958e+001,
4717500000, -1.371751e+001,
4718750000, -1.363077e+001,
4720000000, -1.359570e+001,
4721250000, -1.376758e+001,
4722500000, -1.416834e+001,
4723750000, -1.444915e+001,
4725000000, -1.442211e+001,
4726250000, -1.422742e+001,
4727500000, -1.405089e+001,
4728750000, -1.394551e+001,
4730000000, -1.394149e+001,
4731250000, -1.401158e+001,
4732500000, -1.395032e+001,
4733750000, -1.376601e+001,
4735000000, -1.357042e+001,
4736250000, -1.338221e+001,
4737500000, -1.326607e+001,
4738750000, -1.320927e+001,
4740000000, -1.321323e+001,
4741250000, -1.331644e+001,
4742500000, -1.344043e+001,
4743750000, -1.346227e+001,
4745000000, -1.334094e+001,
4746250000, -1.321937e+001,
4747500000, -1.328248e+001,
4748750000, -1.359809e+001,
4750000000, -1.407593e+001,
4751250000, -1.458216e+001,
4752500000, -1.497490e+001,
4753750000, -1.500413e+001,
4755000000, -1.476522e+001,
4756250000, -1.465682e+001,
4757500000, -1.486692e+001,
4758750000, -1.532767e+001,
4760000000, -1.591513e+001,
4761250000, -1.648944e+001,
4762500000, -1.678359e+001,
4763750000, -1.658568e+001,
4765000000, -1.618372e+001,
4766250000, -1.582174e+001,
4767500000, -1.573359e+001,
4768750000, -1.583719e+001,
4770000000, -1.610726e+001,
4771250000, -1.614672e+001,
4772500000, -1.580498e+001,
4773750000, -1.536865e+001,
4775000000, -1.505319e+001,
4776250000, -1.495984e+001,
4777500000, -1.507318e+001,
4778750000, -1.523153e+001,
4780000000, -1.513106e+001,
4781250000, -1.490404e+001,
4782500000, -1.482390e+001,
4783750000, -1.502351e+001,
4785000000, -1.541508e+001,
4786250000, -1.574375e+001,
4787500000, -1.573214e+001,
4788750000, -1.540004e+001,
4790000000, -1.514247e+001,
4791250000, -1.522453e+001,
4792500000, -1.575074e+001,
4793750000, -1.650724e+001,
4795000000, -1.698154e+001,
4796250000, -1.685730e+001,
4797500000, -1.628307e+001,
4798750000, -1.576159e+001,
4800000000, -1.567483e+001,
4801250000, -1.623603e+001,
4802500000, -1.690114e+001,
4803750000, -1.722635e+001,
4805000000, -1.697507e+001,
4806250000, -1.638617e+001,
4807500000, -1.602832e+001,
4808750000, -1.616706e+001,
4810000000, -1.659309e+001,
4811250000, -1.681651e+001,
4812500000, -1.662982e+001,
4813750000, -1.622557e+001,
4815000000, -1.600584e+001,
4816250000, -1.619067e+001,
4817500000, -1.652316e+001,
4818750000, -1.660109e+001,
4820000000, -1.638942e+001,
4821250000, -1.604792e+001,
4822500000, -1.582928e+001,
4823750000, -1.593017e+001,
4825000000, -1.618491e+001,
4826250000, -1.628761e+001,
4827500000, -1.616473e+001,
4828750000, -1.596827e+001,
4830000000, -1.589525e+001,
4831250000, -1.622066e+001,
4832500000, -1.682599e+001,
4833750000, -1.732010e+001,
4835000000, -1.745381e+001,
4836250000, -1.729930e+001,
4837500000, -1.712186e+001,
4838750000, -1.728621e+001,
4840000000, -1.773486e+001,
4841250000, -1.807823e+001,
4842500000, -1.813302e+001,
4843750000, -1.788883e+001,
4845000000, -1.749888e+001,
4846250000, -1.731400e+001,
4847500000, -1.737541e+001,
4848750000, -1.744560e+001,
4850000000, -1.738146e+001,
4851250000, -1.715912e+001,
4852500000, -1.699228e+001,
4853750000, -1.715028e+001,
4855000000, -1.756232e+001,
4856250000, -1.795740e+001,
4857500000, -1.821613e+001,
4858750000, -1.835606e+001,
4860000000, -1.850823e+001,
4861250000, -1.877572e+001,
4862500000, -1.907445e+001,
4863750000, -1.935576e+001,
4865000000, -1.956678e+001,
4866250000, -1.956684e+001,
4867500000, -1.939160e+001,
4868750000, -1.915373e+001,
4870000000, -1.898888e+001,
4871250000, -1.895699e+001,
4872500000, -1.892281e+001,
4873750000, -1.875586e+001,
4875000000, -1.853342e+001,
4876250000, -1.843004e+001,
4877500000, -1.857473e+001,
4878750000, -1.897485e+001,
4880000000, -1.943977e+001,
4881250000, -1.980928e+001,
4882500000, -2.001958e+001,
4883750000, -2.021708e+001,
4885000000, -2.065626e+001,
4886250000, -2.128673e+001,
4887500000, -2.172071e+001,
4888750000, -2.177491e+001,
4890000000, -2.158045e+001,
4891250000, -2.138249e+001,
4892500000, -2.126942e+001,
4893750000, -2.115434e+001,
4895000000, -2.099921e+001,
4896250000, -2.088089e+001,
4897500000, -2.087524e+001,
4898750000, -2.097470e+001,
4900000000, -2.109761e+001,
4901250000, -2.126123e+001,
4902500000, -2.160374e+001,
4903750000, -2.215108e+001,
4905000000, -2.270340e+001,
4906250000, -2.298918e+001,
4907500000, -2.314281e+001,
4908750000, -2.337638e+001,
4910000000, -2.364941e+001,
4911250000, -2.374354e+001,
4912500000, -2.353851e+001,
4913750000, -2.320656e+001,
4915000000, -2.299497e+001,
4916250000, -2.300778e+001,
4917500000, -2.315054e+001,
4918750000, -2.328043e+001,
4920000000, -2.339784e+001,
4921250000, -2.366928e+001,
4922500000, -2.408290e+001,
4923750000, -2.455202e+001,
4925000000, -2.500746e+001,
4926250000, -2.545211e+001,
4927500000, -2.577758e+001,
4928750000, -2.589659e+001,
4930000000, -2.579084e+001,
4931250000, -2.556139e+001,
4932500000, -2.528781e+001,
4933750000, -2.504749e+001,
4935000000, -2.490256e+001,
4936250000, -2.489004e+001,
4937500000, -2.503060e+001,
4938750000, -2.532467e+001,
4940000000, -2.577205e+001,
4941250000, -2.634228e+001,
4942500000, -2.701810e+001,
4943750000, -2.769230e+001,
4945000000, -2.824099e+001,
4946250000, -2.854088e+001,
4947500000, -2.853784e+001,
4948750000, -2.827977e+001,
4950000000, -2.789101e+001,
4951250000, -2.752433e+001,
4952500000, -2.731080e+001,
4953750000, -2.731895e+001,
4955000000, -2.746591e+001,
4956250000, -2.773026e+001,
4957500000, -2.823587e+001,
4958750000, -2.898110e+001,
4960000000, -2.976608e+001,
4961250000, -3.044723e+001,
4962500000, -3.096957e+001,
4963750000, -3.112149e+001,
4965000000, -3.078885e+001,
4966250000, -3.021684e+001,
4967500000, -2.965706e+001,
4968750000, -2.927605e+001,
4970000000, -2.912832e+001,
4971250000, -2.926066e+001,
4972500000, -2.972011e+001,
4973750000, -3.054201e+001,
4975000000, -3.166092e+001,
4976250000, -3.300640e+001,
4977500000, -3.443874e+001,
4978750000, -3.543941e+001,
4980000000, -3.550545e+001,
4981250000, -3.475372e+001,
4982500000, -3.384254e+001,
4983750000, -3.316920e+001,
4985000000, -3.277451e+001,
4986250000, -3.273627e+001,
4987500000, -3.310589e+001,
4988750000, -3.391109e+001,
4990000000, -3.509954e+001,
4991250000, -3.678790e+001,
4992500000, -3.888478e+001,
4993750000, -4.069063e+001,
4995000000, -4.078719e+001,
4996250000, -3.918319e+001,
4997500000, -3.724647e+001,
4998750000, -3.572585e+001,
5000000000, -3.481319e+001,
5001250000, -3.443766e+001,
5002500000, -3.463384e+001,
5003750000, -3.546918e+001,
5005000000, -3.702307e+001,
5006250000, -3.936477e+001,
5007500000, -4.221106e+001,
5008750000, -4.306491e+001,
5010000000, -4.081414e+001,
5011250000, -3.839407e+001,
5012500000, -3.690931e+001,
5013750000, -3.631112e+001,
5015000000, -3.653823e+001,
5016250000, -3.768181e+001,
5017500000, -4.005611e+001,
5018750000, -4.429125e+001,
5020000000, -5.369046e+001,
5021250000, -5.394085e+001,
5022500000, -4.603274e+001,
5023750000, -4.308195e+001,
5025000000, -4.219221e+001,
5026250000, -4.252877e+001,
5027500000, -4.367167e+001,
5028750000, -4.499812e+001,
5030000000, -4.499846e+001,
5031250000, -4.391847e+001,
5032500000, -4.339296e+001,
5033750000, -4.401005e+001,
5035000000, -4.620362e+001,
5036250000, -5.125970e+001,
5037500000, -5.432941e+001,
5038750000, -4.654960e+001,
5040000000, -4.248255e+001,
5041250000, -4.052721e+001,
5042500000, -3.994044e+001,
5043750000, -4.074091e+001,
5045000000, -4.335264e+001,
5046250000, -4.966994e+001,
5047500000, -6.259696e+001,
5048750000, -4.711872e+001,
5050000000, -4.247689e+001,
5051250000, -4.042289e+001,
5052500000, -4.013024e+001,
5053750000, -4.156522e+001,
5055000000, -4.526258e+001,
5056250000, -5.427057e+001,
5057500000, -5.123770e+001,
5058750000, -4.455651e+001,
5060000000, -4.174576e+001,
5061250000, -4.094241e+001,
5062500000, -4.216273e+001,
5063750000, -4.597161e+001,
5065000000, -5.394082e+001,
5066250000, -4.903518e+001,
5067500000, -4.367695e+001,
5068750000, -4.150500e+001,
5070000000, -4.128297e+001,
5071250000, -4.295650e+001,
5072500000, -4.764991e+001,
5073750000, -5.629177e+001,
5075000000, -4.646149e+001,
5076250000, -4.205287e+001,
5077500000, -4.074134e+001,
5078750000, -4.156332e+001,
5080000000, -4.458158e+001,
5081250000, -5.161167e+001,
5082500000, -5.054165e+001,
5083750000, -4.382832e+001,
5085000000, -4.141573e+001,
5086250000, -4.152643e+001,
5087500000, -4.398907e+001,
5088750000, -4.903684e+001,
5090000000, -4.937720e+001,
5091250000, -4.480791e+001,
5092500000, -4.267803e+001,
5093750000, -4.279139e+001,
5095000000, -4.497205e+001,
5096250000, -4.818863e+001,
5097500000, -4.703881e+001,
5098750000, -4.404860e+001,
5100000000, -4.308567e+001,
5101250000, -4.419532e+001,
5102500000, -4.669829e+001,
5103750000, -4.719742e+001,
5105000000, -4.493633e+001,
5106250000, -4.374220e+001,
5107500000, -4.401061e+001,
5108750000, -4.529066e+001,
5110000000, -4.648034e+001,
5111250000, -4.598649e+001,
5112500000, -4.473555e+001,
5113750000, -4.417255e+001,
5115000000, -4.465702e+001,
5116250000, -4.542089e+001,
5117500000, -4.571695e+001,
5118750000, -4.542728e+001,
5120000000, -4.515976e+001,
5121250000, -4.486601e+001,
5122500000, -4.462908e+001,
5123750000, -4.491142e+001,
5125000000, -4.570248e+001,
5126250000, -4.588285e+001,
5127500000, -4.516789e+001,
5128750000, -4.443718e+001,
5130000000, -4.462929e+001,
5131250000, -4.558604e+001,
5132500000, -4.613820e+001,
5133750000, -4.539153e+001,
5135000000, -4.455512e+001,
5136250000, -4.467846e+001,
5137500000, -4.561422e+001,
5138750000, -4.611893e+001,
5140000000, -4.540808e+001,
5141250000, -4.462403e+001,
5142500000, -4.519587e+001,
5143750000, -4.601768e+001,
5145000000, -4.568245e+001,
5146250000, -4.532838e+001,
5147500000, -4.537148e+001,
5148750000, -4.554037e+001,
5150000000, -4.583925e+001,
5151250000, -4.601125e+001,
5152500000, -4.532167e+001,
5153750000, -4.555750e+001,
5155000000, -4.612001e+001,
5156250000, -4.590233e+001,
5157500000, -4.564022e+001,
5158750000, -4.603617e+001,
5160000000, -4.597887e+001,
5161250000, -4.601067e+001,
5162500000, -4.612383e+001,
5163750000, -4.602911e+001,
5165000000, -4.605296e+001,
5166250000, -4.632429e+001,
5167500000, -4.620626e+001,
5168750000, -4.627534e+001,
5170000000, -4.642322e+001,
5171250000, -4.640999e+001,
5172500000, -4.646755e+001,
5173750000, -4.654296e+001,
5175000000, -4.654119e+001,
5176250000, -4.656347e+001,
5177500000, -4.668011e+001,
5178750000, -4.667819e+001,
5180000000, -4.677873e+001,
5181250000, -4.678786e+001,
5182500000, -4.679882e+001,
5183750000, -4.685022e+001,
5185000000, -4.691336e+001,
5186250000, -4.689933e+001,
5187500000, -4.700142e+001,
5188750000, -4.697391e+001,
5190000000, -4.703143e+001,
5191250000, -4.705239e+001,
5192500000, -4.706586e+001,
5193750000, -4.713236e+001,
5195000000, -4.714499e+001,
5196250000, -4.717954e+001,
5197500000, -4.718631e+001,
5198750000, -4.723745e+001,
5200000000, -4.728284e+001,
5201250000, -4.731367e+001,
5202500000, -4.736653e+001,
5203750000, -4.739715e+001,
5205000000, -4.740140e+001,
5206250000, -4.744723e+001,
5207500000, -4.749214e+001,
5208750000, -4.747833e+001,
5210000000, -4.754539e+001,
5211250000, -4.757302e+001,
5212500000, -4.756418e+001,
5213750000, -4.758560e+001,
5215000000, -4.758756e+001,
5216250000, -4.764505e+001,
5217500000, -4.761048e+001,
5218750000, -4.760529e+001,
5220000000, -4.767361e+001,
5221250000, -4.769488e+001,
5222500000, -4.767517e+001,
5223750000, -4.772295e+001,
5225000000, -4.770269e+001,
5226250000, -4.769233e+001,
5227500000, -4.776817e+001,
5228750000, -4.777927e+001,
5230000000, -4.773666e+001,
5231250000, -4.778283e+001,
5232500000, -4.781323e+001,
5233750000, -4.780652e+001,
5235000000, -4.782523e+001,
5236250000, -4.781044e+001,
5237500000, -4.781286e+001,
5238750000, -4.782164e+001,
5240000000, -4.785513e+001,
5241250000, -4.790307e+001,
5242500000, -4.785055e+001,
5243750000, -4.785713e+001,
5245000000, -4.782550e+001,
5246250000, -4.787003e+001,
5247500000, -4.785370e+001,
5248750000, -4.783475e+001,
5250000000, -4.785969e+001,
5251250000, -4.784523e+001,
5252500000, -4.783355e+001,
5253750000, -4.785178e+001,
5255000000, -4.787306e+001,
5256250000, -4.786502e+001,
5257500000, -4.790371e+001,
5258750000, -4.789203e+001,
5260000000, -4.791741e+001,
5261250000, -4.788600e+001,
5262500000, -4.787694e+001,
5263750000, -4.789008e+001,
5265000000, -4.789894e+001,
5266250000, -4.789523e+001,
5267500000, -4.790496e+001,
5268750000, -4.787920e+001,
5270000000, -4.793686e+001,
5271250000, -4.794236e+001,
5272500000, -4.791063e+001,
5273750000, -4.795699e+001,
5275000000, -4.794167e+001,
5276250000, -4.797026e+001,
5277500000, -4.792880e+001,
5278750000, -4.794030e+001,
5280000000, -4.796558e+001,
5281250000, -4.799109e+001,
5282500000, -4.793258e+001,
5283750000, -4.798606e+001,
5285000000, -4.796824e+001,
5286250000, -4.804016e+001,
5287500000, -4.796842e+001,
5288750000, -4.803025e+001,
5290000000, -4.805653e+001,
5291250000, -4.803905e+001,
5292500000, -4.809166e+001,
5293750000, -4.807890e+001,
5295000000, -4.810763e+001,
5296250000, -4.812451e+001,
5297500000, -4.813209e+001,
5298750000, -4.814664e+001,
5300000000, -4.816673e+001,
5301250000, -4.815130e+001,
5302500000, -4.820454e+001,
5303750000, -4.821426e+001,
5305000000, -4.821653e+001,
5306250000, -4.825000e+001,
5307500000, -4.825603e+001,
5308750000, -4.832348e+001,
5310000000, -4.831906e+001,
5311250000, -4.834138e+001,
5312500000, -4.837157e+001,
5313750000, -4.838071e+001,
5315000000, -4.835553e+001,
5316250000, -4.838216e+001,
5317500000, -4.837790e+001,
5318750000, -4.836614e+001,
5320000000, -4.843955e+001,
5321250000, -4.845650e+001,
5322500000, -4.845768e+001,
5323750000, -4.847400e+001,
5325000000, -4.850779e+001,
5326250000, -4.848828e+001,
5327500000, -4.856050e+001,
5328750000, -4.854684e+001,
5330000000, -4.853494e+001,
5331250000, -4.857259e+001,
5332500000, -4.861137e+001,
5333750000, -4.859269e+001,
5335000000, -4.858752e+001,
5336250000, -4.857240e+001,
5337500000, -4.857260e+001,
5338750000, -4.860393e+001,
5340000000, -4.863589e+001,
5341250000, -4.857606e+001,
5342500000, -4.855987e+001,
5343750000, -4.856777e+001,
5345000000, -4.862596e+001,
5346250000, -4.858082e+001,
5347500000, -4.860692e+001,
5348750000, -4.859504e+001,
5350000000, -4.860033e+001,
5351250000, -4.862314e+001,
5352500000, -4.858624e+001,
5353750000, -4.861430e+001,
5355000000, -4.860965e+001,
5356250000, -4.859528e+001,
5357500000, -4.860511e+001,
5358750000, -4.857853e+001,
5360000000, -4.860935e+001,
5361250000, -4.855843e+001,
5362500000, -4.859104e+001,
5363750000, -4.856900e+001,
5365000000, -4.858321e+001,
5366250000, -4.862372e+001,
5367500000, -4.859626e+001,
5368750000, -4.864269e+001,
5370000000, -4.863476e+001,
5371250000, -4.856851e+001,
5372500000, -4.860146e+001,
5373750000, -4.856923e+001,
5375000000, -4.860754e+001,
5376250000, -4.859312e+001,
5377500000, -4.858205e+001,
5378750000, -4.860621e+001,
5380000000, -4.860959e+001,
5381250000, -4.858728e+001,
5382500000, -4.860157e+001,
5383750000, -4.855810e+001,
5385000000, -4.851474e+001,
5386250000, -4.855428e+001,
5387500000, -4.853510e+001,
5388750000, -4.849007e+001,
5390000000, -4.855113e+001,
5391250000, -4.854662e+001,
5392500000, -4.845258e+001,
5393750000, -4.849408e+001,
5395000000, -4.846678e+001,
5396250000, -4.845879e+001,
5397500000, -4.842736e+001,
5398750000, -4.843074e+001,
5400000000, -4.839581e+001,
5401250000, -4.840619e+001,
5402500000, -4.841522e+001,
5403750000, -4.836406e+001,
5405000000, -4.836137e+001,
5406250000, -4.835195e+001,
5407500000, -4.835305e+001,
5408750000, -4.832766e+001,
5410000000, -4.829710e+001,
5411250000, -4.828623e+001,
5412500000, -4.829094e+001,
5413750000, -4.831105e+001,
5415000000, -4.828030e+001,
5416250000, -4.826537e+001,
5417500000, -4.829631e+001,
5418750000, -4.830872e+001,
5420000000, -4.827552e+001,
5421250000, -4.827929e+001,
5422500000, -4.827682e+001,
5423750000, -4.827449e+001,
5425000000, -4.826923e+001,
5426250000, -4.828083e+001,
5427500000, -4.829778e+001,
5428750000, -4.826606e+001,
5430000000, -4.824949e+001,
5431250000, -4.827584e+001,
5432500000, -4.828382e+001,
5433750000, -4.830548e+001,
5435000000, -4.830902e+001,
5436250000, -4.829981e+001,
5437500000, -4.833229e+001,
5438750000, -4.829890e+001,
5440000000, -4.834462e+001,
5441250000, -4.838245e+001,
5442500000, -4.840654e+001,
5443750000, -4.840144e+001,
5445000000, -4.843175e+001,
5446250000, -4.851442e+001,
5447500000, -4.851006e+001,
5448750000, -4.852864e+001,
5450000000, -4.858792e+001,
5451250000, -4.856095e+001,
5452500000, -4.858508e+001,
5453750000, -4.862429e+001,
5455000000, -4.866463e+001,
5456250000, -4.872913e+001,
5457500000, -4.872355e+001,
5458750000, -4.875390e+001,
5460000000, -4.881337e+001,
5461250000, -4.884316e+001,
5462500000, -4.891139e+001,
5463750000, -4.893325e+001,
5465000000, -4.897052e+001,
5466250000, -4.903346e+001,
5467500000, -4.909086e+001,
5468750000, -4.915779e+001,
5470000000, -4.920052e+001,
5471250000, -4.924296e+001,
5472500000, -4.926189e+001,
5473750000, -4.927084e+001,
5475000000, -4.932479e+001,
5476250000, -4.935521e+001,
5477500000, -4.938179e+001,
5478750000, -4.944741e+001,
5480000000, -4.950587e+001,
5481250000, -4.948868e+001,
5482500000, -4.957480e+001,
5483750000, -4.959016e+001,
5485000000, -4.965312e+001,
5486250000, -4.966077e+001,
5487500000, -4.962703e+001,
5488750000, -4.965203e+001,
5490000000, -4.962283e+001,
5491250000, -4.967400e+001,
5492500000, -4.972315e+001,
5493750000, -4.971848e+001,
5495000000, -4.968538e+001,
5496250000, -4.972658e+001,
5497500000, -4.971628e+001,
5498750000, -4.977124e+001,
5500000000, -4.976344e+001,
