"S12 Log Mag"
"Frequency (Hz)","dB",
3500000000, -4.568776e+001,
3501250000, -4.568231e+001,
3502500000, -4.566603e+001,
3503750000, -4.564623e+001,
3505000000, -4.569112e+001,
3506250000, -4.571364e+001,
3507500000, -4.569943e+001,
3508750000, -4.572694e+001,
3510000000, -4.579715e+001,
3511250000, -4.582944e+001,
3512500000, -4.579899e+001,
3513750000, -4.579120e+001,
3515000000, -4.579708e+001,
3516250000, -4.585635e+001,
3517500000, -4.587475e+001,
3518750000, -4.588884e+001,
3520000000, -4.593537e+001,
3521250000, -4.595614e+001,
3522500000, -4.598170e+001,
3523750000, -4.601907e+001,
3525000000, -4.607727e+001,
3526250000, -4.607985e+001,
3527500000, -4.607043e+001,
3528750000, -4.611353e+001,
3530000000, -4.619972e+001,
3531250000, -4.623944e+001,
3532500000, -4.629061e+001,
3533750000, -4.630185e+001,
3535000000, -4.629105e+001,
3536250000, -4.629972e+001,
3537500000, -4.637172e+001,
3538750000, -4.644016e+001,
3540000000, -4.642754e+001,
3541250000, -4.645197e+001,
3542500000, -4.648845e+001,
3543750000, -4.648331e+001,
3545000000, -4.651654e+001,
3546250000, -4.655482e+001,
3547500000, -4.656800e+001,
3548750000, -4.662524e+001,
3550000000, -4.663036e+001,
3551250000, -4.667484e+001,
3552500000, -4.674597e+001,
3553750000, -4.675981e+001,
3555000000, -4.680064e+001,
3556250000, -4.682235e+001,
3557500000, -4.678771e+001,
3558750000, -4.680145e+001,
3560000000, -4.685286e+001,
3561250000, -4.684550e+001,
3562500000, -4.691779e+001,
3563750000, -4.690626e+001,
3565000000, -4.684940e+001,
3566250000, -4.686619e+001,
3567500000, -4.686050e+001,
3568750000, -4.693269e+001,
3570000000, -4.691985e+001,
3571250000, -4.695871e+001,
3572500000, -4.693958e+001,
3573750000, -4.701260e+001,
3575000000, -4.705342e+001,
3576250000, -4.707548e+001,
3577500000, -4.704268e+001,
3578750000, -4.707598e+001,
3580000000, -4.699384e+001,
3581250000, -4.693660e+001,
3582500000, -4.699803e+001,
3583750000, -4.704718e+001,
3585000000, -4.701460e+001,
3586250000, -4.702317e+001,
3587500000, -4.707412e+001,
3588750000, -4.704585e+001,
3590000000, -4.696865e+001,
3591250000, -4.698985e+001,
3592500000, -4.699117e+001,
3593750000, -4.705891e+001,
3595000000, -4.697103e+001,
3596250000, -4.700917e+001,
3597500000, -4.703243e+001,
3598750000, -4.701718e+001,
3600000000, -4.702132e+001,
3601250000, -4.699051e+001,
3602500000, -4.705896e+001,
3603750000, -4.691017e+001,
3605000000, -4.681772e+001,
3606250000, -4.689946e+001,
3607500000, -4.685262e+001,
3608750000, -4.684976e+001,
3610000000, -4.689968e+001,
3611250000, -4.679249e+001,
3612500000, -4.680771e+001,
3613750000, -4.682673e+001,
3615000000, -4.677144e+001,
3616250000, -4.669953e+001,
3617500000, -4.677808e+001,
3618750000, -4.679876e+001,
3620000000, -4.671068e+001,
3621250000, -4.675229e+001,
3622500000, -4.687312e+001,
3623750000, -4.683240e+001,
3625000000, -4.673145e+001,
3626250000, -4.680277e+001,
3627500000, -4.687226e+001,
3628750000, -4.676277e+001,
3630000000, -4.668406e+001,
3631250000, -4.670084e+001,
3632500000, -4.670307e+001,
3633750000, -4.677836e+001,
3635000000, -4.679706e+001,
3636250000, -4.676800e+001,
3637500000, -4.670784e+001,
3638750000, -4.675042e+001,
3640000000, -4.671394e+001,
3641250000, -4.671554e+001,
3642500000, -4.670776e+001,
3643750000, -4.681790e+001,
3645000000, -4.677372e+001,
3646250000, -4.683190e+001,
3647500000, -4.687611e+001,
3648750000, -4.685951e+001,
3650000000, -4.688573e+001,
3651250000, -4.685882e+001,
3652500000, -4.689489e+001,
3653750000, -4.691273e+001,
3655000000, -4.691540e+001,
3656250000, -4.692750e+001,
3657500000, -4.678995e+001,
3658750000, -4.678716e+001,
3660000000, -4.698181e+001,
3661250000, -4.710377e+001,
3662500000, -4.701969e+001,
3663750000, -4.691767e+001,
3665000000, -4.701789e+001,
3666250000, -4.704294e+001,
3667500000, -4.702962e+001,
3668750000, -4.707658e+001,
3670000000, -4.712967e+001,
3671250000, -4.726976e+001,
3672500000, -4.738060e+001,
3673750000, -4.724297e+001,
3675000000, -4.720143e+001,
3676250000, -4.733070e+001,
3677500000, -4.739326e+001,
3678750000, -4.726035e+001,
3680000000, -4.732232e+001,
3681250000, -4.742243e+001,
3682500000, -4.734889e+001,
3683750000, -4.734940e+001,
3685000000, -4.729874e+001,
3686250000, -4.735403e+001,
3687500000, -4.755112e+001,
3688750000, -4.761318e+001,
3690000000, -4.763100e+001,
3691250000, -4.758556e+001,
3692500000, -4.750066e+001,
3693750000, -4.755554e+001,
3695000000, -4.764660e+001,
3696250000, -4.768646e+001,
3697500000, -4.769138e+001,
3698750000, -4.771748e+001,
3700000000, -4.796452e+001,
3701250000, -4.789472e+001,
3702500000, -4.776608e+001,
3703750000, -4.769224e+001,
3705000000, -4.764830e+001,
3706250000, -4.777456e+001,
3707500000, -4.787812e+001,
3708750000, -4.785322e+001,
3710000000, -4.776713e+001,
3711250000, -4.767753e+001,
3712500000, -4.766063e+001,
3713750000, -4.773977e+001,
3715000000, -4.778274e+001,
3716250000, -4.765340e+001,
3717500000, -4.770854e+001,
3718750000, -4.795926e+001,
3720000000, -4.794099e+001,
3721250000, -4.771787e+001,
3722500000, -4.768531e+001,
3723750000, -4.775582e+001,
3725000000, -4.781562e+001,
3726250000, -4.779503e+001,
3727500000, -4.777135e+001,
3728750000, -4.795248e+001,
3730000000, -4.787781e+001,
3731250000, -4.793025e+001,
3732500000, -4.755767e+001,
3733750000, -4.740144e+001,
3735000000, -4.759814e+001,
3736250000, -4.783619e+001,
3737500000, -4.802183e+001,
3738750000, -4.777656e+001,
3740000000, -4.742595e+001,
3741250000, -4.746590e+001,
3742500000, -4.759776e+001,
3743750000, -4.759966e+001,
3745000000, -4.747904e+001,
3746250000, -4.745368e+001,
3747500000, -4.756780e+001,
3748750000, -4.765008e+001,
3750000000, -4.776302e+001,
3751250000, -4.785963e+001,
3752500000, -4.738921e+001,
3753750000, -4.724505e+001,
3755000000, -4.755985e+001,
3756250000, -4.770951e+001,
3757500000, -4.771538e+001,
3758750000, -4.766821e+001,
3760000000, -4.772665e+001,
3761250000, -4.756538e+001,
3762500000, -4.729403e+001,
3763750000, -4.713997e+001,
3765000000, -4.722027e+001,
3766250000, -4.746731e+001,
3767500000, -4.764993e+001,
3768750000, -4.769965e+001,
3770000000, -4.739798e+001,
3771250000, -4.717122e+001,
3772500000, -4.711615e+001,
3773750000, -4.720392e+001,
3775000000, -4.744581e+001,
3776250000, -4.741263e+001,
3777500000, -4.729232e+001,
3778750000, -4.746551e+001,
3780000000, -4.779567e+001,
3781250000, -4.781981e+001,
3782500000, -4.745250e+001,
3783750000, -4.723060e+001,
3785000000, -4.724690e+001,
3786250000, -4.736884e+001,
3787500000, -4.752642e+001,
3788750000, -4.792036e+001,
3790000000, -4.778838e+001,
3791250000, -4.741633e+001,
3792500000, -4.724367e+001,
3793750000, -4.735360e+001,
3795000000, -4.750557e+001,
3796250000, -4.757220e+001,
3797500000, -4.730479e+001,
3798750000, -4.744697e+001,
3800000000, -4.800727e+001,
3801250000, -4.799551e+001,
3802500000, -4.760781e+001,
3803750000, -4.722801e+001,
3805000000, -4.727801e+001,
3806250000, -4.761719e+001,
3807500000, -4.781260e+001,
3808750000, -4.802879e+001,
3810000000, -4.822100e+001,
3811250000, -4.813131e+001,
3812500000, -4.801438e+001,
3813750000, -4.835770e+001,
3815000000, -4.818106e+001,
3816250000, -4.775227e+001,
3817500000, -4.772807e+001,
3818750000, -4.796497e+001,
3820000000, -4.856152e+001,
3821250000, -4.894173e+001,
3822500000, -4.856421e+001,
3823750000, -4.811520e+001,
3825000000, -4.796061e+001,
3826250000, -4.822070e+001,
3827500000, -4.881628e+001,
3828750000, -4.864149e+001,
3830000000, -4.838682e+001,
3831250000, -4.832040e+001,
3832500000, -4.865139e+001,
3833750000, -4.900784e+001,
3835000000, -4.911510e+001,
3836250000, -4.856347e+001,
3837500000, -4.833115e+001,
3838750000, -4.846344e+001,
3840000000, -4.870317e+001,
3841250000, -4.921552e+001,
3842500000, -4.952108e+001,
3843750000, -4.907652e+001,
3845000000, -4.915542e+001,
3846250000, -4.949044e+001,
3847500000, -4.924483e+001,
3848750000, -4.883404e+001,
3850000000, -4.877827e+001,
3851250000, -4.878292e+001,
3852500000, -4.929464e+001,
3853750000, -4.977283e+001,
3855000000, -4.965316e+001,
3856250000, -4.942487e+001,
3857500000, -4.921192e+001,
3858750000, -4.927212e+001,
3860000000, -4.960392e+001,
3861250000, -4.936738e+001,
3862500000, -4.922259e+001,
3863750000, -4.952931e+001,
3865000000, -4.950258e+001,
3866250000, -4.942358e+001,
3867500000, -4.972522e+001,
3868750000, -4.983921e+001,
3870000000, -4.968680e+001,
3871250000, -4.978424e+001,
3872500000, -4.956390e+001,
3873750000, -4.935777e+001,
3875000000, -4.939834e+001,
3876250000, -4.957177e+001,
3877500000, -5.001005e+001,
3878750000, -5.101213e+001,
3880000000, -5.045972e+001,
3881250000, -4.938062e+001,
3882500000, -4.934570e+001,
3883750000, -4.927230e+001,
3885000000, -4.932364e+001,
3886250000, -4.981316e+001,
3887500000, -5.006685e+001,
3888750000, -4.969630e+001,
3890000000, -4.953482e+001,
3891250000, -4.954696e+001,
3892500000, -5.033419e+001,
3893750000, -5.032617e+001,
3895000000, -4.934467e+001,
3896250000, -4.907665e+001,
3897500000, -4.944023e+001,
3898750000, -4.978966e+001,
3900000000, -4.992627e+001,
3901250000, -4.982030e+001,
3902500000, -4.934666e+001,
3903750000, -4.931013e+001,
3905000000, -4.973708e+001,
3906250000, -5.020374e+001,
3907500000, -5.002296e+001,
3908750000, -4.966776e+001,
3910000000, -4.887677e+001,
3911250000, -4.842062e+001,
3912500000, -4.894874e+001,
3913750000, -4.995565e+001,
3915000000, -5.121464e+001,
3916250000, -5.034778e+001,
3917500000, -4.898289e+001,
3918750000, -4.842400e+001,
3920000000, -4.860522e+001,
3921250000, -4.915479e+001,
3922500000, -4.940891e+001,
3923750000, -4.911892e+001,
3925000000, -4.886945e+001,
3926250000, -4.873442e+001,
3927500000, -4.934707e+001,
3928750000, -4.988287e+001,
3930000000, -4.975468e+001,
3931250000, -4.939473e+001,
3932500000, -4.858288e+001,
3933750000, -4.796794e+001,
3935000000, -4.837227e+001,
3936250000, -4.919820e+001,
3937500000, -4.953916e+001,
3938750000, -4.920123e+001,
3940000000, -4.903754e+001,
3941250000, -4.912852e+001,
3942500000, -4.863297e+001,
3943750000, -4.891550e+001,
3945000000, -4.919356e+001,
3946250000, -4.885076e+001,
3947500000, -4.852542e+001,
3948750000, -4.832450e+001,
3950000000, -4.825795e+001,
3951250000, -4.920683e+001,
3952500000, -5.019315e+001,
3953750000, -4.970887e+001,
3955000000, -4.871075e+001,
3956250000, -4.775681e+001,
3957500000, -4.784232e+001,
3958750000, -4.794331e+001,
3960000000, -4.878139e+001,
3961250000, -4.916680e+001,
3962500000, -4.902196e+001,
3963750000, -4.871286e+001,
3965000000, -4.805226e+001,
3966250000, -4.851152e+001,
3967500000, -4.901508e+001,
3968750000, -4.923997e+001,
3970000000, -4.904432e+001,
3971250000, -4.856350e+001,
3972500000, -4.814228e+001,
3973750000, -4.814867e+001,
3975000000, -4.828244e+001,
3976250000, -4.827634e+001,
3977500000, -4.979157e+001,
3978750000, -5.068805e+001,
3980000000, -4.956134e+001,
3981250000, -4.859010e+001,
3982500000, -4.782761e+001,
3983750000, -4.828851e+001,
3985000000, -4.865270e+001,
3986250000, -4.869386e+001,
3987500000, -4.859742e+001,
3988750000, -4.899425e+001,
3990000000, -4.933932e+001,
3991250000, -4.982206e+001,
3992500000, -5.023545e+001,
3993750000, -4.994618e+001,
3995000000, -4.907363e+001,
3996250000, -4.761174e+001,
3997500000, -4.685699e+001,
3998750000, -4.725603e+001,
4000000000, -4.896681e+001,
4001250000, -5.157531e+001,
4002500000, -5.037881e+001,
4003750000, -4.942299e+001,
4005000000, -4.896077e+001,
4006250000, -4.837820e+001,
4007500000, -4.842492e+001,
4008750000, -4.867819e+001,
4010000000, -4.887876e+001,
4011250000, -4.931681e+001,
4012500000, -4.947527e+001,
4013750000, -4.912492e+001,
4015000000, -4.810716e+001,
4016250000, -4.934366e+001,
4017500000, -5.075385e+001,
4018750000, -5.136964e+001,
4020000000, -4.962222e+001,
4021250000, -4.809235e+001,
4022500000, -4.825113e+001,
4023750000, -4.891055e+001,
4025000000, -4.893814e+001,
4026250000, -4.891535e+001,
4027500000, -4.956453e+001,
4028750000, -5.042165e+001,
4030000000, -4.942058e+001,
4031250000, -4.890840e+001,
4032500000, -4.939032e+001,
4033750000, -5.064684e+001,
4035000000, -5.078965e+001,
4036250000, -4.927968e+001,
4037500000, -4.804752e+001,
4038750000, -4.768895e+001,
4040000000, -4.896202e+001,
4041250000, -4.944162e+001,
4042500000, -4.909823e+001,
4043750000, -4.944357e+001,
4045000000, -4.974338e+001,
4046250000, -5.056944e+001,
4047500000, -5.062998e+001,
4048750000, -5.009995e+001,
4050000000, -4.894401e+001,
4051250000, -4.887930e+001,
4052500000, -4.945205e+001,
4053750000, -5.022477e+001,
4055000000, -4.854966e+001,
4056250000, -4.811177e+001,
4057500000, -4.861304e+001,
4058750000, -5.004227e+001,
4060000000, -5.196042e+001,
4061250000, -5.188921e+001,
4062500000, -5.124932e+001,
4063750000, -4.970692e+001,
4065000000, -4.828459e+001,
4066250000, -4.789178e+001,
4067500000, -4.788247e+001,
4068750000, -4.806398e+001,
4070000000, -5.085010e+001,
4071250000, -5.205059e+001,
4072500000, -5.189122e+001,
4073750000, -5.030976e+001,
4075000000, -4.929076e+001,
4076250000, -4.919694e+001,
4077500000, -4.969320e+001,
4078750000, -4.985970e+001,
4080000000, -5.167518e+001,
4081250000, -5.239573e+001,
4082500000, -5.001841e+001,
4083750000, -4.847640e+001,
4085000000, -4.842370e+001,
4086250000, -4.928877e+001,
4087500000, -5.016397e+001,
4088750000, -5.125204e+001,
4090000000, -5.366544e+001,
4091250000, -5.320799e+001,
4092500000, -5.056727e+001,
4093750000, -4.854447e+001,
4095000000, -4.761591e+001,
4096250000, -4.948123e+001,
4097500000, -5.248638e+001,
4098750000, -5.346791e+001,
4100000000, -5.241210e+001,
4101250000, -5.018401e+001,
4102500000, -4.966241e+001,
4103750000, -5.014761e+001,
4105000000, -5.088945e+001,
4106250000, -5.120161e+001,
4107500000, -5.105203e+001,
4108750000, -5.108647e+001,
4110000000, -5.142698e+001,
4111250000, -5.123396e+001,
4112500000, -5.287994e+001,
4113750000, -5.255515e+001,
4115000000, -5.109149e+001,
4116250000, -5.146447e+001,
4117500000, -5.038502e+001,
4118750000, -4.980133e+001,
4120000000, -4.954440e+001,
4121250000, -4.938011e+001,
4122500000, -5.499006e+001,
4123750000, -6.309146e+001,
4125000000, -5.174196e+001,
4126250000, -4.844463e+001,
4127500000, -4.847453e+001,
4128750000, -4.982139e+001,
4130000000, -5.097857e+001,
4131250000, -5.098263e+001,
4132500000, -5.083561e+001,
4133750000, -5.231393e+001,
4135000000, -6.145912e+001,
4136250000, -5.649813e+001,
4137500000, -5.392571e+001,
4138750000, -4.994090e+001,
4140000000, -4.681927e+001,
4141250000, -4.789341e+001,
4142500000, -5.028279e+001,
4143750000, -5.304891e+001,
4145000000, -5.626106e+001,
4146250000, -5.660023e+001,
4147500000, -5.541555e+001,
4148750000, -5.261386e+001,
4150000000, -5.174089e+001,
4151250000, -5.084041e+001,
4152500000, -5.103916e+001,
4153750000, -5.134373e+001,
4155000000, -5.212953e+001,
4156250000, -5.265925e+001,
4157500000, -5.312867e+001,
4158750000, -5.398396e+001,
4160000000, -5.317529e+001,
4161250000, -5.192717e+001,
4162500000, -5.177418e+001,
4163750000, -5.020429e+001,
4165000000, -5.049601e+001,
4166250000, -5.323157e+001,
4167500000, -6.264242e+001,
4168750000, -5.555006e+001,
4170000000, -5.206673e+001,
4171250000, -5.009364e+001,
4172500000, -4.947375e+001,
4173750000, -5.023209e+001,
4175000000, -5.347083e+001,
4176250000, -5.429510e+001,
4177500000, -5.307558e+001,
4178750000, -5.215164e+001,
4180000000, -5.139202e+001,
4181250000, -5.117314e+001,
4182500000, -5.181172e+001,
4183750000, -5.415845e+001,
4185000000, -5.710495e+001,
4186250000, -5.507594e+001,
4187500000, -5.377087e+001,
4188750000, -5.241951e+001,
4190000000, -5.119577e+001,
4191250000, -5.171290e+001,
4192500000, -4.996049e+001,
4193750000, -4.860405e+001,
4195000000, -4.919672e+001,
4196250000, -5.124279e+001,
4197500000, -5.325877e+001,
4198750000, -5.920669e+001,
4200000000, -6.033508e+001,
4201250000, -5.525864e+001,
4202500000, -5.344484e+001,
4203750000, -5.105560e+001,
4205000000, -4.959725e+001,
4206250000, -4.963264e+001,
4207500000, -5.027869e+001,
4208750000, -4.949752e+001,
4210000000, -4.918781e+001,
4211250000, -4.908552e+001,
4212500000, -4.912911e+001,
4213750000, -4.999588e+001,
4215000000, -5.929087e+001,
4216250000, -5.657225e+001,
4217500000, -5.255416e+001,
4218750000, -5.026137e+001,
4220000000, -4.753255e+001,
4221250000, -4.559492e+001,
4222500000, -4.525642e+001,
4223750000, -4.642029e+001,
4225000000, -4.803051e+001,
4226250000, -4.982558e+001,
4227500000, -5.359197e+001,
4228750000, -6.204625e+001,
4230000000, -5.994617e+001,
4231250000, -5.134678e+001,
4232500000, -4.955931e+001,
4233750000, -4.873270e+001,
4235000000, -4.815887e+001,
4236250000, -4.882388e+001,
4237500000, -5.205938e+001,
4238750000, -5.704421e+001,
4240000000, -5.214564e+001,
4241250000, -4.889700e+001,
4242500000, -4.751328e+001,
4243750000, -4.746706e+001,
4245000000, -4.779471e+001,
4246250000, -4.966076e+001,
4247500000, -5.586406e+001,
4248750000, -6.169849e+001,
4250000000, -5.534102e+001,
4251250000, -5.083354e+001,
4252500000, -4.911098e+001,
4253750000, -4.995766e+001,
4255000000, -5.385094e+001,
4256250000, -5.714304e+001,
4257500000, -4.999463e+001,
4258750000, -4.823526e+001,
4260000000, -4.773354e+001,
4261250000, -4.766430e+001,
4262500000, -4.797700e+001,
4263750000, -5.122685e+001,
4265000000, -6.293995e+001,
4266250000, -5.393439e+001,
4267500000, -5.415915e+001,
4268750000, -5.320176e+001,
4270000000, -5.541256e+001,
4271250000, -6.624818e+001,
4272500000, -5.216841e+001,
4273750000, -4.628546e+001,
4275000000, -4.370274e+001,
4276250000, -4.225158e+001,
4277500000, -4.147754e+001,
4278750000, -4.166295e+001,
4280000000, -4.366889e+001,
4281250000, -4.825813e+001,
4282500000, -5.165511e+001,
4283750000, -5.105722e+001,
4285000000, -5.070854e+001,
4286250000, -5.226344e+001,
4287500000, -5.500623e+001,
4288750000, -5.574389e+001,
4290000000, -5.044941e+001,
4291250000, -4.639323e+001,
4292500000, -4.517387e+001,
4293750000, -4.496510e+001,
4295000000, -4.444257e+001,
4296250000, -4.613940e+001,
4297500000, -5.055928e+001,
4298750000, -5.308472e+001,
4300000000, -4.914180e+001,
4301250000, -4.515378e+001,
4302500000, -4.354834e+001,
4303750000, -4.271705e+001,
4305000000, -4.236245e+001,
4306250000, -4.336009e+001,
4307500000, -4.612648e+001,
4308750000, -4.937043e+001,
4310000000, -5.067803e+001,
4311250000, -5.551410e+001,
4312500000, -6.178571e+001,
4313750000, -5.895906e+001,
4315000000, -5.314202e+001,
4316250000, -5.003820e+001,
4317500000, -5.018330e+001,
4318750000, -5.078397e+001,
4320000000, -5.042727e+001,
4321250000, -4.801184e+001,
4322500000, -4.462071e+001,
4323750000, -4.103925e+001,
4325000000, -3.872626e+001,
4326250000, -3.726311e+001,
4327500000, -3.623839e+001,
4328750000, -3.552643e+001,
4330000000, -3.774479e+001,
4331250000, -4.081528e+001,
4332500000, -4.534380e+001,
4333750000, -5.608720e+001,
4335000000, -5.038245e+001,
4336250000, -4.337373e+001,
4337500000, -4.219042e+001,
4338750000, -5.429374e+001,
4340000000, -4.618693e+001,
4341250000, -4.252448e+001,
4342500000, -4.162115e+001,
4343750000, -4.043630e+001,
4345000000, -4.020270e+001,
4346250000, -4.115147e+001,
4347500000, -4.341851e+001,
4348750000, -4.375882e+001,
4350000000, -4.321120e+001,
4351250000, -4.274626e+001,
4352500000, -4.232408e+001,
4353750000, -4.247188e+001,
4355000000, -4.640082e+001,
4356250000, -6.626676e+001,
4357500000, -5.541114e+001,
4358750000, -5.360346e+001,
4360000000, -5.128587e+001,
4361250000, -4.929866e+001,
4362500000, -4.635970e+001,
4363750000, -4.426996e+001,
4365000000, -4.362764e+001,
4366250000, -4.470610e+001,
4367500000, -4.676314e+001,
4368750000, -4.556857e+001,
4370000000, -3.912689e+001,
4371250000, -3.776042e+001,
4372500000, -4.253323e+001,
4373750000, -5.227663e+001,
4375000000, -5.190998e+001,
4376250000, -4.578339e+001,
4377500000, -4.596127e+001,
4378750000, -4.769101e+001,
4380000000, -3.614444e+001,
4381250000, -3.173498e+001,
4382500000, -3.143337e+001,
4383750000, -3.050174e+001,
4385000000, -2.859788e+001,
4386250000, -2.778962e+001,
4387500000, -2.848439e+001,
4388750000, -2.900848e+001,
4390000000, -2.819214e+001,
4391250000, -2.827267e+001,
4392500000, -3.094337e+001,
4393750000, -3.364058e+001,
4395000000, -2.963972e+001,
4396250000, -2.779098e+001,
4397500000, -2.802887e+001,
4398750000, -2.940801e+001,
4400000000, -3.176666e+001,
4401250000, -3.346752e+001,
4402500000, -3.477679e+001,
4403750000, -3.704988e+001,
4405000000, -4.215613e+001,
4406250000, -4.400134e+001,
4407500000, -4.270980e+001,
4408750000, -5.325018e+001,
4410000000, -5.186903e+001,
4411250000, -4.481816e+001,
4412500000, -4.230683e+001,
4413750000, -4.012627e+001,
4415000000, -3.794855e+001,
4416250000, -3.396158e+001,
4417500000, -3.145561e+001,
4418750000, -3.427577e+001,
4420000000, -3.724634e+001,
4421250000, -3.916401e+001,
4422500000, -3.927352e+001,
4423750000, -3.912097e+001,
4425000000, -3.896191e+001,
4426250000, -3.714762e+001,
4427500000, -3.493468e+001,
4428750000, -3.289160e+001,
4430000000, -3.172312e+001,
4431250000, -3.137234e+001,
4432500000, -3.122170e+001,
4433750000, -3.123454e+001,
4435000000, -3.130773e+001,
4436250000, -3.108307e+001,
4437500000, -3.143179e+001,
4438750000, -3.279856e+001,
4440000000, -3.385899e+001,
4441250000, -3.580194e+001,
4442500000, -3.634862e+001,
4443750000, -3.350977e+001,
4445000000, -3.281106e+001,
4446250000, -3.411690e+001,
4447500000, -3.596081e+001,
4448750000, -3.627539e+001,
4450000000, -3.667001e+001,
4451250000, -3.610638e+001,
4452500000, -3.595913e+001,
4453750000, -3.645480e+001,
4455000000, -3.705988e+001,
4456250000, -3.772531e+001,
4457500000, -3.701872e+001,
4458750000, -3.821589e+001,
4460000000, -4.107611e+001,
4461250000, -4.432624e+001,
4462500000, -4.741144e+001,
4463750000, -5.431436e+001,
4465000000, -5.035222e+001,
4466250000, -4.989367e+001,
4467500000, -6.117054e+001,
4468750000, -4.949176e+001,
4470000000, -4.951849e+001,
4471250000, -4.648811e+001,
4472500000, -3.716358e+001,
4473750000, -3.275017e+001,
4475000000, -2.916499e+001,
4476250000, -2.658132e+001,
4477500000, -2.536449e+001,
4478750000, -2.707607e+001,
4480000000, -2.804438e+001,
4481250000, -2.780970e+001,
4482500000, -2.852039e+001,
4483750000, -2.746087e+001,
4485000000, -2.684328e+001,
4486250000, -2.626955e+001,
4487500000, -2.575997e+001,
4488750000, -2.443712e+001,
4490000000, -2.068868e+001,
4491250000, -1.769906e+001,
4492500000, -1.701962e+001,
4493750000, -1.782337e+001,
4495000000, -1.881844e+001,
4496250000, -1.964646e+001,
4497500000, -2.015144e+001,
4498750000, -2.023308e+001,
4500000000, -2.013235e+001,
4501250000, -1.986288e+001,
4502500000, -1.885622e+001,
4503750000, -1.706760e+001,
4505000000, -1.523012e+001,
4506250000, -1.420036e+001,
4507500000, -1.469425e+001,
4508750000, -1.638612e+001,
4510000000, -1.837132e+001,
4511250000, -1.992216e+001,
4512500000, -2.072890e+001,
4513750000, -2.090199e+001,
4515000000, -2.028059e+001,
4516250000, -1.906682e+001,
4517500000, -1.794181e+001,
4518750000, -1.713216e+001,
4520000000, -1.683504e+001,
4521250000, -1.760594e+001,
4522500000, -1.940701e+001,
4523750000, -2.151398e+001,
4525000000, -2.355015e+001,
4526250000, -2.526487e+001,
4527500000, -2.619824e+001,
4528750000, -2.605236e+001,
4530000000, -2.413192e+001,
4531250000, -2.153219e+001,
4532500000, -1.964262e+001,
4533750000, -1.841467e+001,
4535000000, -1.786278e+001,
4536250000, -1.842883e+001,
4537500000, -1.982750e+001,
4538750000, -2.118780e+001,
4540000000, -2.175935e+001,
4541250000, -2.151241e+001,
4542500000, -2.078126e+001,
4543750000, -1.969898e+001,
4545000000, -1.871318e+001,
4546250000, -1.816843e+001,
4547500000, -1.803130e+001,
4548750000, -1.860371e+001,
4550000000, -2.027130e+001,
4551250000, -2.250652e+001,
4552500000, -2.349199e+001,
4553750000, -2.307863e+001,
4555000000, -2.270581e+001,
4556250000, -2.283734e+001,
4557500000, -2.337896e+001,
4558750000, -2.405916e+001,
4560000000, -2.457443e+001,
4561250000, -2.510874e+001,
4562500000, -2.616001e+001,
4563750000, -2.750104e+001,
4565000000, -2.816877e+001,
4566250000, -2.771533e+001,
4567500000, -2.776700e+001,
4568750000, -2.846814e+001,
4570000000, -2.895796e+001,
4571250000, -2.847073e+001,
4572500000, -2.713086e+001,
4573750000, -2.499248e+001,
4575000000, -2.289440e+001,
4576250000, -2.159406e+001,
4577500000, -2.189532e+001,
4578750000, -2.327752e+001,
4580000000, -2.485625e+001,
4581250000, -2.614274e+001,
4582500000, -2.684606e+001,
4583750000, -2.710518e+001,
4585000000, -2.667538e+001,
4586250000, -2.545886e+001,
4587500000, -2.387866e+001,
4588750000, -2.230608e+001,
4590000000, -2.133204e+001,
4591250000, -2.099433e+001,
4592500000, -2.106656e+001,
4593750000, -2.118225e+001,
4595000000, -2.109866e+001,
4596250000, -2.087622e+001,
4597500000, -2.045425e+001,
4598750000, -1.966762e+001,
4600000000, -1.855635e+001,
4601250000, -1.745642e+001,
4602500000, -1.664731e+001,
4603750000, -1.607247e+001,
4605000000, -1.553316e+001,
4606250000, -1.504899e+001,
4607500000, -1.484968e+001,
4608750000, -1.490648e+001,
4610000000, -1.504035e+001,
4611250000, -1.513642e+001,
4612500000, -1.510997e+001,
4613750000, -1.500738e+001,
4615000000, -1.497839e+001,
4616250000, -1.503340e+001,
4617500000, -1.498797e+001,
4618750000, -1.473344e+001,
4620000000, -1.452100e+001,
4621250000, -1.469270e+001,
4622500000, -1.501741e+001,
4623750000, -1.521484e+001,
4625000000, -1.539200e+001,
4626250000, -1.564869e+001,
4627500000, -1.588382e+001,
4628750000, -1.615095e+001,
4630000000, -1.657992e+001,
4631250000, -1.723725e+001,
4632500000, -1.827861e+001,
4633750000, -1.981146e+001,
4635000000, -2.174858e+001,
4636250000, -2.395452e+001,
4637500000, -2.626287e+001,
4638750000, -2.870604e+001,
4640000000, -3.124324e+001,
4641250000, -3.340212e+001,
4642500000, -3.471252e+001,
4643750000, -3.497516e+001,
4645000000, -3.476012e+001,
4646250000, -3.497795e+001,
4647500000, -3.644238e+001,
4648750000, -3.808710e+001,
4650000000, -3.448009e+001,
4651250000, -2.944327e+001,
4652500000, -2.611173e+001,
4653750000, -2.413684e+001,
4655000000, -2.299888e+001,
4656250000, -2.258576e+001,
4657500000, -2.284965e+001,
4658750000, -2.349698e+001,
4660000000, -2.393580e+001,
4661250000, -2.364408e+001,
4662500000, -2.292849e+001,
4663750000, -2.265240e+001,
4665000000, -2.305486e+001,
4666250000, -2.395916e+001,
4667500000, -2.600069e+001,
4668750000, -2.885409e+001,
4670000000, -3.144404e+001,
4671250000, -3.277365e+001,
4672500000, -3.333410e+001,
4673750000, -3.493221e+001,
4675000000, -3.951755e+001,
4676250000, -5.335326e+001,
4677500000, -4.101740e+001,
4678750000, -3.560327e+001,
4680000000, -3.299105e+001,
4681250000, -3.162408e+001,
4682500000, -3.068473e+001,
4683750000, -2.960589e+001,
4685000000, -2.851695e+001,
4686250000, -2.774342e+001,
4687500000, -2.729986e+001,
4688750000, -2.702546e+001,
4690000000, -2.677092e+001,
4691250000, -2.640891e+001,
4692500000, -2.584838e+001,
4693750000, -2.558425e+001,
4695000000, -2.566299e+001,
4696250000, -2.571326e+001,
4697500000, -2.532772e+001,
4698750000, -2.462965e+001,
4700000000, -2.393375e+001,
4701250000, -2.327708e+001,
4702500000, -2.268434e+001,
4703750000, -2.230412e+001,
4705000000, -2.194823e+001,
4706250000, -2.140831e+001,
4707500000, -2.101180e+001,
4708750000, -2.103294e+001,
4710000000, -2.131824e+001,
4711250000, -2.172793e+001,
4712500000, -2.222298e+001,
4713750000, -2.273986e+001,
4715000000, -2.321168e+001,
4716250000, -2.360676e+001,
4717500000, -2.395445e+001,
4718750000, -2.448660e+001,
4720000000, -2.502033e+001,
4721250000, -2.544958e+001,
4722500000, -2.561846e+001,
4723750000, -2.559265e+001,
4725000000, -2.566786e+001,
4726250000, -2.605775e+001,
4727500000, -2.667109e+001,
4728750000, -2.723383e+001,
4730000000, -2.761123e+001,
4731250000, -2.790754e+001,
4732500000, -2.847411e+001,
4733750000, -2.960232e+001,
4735000000, -3.130659e+001,
4736250000, -3.321325e+001,
4737500000, -3.490938e+001,
4738750000, -3.582240e+001,
4740000000, -3.530142e+001,
4741250000, -3.412238e+001,
4742500000, -3.307409e+001,
4743750000, -3.247921e+001,
4745000000, -3.231238e+001,
4746250000, -3.275468e+001,
4747500000, -3.315775e+001,
4748750000, -3.313048e+001,
4750000000, -3.258320e+001,
4751250000, -3.190694e+001,
4752500000, -3.118082e+001,
4753750000, -3.038521e+001,
4755000000, -2.978772e+001,
4756250000, -2.959115e+001,
4757500000, -2.978919e+001,
4758750000, -3.038431e+001,
4760000000, -3.135279e+001,
4761250000, -3.215965e+001,
4762500000, -3.251946e+001,
4763750000, -3.303564e+001,
4765000000, -3.424366e+001,
4766250000, -3.610790e+001,
4767500000, -3.828033e+001,
4768750000, -4.032893e+001,
4770000000, -4.178852e+001,
4771250000, -4.240214e+001,
4772500000, -4.195456e+001,
4773750000, -4.051515e+001,
4775000000, -3.914912e+001,
4776250000, -3.890629e+001,
4777500000, -3.987879e+001,
4778750000, -4.139174e+001,
4780000000, -4.130719e+001,
4781250000, -3.865147e+001,
4782500000, -3.525293e+001,
4783750000, -3.247500e+001,
4785000000, -3.044939e+001,
4786250000, -2.905280e+001,
4787500000, -2.818746e+001,
4788750000, -2.772402e+001,
4790000000, -2.768483e+001,
4791250000, -2.787904e+001,
4792500000, -2.817798e+001,
4793750000, -2.848712e+001,
4795000000, -2.879717e+001,
4796250000, -2.928096e+001,
4797500000, -2.987698e+001,
4798750000, -3.037464e+001,
4800000000, -3.053239e+001,
4801250000, -3.052758e+001,
4802500000, -3.031772e+001,
4803750000, -3.019008e+001,
4805000000, -3.050699e+001,
4806250000, -3.158510e+001,
4807500000, -3.346825e+001,
4808750000, -3.605375e+001,
4810000000, -3.929863e+001,
4811250000, -4.182724e+001,
4812500000, -4.022910e+001,
4813750000, -3.743584e+001,
4815000000, -3.542743e+001,
4816250000, -3.436383e+001,
4817500000, -3.398381e+001,
4818750000, -3.410228e+001,
4820000000, -3.462586e+001,
4821250000, -3.526858e+001,
4822500000, -3.563444e+001,
4823750000, -3.549641e+001,
4825000000, -3.504118e+001,
4826250000, -3.447030e+001,
4827500000, -3.394736e+001,
4828750000, -3.362212e+001,
4830000000, -3.371996e+001,
4831250000, -3.437740e+001,
4832500000, -3.551842e+001,
4833750000, -3.721126e+001,
4835000000, -3.973361e+001,
4836250000, -4.327710e+001,
4837500000, -4.840142e+001,
4838750000, -5.586705e+001,
4840000000, -4.984231e+001,
4841250000, -4.456110e+001,
4842500000, -4.211127e+001,
4843750000, -4.121076e+001,
4845000000, -4.144725e+001,
4846250000, -4.284451e+001,
4847500000, -4.507044e+001,
4848750000, -4.510544e+001,
4850000000, -4.161569e+001,
4851250000, -3.832091e+001,
4852500000, -3.590977e+001,
4853750000, -3.426528e+001,
4855000000, -3.338826e+001,
4856250000, -3.327045e+001,
4857500000, -3.381220e+001,
4858750000, -3.485530e+001,
4860000000, -3.626514e+001,
4861250000, -3.788588e+001,
4862500000, -3.923384e+001,
4863750000, -3.943467e+001,
4865000000, -3.856865e+001,
4866250000, -3.767049e+001,
4867500000, -3.743657e+001,
4868750000, -3.798517e+001,
4870000000, -3.962354e+001,
4871250000, -4.333378e+001,
4872500000, -5.207446e+001,
4873750000, -4.853974e+001,
4875000000, -4.262045e+001,
4876250000, -4.005067e+001,
4877500000, -3.908905e+001,
4878750000, -3.932385e+001,
4880000000, -4.058773e+001,
4881250000, -4.281414e+001,
4882500000, -4.555835e+001,
4883750000, -4.566135e+001,
4885000000, -4.267879e+001,
4886250000, -4.041448e+001,
4887500000, -3.936864e+001,
4888750000, -3.917152e+001,
4890000000, -3.951833e+001,
4891250000, -4.045632e+001,
4892500000, -4.242496e+001,
4893750000, -4.608383e+001,
4895000000, -5.163163e+001,
4896250000, -5.246366e+001,
4897500000, -4.906126e+001,
4898750000, -4.720901e+001,
4900000000, -4.737653e+001,
4901250000, -4.923534e+001,
4902500000, -5.173500e+001,
4903750000, -5.120517e+001,
4905000000, -4.829731e+001,
4906250000, -4.636130e+001,
4907500000, -4.551909e+001,
4908750000, -4.501622e+001,
4910000000, -4.451095e+001,
4911250000, -4.432729e+001,
4912500000, -4.474112e+001,
4913750000, -4.581017e+001,
4915000000, -4.776517e+001,
4916250000, -5.094915e+001,
4917500000, -5.423093e+001,
4918750000, -5.202158e+001,
4920000000, -4.890898e+001,
4921250000, -4.734518e+001,
4922500000, -4.698170e+001,
4923750000, -4.733482e+001,
4925000000, -4.695753e+001,
4926250000, -4.570009e+001,
4927500000, -4.465352e+001,
4928750000, -4.448153e+001,
4930000000, -4.522408e+001,
4931250000, -4.732645e+001,
4932500000, -5.145245e+001,
4933750000, -5.593450e+001,
4935000000, -5.195033e+001,
4936250000, -4.848960e+001,
4937500000, -4.655313e+001,
4938750000, -4.552544e+001,
4940000000, -4.514069e+001,
4941250000, -4.520306e+001,
4942500000, -4.564389e+001,
4943750000, -4.664689e+001,
4945000000, -4.830056e+001,
4946250000, -5.016000e+001,
4947500000, -5.115473e+001,
4948750000, -5.074189e+001,
4950000000, -4.937327e+001,
4951250000, -4.767080e+001,
4952500000, -4.615075e+001,
4953750000, -4.573868e+001,
4955000000, -4.660785e+001,
4956250000, -4.789891e+001,
4957500000, -4.812800e+001,
4958750000, -4.785941e+001,
4960000000, -4.826643e+001,
4961250000, -4.904206e+001,
4962500000, -4.943446e+001,
4963750000, -4.902832e+001,
4965000000, -4.837493e+001,
4966250000, -4.801550e+001,
4967500000, -4.778830e+001,
4968750000, -4.733865e+001,
4970000000, -4.698861e+001,
4971250000, -4.730112e+001,
4972500000, -4.828221e+001,
4973750000, -4.884987e+001,
4975000000, -4.852651e+001,
4976250000, -4.830964e+001,
4977500000, -4.886892e+001,
4978750000, -4.955943e+001,
4980000000, -4.889572e+001,
4981250000, -4.749416e+001,
4982500000, -4.664471e+001,
4983750000, -4.649390e+001,
4985000000, -4.715179e+001,
4986250000, -4.875198e+001,
4987500000, -5.017318e+001,
4988750000, -4.946163e+001,
4990000000, -4.846981e+001,
4991250000, -4.814420e+001,
4992500000, -4.796059e+001,
4993750000, -4.779162e+001,
4995000000, -4.747065e+001,
4996250000, -4.720181e+001,
4997500000, -4.773951e+001,
4998750000, -4.891010e+001,
5000000000, -4.994270e+001,
5001250000, -4.951090e+001,
5002500000, -4.824903e+001,
5003750000, -4.759716e+001,
5005000000, -4.763858e+001,
5006250000, -4.803989e+001,
5007500000, -4.829591e+001,
5008750000, -4.849055e+001,
5010000000, -4.865295e+001,
5011250000, -4.882835e+001,
5012500000, -4.882810e+001,
5013750000, -4.872788e+001,
5015000000, -4.848428e+001,
5016250000, -4.834586e+001,
5017500000, -4.828400e+001,
5018750000, -4.825557e+001,
5020000000, -4.833458e+001,
5021250000, -4.862492e+001,
5022500000, -4.889332e+001,
5023750000, -4.898541e+001,
5025000000, -4.889654e+001,
5026250000, -4.873889e+001,
5027500000, -4.835629e+001,
5028750000, -4.805711e+001,
5030000000, -4.819897e+001,
5031250000, -4.870918e+001,
5032500000, -4.918954e+001,
5033750000, -4.924007e+001,
5035000000, -4.899901e+001,
5036250000, -4.846986e+001,
5037500000, -4.820244e+001,
5038750000, -4.826880e+001,
5040000000, -4.857018e+001,
5041250000, -4.899208e+001,
5042500000, -4.925560e+001,
5043750000, -4.918398e+001,
5045000000, -4.867753e+001,
5046250000, -4.827247e+001,
5047500000, -4.838521e+001,
5048750000, -4.874802e+001,
5050000000, -4.897846e+001,
5051250000, -4.903201e+001,
5052500000, -4.892213e+001,
5053750000, -4.869015e+001,
5055000000, -4.854519e+001,
5056250000, -4.855016e+001,
5057500000, -4.870110e+001,
5058750000, -4.878064e+001,
5060000000, -4.882012e+001,
5061250000, -4.888648e+001,
5062500000, -4.871585e+001,
5063750000, -4.850581e+001,
5065000000, -4.841438e+001,
5066250000, -4.858371e+001,
5067500000, -4.880753e+001,
5068750000, -4.880091e+001,
5070000000, -4.861872e+001,
5071250000, -4.842434e+001,
5072500000, -4.837235e+001,
5073750000, -4.852289e+001,
5075000000, -4.855877e+001,
5076250000, -4.853595e+001,
5077500000, -4.845315e+001,
5078750000, -4.827748e+001,
5080000000, -4.833382e+001,
5081250000, -4.834583e+001,
5082500000, -4.841975e+001,
5083750000, -4.838736e+001,
5085000000, -4.831454e+001,
5086250000, -4.823812e+001,
5087500000, -4.818424e+001,
5088750000, -4.827627e+001,
5090000000, -4.834702e+001,
5091250000, -4.823500e+001,
5092500000, -4.814875e+001,
5093750000, -4.811441e+001,
5095000000, -4.813835e+001,
5096250000, -4.814452e+001,
5097500000, -4.809691e+001,
5098750000, -4.804391e+001,
5100000000, -4.801485e+001,
5101250000, -4.799099e+001,
5102500000, -4.801269e+001,
5103750000, -4.799682e+001,
5105000000, -4.796603e+001,
5106250000, -4.796353e+001,
5107500000, -4.795998e+001,
5108750000, -4.798988e+001,
5110000000, -4.792486e+001,
5111250000, -4.789432e+001,
5112500000, -4.791950e+001,
5113750000, -4.792715e+001,
5115000000, -4.789385e+001,
5116250000, -4.790137e+001,
5117500000, -4.784702e+001,
5118750000, -4.785710e+001,
5120000000, -4.787259e+001,
5121250000, -4.788447e+001,
5122500000, -4.790966e+001,
5123750000, -4.790210e+001,
5125000000, -4.790412e+001,
5126250000, -4.794135e+001,
5127500000, -4.795111e+001,
5128750000, -4.797781e+001,
5130000000, -4.796881e+001,
5131250000, -4.797551e+001,
5132500000, -4.800560e+001,
5133750000, -4.805066e+001,
5135000000, -4.805694e+001,
5136250000, -4.810558e+001,
5137500000, -4.811401e+001,
5138750000, -4.813375e+001,
5140000000, -4.819012e+001,
5141250000, -4.822476e+001,
5142500000, -4.827717e+001,
5143750000, -4.830247e+001,
5145000000, -4.836337e+001,
5146250000, -4.840442e+001,
5147500000, -4.844866e+001,
5148750000, -4.849479e+001,
5150000000, -4.852269e+001,
5151250000, -4.852863e+001,
5152500000, -4.861346e+001,
5153750000, -4.863439e+001,
5155000000, -4.867980e+001,
5156250000, -4.871549e+001,
5157500000, -4.880355e+001,
5158750000, -4.883347e+001,
5160000000, -4.890232e+001,
5161250000, -4.894794e+001,
5162500000, -4.896569e+001,
5163750000, -4.906399e+001,
5165000000, -4.905296e+001,
5166250000, -4.910996e+001,
5167500000, -4.915914e+001,
5168750000, -4.919923e+001,
5170000000, -4.927832e+001,
5171250000, -4.932057e+001,
5172500000, -4.937799e+001,
5173750000, -4.941978e+001,
5175000000, -4.948609e+001,
5176250000, -4.945985e+001,
5177500000, -4.952072e+001,
5178750000, -4.965452e+001,
5180000000, -4.964384e+001,
5181250000, -4.969434e+001,
5182500000, -4.975267e+001,
5183750000, -4.977117e+001,
5185000000, -4.977131e+001,
5186250000, -4.981397e+001,
5187500000, -4.986023e+001,
5188750000, -4.989705e+001,
5190000000, -4.998697e+001,
5191250000, -4.996645e+001,
5192500000, -5.005083e+001,
5193750000, -5.005298e+001,
5195000000, -5.009225e+001,
5196250000, -5.008035e+001,
5197500000, -5.012402e+001,
5198750000, -5.016037e+001,
5200000000, -5.020034e+001,
5201250000, -5.016401e+001,
5202500000, -5.022568e+001,
5203750000, -5.029415e+001,
5205000000, -5.034831e+001,
5206250000, -5.026465e+001,
5207500000, -5.026582e+001,
5208750000, -5.036068e+001,
5210000000, -5.029725e+001,
5211250000, -5.033102e+001,
5212500000, -5.031605e+001,
5213750000, -5.031519e+001,
5215000000, -5.041040e+001,
5216250000, -5.046146e+001,
5217500000, -5.054039e+001,
5218750000, -5.048582e+001,
5220000000, -5.056204e+001,
5221250000, -5.062651e+001,
5222500000, -5.069516e+001,
5223750000, -5.075850e+001,
5225000000, -5.070963e+001,
5226250000, -5.066959e+001,
5227500000, -5.061217e+001,
5228750000, -5.052726e+001,
5230000000, -5.052137e+001,
5231250000, -5.050756e+001,
5232500000, -5.054423e+001,
5233750000, -5.053789e+001,
5235000000, -5.056002e+001,
5236250000, -5.055252e+001,
5237500000, -5.051464e+001,
5238750000, -5.053864e+001,
5240000000, -5.049842e+001,
5241250000, -5.051542e+001,
5242500000, -5.055035e+001,
5243750000, -5.067323e+001,
5245000000, -5.066395e+001,
5246250000, -5.068407e+001,
5247500000, -5.070777e+001,
5248750000, -5.075750e+001,
5250000000, -5.075275e+001,
5251250000, -5.070543e+001,
5252500000, -5.061624e+001,
5253750000, -5.055550e+001,
5255000000, -5.053709e+001,
5256250000, -5.045535e+001,
5257500000, -5.040712e+001,
5258750000, -5.041504e+001,
5260000000, -5.038866e+001,
5261250000, -5.034968e+001,
5262500000, -5.034674e+001,
5263750000, -5.034659e+001,
5265000000, -5.037777e+001,
5266250000, -5.035366e+001,
5267500000, -5.031902e+001,
5268750000, -5.040396e+001,
5270000000, -5.041867e+001,
5271250000, -5.037176e+001,
5272500000, -5.045143e+001,
5273750000, -5.046316e+001,
5275000000, -5.045245e+001,
5276250000, -5.049155e+001,
5277500000, -5.054566e+001,
5278750000, -5.056355e+001,
5280000000, -5.059381e+001,
5281250000, -5.065364e+001,
5282500000, -5.065760e+001,
5283750000, -5.070305e+001,
5285000000, -5.074173e+001,
5286250000, -5.072787e+001,
5287500000, -5.078033e+001,
5288750000, -5.082543e+001,
5290000000, -5.086209e+001,
5291250000, -5.083628e+001,
5292500000, -5.084003e+001,
5293750000, -5.084950e+001,
5295000000, -5.085929e+001,
5296250000, -5.088106e+001,
5297500000, -5.089719e+001,
5298750000, -5.087339e+001,
5300000000, -5.092038e+001,
5301250000, -5.094277e+001,
5302500000, -5.098927e+001,
5303750000, -5.102794e+001,
5305000000, -5.106755e+001,
5306250000, -5.112709e+001,
5307500000, -5.106953e+001,
5308750000, -5.109562e+001,
5310000000, -5.116326e+001,
5311250000, -5.125380e+001,
5312500000, -5.126535e+001,
5313750000, -5.130863e+001,
5315000000, -5.130654e+001,
5316250000, -5.140125e+001,
5317500000, -5.140821e+001,
5318750000, -5.147768e+001,
5320000000, -5.150252e+001,
5321250000, -5.156275e+001,
5322500000, -5.164809e+001,
5323750000, -5.165742e+001,
5325000000, -5.163257e+001,
5326250000, -5.162870e+001,
5327500000, -5.163120e+001,
5328750000, -5.161554e+001,
5330000000, -5.157119e+001,
5331250000, -5.158670e+001,
5332500000, -5.146337e+001,
5333750000, -5.149168e+001,
5335000000, -5.138659e+001,
5336250000, -5.129074e+001,
5337500000, -5.122057e+001,
5338750000, -5.119676e+001,
5340000000, -5.111019e+001,
5341250000, -5.110878e+001,
5342500000, -5.110003e+001,
5343750000, -5.106480e+001,
5345000000, -5.102334e+001,
5346250000, -5.096006e+001,
5347500000, -5.102822e+001,
5348750000, -5.095413e+001,
5350000000, -5.096305e+001,
5351250000, -5.093424e+001,
5352500000, -5.091061e+001,
5353750000, -5.089756e+001,
5355000000, -5.090919e+001,
5356250000, -5.086963e+001,
5357500000, -5.086509e+001,
5358750000, -5.088565e+001,
5360000000, -5.081007e+001,
5361250000, -5.079951e+001,
5362500000, -5.081278e+001,
5363750000, -5.080799e+001,
5365000000, -5.076849e+001,
5366250000, -5.069925e+001,
5367500000, -5.065318e+001,
5368750000, -5.067915e+001,
5370000000, -5.062845e+001,
5371250000, -5.053407e+001,
5372500000, -5.060321e+001,
5373750000, -5.057203e+001,
5375000000, -5.045606e+001,
5376250000, -5.050174e+001,
5377500000, -5.045285e+001,
5378750000, -5.037606e+001,
5380000000, -5.038116e+001,
5381250000, -5.034321e+001,
5382500000, -5.034629e+001,
5383750000, -5.028527e+001,
5385000000, -5.019353e+001,
5386250000, -5.021458e+001,
5387500000, -5.014974e+001,
5388750000, -5.010388e+001,
5390000000, -5.009459e+001,
5391250000, -5.007802e+001,
5392500000, -5.005052e+001,
5393750000, -5.003218e+001,
5395000000, -5.000498e+001,
5396250000, -4.996062e+001,
5397500000, -4.994028e+001,
5398750000, -4.993115e+001,
5400000000, -4.988529e+001,
5401250000, -4.990589e+001,
5402500000, -4.989995e+001,
5403750000, -4.984549e+001,
5405000000, -4.988239e+001,
5406250000, -4.979110e+001,
5407500000, -4.979234e+001,
5408750000, -4.977402e+001,
5410000000, -4.969389e+001,
5411250000, -4.970239e+001,
5412500000, -4.968644e+001,
5413750000, -4.962895e+001,
5415000000, -4.963398e+001,
5416250000, -4.960498e+001,
5417500000, -4.963206e+001,
5418750000, -4.962032e+001,
5420000000, -4.963718e+001,
5421250000, -4.965331e+001,
5422500000, -4.962255e+001,
5423750000, -4.963466e+001,
5425000000, -4.964133e+001,
5426250000, -4.965517e+001,
5427500000, -4.967455e+001,
5428750000, -4.966072e+001,
5430000000, -4.968839e+001,
5431250000, -4.971758e+001,
5432500000, -4.973401e+001,
5433750000, -4.977439e+001,
5435000000, -4.973049e+001,
5436250000, -4.975290e+001,
5437500000, -4.976520e+001,
5438750000, -4.979398e+001,
5440000000, -4.983089e+001,
5441250000, -4.984615e+001,
5442500000, -4.989844e+001,
5443750000, -4.992131e+001,
5445000000, -4.995304e+001,
5446250000, -4.996841e+001,
5447500000, -5.006800e+001,
5448750000, -5.008158e+001,
5450000000, -5.012622e+001,
5451250000, -5.013407e+001,
5452500000, -5.018979e+001,
5453750000, -5.023770e+001,
5455000000, -5.026506e+001,
5456250000, -5.031854e+001,
5457500000, -5.033220e+001,
5458750000, -5.037464e+001,
5460000000, -5.051759e+001,
5461250000, -5.052264e+001,
5462500000, -5.053743e+001,
5463750000, -5.059801e+001,
5465000000, -5.065648e+001,
5466250000, -5.070087e+001,
5467500000, -5.079893e+001,
5468750000, -5.086054e+001,
5470000000, -5.086679e+001,
5471250000, -5.091058e+001,
5472500000, -5.094656e+001,
5473750000, -5.097358e+001,
5475000000, -5.105674e+001,
5476250000, -5.105110e+001,
5477500000, -5.109609e+001,
5478750000, -5.111043e+001,
5480000000, -5.112827e+001,
5481250000, -5.115642e+001,
5482500000, -5.123327e+001,
5483750000, -5.128102e+001,
5485000000, -5.126442e+001,
5486250000, -5.124252e+001,
5487500000, -5.131318e+001,
5488750000, -5.126830e+001,
5490000000, -5.124563e+001,
5491250000, -5.116758e+001,
5492500000, -5.120852e+001,
5493750000, -5.118047e+001,
5495000000, -5.124545e+001,
5496250000, -5.124538e+001,
5497500000, -5.124316e+001,
5498750000, -5.119325e+001,
5500000000, -5.118038e+001,
