"S21 Log Mag"
"Frequency (Hz)","dB",
3500000000, -4.538165e+001,
3501250000, -4.504444e+001,
3502500000, -4.516664e+001,
3503750000, -4.546777e+001,
3505000000, -4.561306e+001,
3506250000, -4.548561e+001,
3507500000, -4.514507e+001,
3508750000, -4.506166e+001,
3510000000, -4.530303e+001,
3511250000, -4.570520e+001,
3512500000, -4.574233e+001,
3513750000, -4.544180e+001,
3515000000, -4.521970e+001,
3516250000, -4.528040e+001,
3517500000, -4.544684e+001,
3518750000, -4.559549e+001,
3520000000, -4.567009e+001,
3521250000, -4.561437e+001,
3522500000, -4.534282e+001,
3523750000, -4.544559e+001,
3525000000, -4.564750e+001,
3526250000, -4.585909e+001,
3527500000, -4.600098e+001,
3528750000, -4.565504e+001,
3530000000, -4.551610e+001,
3531250000, -4.551689e+001,
3532500000, -4.594412e+001,
3533750000, -4.621212e+001,
3535000000, -4.622350e+001,
3536250000, -4.583691e+001,
3537500000, -4.562273e+001,
3538750000, -4.576960e+001,
3540000000, -4.598447e+001,
3541250000, -4.621237e+001,
3542500000, -4.624700e+001,
3543750000, -4.615447e+001,
3545000000, -4.586094e+001,
3546250000, -4.594289e+001,
3547500000, -4.609240e+001,
3548750000, -4.644125e+001,
3550000000, -4.660968e+001,
3551250000, -4.633304e+001,
3552500000, -4.595428e+001,
3553750000, -4.591572e+001,
3555000000, -4.641828e+001,
3556250000, -4.691081e+001,
3557500000, -4.689405e+001,
3558750000, -4.645515e+001,
3560000000, -4.598008e+001,
3561250000, -4.628038e+001,
3562500000, -4.655525e+001,
3563750000, -4.670205e+001,
3565000000, -4.673820e+001,
3566250000, -4.683196e+001,
3567500000, -4.657371e+001,
3568750000, -4.650292e+001,
3570000000, -4.630880e+001,
3571250000, -4.661880e+001,
3572500000, -4.717064e+001,
3573750000, -4.720803e+001,
3575000000, -4.664648e+001,
3576250000, -4.614599e+001,
3577500000, -4.638304e+001,
3578750000, -4.695595e+001,
3580000000, -4.744498e+001,
3581250000, -4.724643e+001,
3582500000, -4.668653e+001,
3583750000, -4.624248e+001,
3585000000, -4.650589e+001,
3586250000, -4.699539e+001,
3587500000, -4.695934e+001,
3588750000, -4.699829e+001,
3590000000, -4.703189e+001,
3591250000, -4.696214e+001,
3592500000, -4.685876e+001,
3593750000, -4.633807e+001,
3595000000, -4.650478e+001,
3596250000, -4.721620e+001,
3597500000, -4.762916e+001,
3598750000, -4.701033e+001,
3600000000, -4.639260e+001,
3601250000, -4.638448e+001,
3602500000, -4.653249e+001,
3603750000, -4.715613e+001,
3605000000, -4.759742e+001,
3606250000, -4.714735e+001,
3607500000, -4.633760e+001,
3608750000, -4.611258e+001,
3610000000, -4.659372e+001,
3611250000, -4.695125e+001,
3612500000, -4.687537e+001,
3613750000, -4.686596e+001,
3615000000, -4.689991e+001,
3616250000, -4.696861e+001,
3617500000, -4.650697e+001,
3618750000, -4.620002e+001,
3620000000, -4.633482e+001,
3621250000, -4.705446e+001,
3622500000, -4.751227e+001,
3623750000, -4.684388e+001,
3625000000, -4.647662e+001,
3626250000, -4.622984e+001,
3627500000, -4.604704e+001,
3628750000, -4.685938e+001,
3630000000, -4.740910e+001,
3631250000, -4.729841e+001,
3632500000, -4.639614e+001,
3633750000, -4.607308e+001,
3635000000, -4.647166e+001,
3636250000, -4.657610e+001,
3637500000, -4.672145e+001,
3638750000, -4.687098e+001,
3640000000, -4.685309e+001,
3641250000, -4.707677e+001,
3642500000, -4.672502e+001,
3643750000, -4.613702e+001,
3645000000, -4.596794e+001,
3646250000, -4.640312e+001,
3647500000, -4.745124e+001,
3648750000, -4.744372e+001,
3650000000, -4.656692e+001,
3651250000, -4.629899e+001,
3652500000, -4.613694e+001,
3653750000, -4.640404e+001,
3655000000, -4.688633e+001,
3656250000, -4.718444e+001,
3657500000, -4.704949e+001,
3658750000, -4.641935e+001,
3660000000, -4.656194e+001,
3661250000, -4.658378e+001,
3662500000, -4.669792e+001,
3663750000, -4.665688e+001,
3665000000, -4.647971e+001,
3666250000, -4.696752e+001,
3667500000, -4.776077e+001,
3668750000, -4.719043e+001,
3670000000, -4.624310e+001,
3671250000, -4.584748e+001,
3672500000, -4.629777e+001,
3673750000, -4.763814e+001,
3675000000, -4.792491e+001,
3676250000, -4.710821e+001,
3677500000, -4.660886e+001,
3678750000, -4.634622e+001,
3680000000, -4.668668e+001,
3681250000, -4.706186e+001,
3682500000, -4.703991e+001,
3683750000, -4.751505e+001,
3685000000, -4.658269e+001,
3686250000, -4.683236e+001,
3687500000, -4.719512e+001,
3688750000, -4.750423e+001,
3690000000, -4.732079e+001,
3691250000, -4.655662e+001,
3692500000, -4.637416e+001,
3693750000, -4.756327e+001,
3695000000, -4.868346e+001,
3696250000, -4.781178e+001,
3697500000, -4.653729e+001,
3698750000, -4.601014e+001,
3700000000, -4.661286e+001,
3701250000, -4.814954e+001,
3702500000, -4.856769e+001,
3703750000, -4.774107e+001,
3705000000, -4.691187e+001,
3706250000, -4.657152e+001,
3707500000, -4.690102e+001,
3708750000, -4.730988e+001,
3710000000, -4.740531e+001,
3711250000, -4.800985e+001,
3712500000, -4.725275e+001,
3713750000, -4.645222e+001,
3715000000, -4.723633e+001,
3716250000, -4.822594e+001,
3717500000, -4.823752e+001,
3718750000, -4.681797e+001,
3720000000, -4.616771e+001,
3721250000, -4.692444e+001,
3722500000, -4.825119e+001,
3723750000, -4.898368e+001,
3725000000, -4.738205e+001,
3726250000, -4.633935e+001,
3727500000, -4.619413e+001,
3728750000, -4.678452e+001,
3730000000, -4.814451e+001,
3731250000, -4.902612e+001,
3732500000, -4.791229e+001,
3733750000, -4.644878e+001,
3735000000, -4.615892e+001,
3736250000, -4.676802e+001,
3737500000, -4.723612e+001,
3738750000, -4.814040e+001,
3740000000, -4.822294e+001,
3741250000, -4.678386e+001,
3742500000, -4.590507e+001,
3743750000, -4.665742e+001,
3745000000, -4.831546e+001,
3746250000, -4.901661e+001,
3747500000, -4.695139e+001,
3748750000, -4.580059e+001,
3750000000, -4.650458e+001,
3751250000, -4.756762e+001,
3752500000, -4.877451e+001,
3753750000, -4.837026e+001,
3755000000, -4.680226e+001,
3756250000, -4.587115e+001,
3757500000, -4.595997e+001,
3758750000, -4.724927e+001,
3760000000, -4.856140e+001,
3761250000, -4.908891e+001,
3762500000, -4.746584e+001,
3763750000, -4.622250e+001,
3765000000, -4.589541e+001,
3766250000, -4.587099e+001,
3767500000, -4.674484e+001,
3768750000, -4.953154e+001,
3770000000, -4.895921e+001,
3771250000, -4.640088e+001,
3772500000, -4.512675e+001,
3773750000, -4.622681e+001,
3775000000, -4.857277e+001,
3776250000, -4.868463e+001,
3777500000, -4.698397e+001,
3778750000, -4.605013e+001,
3780000000, -4.645934e+001,
3781250000, -4.795238e+001,
3782500000, -4.885800e+001,
3783750000, -4.815970e+001,
3785000000, -4.660529e+001,
3786250000, -4.594207e+001,
3787500000, -4.599152e+001,
3788750000, -4.657676e+001,
3790000000, -4.784321e+001,
3791250000, -4.920584e+001,
3792500000, -4.846046e+001,
3793750000, -4.697199e+001,
3795000000, -4.623446e+001,
3796250000, -4.581345e+001,
3797500000, -4.549265e+001,
3798750000, -4.709671e+001,
3800000000, -4.981255e+001,
3801250000, -4.889757e+001,
3802500000, -4.658408e+001,
3803750000, -4.612107e+001,
3805000000, -4.740099e+001,
3806250000, -4.868496e+001,
3807500000, -4.748206e+001,
3808750000, -4.659137e+001,
3810000000, -4.631923e+001,
3811250000, -4.672762e+001,
3812500000, -4.934198e+001,
3813750000, -5.086564e+001,
3815000000, -4.869589e+001,
3816250000, -4.671330e+001,
3817500000, -4.566849e+001,
3818750000, -4.615423e+001,
3820000000, -4.699693e+001,
3821250000, -4.825811e+001,
3822500000, -5.064598e+001,
3823750000, -5.019338e+001,
3825000000, -4.824411e+001,
3826250000, -4.677049e+001,
3827500000, -4.594883e+001,
3828750000, -4.707943e+001,
3830000000, -4.855193e+001,
3831250000, -4.961202e+001,
3832500000, -4.839333e+001,
3833750000, -4.733022e+001,
3835000000, -4.716566e+001,
3836250000, -4.936220e+001,
3837500000, -5.201858e+001,
3838750000, -4.982213e+001,
3840000000, -4.650993e+001,
3841250000, -4.559627e+001,
3842500000, -4.624814e+001,
3843750000, -4.760855e+001,
3845000000, -5.006642e+001,
3846250000, -5.328766e+001,
3847500000, -5.166367e+001,
3848750000, -4.867427e+001,
3850000000, -4.656724e+001,
3851250000, -4.571826e+001,
3852500000, -4.641367e+001,
3853750000, -4.823608e+001,
3855000000, -5.021175e+001,
3856250000, -5.259759e+001,
3857500000, -5.182865e+001,
3858750000, -4.865065e+001,
3860000000, -4.603917e+001,
3861250000, -4.610855e+001,
3862500000, -4.810762e+001,
3863750000, -5.127202e+001,
3865000000, -5.210975e+001,
3866250000, -4.828998e+001,
3867500000, -4.646025e+001,
3868750000, -4.646457e+001,
3870000000, -4.926791e+001,
3871250000, -5.604649e+001,
3872500000, -5.278392e+001,
3873750000, -4.775105e+001,
3875000000, -4.614479e+001,
3876250000, -4.580460e+001,
3877500000, -4.618967e+001,
3878750000, -4.820666e+001,
3880000000, -5.385296e+001,
3881250000, -5.456826e+001,
3882500000, -5.203993e+001,
3883750000, -4.936717e+001,
3885000000, -4.673877e+001,
3886250000, -4.599467e+001,
3887500000, -4.641191e+001,
3888750000, -4.733052e+001,
3890000000, -4.937445e+001,
3891250000, -5.687455e+001,
3892500000, -5.238008e+001,
3893750000, -4.681022e+001,
3895000000, -4.543293e+001,
3896250000, -4.658857e+001,
3897500000, -4.902428e+001,
3898750000, -5.308502e+001,
3900000000, -5.124269e+001,
3901250000, -4.753749e+001,
3902500000, -4.640240e+001,
3903750000, -4.659509e+001,
3905000000, -4.942528e+001,
3906250000, -5.462011e+001,
3907500000, -5.289866e+001,
3908750000, -5.006049e+001,
3910000000, -4.735041e+001,
3911250000, -4.532395e+001,
3912500000, -4.558414e+001,
3913750000, -4.643402e+001,
3915000000, -4.986760e+001,
3916250000, -5.471234e+001,
3917500000, -5.381137e+001,
3918750000, -5.075107e+001,
3920000000, -4.740591e+001,
3921250000, -4.629436e+001,
3922500000, -4.632330e+001,
3923750000, -4.661797e+001,
3925000000, -4.683037e+001,
3926250000, -4.920523e+001,
3927500000, -5.440282e+001,
3928750000, -4.988630e+001,
3930000000, -4.782841e+001,
3931250000, -4.743377e+001,
3932500000, -4.927020e+001,
3933750000, -4.999757e+001,
3935000000, -4.846830e+001,
3936250000, -4.704528e+001,
3937500000, -4.563005e+001,
3938750000, -4.620124e+001,
3940000000, -4.687350e+001,
3941250000, -5.070595e+001,
3942500000, -5.635408e+001,
3943750000, -5.039574e+001,
3945000000, -4.753155e+001,
3946250000, -4.643166e+001,
3947500000, -4.545547e+001,
3948750000, -4.518650e+001,
3950000000, -4.606963e+001,
3951250000, -4.723825e+001,
3952500000, -4.996603e+001,
3953750000, -5.303114e+001,
3955000000, -5.253628e+001,
3956250000, -4.939453e+001,
3957500000, -4.593431e+001,
3958750000, -4.536537e+001,
3960000000, -4.558279e+001,
3961250000, -4.529171e+001,
3962500000, -4.716143e+001,
3963750000, -5.103702e+001,
3965000000, -4.933998e+001,
3966250000, -4.650926e+001,
3967500000, -4.666419e+001,
3968750000, -4.880626e+001,
3970000000, -5.401405e+001,
3971250000, -5.241695e+001,
3972500000, -4.707013e+001,
3973750000, -4.479093e+001,
3975000000, -4.356990e+001,
3976250000, -4.329189e+001,
3977500000, -4.437547e+001,
3978750000, -4.708945e+001,
3980000000, -5.619223e+001,
3981250000, -5.486078e+001,
3982500000, -4.796690e+001,
3983750000, -4.574042e+001,
3985000000, -4.479735e+001,
3986250000, -4.478806e+001,
3987500000, -4.455164e+001,
3988750000, -4.476600e+001,
3990000000, -4.647525e+001,
3991250000, -5.022663e+001,
3992500000, -5.572337e+001,
3993750000, -5.351419e+001,
3995000000, -4.878855e+001,
3996250000, -4.602085e+001,
3997500000, -4.563671e+001,
3998750000, -4.526373e+001,
4000000000, -4.576995e+001,
4001250000, -4.783725e+001,
4002500000, -4.797445e+001,
4003750000, -4.638323e+001,
4005000000, -4.550202e+001,
4006250000, -4.805779e+001,
4007500000, -5.293304e+001,
4008750000, -5.698313e+001,
4010000000, -5.129087e+001,
4011250000, -4.870976e+001,
4012500000, -4.620537e+001,
4013750000, -4.358207e+001,
4015000000, -4.214861e+001,
4016250000, -4.205515e+001,
4017500000, -4.466984e+001,
4018750000, -4.953048e+001,
4020000000, -6.016277e+001,
4021250000, -5.168284e+001,
4022500000, -4.676896e+001,
4023750000, -4.491401e+001,
4025000000, -4.491491e+001,
4026250000, -4.438248e+001,
4027500000, -4.385854e+001,
4028750000, -4.561184e+001,
4030000000, -4.781040e+001,
4031250000, -4.798736e+001,
4032500000, -4.795786e+001,
4033750000, -5.476873e+001,
4035000000, -5.404038e+001,
4036250000, -4.922665e+001,
4037500000, -4.747065e+001,
4038750000, -4.851159e+001,
4040000000, -4.943752e+001,
4041250000, -4.476928e+001,
4042500000, -4.413354e+001,
4043750000, -4.277844e+001,
4045000000, -4.184467e+001,
4046250000, -4.457995e+001,
4047500000, -5.028246e+001,
4048750000, -6.096483e+001,
4050000000, -5.354581e+001,
4051250000, -4.680408e+001,
4052500000, -4.448898e+001,
4053750000, -4.407642e+001,
4055000000, -4.315203e+001,
4056250000, -4.220912e+001,
4057500000, -4.338565e+001,
4058750000, -4.491712e+001,
4060000000, -4.649229e+001,
4061250000, -5.122764e+001,
4062500000, -5.686945e+001,
4063750000, -5.032038e+001,
4065000000, -4.544645e+001,
4066250000, -4.410298e+001,
4067500000, -4.377315e+001,
4068750000, -4.388759e+001,
4070000000, -4.327973e+001,
4071250000, -4.351961e+001,
4072500000, -4.646186e+001,
4073750000, -5.080641e+001,
4075000000, -5.077327e+001,
4076250000, -5.625786e+001,
4077500000, -5.333891e+001,
4078750000, -4.970296e+001,
4080000000, -5.372739e+001,
4081250000, -5.307018e+001,
4082500000, -4.584637e+001,
4083750000, -4.418210e+001,
4085000000, -4.316007e+001,
4086250000, -4.109156e+001,
4087500000, -4.144593e+001,
4088750000, -4.301936e+001,
4090000000, -4.505938e+001,
4091250000, -4.721498e+001,
4092500000, -4.678994e+001,
4093750000, -4.473021e+001,
4095000000, -4.427221e+001,
4096250000, -4.415341e+001,
4097500000, -4.153219e+001,
4098750000, -4.097045e+001,
4100000000, -4.218245e+001,
4101250000, -4.425470e+001,
4102500000, -4.643201e+001,
4103750000, -4.853854e+001,
4105000000, -5.182050e+001,
4106250000, -5.804715e+001,
4107500000, -5.206832e+001,
4108750000, -5.157352e+001,
4110000000, -5.063562e+001,
4111250000, -4.714605e+001,
4112500000, -4.702307e+001,
4113750000, -4.610534e+001,
4115000000, -4.435656e+001,
4116250000, -4.421273e+001,
4117500000, -4.457243e+001,
4118750000, -4.834763e+001,
4120000000, -5.334553e+001,
4121250000, -5.157804e+001,
4122500000, -5.428616e+001,
4123750000, -5.348294e+001,
4125000000, -4.606314e+001,
4126250000, -4.304771e+001,
4127500000, -4.235231e+001,
4128750000, -4.191701e+001,
4130000000, -3.988084e+001,
4131250000, -3.903787e+001,
4132500000, -4.047509e+001,
4133750000, -4.112695e+001,
4135000000, -4.234619e+001,
4136250000, -4.393248e+001,
4137500000, -4.482681e+001,
4138750000, -4.454567e+001,
4140000000, -4.638338e+001,
4141250000, -4.423346e+001,
4142500000, -4.190880e+001,
4143750000, -4.197966e+001,
4145000000, -4.208146e+001,
4146250000, -4.268323e+001,
4147500000, -4.468870e+001,
4148750000, -4.747499e+001,
4150000000, -5.188581e+001,
4151250000, -5.801967e+001,
4152500000, -5.360313e+001,
4153750000, -5.033611e+001,
4155000000, -4.835540e+001,
4156250000, -4.628561e+001,
4157500000, -4.581398e+001,
4158750000, -4.583852e+001,
4160000000, -4.485939e+001,
4161250000, -4.391651e+001,
4162500000, -4.197491e+001,
4163750000, -4.240213e+001,
4165000000, -4.455095e+001,
4166250000, -4.659544e+001,
4167500000, -4.460242e+001,
4168750000, -4.377009e+001,
4170000000, -4.243558e+001,
4171250000, -4.187977e+001,
4172500000, -4.301533e+001,
4173750000, -4.255376e+001,
4175000000, -4.026199e+001,
4176250000, -3.749802e+001,
4177500000, -3.702477e+001,
4178750000, -3.843312e+001,
4180000000, -4.028182e+001,
4181250000, -4.153325e+001,
4182500000, -4.179434e+001,
4183750000, -4.307954e+001,
4185000000, -4.701840e+001,
4186250000, -5.251471e+001,
4187500000, -5.137509e+001,
4188750000, -4.833553e+001,
4190000000, -4.352188e+001,
4191250000, -4.059370e+001,
4192500000, -4.110763e+001,
4193750000, -4.282878e+001,
4195000000, -4.530489e+001,
4196250000, -4.649503e+001,
4197500000, -4.654183e+001,
4198750000, -4.619004e+001,
4200000000, -4.617637e+001,
4201250000, -4.664825e+001,
4202500000, -4.663958e+001,
4203750000, -4.515963e+001,
4205000000, -4.385872e+001,
4206250000, -4.273716e+001,
4207500000, -4.110378e+001,
4208750000, -3.872078e+001,
4210000000, -3.823875e+001,
4211250000, -3.803747e+001,
4212500000, -3.496471e+001,
4213750000, -3.325821e+001,
4215000000, -3.467903e+001,
4216250000, -3.573727e+001,
4217500000, -3.640313e+001,
4218750000, -3.963871e+001,
4220000000, -4.573578e+001,
4221250000, -4.773996e+001,
4222500000, -4.146287e+001,
4223750000, -3.801507e+001,
4225000000, -3.525683e+001,
4226250000, -3.506964e+001,
4227500000, -3.725863e+001,
4228750000, -3.885828e+001,
4230000000, -3.855420e+001,
4231250000, -3.827886e+001,
4232500000, -4.073086e+001,
4233750000, -4.404729e+001,
4235000000, -4.469537e+001,
4236250000, -4.083159e+001,
4237500000, -3.911341e+001,
4238750000, -3.923935e+001,
4240000000, -4.247596e+001,
4241250000, -4.049125e+001,
4242500000, -3.789848e+001,
4243750000, -3.750786e+001,
4245000000, -3.742430e+001,
4246250000, -3.726080e+001,
4247500000, -3.648125e+001,
4248750000, -3.506676e+001,
4250000000, -3.509357e+001,
4251250000, -3.617826e+001,
4252500000, -3.825863e+001,
4253750000, -4.012710e+001,
4255000000, -4.005826e+001,
4256250000, -3.956493e+001,
4257500000, -3.774726e+001,
4258750000, -3.532644e+001,
4260000000, -3.618639e+001,
4261250000, -3.850639e+001,
4262500000, -3.447954e+001,
4263750000, -3.205484e+001,
4265000000, -3.156698e+001,
4266250000, -3.415906e+001,
4267500000, -4.003827e+001,
4268750000, -4.031174e+001,
4270000000, -3.936343e+001,
4271250000, -4.679147e+001,
4272500000, -4.437674e+001,
4273750000, -3.886255e+001,
4275000000, -3.684123e+001,
4276250000, -3.712905e+001,
4277500000, -4.019010e+001,
4278750000, -5.287899e+001,
4280000000, -4.040569e+001,
4281250000, -3.430579e+001,
4282500000, -3.236214e+001,
4283750000, -3.207194e+001,
4285000000, -3.290849e+001,
4286250000, -3.510650e+001,
4287500000, -3.495174e+001,
4288750000, -3.175975e+001,
4290000000, -2.924663e+001,
4291250000, -3.008359e+001,
4292500000, -3.296727e+001,
4293750000, -3.237996e+001,
4295000000, -3.135802e+001,
4296250000, -3.206023e+001,
4297500000, -3.176452e+001,
4298750000, -3.108178e+001,
4300000000, -3.034686e+001,
4301250000, -2.895256e+001,
4302500000, -2.868381e+001,
4303750000, -2.917617e+001,
4305000000, -2.986183e+001,
4306250000, -3.008328e+001,
4307500000, -2.983297e+001,
4308750000, -2.934235e+001,
4310000000, -2.951264e+001,
4311250000, -3.054341e+001,
4312500000, -3.198042e+001,
4313750000, -3.254702e+001,
4315000000, -3.217298e+001,
4316250000, -3.476484e+001,
4317500000, -4.061402e+001,
4318750000, -3.673848e+001,
4320000000, -3.309305e+001,
4321250000, -3.553706e+001,
4322500000, -4.115688e+001,
4323750000, -5.716601e+001,
4325000000, -3.558233e+001,
4326250000, -3.112248e+001,
4327500000, -2.983700e+001,
4328750000, -2.893003e+001,
4330000000, -2.896048e+001,
4331250000, -2.916388e+001,
4332500000, -2.760544e+001,
4333750000, -2.691278e+001,
4335000000, -2.760309e+001,
4336250000, -2.817483e+001,
4337500000, -2.790489e+001,
4338750000, -2.759042e+001,
4340000000, -2.809769e+001,
4341250000, -2.808197e+001,
4342500000, -2.716091e+001,
4343750000, -2.560765e+001,
4345000000, -2.508943e+001,
4346250000, -2.578783e+001,
4347500000, -2.670861e+001,
4348750000, -2.695957e+001,
4350000000, -2.694016e+001,
4351250000, -2.715782e+001,
4352500000, -2.783172e+001,
4353750000, -2.599895e+001,
4355000000, -2.412405e+001,
4356250000, -2.387593e+001,
4357500000, -2.382446e+001,
4358750000, -2.382550e+001,
4360000000, -2.386063e+001,
4361250000, -2.352859e+001,
4362500000, -2.391530e+001,
4363750000, -2.409617e+001,
4365000000, -2.347339e+001,
4366250000, -2.332298e+001,
4367500000, -2.301154e+001,
4368750000, -2.336855e+001,
4370000000, -2.389382e+001,
4371250000, -2.429501e+001,
4372500000, -2.559361e+001,
4373750000, -2.633843e+001,
4375000000, -2.653200e+001,
4376250000, -2.769020e+001,
4377500000, -2.758582e+001,
4378750000, -2.675756e+001,
4380000000, -2.720528e+001,
4381250000, -2.932122e+001,
4382500000, -3.199568e+001,
4383750000, -3.935958e+001,
4385000000, -4.386612e+001,
4386250000, -3.493448e+001,
4387500000, -2.743779e+001,
4388750000, -2.272728e+001,
4390000000, -2.214301e+001,
4391250000, -2.324852e+001,
4392500000, -2.500096e+001,
4393750000, -2.607559e+001,
4395000000, -2.397201e+001,
4396250000, -2.185212e+001,
4397500000, -2.102450e+001,
4398750000, -2.146870e+001,
4400000000, -2.156958e+001,
4401250000, -2.158019e+001,
4402500000, -2.220464e+001,
4403750000, -2.350672e+001,
4405000000, -2.447948e+001,
4406250000, -2.238293e+001,
4407500000, -2.225029e+001,
4408750000, -2.302779e+001,
4410000000, -2.372929e+001,
4411250000, -2.505678e+001,
4412500000, -2.636592e+001,
4413750000, -2.559531e+001,
4415000000, -2.430778e+001,
4416250000, -2.403966e+001,
4417500000, -2.398153e+001,
4418750000, -2.365451e+001,
4420000000, -2.300236e+001,
4421250000, -2.116259e+001,
4422500000, -2.126688e+001,
4423750000, -2.172412e+001,
4425000000, -2.210093e+001,
4426250000, -2.226638e+001,
4427500000, -2.255457e+001,
4428750000, -2.142528e+001,
4430000000, -2.021522e+001,
4431250000, -1.936690e+001,
4432500000, -1.848711e+001,
4433750000, -1.843386e+001,
4435000000, -1.893563e+001,
4436250000, -1.921329e+001,
4437500000, -1.912420e+001,
4438750000, -1.951542e+001,
4440000000, -2.020013e+001,
4441250000, -2.065138e+001,
4442500000, -2.012663e+001,
4443750000, -1.993036e+001,
4445000000, -2.002508e+001,
4446250000, -2.068136e+001,
4447500000, -2.158177e+001,
4448750000, -2.270222e+001,
4450000000, -2.255714e+001,
4451250000, -2.201596e+001,
4452500000, -2.216844e+001,
4453750000, -2.279089e+001,
4455000000, -2.457831e+001,
4456250000, -2.522418e+001,
4457500000, -2.501239e+001,
4458750000, -2.428960e+001,
4460000000, -2.366129e+001,
4461250000, -2.426542e+001,
4462500000, -2.515205e+001,
4463750000, -2.557110e+001,
4465000000, -2.488070e+001,
4466250000, -2.384687e+001,
4467500000, -2.390661e+001,
4468750000, -2.506214e+001,
4470000000, -2.425607e+001,
4471250000, -2.369816e+001,
4472500000, -2.271027e+001,
4473750000, -2.262510e+001,
4475000000, -2.258985e+001,
4476250000, -2.216947e+001,
4477500000, -2.133870e+001,
4478750000, -2.037255e+001,
4480000000, -1.853811e+001,
4481250000, -1.700355e+001,
4482500000, -1.690563e+001,
4483750000, -1.820304e+001,
4485000000, -1.953202e+001,
4486250000, -1.907384e+001,
4487500000, -1.910502e+001,
4488750000, -1.835469e+001,
4490000000, -1.801651e+001,
4491250000, -1.753341e+001,
4492500000, -1.729589e+001,
4493750000, -1.690321e+001,
4495000000, -1.632308e+001,
4496250000, -1.583015e+001,
4497500000, -1.578952e+001,
4498750000, -1.685843e+001,
4500000000, -1.809223e+001,
4501250000, -1.938177e+001,
4502500000, -2.016092e+001,
4503750000, -1.916793e+001,
4505000000, -1.769186e+001,
4506250000, -1.710573e+001,
4507500000, -1.626462e+001,
4508750000, -1.510005e+001,
4510000000, -1.369811e+001,
4511250000, -1.296144e+001,
4512500000, -1.361575e+001,
4513750000, -1.473455e+001,
4515000000, -1.562145e+001,
4516250000, -1.592615e+001,
4517500000, -1.597962e+001,
4518750000, -1.539087e+001,
4520000000, -1.440400e+001,
4521250000, -1.376501e+001,
4522500000, -1.312440e+001,
4523750000, -1.178547e+001,
4525000000, -1.003465e+001,
4526250000, -9.560755e+000,
4527500000, -1.061858e+001,
4528750000, -1.200605e+001,
4530000000, -1.316697e+001,
4531250000, -1.409811e+001,
4532500000, -1.474954e+001,
4533750000, -1.439830e+001,
4535000000, -1.318980e+001,
4536250000, -1.198838e+001,
4537500000, -1.071016e+001,
4538750000, -9.084843e+000,
4540000000, -7.710090e+000,
4541250000, -7.400763e+000,
4542500000, -8.116904e+000,
4543750000, -9.212266e+000,
4545000000, -1.026183e+001,
4546250000, -1.110579e+001,
4547500000, -1.169682e+001,
4548750000, -1.124625e+001,
4550000000, -9.940918e+000,
4551250000, -8.849024e+000,
4552500000, -7.902116e+000,
4553750000, -7.066192e+000,
4555000000, -6.400551e+000,
4556250000, -6.034859e+000,
4557500000, -6.283453e+000,
4558750000, -6.907760e+000,
4560000000, -7.564437e+000,
4561250000, -8.365025e+000,
4562500000, -9.008880e+000,
4563750000, -8.779832e+000,
4565000000, -7.964390e+000,
4566250000, -7.157686e+000,
4567500000, -6.465605e+000,
4568750000, -5.826808e+000,
4570000000, -5.449286e+000,
4571250000, -5.466887e+000,
4572500000, -5.910260e+000,
4573750000, -6.636474e+000,
4575000000, -7.532607e+000,
4576250000, -8.331601e+000,
4577500000, -8.340735e+000,
4578750000, -7.702669e+000,
4580000000, -6.994236e+000,
4581250000, -6.339794e+000,
4582500000, -5.896899e+000,
4583750000, -5.886928e+000,
4585000000, -6.387074e+000,
4586250000, -7.205467e+000,
4587500000, -8.083676e+000,
4588750000, -8.857294e+000,
4590000000, -9.292014e+000,
4591250000, -9.158842e+000,
4592500000, -8.453089e+000,
4593750000, -7.667554e+000,
4595000000, -7.109398e+000,
4596250000, -6.974376e+000,
4597500000, -7.367524e+000,
4598750000, -8.187156e+000,
4600000000, -8.970511e+000,
4601250000, -9.375766e+000,
4602500000, -9.511920e+000,
4603750000, -9.601983e+000,
4605000000, -9.647296e+000,
4606250000, -9.191424e+000,
4607500000, -8.177643e+000,
4608750000, -7.117604e+000,
4610000000, -6.545839e+000,
4611250000, -6.759614e+000,
4612500000, -7.399465e+000,
4613750000, -8.104048e+000,
4615000000, -8.818038e+000,
4616250000, -9.639359e+000,
4617500000, -1.060355e+001,
4618750000, -1.094203e+001,
4620000000, -1.014510e+001,
4621250000, -9.112395e+000,
4622500000, -8.317539e+000,
4623750000, -7.876345e+000,
4625000000, -7.855564e+000,
4626250000, -8.413632e+000,
4627500000, -9.539375e+000,
4628750000, -1.099233e+001,
4630000000, -1.214077e+001,
4631250000, -1.202214e+001,
4632500000, -1.086601e+001,
4633750000, -9.554845e+000,
4635000000, -8.501012e+000,
4636250000, -7.904927e+000,
4637500000, -8.040151e+000,
4638750000, -8.896257e+000,
4640000000, -1.030707e+001,
4641250000, -1.183416e+001,
4642500000, -1.195549e+001,
4643750000, -1.057632e+001,
4645000000, -9.402443e+000,
4646250000, -8.607164e+000,
4647500000, -8.139901e+000,
4648750000, -8.142096e+000,
4650000000, -8.672726e+000,
4651250000, -9.533231e+000,
4652500000, -1.047332e+001,
4653750000, -1.106507e+001,
4655000000, -1.098896e+001,
4656250000, -1.048853e+001,
4657500000, -9.690662e+000,
4658750000, -8.879196e+000,
4660000000, -8.493506e+000,
4661250000, -8.708549e+000,
4662500000, -9.304335e+000,
4663750000, -9.850162e+000,
4665000000, -1.010224e+001,
4666250000, -1.004635e+001,
4667500000, -9.677581e+000,
4668750000, -9.029353e+000,
4670000000, -8.316876e+000,
4671250000, -7.891016e+000,
4672500000, -7.972821e+000,
4673750000, -8.413108e+000,
4675000000, -8.889561e+000,
4676250000, -9.341008e+000,
4677500000, -9.717874e+000,
4678750000, -9.819825e+000,
4680000000, -9.549167e+000,
4681250000, -9.164934e+000,
4682500000, -8.873154e+000,
4683750000, -8.751225e+000,
4685000000, -8.861104e+000,
4686250000, -9.163244e+000,
4687500000, -9.725725e+000,
4688750000, -1.030693e+001,
4690000000, -1.068078e+001,
4691250000, -1.071362e+001,
4692500000, -1.053578e+001,
4693750000, -1.014239e+001,
4695000000, -9.779589e+000,
4696250000, -9.847705e+000,
4697500000, -1.030176e+001,
4698750000, -1.101541e+001,
4700000000, -1.176863e+001,
4701250000, -1.222357e+001,
4702500000, -1.217238e+001,
4703750000, -1.168599e+001,
4705000000, -1.115768e+001,
4706250000, -1.089901e+001,
4707500000, -1.090601e+001,
4708750000, -1.126731e+001,
4710000000, -1.215486e+001,
4711250000, -1.327367e+001,
4712500000, -1.380818e+001,
4713750000, -1.354189e+001,
4715000000, -1.279126e+001,
4716250000, -1.206781e+001,
4717500000, -1.163802e+001,
4718750000, -1.157664e+001,
4720000000, -1.191422e+001,
4721250000, -1.240784e+001,
4722500000, -1.277335e+001,
4723750000, -1.263295e+001,
4725000000, -1.206772e+001,
4726250000, -1.146328e+001,
4727500000, -1.104116e+001,
4728750000, -1.081810e+001,
4730000000, -1.078465e+001,
4731250000, -1.093112e+001,
4732500000, -1.107503e+001,
4733750000, -1.103049e+001,
4735000000, -1.077848e+001,
4736250000, -1.044315e+001,
4737500000, -1.020238e+001,
4738750000, -1.027738e+001,
4740000000, -1.067233e+001,
4741250000, -1.110538e+001,
4742500000, -1.125432e+001,
4743750000, -1.102625e+001,
4745000000, -1.061741e+001,
4746250000, -1.026151e+001,
4747500000, -1.019961e+001,
4748750000, -1.066608e+001,
4750000000, -1.142442e+001,
4751250000, -1.206137e+001,
4752500000, -1.225630e+001,
4753750000, -1.199343e+001,
4755000000, -1.148920e+001,
4756250000, -1.106200e+001,
4757500000, -1.110860e+001,
4758750000, -1.192607e+001,
4760000000, -1.313491e+001,
4761250000, -1.410892e+001,
4762500000, -1.447682e+001,
4763750000, -1.422656e+001,
4765000000, -1.363555e+001,
4766250000, -1.309541e+001,
4767500000, -1.299492e+001,
4768750000, -1.346286e+001,
4770000000, -1.411836e+001,
4771250000, -1.438664e+001,
4772500000, -1.416461e+001,
4773750000, -1.374176e+001,
4775000000, -1.332399e+001,
4776250000, -1.297608e+001,
4777500000, -1.265311e+001,
4778750000, -1.246392e+001,
4780000000, -1.240302e+001,
4781250000, -1.223072e+001,
4782500000, -1.192062e+001,
4783750000, -1.161816e+001,
4785000000, -1.140874e+001,
4786250000, -1.132293e+001,
4787500000, -1.132375e+001,
4788750000, -1.119554e+001,
4790000000, -1.089964e+001,
4791250000, -1.067337e+001,
4792500000, -1.072088e+001,
4793750000, -1.104448e+001,
4795000000, -1.140180e+001,
4796250000, -1.162000e+001,
4797500000, -1.164675e+001,
4798750000, -1.152635e+001,
4800000000, -1.141857e+001,
4801250000, -1.154649e+001,
4802500000, -1.188258e+001,
4803750000, -1.237569e+001,
4805000000, -1.277814e+001,
4806250000, -1.293154e+001,
4807500000, -1.281825e+001,
4808750000, -1.250341e+001,
4810000000, -1.219204e+001,
4811250000, -1.214673e+001,
4812500000, -1.241324e+001,
4813750000, -1.265975e+001,
4815000000, -1.280719e+001,
4816250000, -1.295801e+001,
4817500000, -1.295619e+001,
4818750000, -1.273269e+001,
4820000000, -1.244152e+001,
4821250000, -1.241917e+001,
4822500000, -1.271966e+001,
4823750000, -1.302273e+001,
4825000000, -1.308092e+001,
4826250000, -1.291494e+001,
4827500000, -1.267907e+001,
4828750000, -1.250616e+001,
4830000000, -1.249378e+001,
4831250000, -1.248620e+001,
4832500000, -1.235128e+001,
4833750000, -1.211033e+001,
4835000000, -1.192356e+001,
4836250000, -1.192802e+001,
4837500000, -1.205308e+001,
4838750000, -1.209915e+001,
4840000000, -1.194191e+001,
4841250000, -1.173452e+001,
4842500000, -1.183436e+001,
4843750000, -1.235847e+001,
4845000000, -1.298017e+001,
4846250000, -1.334370e+001,
4847500000, -1.340856e+001,
4848750000, -1.323293e+001,
4850000000, -1.314924e+001,
4851250000, -1.354688e+001,
4852500000, -1.433455e+001,
4853750000, -1.498529e+001,
4855000000, -1.515474e+001,
4856250000, -1.489540e+001,
4857500000, -1.445253e+001,
4858750000, -1.414336e+001,
4860000000, -1.426938e+001,
4861250000, -1.480780e+001,
4862500000, -1.557696e+001,
4863750000, -1.627428e+001,
4865000000, -1.636582e+001,
4866250000, -1.576891e+001,
4867500000, -1.543208e+001,
4868750000, -1.573824e+001,
4870000000, -1.612641e+001,
4871250000, -1.611009e+001,
4872500000, -1.566138e+001,
4873750000, -1.523273e+001,
4875000000, -1.511538e+001,
4876250000, -1.520535e+001,
4877500000, -1.527475e+001,
4878750000, -1.529959e+001,
4880000000, -1.530449e+001,
4881250000, -1.536178e+001,
4882500000, -1.547703e+001,
4883750000, -1.565272e+001,
4885000000, -1.592060e+001,
4886250000, -1.634367e+001,
4887500000, -1.692877e+001,
4888750000, -1.754136e+001,
4890000000, -1.792114e+001,
4891250000, -1.787222e+001,
4892500000, -1.769121e+001,
4893750000, -1.797549e+001,
4895000000, -1.867686e+001,
4896250000, -1.918153e+001,
4897500000, -1.897709e+001,
4898750000, -1.836011e+001,
4900000000, -1.796123e+001,
4901250000, -1.801710e+001,
4902500000, -1.824640e+001,
4903750000, -1.827009e+001,
4905000000, -1.790928e+001,
4906250000, -1.765027e+001,
4907500000, -1.784127e+001,
4908750000, -1.830800e+001,
4910000000, -1.857294e+001,
4911250000, -1.849407e+001,
4912500000, -1.842384e+001,
4913750000, -1.869231e+001,
4915000000, -1.917551e+001,
4916250000, -1.949240e+001,
4917500000, -1.943754e+001,
4918750000, -1.907466e+001,
4920000000, -1.871095e+001,
4921250000, -1.859114e+001,
4922500000, -1.872677e+001,
4923750000, -1.889388e+001,
4925000000, -1.894895e+001,
4926250000, -1.891487e+001,
4927500000, -1.894726e+001,
4928750000, -1.915099e+001,
4930000000, -1.943963e+001,
4931250000, -1.972457e+001,
4932500000, -1.999966e+001,
4933750000, -2.020330e+001,
4935000000, -2.030546e+001,
4936250000, -2.036313e+001,
4937500000, -2.029554e+001,
4938750000, -2.005750e+001,
4940000000, -1.970139e+001,
4941250000, -1.937874e+001,
4942500000, -1.911833e+001,
4943750000, -1.895476e+001,
4945000000, -1.886640e+001,
4946250000, -1.872976e+001,
4947500000, -1.855904e+001,
4948750000, -1.853466e+001,
4950000000, -1.878287e+001,
4951250000, -1.918409e+001,
4952500000, -1.941853e+001,
4953750000, -1.943846e+001,
4955000000, -1.935621e+001,
4956250000, -1.939646e+001,
4957500000, -1.961251e+001,
4958750000, -1.977645e+001,
4960000000, -1.984339e+001,
4961250000, -1.989701e+001,
4962500000, -2.008440e+001,
4963750000, -2.043422e+001,
4965000000, -2.081091e+001,
4966250000, -2.117067e+001,
4967500000, -2.144544e+001,
4968750000, -2.156752e+001,
4970000000, -2.152309e+001,
4971250000, -2.131482e+001,
4972500000, -2.090582e+001,
4973750000, -2.036691e+001,
4975000000, -1.980902e+001,
4976250000, -1.928436e+001,
4977500000, -1.878305e+001,
4978750000, -1.828904e+001,
4980000000, -1.790612e+001,
4981250000, -1.772414e+001,
4982500000, -1.770854e+001,
4983750000, -1.767816e+001,
4985000000, -1.755060e+001,
4986250000, -1.738191e+001,
4987500000, -1.722671e+001,
4988750000, -1.708352e+001,
4990000000, -1.687492e+001,
4991250000, -1.668738e+001,
4992500000, -1.658600e+001,
4993750000, -1.658353e+001,
4995000000, -1.671397e+001,
4996250000, -1.697752e+001,
4997500000, -1.727725e+001,
4998750000, -1.755615e+001,
5000000000, -1.779990e+001,
5001250000, -1.793815e+001,
5002500000, -1.798126e+001,
5003750000, -1.798775e+001,
5005000000, -1.806047e+001,
5006250000, -1.822100e+001,
5007500000, -1.849160e+001,
5008750000, -1.890541e+001,
5010000000, -1.943898e+001,
5011250000, -2.000677e+001,
5012500000, -2.043327e+001,
5013750000, -2.065522e+001,
5015000000, -2.073960e+001,
5016250000, -2.075421e+001,
5017500000, -2.066926e+001,
5018750000, -2.053343e+001,
5020000000, -2.049566e+001,
5021250000, -2.072931e+001,
5022500000, -2.129689e+001,
5023750000, -2.202861e+001,
5025000000, -2.275257e+001,
5026250000, -2.323802e+001,
5027500000, -2.352759e+001,
5028750000, -2.356617e+001,
5030000000, -2.351998e+001,
5031250000, -2.358818e+001,
5032500000, -2.366774e+001,
5033750000, -2.376017e+001,
5035000000, -2.387355e+001,
5036250000, -2.416029e+001,
5037500000, -2.455697e+001,
5038750000, -2.487939e+001,
5040000000, -2.503512e+001,
5041250000, -2.500014e+001,
5042500000, -2.482059e+001,
5043750000, -2.456872e+001,
5045000000, -2.445231e+001,
5046250000, -2.458238e+001,
5047500000, -2.503613e+001,
5048750000, -2.567570e+001,
5050000000, -2.623745e+001,
5051250000, -2.636235e+001,
5052500000, -2.582386e+001,
5053750000, -2.495885e+001,
5055000000, -2.421771e+001,
5056250000, -2.385175e+001,
5057500000, -2.397623e+001,
5058750000, -2.441552e+001,
5060000000, -2.481461e+001,
5061250000, -2.490248e+001,
5062500000, -2.450551e+001,
5063750000, -2.375705e+001,
5065000000, -2.308814e+001,
5066250000, -2.282391e+001,
5067500000, -2.303148e+001,
5068750000, -2.365045e+001,
5070000000, -2.448595e+001,
5071250000, -2.504471e+001,
5072500000, -2.494275e+001,
5073750000, -2.434720e+001,
5075000000, -2.354952e+001,
5076250000, -2.307946e+001,
5077500000, -2.335170e+001,
5078750000, -2.426932e+001,
5080000000, -2.538680e+001,
5081250000, -2.621819e+001,
5082500000, -2.654761e+001,
5083750000, -2.650453e+001,
5085000000, -2.647515e+001,
5086250000, -2.657077e+001,
5087500000, -2.674208e+001,
5088750000, -2.691393e+001,
5090000000, -2.684770e+001,
5091250000, -2.625004e+001,
5092500000, -2.554070e+001,
5093750000, -2.538560e+001,
5095000000, -2.613113e+001,
5096250000, -2.773531e+001,
5097500000, -2.992562e+001,
5098750000, -3.171902e+001,
5100000000, -3.257079e+001,
5101250000, -3.252460e+001,
5102500000, -3.149383e+001,
5103750000, -3.049594e+001,
5105000000, -2.992413e+001,
5106250000, -2.950308e+001,
5107500000, -2.870661e+001,
5108750000, -2.715638e+001,
5110000000, -2.587040e+001,
5111250000, -2.532468e+001,
5112500000, -2.560695e+001,
5113750000, -2.635024e+001,
5115000000, -2.659049e+001,
5116250000, -2.595168e+001,
5117500000, -2.540951e+001,
5118750000, -2.552939e+001,
5120000000, -2.657489e+001,
5121250000, -2.770256e+001,
5122500000, -2.762514e+001,
5123750000, -2.709351e+001,
5125000000, -2.697407e+001,
5126250000, -2.817051e+001,
5127500000, -3.005204e+001,
5128750000, -3.068138e+001,
5130000000, -2.984142e+001,
5131250000, -2.875120e+001,
5132500000, -2.884498e+001,
5133750000, -3.012080e+001,
5135000000, -2.996865e+001,
5136250000, -2.874426e+001,
5137500000, -2.874747e+001,
5138750000, -3.009794e+001,
5140000000, -3.191002e+001,
5141250000, -3.110558e+001,
5142500000, -2.866343e+001,
5143750000, -2.834229e+001,
5145000000, -3.042418e+001,
5146250000, -3.143971e+001,
5147500000, -3.046015e+001,
5148750000, -3.155978e+001,
5150000000, -3.674739e+001,
5151250000, -4.152441e+001,
5152500000, -3.769207e+001,
5153750000, -3.484211e+001,
5155000000, -3.537060e+001,
5156250000, -3.663462e+001,
5157500000, -3.421427e+001,
5158750000, -3.117053e+001,
5160000000, -3.264244e+001,
5161250000, -3.560703e+001,
5162500000, -3.278561e+001,
5163750000, -3.143041e+001,
5165000000, -3.418775e+001,
5166250000, -3.469514e+001,
5167500000, -3.371661e+001,
5168750000, -3.629207e+001,
5170000000, -3.886370e+001,
5171250000, -3.358668e+001,
5172500000, -3.330564e+001,
5173750000, -3.721537e+001,
5175000000, -3.468051e+001,
5176250000, -3.920448e+001,
5177500000, -5.070346e+001,
5178750000, -4.138332e+001,
5180000000, -4.029397e+001,
5181250000, -4.928827e+001,
5182500000, -3.865268e+001,
5183750000, -4.115174e+001,
5185000000, -4.674158e+001,
5186250000, -3.802110e+001,
5187500000, -4.452599e+001,
5188750000, -3.882906e+001,
5190000000, -4.213817e+001,
5191250000, -4.257334e+001,
5192500000, -4.272865e+001,
5193750000, -5.130905e+001,
5195000000, -4.268631e+001,
5196250000, -5.682858e+001,
5197500000, -4.395066e+001,
5198750000, -5.516283e+001,
5200000000, -4.401590e+001,
5201250000, -5.550963e+001,
5202500000, -4.507296e+001,
5203750000, -4.812997e+001,
5205000000, -4.773547e+001,
5206250000, -4.888163e+001,
5207500000, -4.827433e+001,
5208750000, -4.723079e+001,
5210000000, -4.960434e+001,
5211250000, -4.725449e+001,
5212500000, -4.665097e+001,
5213750000, -4.873099e+001,
5215000000, -4.975190e+001,
5216250000, -4.849253e+001,
5217500000, -4.770343e+001,
5218750000, -4.766963e+001,
5220000000, -4.790309e+001,
5221250000, -4.812819e+001,
5222500000, -4.822139e+001,
5223750000, -4.837264e+001,
5225000000, -4.838737e+001,
5226250000, -4.843750e+001,
5227500000, -4.847873e+001,
5228750000, -4.848151e+001,
5230000000, -4.851535e+001,
5231250000, -4.848311e+001,
5232500000, -4.851957e+001,
5233750000, -4.851966e+001,
5235000000, -4.848633e+001,
5236250000, -4.848089e+001,
5237500000, -4.845977e+001,
5238750000, -4.847829e+001,
5240000000, -4.844519e+001,
5241250000, -4.841186e+001,
5242500000, -4.841059e+001,
5243750000, -4.835704e+001,
5245000000, -4.831951e+001,
5246250000, -4.837123e+001,
5247500000, -4.833412e+001,
5248750000, -4.835878e+001,
5250000000, -4.842884e+001,
5251250000, -4.842001e+001,
5252500000, -4.845947e+001,
5253750000, -4.852748e+001,
5255000000, -4.860038e+001,
5256250000, -4.867759e+001,
5257500000, -4.868280e+001,
5258750000, -4.871976e+001,
5260000000, -4.869289e+001,
5261250000, -4.870302e+001,
5262500000, -4.871157e+001,
5263750000, -4.872831e+001,
5265000000, -4.873505e+001,
5266250000, -4.872950e+001,
5267500000, -4.874240e+001,
5268750000, -4.874905e+001,
5270000000, -4.875952e+001,
5271250000, -4.871605e+001,
5272500000, -4.869329e+001,
5273750000, -4.870450e+001,
5275000000, -4.867032e+001,
5276250000, -4.869212e+001,
5277500000, -4.865125e+001,
5278750000, -4.866423e+001,
5280000000, -4.863818e+001,
5281250000, -4.861643e+001,
5282500000, -4.863792e+001,
5283750000, -4.868076e+001,
5285000000, -4.864478e+001,
5286250000, -4.865516e+001,
5287500000, -4.872075e+001,
5288750000, -4.873522e+001,
5290000000, -4.875499e+001,
5291250000, -4.878483e+001,
5292500000, -4.879499e+001,
5293750000, -4.883359e+001,
5295000000, -4.885261e+001,
5296250000, -4.884642e+001,
5297500000, -4.889565e+001,
5298750000, -4.894615e+001,
5300000000, -4.894450e+001,
5301250000, -4.895987e+001,
5302500000, -4.893671e+001,
5303750000, -4.897498e+001,
5305000000, -4.899448e+001,
5306250000, -4.898188e+001,
5307500000, -4.901024e+001,
5308750000, -4.899166e+001,
5310000000, -4.898588e+001,
5311250000, -4.898913e+001,
5312500000, -4.900218e+001,
5313750000, -4.896520e+001,
5315000000, -4.901375e+001,
5316250000, -4.896069e+001,
5317500000, -4.902275e+001,
5318750000, -4.895337e+001,
5320000000, -4.897379e+001,
5321250000, -4.903331e+001,
5322500000, -4.898730e+001,
5323750000, -4.903340e+001,
5325000000, -4.912169e+001,
5326250000, -4.910886e+001,
5327500000, -4.911690e+001,
5328750000, -4.911923e+001,
5330000000, -4.912630e+001,
5331250000, -4.914865e+001,
5332500000, -4.919219e+001,
5333750000, -4.917665e+001,
5335000000, -4.918007e+001,
5336250000, -4.922863e+001,
5337500000, -4.918642e+001,
5338750000, -4.925735e+001,
5340000000, -4.919461e+001,
5341250000, -4.915275e+001,
5342500000, -4.919510e+001,
5343750000, -4.916981e+001,
5345000000, -4.920543e+001,
5346250000, -4.920317e+001,
5347500000, -4.916213e+001,
5348750000, -4.918114e+001,
5350000000, -4.924972e+001,
5351250000, -4.919102e+001,
5352500000, -4.915299e+001,
5353750000, -4.919961e+001,
5355000000, -4.918494e+001,
5356250000, -4.914726e+001,
5357500000, -4.919992e+001,
5358750000, -4.916564e+001,
5360000000, -4.919657e+001,
5361250000, -4.914483e+001,
5362500000, -4.914054e+001,
5363750000, -4.915002e+001,
5365000000, -4.912078e+001,
5366250000, -4.909795e+001,
5367500000, -4.909176e+001,
5368750000, -4.908451e+001,
5370000000, -4.905106e+001,
5371250000, -4.908533e+001,
5372500000, -4.902564e+001,
5373750000, -4.903972e+001,
5375000000, -4.900144e+001,
5376250000, -4.906819e+001,
5377500000, -4.901476e+001,
5378750000, -4.904746e+001,
5380000000, -4.902760e+001,
5381250000, -4.902206e+001,
5382500000, -4.902088e+001,
5383750000, -4.897325e+001,
5385000000, -4.901294e+001,
5386250000, -4.892731e+001,
5387500000, -4.890411e+001,
5388750000, -4.895628e+001,
5390000000, -4.893728e+001,
5391250000, -4.896384e+001,
5392500000, -4.889434e+001,
5393750000, -4.889656e+001,
5395000000, -4.888295e+001,
5396250000, -4.884782e+001,
5397500000, -4.888322e+001,
5398750000, -4.883681e+001,
5400000000, -4.884663e+001,
5401250000, -4.887988e+001,
5402500000, -4.886516e+001,
5403750000, -4.883241e+001,
5405000000, -4.889048e+001,
5406250000, -4.887855e+001,
5407500000, -4.881887e+001,
5408750000, -4.884221e+001,
5410000000, -4.879299e+001,
5411250000, -4.880274e+001,
5412500000, -4.878659e+001,
5413750000, -4.878461e+001,
5415000000, -4.878334e+001,
5416250000, -4.877251e+001,
5417500000, -4.874283e+001,
5418750000, -4.869784e+001,
5420000000, -4.869020e+001,
5421250000, -4.868602e+001,
5422500000, -4.870332e+001,
5423750000, -4.868835e+001,
5425000000, -4.866762e+001,
5426250000, -4.865650e+001,
5427500000, -4.861578e+001,
5428750000, -4.869091e+001,
5430000000, -4.862919e+001,
5431250000, -4.862695e+001,
5432500000, -4.869242e+001,
5433750000, -4.867509e+001,
5435000000, -4.867443e+001,
5436250000, -4.870973e+001,
5437500000, -4.865087e+001,
5438750000, -4.870268e+001,
5440000000, -4.867853e+001,
5441250000, -4.873649e+001,
5442500000, -4.875131e+001,
5443750000, -4.877276e+001,
5445000000, -4.884859e+001,
5446250000, -4.883902e+001,
5447500000, -4.886431e+001,
5448750000, -4.887355e+001,
5450000000, -4.888147e+001,
5451250000, -4.890956e+001,
5452500000, -4.890371e+001,
5453750000, -4.895366e+001,
5455000000, -4.904752e+001,
5456250000, -4.902293e+001,
5457500000, -4.906647e+001,
5458750000, -4.911824e+001,
5460000000, -4.915623e+001,
5461250000, -4.922437e+001,
5462500000, -4.930225e+001,
5463750000, -4.934563e+001,
5465000000, -4.936657e+001,
5466250000, -4.936749e+001,
5467500000, -4.949837e+001,
5468750000, -4.954399e+001,
5470000000, -4.957455e+001,
5471250000, -4.957268e+001,
5472500000, -4.960907e+001,
5473750000, -4.958865e+001,
5475000000, -4.966027e+001,
5476250000, -4.964355e+001,
5477500000, -4.977160e+001,
5478750000, -4.971671e+001,
5480000000, -4.978841e+001,
5481250000, -4.978074e+001,
5482500000, -4.983296e+001,
5483750000, -4.985105e+001,
5485000000, -4.982946e+001,
5486250000, -4.990739e+001,
5487500000, -4.993499e+001,
5488750000, -4.993839e+001,
5490000000, -4.996630e+001,
5491250000, -4.997837e+001,
5492500000, -5.000240e+001,
5493750000, -5.005730e+001,
5495000000, -5.000096e+001,
5496250000, -4.999540e+001,
5497500000, -5.006203e+001,
5498750000, -5.006543e+001,
5500000000, -5.006355e+001,
