"S21 Log Mag"
"Frequency (Hz)","dB",
10000000, -6.484178e+001,
13118750, -6.449454e+001,
16237500, -5.778922e+001,
19356250, -6.403532e+001,
22475000, -6.874055e+001,
25593750, -6.436800e+001,
28712500, -7.377030e+001,
31831250, -8.614017e+001,
34950000, -8.269208e+001,
38068750, -7.633403e+001,
41187500, -8.029580e+001,
44306250, -7.386449e+001,
47425000, -6.677424e+001,
50543750, -7.038848e+001,
53662500, -7.979700e+001,
56781250, -7.239404e+001,
59900000, -7.025121e+001,
63018750, -6.885069e+001,
66137500, -8.221336e+001,
69256250, -7.860704e+001,
72375000, -7.379895e+001,
75493750, -7.494618e+001,
78612500, -8.506683e+001,
81731250, -8.187048e+001,
84850000, -7.371458e+001,
87968750, -8.459616e+001,
91087500, -7.641805e+001,
94206250, -7.579282e+001,
97325000, -7.316924e+001,
100443750, -7.607112e+001,
103562500, -7.931540e+001,
106681250, -7.575397e+001,
109800000, -7.239350e+001,
112918750, -7.540775e+001,
116037500, -7.447877e+001,
119156250, -6.840768e+001,
122275000, -7.458545e+001,
125393750, -7.028217e+001,
128512500, -7.083908e+001,
131631250, -7.138960e+001,
134750000, -7.106776e+001,
137868750, -7.326069e+001,
140987500, -7.783492e+001,
144106250, -7.458651e+001,
147225000, -7.867902e+001,
150343750, -7.129057e+001,
153462500, -7.760571e+001,
156581250, -7.256306e+001,
159700000, -6.927205e+001,
162818750, -7.457163e+001,
165937500, -7.647038e+001,
169056250, -7.010681e+001,
172175000, -7.336387e+001,
175293750, -6.828478e+001,
178412500, -7.012996e+001,
181531250, -7.610155e+001,
184650000, -7.259048e+001,
187768750, -6.956778e+001,
190887500, -6.952470e+001,
194006250, -7.132011e+001,
197125000, -7.929706e+001,
200243750, -7.230569e+001,
203362500, -6.964465e+001,
206481250, -7.314951e+001,
209600000, -7.155835e+001,
212718750, -7.233272e+001,
215837500, -7.065988e+001,
218956250, -7.152639e+001,
222075000, -7.650252e+001,
225193750, -7.132343e+001,
228312500, -7.552264e+001,
231431250, -7.091977e+001,
234550000, -7.444538e+001,
237668750, -7.084603e+001,
240787500, -7.058897e+001,
243906250, -7.157380e+001,
247025000, -7.238020e+001,
250143750, -7.045138e+001,
253262500, -7.203207e+001,
256381250, -6.717383e+001,
259500000, -7.126531e+001,
262618750, -6.995707e+001,
265737500, -7.161273e+001,
268856250, -7.750202e+001,
271975000, -8.142583e+001,
275093750, -7.118037e+001,
278212500, -7.147989e+001,
281331250, -6.995779e+001,
284450000, -6.983962e+001,
287568750, -6.859526e+001,
290687500, -6.709487e+001,
293806250, -6.696224e+001,
296925000, -6.978249e+001,
300043750, -6.957198e+001,
303162500, -7.288726e+001,
306281250, -6.946613e+001,
309400000, -6.728118e+001,
312518750, -6.883485e+001,
315637500, -7.046255e+001,
318756250, -6.825799e+001,
321875000, -6.858276e+001,
324993750, -6.988173e+001,
328112500, -7.195746e+001,
331231250, -7.124310e+001,
334350000, -6.609538e+001,
337468750, -6.988148e+001,
340587500, -6.944016e+001,
343706250, -7.004406e+001,
346825000, -7.129185e+001,
349943750, -6.867445e+001,
353062500, -6.910962e+001,
356181250, -6.860640e+001,
359300000, -6.861941e+001,
362418750, -6.675560e+001,
365537500, -6.839464e+001,
368656250, -6.871271e+001,
371775000, -6.784900e+001,
374893750, -6.882181e+001,
378012500, -6.696947e+001,
381131250, -6.767618e+001,
384250000, -6.867364e+001,
387368750, -6.898153e+001,
390487500, -6.700521e+001,
393606250, -7.035593e+001,
396725000, -6.823314e+001,
399843750, -6.616257e+001,
402962500, -6.782964e+001,
406081250, -6.699718e+001,
409200000, -6.624924e+001,
412318750, -6.845169e+001,
415437500, -6.597002e+001,
418556250, -6.915018e+001,
421675000, -6.634997e+001,
424793750, -6.597021e+001,
427912500, -6.768817e+001,
431031250, -6.723358e+001,
434150000, -6.527480e+001,
437268750, -6.599074e+001,
440387500, -6.607579e+001,
443506250, -6.669000e+001,
446625000, -6.505381e+001,
449743750, -6.509641e+001,
452862500, -6.600536e+001,
455981250, -6.738049e+001,
459100000, -6.547388e+001,
462218750, -6.644341e+001,
465337500, -6.744037e+001,
468456250, -6.648009e+001,
471575000, -6.766690e+001,
474693750, -6.638699e+001,
477812500, -6.712138e+001,
480931250, -6.559030e+001,
484050000, -6.442065e+001,
487168750, -6.634158e+001,
490287500, -6.728293e+001,
493406250, -6.596155e+001,
496525000, -6.777114e+001,
499643750, -6.609626e+001,
502762500, -6.615066e+001,
505881250, -6.555222e+001,
509000000, -6.588934e+001,
512118750, -6.573256e+001,
515237500, -6.609149e+001,
518356250, -6.640952e+001,
521475000, -6.550889e+001,
524593750, -6.707005e+001,
527712500, -6.452198e+001,
530831250, -6.622743e+001,
533950000, -6.505991e+001,
537068750, -6.537314e+001,
540187500, -6.710158e+001,
543306250, -6.631927e+001,
546425000, -6.618195e+001,
549543750, -6.512504e+001,
552662500, -6.395839e+001,
555781250, -6.631303e+001,
558900000, -6.758702e+001,
562018750, -6.675254e+001,
565137500, -6.377459e+001,
568256250, -6.537926e+001,
571375000, -6.529550e+001,
574493750, -6.579128e+001,
577612500, -6.503666e+001,
580731250, -6.674284e+001,
583850000, -6.467577e+001,
586968750, -6.791982e+001,
590087500, -6.500992e+001,
593206250, -6.436212e+001,
596325000, -6.609559e+001,
599443750, -6.463735e+001,
602562500, -6.353158e+001,
605681250, -6.467125e+001,
608800000, -6.441248e+001,
611918750, -6.443347e+001,
615037500, -6.372659e+001,
618156250, -6.469358e+001,
621275000, -6.541574e+001,
624393750, -6.380536e+001,
627512500, -6.427406e+001,
630631250, -6.479736e+001,
633750000, -6.428616e+001,
636868750, -6.514812e+001,
639987500, -6.464962e+001,
643106250, -6.401562e+001,
646225000, -6.493613e+001,
649343750, -6.498349e+001,
652462500, -6.469378e+001,
655581250, -6.475578e+001,
658700000, -6.446666e+001,
661818750, -6.457140e+001,
664937500, -6.485165e+001,
668056250, -6.415614e+001,
671175000, -6.416263e+001,
674293750, -6.423727e+001,
677412500, -6.453658e+001,
680531250, -6.486742e+001,
683650000, -6.389775e+001,
686768750, -6.403143e+001,
689887500, -6.484693e+001,
693006250, -6.406164e+001,
696125000, -6.519861e+001,
699243750, -6.334644e+001,
702362500, -6.479442e+001,
705481250, -6.389303e+001,
708600000, -6.423761e+001,
711718750, -6.278666e+001,
714837500, -6.370932e+001,
717956250, -6.530111e+001,
721075000, -6.287270e+001,
724193750, -6.402496e+001,
727312500, -6.400134e+001,
730431250, -6.298804e+001,
733550000, -6.342719e+001,
736668750, -6.290556e+001,
739787500, -6.323072e+001,
742906250, -6.354362e+001,
746025000, -6.365658e+001,
749143750, -6.293132e+001,
752262500, -6.310830e+001,
755381250, -6.275779e+001,
758500000, -6.188086e+001,
761618750, -6.271623e+001,
764737500, -6.249273e+001,
767856250, -6.224964e+001,
770975000, -6.223122e+001,
774093750, -6.280107e+001,
777212500, -6.293597e+001,
780331250, -6.260715e+001,
783450000, -6.164651e+001,
786568750, -6.191694e+001,
789687500, -6.141006e+001,
792806250, -6.179358e+001,
795925000, -6.210680e+001,
799043750, -6.266253e+001,
802162500, -6.175523e+001,
805281250, -6.213687e+001,
808400000, -6.188551e+001,
811518750, -6.202551e+001,
814637500, -6.236278e+001,
817756250, -6.162687e+001,
820875000, -6.176406e+001,
823993750, -6.252415e+001,
827112500, -6.196567e+001,
830231250, -6.168438e+001,
833350000, -6.193954e+001,
836468750, -6.183986e+001,
839587500, -6.185654e+001,
842706250, -6.125100e+001,
845825000, -6.076994e+001,
848943750, -6.160019e+001,
852062500, -6.167180e+001,
855181250, -6.119736e+001,
858300000, -6.133661e+001,
861418750, -6.156392e+001,
864537500, -6.138507e+001,
867656250, -6.140827e+001,
870775000, -6.149133e+001,
873893750, -6.167642e+001,
877012500, -6.200817e+001,
880131250, -6.109859e+001,
883250000, -6.134511e+001,
886368750, -6.143722e+001,
889487500, -6.188189e+001,
892606250, -6.209307e+001,
895725000, -6.227071e+001,
898843750, -6.111674e+001,
901962500, -6.176073e+001,
905081250, -6.072949e+001,
908200000, -6.076687e+001,
911318750, -6.022527e+001,
914437500, -6.050746e+001,
917556250, -6.128512e+001,
920675000, -6.083976e+001,
923793750, -6.061072e+001,
926912500, -6.091406e+001,
930031250, -6.100559e+001,
933150000, -6.078790e+001,
936268750, -6.083844e+001,
939387500, -6.049187e+001,
942506250, -6.095382e+001,
945625000, -6.071257e+001,
948743750, -6.130131e+001,
951862500, -6.115342e+001,
954981250, -6.075967e+001,
958100000, -6.099881e+001,
961218750, -6.083433e+001,
964337500, -6.124104e+001,
967456250, -6.082631e+001,
970575000, -6.065923e+001,
973693750, -6.088853e+001,
976812500, -6.095037e+001,
979931250, -6.111359e+001,
983050000, -6.085840e+001,
986168750, -6.074268e+001,
989287500, -6.050201e+001,
992406250, -6.138928e+001,
995525000, -6.106622e+001,
998643750, -6.071039e+001,
1001762500, -6.132256e+001,
1004881250, -6.097096e+001,
1008000000, -6.108957e+001,
1011118750, -6.037386e+001,
1014237500, -6.105091e+001,
1017356250, -6.108277e+001,
1020475000, -6.061947e+001,
1023593750, -6.080360e+001,
1026712500, -6.170523e+001,
1029831250, -6.074827e+001,
1032950000, -6.039254e+001,
1036068750, -6.044573e+001,
1039187500, -6.069112e+001,
1042306250, -6.134603e+001,
1045425000, -6.068785e+001,
1048543750, -6.068232e+001,
1051662500, -6.122848e+001,
1054781250, -6.137797e+001,
1057900000, -6.096801e+001,
1061018750, -6.073339e+001,
1064137500, -6.114573e+001,
1067256250, -6.063514e+001,
1070375000, -6.103614e+001,
1073493750, -6.118114e+001,
1076612500, -6.074372e+001,
1079731250, -6.116433e+001,
1082850000, -6.106139e+001,
1085968750, -6.126882e+001,
1089087500, -6.095866e+001,
1092206250, -6.124096e+001,
1095325000, -6.102844e+001,
1098443750, -6.107304e+001,
1101562500, -6.088762e+001,
1104681250, -6.048490e+001,
1107800000, -6.125299e+001,
1110918750, -6.104393e+001,
1114037500, -6.109221e+001,
1117156250, -6.120729e+001,
1120275000, -6.139500e+001,
1123393750, -6.108397e+001,
1126512500, -6.104719e+001,
1129631250, -6.105077e+001,
1132750000, -6.084261e+001,
1135868750, -6.070673e+001,
1138987500, -6.081910e+001,
1142106250, -6.090051e+001,
1145225000, -6.112041e+001,
1148343750, -6.121371e+001,
1151462500, -6.160583e+001,
1154581250, -6.127928e+001,
1157700000, -6.076027e+001,
1160818750, -6.070283e+001,
1163937500, -6.115131e+001,
1167056250, -6.078729e+001,
1170175000, -6.120525e+001,
1173293750, -6.093641e+001,
1176412500, -6.072701e+001,
1179531250, -6.014465e+001,
1182650000, -6.024654e+001,
1185768750, -6.131553e+001,
1188887500, -6.119228e+001,
1192006250, -6.134709e+001,
1195125000, -6.094098e+001,
1198243750, -6.125154e+001,
1201362500, -6.181985e+001,
1204481250, -6.130885e+001,
1207600000, -6.107883e+001,
1210718750, -6.167752e+001,
1213837500, -6.138733e+001,
1216956250, -6.115493e+001,
1220075000, -6.059311e+001,
1223193750, -6.152432e+001,
1226312500, -6.169490e+001,
1229431250, -6.084038e+001,
1232550000, -6.130054e+001,
1235668750, -6.116260e+001,
1238787500, -6.089932e+001,
1241906250, -6.159527e+001,
1245025000, -6.080710e+001,
1248143750, -6.094001e+001,
1251262500, -6.145262e+001,
1254381250, -6.139177e+001,
1257500000, -6.113364e+001,
1260618750, -6.118786e+001,
1263737500, -6.121753e+001,
1266856250, -6.153811e+001,
1269975000, -6.086913e+001,
1273093750, -6.080881e+001,
1276212500, -6.126039e+001,
1279331250, -6.084685e+001,
1282450000, -6.053581e+001,
1285568750, -6.081568e+001,
1288687500, -6.084071e+001,
1291806250, -6.093095e+001,
1294925000, -6.064322e+001,
1298043750, -6.088276e+001,
1301162500, -6.070647e+001,
1304281250, -6.070285e+001,
1307400000, -6.064697e+001,
1310518750, -6.113531e+001,
1313637500, -6.020683e+001,
1316756250, -6.044496e+001,
1319875000, -6.115845e+001,
1322993750, -6.015421e+001,
1326112500, -6.070796e+001,
1329231250, -6.032375e+001,
1332350000, -6.083012e+001,
1335468750, -6.097925e+001,
1338587500, -6.016348e+001,
1341706250, -6.029517e+001,
1344825000, -6.038577e+001,
1347943750, -6.078238e+001,
1351062500, -6.075703e+001,
1354181250, -6.094582e+001,
1357300000, -6.040408e+001,
1360418750, -6.057336e+001,
1363537500, -6.088218e+001,
1366656250, -6.058142e+001,
1369775000, -6.041434e+001,
1372893750, -6.024316e+001,
1376012500, -6.051977e+001,
1379131250, -6.047683e+001,
1382250000, -6.081276e+001,
1385368750, -6.065391e+001,
1388487500, -6.054502e+001,
1391606250, -6.067248e+001,
1394725000, -6.057244e+001,
1397843750, -6.056314e+001,
1400962500, -6.059390e+001,
1404081250, -6.052179e+001,
1407200000, -6.094450e+001,
1410318750, -6.145455e+001,
1413437500, -6.177967e+001,
1416556250, -6.091647e+001,
1419675000, -6.169463e+001,
1422793750, -6.179640e+001,
1425912500, -6.105720e+001,
1429031250, -6.143402e+001,
1432150000, -6.199166e+001,
1435268750, -6.221771e+001,
1438387500, -6.173558e+001,
1441506250, -6.170929e+001,
1444625000, -6.206374e+001,
1447743750, -6.228677e+001,
1450862500, -6.242886e+001,
1453981250, -6.175327e+001,
1457100000, -6.186590e+001,
1460218750, -6.222026e+001,
1463337500, -6.169822e+001,
1466456250, -6.210601e+001,
1469575000, -6.245371e+001,
1472693750, -6.216373e+001,
1475812500, -6.211787e+001,
1478931250, -6.246535e+001,
1482050000, -6.165518e+001,
1485168750, -6.198389e+001,
1488287500, -6.180594e+001,
1491406250, -6.215834e+001,
1494525000, -6.185925e+001,
1497643750, -6.250632e+001,
1500762500, -6.235683e+001,
1503881250, -6.215847e+001,
1507000000, -6.204416e+001,
1510118750, -6.302537e+001,
1513237500, -6.301698e+001,
1516356250, -6.282217e+001,
1519475000, -6.297626e+001,
1522593750, -6.336879e+001,
1525712500, -6.292860e+001,
1528831250, -6.322588e+001,
1531950000, -6.297632e+001,
1535068750, -6.355486e+001,
1538187500, -6.311103e+001,
1541306250, -6.301968e+001,
1544425000, -6.282419e+001,
1547543750, -6.288937e+001,
1550662500, -6.281466e+001,
1553781250, -6.353960e+001,
1556900000, -6.299767e+001,
1560018750, -6.312338e+001,
1563137500, -6.344448e+001,
1566256250, -6.297301e+001,
1569375000, -6.242885e+001,
1572493750, -6.330342e+001,
1575612500, -6.419314e+001,
1578731250, -6.296249e+001,
1581850000, -6.346431e+001,
1584968750, -6.361589e+001,
1588087500, -6.380050e+001,
1591206250, -6.302559e+001,
1594325000, -6.280062e+001,
1597443750, -6.372320e+001,
1600562500, -6.325224e+001,
1603681250, -6.333785e+001,
1606800000, -6.295271e+001,
1609918750, -6.326281e+001,
1613037500, -6.337089e+001,
1616156250, -6.360960e+001,
1619275000, -6.295998e+001,
1622393750, -6.415614e+001,
1625512500, -6.393420e+001,
1628631250, -6.510007e+001,
1631750000, -6.339762e+001,
1634868750, -6.427625e+001,
1637987500, -6.431307e+001,
1641106250, -6.381377e+001,
1644225000, -6.380682e+001,
1647343750, -6.406639e+001,
1650462500, -6.359160e+001,
1653581250, -6.346588e+001,
1656700000, -6.447865e+001,
1659818750, -6.364297e+001,
1662937500, -6.416985e+001,
1666056250, -6.432552e+001,
1669175000, -6.428034e+001,
1672293750, -6.434727e+001,
1675412500, -6.445372e+001,
1678531250, -6.467265e+001,
1681650000, -6.401271e+001,
1684768750, -6.478948e+001,
1687887500, -6.493395e+001,
1691006250, -6.435516e+001,
1694125000, -6.486884e+001,
1697243750, -6.397214e+001,
1700362500, -6.448439e+001,
1703481250, -6.472159e+001,
1706600000, -6.497550e+001,
1709718750, -6.487579e+001,
1712837500, -6.504340e+001,
1715956250, -6.489894e+001,
1719075000, -6.528722e+001,
1722193750, -6.525356e+001,
1725312500, -6.567696e+001,
1728431250, -6.572961e+001,
1731550000, -6.524021e+001,
1734668750, -6.603984e+001,
1737787500, -6.633891e+001,
1740906250, -6.550124e+001,
1744025000, -6.570940e+001,
1747143750, -6.627480e+001,
1750262500, -6.528143e+001,
1753381250, -6.644679e+001,
1756500000, -6.590582e+001,
1759618750, -6.543323e+001,
1762737500, -6.773305e+001,
1765856250, -6.649551e+001,
1768975000, -6.778805e+001,
1772093750, -6.675272e+001,
1775212500, -6.601585e+001,
1778331250, -6.611300e+001,
1781450000, -6.644386e+001,
1784568750, -6.759462e+001,
1787687500, -6.700962e+001,
1790806250, -6.699976e+001,
1793925000, -6.723972e+001,
1797043750, -6.683644e+001,
1800162500, -6.738174e+001,
1803281250, -6.773955e+001,
1806400000, -6.750423e+001,
1809518750, -6.738820e+001,
1812637500, -6.782928e+001,
1815756250, -6.682144e+001,
1818875000, -6.729697e+001,
1821993750, -6.717516e+001,
1825112500, -6.790580e+001,
1828231250, -6.693722e+001,
1831350000, -6.715793e+001,
1834468750, -6.854973e+001,
1837587500, -6.808521e+001,
1840706250, -6.773967e+001,
1843825000, -6.712384e+001,
1846943750, -6.809774e+001,
1850062500, -6.848236e+001,
1853181250, -6.784039e+001,
1856300000, -6.812447e+001,
1859418750, -6.832723e+001,
1862537500, -6.874573e+001,
1865656250, -6.895204e+001,
1868775000, -6.911234e+001,
1871893750, -6.888770e+001,
1875012500, -6.839247e+001,
1878131250, -6.925531e+001,
1881250000, -7.017804e+001,
1884368750, -7.042883e+001,
1887487500, -6.890529e+001,
1890606250, -6.882957e+001,
1893725000, -6.967039e+001,
1896843750, -6.920497e+001,
1899962500, -7.092841e+001,
1903081250, -7.078944e+001,
1906200000, -6.994481e+001,
1909318750, -6.802709e+001,
1912437500, -7.043799e+001,
1915556250, -6.908790e+001,
1918675000, -7.280256e+001,
1921793750, -7.077579e+001,
1924912500, -6.877718e+001,
1928031250, -6.837109e+001,
1931150000, -7.019473e+001,
1934268750, -6.794350e+001,
1937387500, -6.996320e+001,
1940506250, -6.934084e+001,
1943625000, -6.874651e+001,
1946743750, -6.874155e+001,
1949862500, -6.834870e+001,
1952981250, -7.095102e+001,
1956100000, -6.901395e+001,
1959218750, -7.016898e+001,
1962337500, -6.944968e+001,
1965456250, -7.053645e+001,
1968575000, -6.975797e+001,
1971693750, -7.022118e+001,
1974812500, -6.911610e+001,
1977931250, -6.919309e+001,
1981050000, -7.242633e+001,
1984168750, -7.111077e+001,
1987287500, -7.093907e+001,
1990406250, -7.068388e+001,
1993525000, -7.121436e+001,
1996643750, -7.138613e+001,
1999762500, -6.969301e+001,
2002881250, -7.028458e+001,
2006000000, -7.157935e+001,
2009118750, -7.167241e+001,
2012237500, -7.148391e+001,
2015356250, -6.896441e+001,
2018475000, -7.128163e+001,
2021593750, -7.106818e+001,
2024712500, -6.939466e+001,
2027831250, -7.156808e+001,
2030950000, -7.098115e+001,
2034068750, -7.258679e+001,
2037187500, -7.157542e+001,
2040306250, -7.014669e+001,
2043425000, -7.096301e+001,
2046543750, -7.238812e+001,
2049662500, -7.139610e+001,
2052781250, -7.098454e+001,
2055900000, -7.521936e+001,
2059018750, -7.199739e+001,
2062137500, -7.221647e+001,
2065256250, -7.446996e+001,
2068375000, -7.197575e+001,
2071493750, -7.530357e+001,
2074612500, -7.532600e+001,
2077731250, -7.153928e+001,
2080850000, -7.377096e+001,
2083968750, -7.463296e+001,
2087087500, -7.347930e+001,
2090206250, -7.431238e+001,
2093325000, -7.578282e+001,
2096443750, -7.381925e+001,
2099562500, -7.354493e+001,
2102681250, -7.481213e+001,
2105800000, -7.461497e+001,
2108918750, -7.435184e+001,
2112037500, -7.207370e+001,
2115156250, -7.456676e+001,
2118275000, -7.249515e+001,
2121393750, -7.404839e+001,
2124512500, -7.511889e+001,
2127631250, -7.246356e+001,
2130750000, -7.272641e+001,
2133868750, -7.303801e+001,
2136987500, -7.284051e+001,
2140106250, -7.190285e+001,
2143225000, -7.309645e+001,
2146343750, -7.251974e+001,
2149462500, -7.509969e+001,
2152581250, -7.386913e+001,
2155700000, -7.521120e+001,
2158818750, -7.455363e+001,
2161937500, -7.475827e+001,
2165056250, -7.633508e+001,
2168175000, -7.392218e+001,
2171293750, -7.405608e+001,
2174412500, -7.377299e+001,
2177531250, -7.441046e+001,
2180650000, -7.185888e+001,
2183768750, -7.159145e+001,
2186887500, -7.370237e+001,
2190006250, -7.496853e+001,
2193125000, -7.388474e+001,
2196243750, -7.285493e+001,
2199362500, -7.373449e+001,
2202481250, -7.458968e+001,
2205600000, -7.598997e+001,
2208718750, -7.376955e+001,
2211837500, -7.314540e+001,
2214956250, -7.408418e+001,
2218075000, -7.522779e+001,
2221193750, -7.414750e+001,
2224312500, -7.304722e+001,
2227431250, -7.032661e+001,
2230550000, -7.283053e+001,
2233668750, -7.331240e+001,
2236787500, -7.111286e+001,
2239906250, -7.136132e+001,
2243025000, -7.738384e+001,
2246143750, -7.162342e+001,
2249262500, -7.355638e+001,
2252381250, -7.107028e+001,
2255500000, -7.214619e+001,
2258618750, -7.237718e+001,
2261737500, -7.278267e+001,
2264856250, -7.309728e+001,
2267975000, -7.288793e+001,
2271093750, -7.376711e+001,
2274212500, -7.253293e+001,
2277331250, -7.274823e+001,
2280450000, -7.318838e+001,
2283568750, -7.306718e+001,
2286687500, -7.192044e+001,
2289806250, -7.228069e+001,
2292925000, -7.445089e+001,
2296043750, -7.281737e+001,
2299162500, -7.355034e+001,
2302281250, -7.272746e+001,
2305400000, -7.529543e+001,
2308518750, -7.386832e+001,
2311637500, -7.268835e+001,
2314756250, -7.398091e+001,
2317875000, -7.244492e+001,
2320993750, -7.183636e+001,
2324112500, -7.547100e+001,
2327231250, -7.143015e+001,
2330350000, -7.478771e+001,
2333468750, -7.785871e+001,
2336587500, -7.298067e+001,
2339706250, -7.336750e+001,
2342825000, -7.317477e+001,
2345943750, -7.335533e+001,
2349062500, -7.444295e+001,
2352181250, -7.653287e+001,
2355300000, -7.236663e+001,
2358418750, -7.261022e+001,
2361537500, -7.562166e+001,
2364656250, -7.216867e+001,
2367775000, -7.388754e+001,
2370893750, -7.306529e+001,
2374012500, -7.149427e+001,
2377131250, -7.586870e+001,
2380250000, -7.273279e+001,
2383368750, -7.591006e+001,
2386487500, -7.294898e+001,
2389606250, -7.343236e+001,
2392725000, -7.528291e+001,
2395843750, -7.363147e+001,
2398962500, -7.275269e+001,
2402081250, -7.526450e+001,
2405200000, -7.587569e+001,
2408318750, -7.338615e+001,
2411437500, -7.636678e+001,
2414556250, -7.285300e+001,
2417675000, -7.287359e+001,
2420793750, -7.295422e+001,
2423912500, -7.535336e+001,
2427031250, -7.214778e+001,
2430150000, -7.294740e+001,
2433268750, -7.362832e+001,
2436387500, -7.253395e+001,
2439506250, -7.360226e+001,
2442625000, -7.324799e+001,
2445743750, -7.402538e+001,
2448862500, -7.439831e+001,
2451981250, -7.335747e+001,
2455100000, -7.309486e+001,
2458218750, -7.478696e+001,
2461337500, -7.282342e+001,
2464456250, -7.285735e+001,
2467575000, -7.196048e+001,
2470693750, -7.300510e+001,
2473812500, -7.349010e+001,
2476931250, -7.543282e+001,
2480050000, -7.240717e+001,
2483168750, -7.125111e+001,
2486287500, -7.309048e+001,
2489406250, -7.286326e+001,
2492525000, -7.399633e+001,
2495643750, -7.286106e+001,
2498762500, -7.106559e+001,
2501881250, -7.226115e+001,
2505000000, -7.225948e+001,
2508118750, -7.083197e+001,
2511237500, -7.191410e+001,
2514356250, -7.115519e+001,
2517475000, -7.244034e+001,
2520593750, -7.363849e+001,
2523712500, -7.037967e+001,
2526831250, -7.154250e+001,
2529950000, -7.389799e+001,
2533068750, -7.220420e+001,
2536187500, -7.138669e+001,
2539306250, -7.204230e+001,
2542425000, -7.095532e+001,
2545543750, -7.163902e+001,
2548662500, -7.041537e+001,
2551781250, -7.228268e+001,
2554900000, -7.139644e+001,
2558018750, -6.989056e+001,
2561137500, -6.883096e+001,
2564256250, -7.042863e+001,
2567375000, -7.069621e+001,
2570493750, -7.132006e+001,
2573612500, -6.997233e+001,
2576731250, -7.091663e+001,
2579850000, -7.066904e+001,
2582968750, -7.083457e+001,
2586087500, -7.050346e+001,
2589206250, -7.037583e+001,
2592325000, -7.024062e+001,
2595443750, -7.119034e+001,
2598562500, -7.121355e+001,
2601681250, -7.029149e+001,
2604800000, -7.142886e+001,
2607918750, -7.113258e+001,
2611037500, -6.985452e+001,
2614156250, -7.062984e+001,
2617275000, -7.018283e+001,
2620393750, -7.125789e+001,
2623512500, -6.865590e+001,
2626631250, -6.899849e+001,
2629750000, -7.191087e+001,
2632868750, -7.058403e+001,
2635987500, -7.011314e+001,
2639106250, -6.993814e+001,
2642225000, -7.077390e+001,
2645343750, -7.108764e+001,
2648462500, -6.966392e+001,
2651581250, -7.011327e+001,
2654700000, -6.829288e+001,
2657818750, -6.929314e+001,
2660937500, -7.093797e+001,
2664056250, -7.164217e+001,
2667175000, -7.113594e+001,
2670293750, -7.106750e+001,
2673412500, -6.916105e+001,
2676531250, -6.989151e+001,
2679650000, -6.832358e+001,
2682768750, -6.914083e+001,
2685887500, -6.911094e+001,
2689006250, -6.905769e+001,
2692125000, -6.921502e+001,
2695243750, -7.047224e+001,
2698362500, -6.926893e+001,
2701481250, -7.085091e+001,
2704600000, -6.897192e+001,
2707718750, -6.920203e+001,
2710837500, -7.003896e+001,
2713956250, -6.970389e+001,
2717075000, -6.885619e+001,
2720193750, -6.864956e+001,
2723312500, -6.943533e+001,
2726431250, -6.924917e+001,
2729550000, -6.952188e+001,
2732668750, -6.869665e+001,
2735787500, -6.910460e+001,
2738906250, -6.983703e+001,
2742025000, -6.900120e+001,
2745143750, -6.745496e+001,
2748262500, -6.833190e+001,
2751381250, -6.742436e+001,
2754500000, -6.801894e+001,
2757618750, -6.667455e+001,
2760737500, -6.753683e+001,
2763856250, -6.774747e+001,
2766975000, -6.738409e+001,
2770093750, -6.843516e+001,
2773212500, -6.672507e+001,
2776331250, -6.698923e+001,
2779450000, -6.737280e+001,
2782568750, -6.782800e+001,
2785687500, -6.709083e+001,
2788806250, -6.689936e+001,
2791925000, -6.662828e+001,
2795043750, -6.649380e+001,
2798162500, -6.775940e+001,
2801281250, -6.681310e+001,
2804400000, -6.741161e+001,
2807518750, -6.714976e+001,
2810637500, -6.674430e+001,
2813756250, -6.615347e+001,
2816875000, -6.647072e+001,
2819993750, -6.698610e+001,
2823112500, -6.605258e+001,
2826231250, -6.625378e+001,
2829350000, -6.683525e+001,
2832468750, -6.622675e+001,
2835587500, -6.730112e+001,
2838706250, -6.559350e+001,
2841825000, -6.612110e+001,
2844943750, -6.595704e+001,
2848062500, -6.560889e+001,
2851181250, -6.536200e+001,
2854300000, -6.539902e+001,
2857418750, -6.580386e+001,
2860537500, -6.552470e+001,
2863656250, -6.553014e+001,
2866775000, -6.556320e+001,
2869893750, -6.516169e+001,
2873012500, -6.547504e+001,
2876131250, -6.515786e+001,
2879250000, -6.574979e+001,
2882368750, -6.592169e+001,
2885487500, -6.544663e+001,
2888606250, -6.535615e+001,
2891725000, -6.614561e+001,
2894843750, -6.508478e+001,
2897962500, -6.623600e+001,
2901081250, -6.578450e+001,
2904200000, -6.677871e+001,
2907318750, -6.469569e+001,
2910437500, -6.440089e+001,
2913556250, -6.411021e+001,
2916675000, -6.466690e+001,
2919793750, -6.437348e+001,
2922912500, -6.483698e+001,
2926031250, -6.470095e+001,
2929150000, -6.438799e+001,
2932268750, -6.466720e+001,
2935387500, -6.567133e+001,
2938506250, -6.541515e+001,
2941625000, -6.519001e+001,
2944743750, -6.451706e+001,
2947862500, -6.539718e+001,
2950981250, -6.531410e+001,
2954100000, -6.419462e+001,
2957218750, -6.452959e+001,
2960337500, -6.380507e+001,
2963456250, -6.498548e+001,
2966575000, -6.557391e+001,
2969693750, -6.448717e+001,
2972812500, -6.352129e+001,
2975931250, -6.536353e+001,
2979050000, -6.597942e+001,
2982168750, -6.453860e+001,
2985287500, -6.406602e+001,
2988406250, -6.487667e+001,
2991525000, -6.349890e+001,
2994643750, -6.371302e+001,
2997762500, -6.442477e+001,
3000881250, -6.452919e+001,
3004000000, -6.380936e+001,
3007118750, -6.485686e+001,
3010237500, -6.415104e+001,
3013356250, -6.484975e+001,
3016475000, -6.387324e+001,
3019593750, -6.372224e+001,
3022712500, -6.392080e+001,
3025831250, -6.452598e+001,
3028950000, -6.314940e+001,
3032068750, -6.370127e+001,
3035187500, -6.367831e+001,
3038306250, -6.315792e+001,
3041425000, -6.301333e+001,
3044543750, -6.240191e+001,
3047662500, -6.240267e+001,
3050781250, -6.307818e+001,
3053900000, -6.245314e+001,
3057018750, -6.266404e+001,
3060137500, -6.283701e+001,
3063256250, -6.222412e+001,
3066375000, -6.236963e+001,
3069493750, -6.221645e+001,
3072612500, -6.223975e+001,
3075731250, -6.139950e+001,
3078850000, -6.202653e+001,
3081968750, -6.186563e+001,
3085087500, -6.142813e+001,
3088206250, -6.220921e+001,
3091325000, -6.171280e+001,
3094443750, -6.228690e+001,
3097562500, -6.160887e+001,
3100681250, -6.202747e+001,
3103800000, -6.144843e+001,
3106918750, -6.134760e+001,
3110037500, -6.098774e+001,
3113156250, -6.126268e+001,
3116275000, -6.104917e+001,
3119393750, -6.026406e+001,
3122512500, -6.078234e+001,
3125631250, -6.074054e+001,
3128750000, -6.123911e+001,
3131868750, -6.037793e+001,
3134987500, -6.023021e+001,
3138106250, -6.001929e+001,
3141225000, -6.013338e+001,
3144343750, -6.037300e+001,
3147462500, -6.016280e+001,
3150581250, -6.026659e+001,
3153700000, -6.052398e+001,
3156818750, -5.996287e+001,
3159937500, -5.996492e+001,
3163056250, -6.017847e+001,
3166175000, -6.016461e+001,
3169293750, -5.989083e+001,
3172412500, -5.973159e+001,
3175531250, -6.002506e+001,
3178650000, -6.004392e+001,
3181768750, -5.995485e+001,
3184887500, -5.987413e+001,
3188006250, -6.030018e+001,
3191125000, -5.998883e+001,
3194243750, -6.043874e+001,
3197362500, -6.029322e+001,
3200481250, -5.993439e+001,
3203600000, -6.068696e+001,
3206718750, -6.052377e+001,
3209837500, -5.983389e+001,
3212956250, -5.990670e+001,
3216075000, -6.003273e+001,
3219193750, -6.024360e+001,
3222312500, -6.008607e+001,
3225431250, -5.979325e+001,
3228550000, -5.964079e+001,
3231668750, -6.010907e+001,
3234787500, -5.976093e+001,
3237906250, -5.980228e+001,
3241025000, -5.975871e+001,
3244143750, -6.032256e+001,
3247262500, -6.002016e+001,
3250381250, -6.039716e+001,
3253500000, -6.081086e+001,
3256618750, -6.080972e+001,
3259737500, -6.029301e+001,
3262856250, -6.061433e+001,
3265975000, -6.132719e+001,
3269093750, -6.130079e+001,
3272212500, -6.031895e+001,
3275331250, -6.072517e+001,
3278450000, -6.058418e+001,
3281568750, -6.073982e+001,
3284687500, -6.105166e+001,
3287806250, -6.030662e+001,
3290925000, -5.967168e+001,
3294043750, -6.001821e+001,
3297162500, -6.044469e+001,
3300281250, -6.010277e+001,
3303400000, -5.970127e+001,
3306518750, -6.025481e+001,
3309637500, -5.957228e+001,
3312756250, -5.988946e+001,
3315875000, -5.962551e+001,
3318993750, -5.963575e+001,
3322112500, -5.974634e+001,
3325231250, -5.971020e+001,
3328350000, -5.936586e+001,
3331468750, -5.939268e+001,
3334587500, -5.919894e+001,
3337706250, -5.933141e+001,
3340825000, -5.891065e+001,
3343943750, -5.898050e+001,
3347062500, -5.887889e+001,
3350181250, -5.870309e+001,
3353300000, -5.897619e+001,
3356418750, -5.917842e+001,
3359537500, -5.901273e+001,
3362656250, -5.866913e+001,
3365775000, -5.897895e+001,
3368893750, -5.926640e+001,
3372012500, -5.870594e+001,
3375131250, -5.893510e+001,
3378250000, -5.917238e+001,
3381368750, -5.910058e+001,
3384487500, -5.924154e+001,
3387606250, -5.924618e+001,
3390725000, -5.924171e+001,
3393843750, -5.956686e+001,
3396962500, -5.930578e+001,
3400081250, -5.927909e+001,
3403200000, -5.927534e+001,
3406318750, -5.931738e+001,
3409437500, -6.006399e+001,
3412556250, -5.997401e+001,
3415675000, -6.022984e+001,
3418793750, -6.136577e+001,
3421912500, -6.067001e+001,
3425031250, -6.041010e+001,
3428150000, -6.075226e+001,
3431268750, -6.064454e+001,
3434387500, -6.065893e+001,
3437506250, -6.035178e+001,
3440625000, -6.046068e+001,
3443743750, -6.111066e+001,
3446862500, -6.137458e+001,
3449981250, -6.107967e+001,
3453100000, -6.142952e+001,
3456218750, -6.136860e+001,
3459337500, -6.117548e+001,
3462456250, -6.121628e+001,
3465575000, -6.093732e+001,
3468693750, -6.031028e+001,
3471812500, -6.071412e+001,
3474931250, -6.071228e+001,
3478050000, -6.036493e+001,
3481168750, -6.003472e+001,
3484287500, -6.041154e+001,
3487406250, -6.025571e+001,
3490525000, -6.071489e+001,
3493643750, -6.069642e+001,
3496762500, -6.066331e+001,
3499881250, -6.088970e+001,
3503000000, -6.069215e+001,
3506118750, -6.104449e+001,
3509237500, -6.066109e+001,
3512356250, -6.066240e+001,
3515475000, -6.074537e+001,
3518593750, -6.072331e+001,
3521712500, -6.041766e+001,
3524831250, -6.131307e+001,
3527950000, -6.205780e+001,
3531068750, -6.146901e+001,
3534187500, -6.142861e+001,
3537306250, -6.114854e+001,
3540425000, -6.078275e+001,
3543543750, -6.129974e+001,
3546662500, -6.129440e+001,
3549781250, -6.113724e+001,
3552900000, -6.121917e+001,
3556018750, -6.168742e+001,
3559137500, -6.156505e+001,
3562256250, -6.145332e+001,
3565375000, -6.170400e+001,
3568493750, -6.166155e+001,
3571612500, -6.200342e+001,
3574731250, -6.189342e+001,
3577850000, -6.175074e+001,
3580968750, -6.242281e+001,
3584087500, -6.138584e+001,
3587206250, -6.189165e+001,
3590325000, -6.179816e+001,
3593443750, -6.188857e+001,
3596562500, -6.213206e+001,
3599681250, -6.262242e+001,
3602800000, -6.268256e+001,
3605918750, -6.271041e+001,
3609037500, -6.272746e+001,
3612156250, -6.280615e+001,
3615275000, -6.229656e+001,
3618393750, -6.262694e+001,
3621512500, -6.231451e+001,
3624631250, -6.268834e+001,
3627750000, -6.195892e+001,
3630868750, -6.224963e+001,
3633987500, -6.169181e+001,
3637106250, -6.179025e+001,
3640225000, -6.226605e+001,
3643343750, -6.198010e+001,
3646462500, -6.280439e+001,
3649581250, -6.236725e+001,
3652700000, -6.213482e+001,
3655818750, -6.263348e+001,
3658937500, -6.270994e+001,
3662056250, -6.196147e+001,
3665175000, -6.269839e+001,
3668293750, -6.258381e+001,
3671412500, -6.273679e+001,
3674531250, -6.434340e+001,
3677650000, -6.207710e+001,
3680768750, -6.286739e+001,
3683887500, -6.357917e+001,
3687006250, -6.364948e+001,
3690125000, -6.570612e+001,
3693243750, -6.406184e+001,
3696362500, -6.498191e+001,
3699481250, -6.476469e+001,
3702600000, -6.363179e+001,
3705718750, -6.409658e+001,
3708837500, -6.476005e+001,
3711956250, -6.333941e+001,
3715075000, -6.303379e+001,
3718193750, -6.342280e+001,
3721312500, -6.318794e+001,
3724431250, -6.458118e+001,
3727550000, -6.339181e+001,
3730668750, -6.447390e+001,
3733787500, -6.419512e+001,
3736906250, -6.321833e+001,
3740025000, -6.479967e+001,
3743143750, -6.320561e+001,
3746262500, -6.391439e+001,
3749381250, -6.446449e+001,
3752500000, -6.366737e+001,
3755618750, -6.347671e+001,
3758737500, -6.349294e+001,
3761856250, -6.417184e+001,
3764975000, -6.329289e+001,
3768093750, -6.215195e+001,
3771212500, -6.274852e+001,
3774331250, -6.395123e+001,
3777450000, -6.407835e+001,
3780568750, -6.582774e+001,
3783687500, -6.148991e+001,
3786806250, -6.388527e+001,
3789925000, -6.752041e+001,
3793043750, -6.372352e+001,
3796162500, -6.319458e+001,
3799281250, -6.059005e+001,
3802400000, -6.573320e+001,
3805518750, -6.368246e+001,
3808637500, -6.203489e+001,
3811756250, -6.281635e+001,
3814875000, -6.476275e+001,
3817993750, -6.102889e+001,
3821112500, -6.031042e+001,
3824231250, -6.650458e+001,
3827350000, -6.017380e+001,
3830468750, -6.660019e+001,
3833587500, -6.494775e+001,
3836706250, -6.697421e+001,
3839825000, -6.366759e+001,
3842943750, -6.823267e+001,
3846062500, -6.500655e+001,
3849181250, -6.666437e+001,
3852300000, -6.285146e+001,
3855418750, -6.627824e+001,
3858537500, -6.168610e+001,
3861656250, -6.033786e+001,
3864775000, -6.911471e+001,
3867893750, -5.967450e+001,
3871012500, -6.674145e+001,
3874131250, -5.935032e+001,
3877250000, -5.912774e+001,
3880368750, -5.931779e+001,
3883487500, -7.269894e+001,
3886606250, -6.151941e+001,
3889725000, -6.962816e+001,
3892843750, -6.290668e+001,
3895962500, -6.748708e+001,
3899081250, -6.037212e+001,
3902200000, -6.199548e+001,
3905318750, -6.066541e+001,
3908437500, -6.366615e+001,
3911556250, -6.681322e+001,
3914675000, -6.531750e+001,
3917793750, -6.486778e+001,
3920912500, -6.252093e+001,
3924031250, -6.488477e+001,
3927150000, -5.404181e+001,
3930268750, -5.392939e+001,
3933387500, -6.604244e+001,
3936506250, -5.691788e+001,
3939625000, -6.047110e+001,
3942743750, -5.841361e+001,
3945862500, -5.668223e+001,
3948981250, -5.558626e+001,
3952100000, -6.116512e+001,
3955218750, -6.113625e+001,
3958337500, -6.173161e+001,
3961456250, -5.824608e+001,
3964575000, -5.341007e+001,
3967693750, -5.050135e+001,
3970812500, -5.055777e+001,
3973931250, -5.688148e+001,
3977050000, -5.288700e+001,
3980168750, -5.386207e+001,
3983287500, -5.471871e+001,
3986406250, -5.401323e+001,
3989525000, -6.083140e+001,
3992643750, -5.063366e+001,
3995762500, -5.522503e+001,
3998881250, -5.328091e+001,
4002000000, -5.880016e+001,
4005118750, -4.426048e+001,
4008237500, -5.255110e+001,
4011356250, -4.637338e+001,
4014475000, -4.905764e+001,
4017593750, -5.275529e+001,
4020712500, -4.365068e+001,
4023831250, -4.457298e+001,
4026950000, -4.077090e+001,
4030068750, -4.124360e+001,
4033187500, -3.988912e+001,
4036306250, -4.199723e+001,
4039425000, -4.610574e+001,
4042543750, -4.868958e+001,
4045662500, -4.194437e+001,
4048781250, -3.852131e+001,
4051900000, -3.842400e+001,
4055018750, -3.635307e+001,
4058137500, -5.929312e+001,
4061256250, -4.107524e+001,
4064375000, -3.528077e+001,
4067493750, -3.222242e+001,
4070612500, -3.045107e+001,
4073731250, -3.474491e+001,
4076850000, -4.107266e+001,
4079968750, -2.907285e+001,
4083087500, -2.936894e+001,
4086206250, -3.480670e+001,
4089325000, -3.445508e+001,
4092443750, -3.197842e+001,
4095562500, -3.192358e+001,
4098681250, -3.885076e+001,
4101800000, -2.986656e+001,
4104918750, -2.675873e+001,
4108037500, -3.335847e+001,
4111156250, -2.909962e+001,
4114275000, -2.555385e+001,
4117393750, -2.989016e+001,
4120512500, -2.915781e+001,
4123631250, -2.763670e+001,
4126750000, -3.518238e+001,
4129868750, -3.139320e+001,
4132987500, -4.150017e+001,
4136106250, -3.297905e+001,
4139225000, -2.616899e+001,
4142343750, -2.266469e+001,
4145462500, -2.110515e+001,
4148581250, -2.045219e+001,
4151700000, -1.995269e+001,
4154818750, -2.041646e+001,
4157937500, -1.800545e+001,
4161056250, -1.742929e+001,
4164175000, -1.738440e+001,
4167293750, -1.733578e+001,
4170412500, -1.698789e+001,
4173531250, -1.664479e+001,
4176650000, -1.680928e+001,
4179768750, -1.657546e+001,
4182887500, -1.656837e+001,
4186006250, -1.635840e+001,
4189125000, -1.540106e+001,
4192243750, -1.577857e+001,
4195362500, -1.526449e+001,
4198481250, -1.445767e+001,
4201600000, -1.400001e+001,
4204718750, -1.311111e+001,
4207837500, -1.273035e+001,
4210956250, -1.304142e+001,
4214075000, -1.255305e+001,
4217193750, -1.239863e+001,
4220312500, -1.259348e+001,
4223431250, -1.275329e+001,
4226550000, -1.325935e+001,
4229668750, -1.422705e+001,
4232787500, -1.436491e+001,
4235906250, -1.516087e+001,
4239025000, -1.479586e+001,
4242143750, -1.415577e+001,
4245262500, -1.386387e+001,
4248381250, -1.348873e+001,
4251500000, -1.339404e+001,
4254618750, -1.305642e+001,
4257737500, -1.290646e+001,
4260856250, -1.270727e+001,
4263975000, -1.273390e+001,
4267093750, -1.278406e+001,
4270212500, -1.253997e+001,
4273331250, -1.232323e+001,
4276450000, -1.226950e+001,
4279568750, -1.254614e+001,
4282687500, -1.312917e+001,
4285806250, -1.369826e+001,
4288925000, -1.420493e+001,
4292043750, -1.479653e+001,
4295162500, -1.510132e+001,
4298281250, -1.525981e+001,
4301400000, -1.519915e+001,
4304518750, -1.477322e+001,
4307637500, -1.467016e+001,
4310756250, -1.491026e+001,
4313875000, -1.494116e+001,
4316993750, -1.498003e+001,
4320112500, -1.477579e+001,
4323231250, -1.434190e+001,
4326350000, -1.420435e+001,
4329468750, -1.460061e+001,
4332587500, -1.525410e+001,
4335706250, -1.581927e+001,
4338825000, -1.604931e+001,
4341943750, -1.617617e+001,
4345062500, -1.670356e+001,
4348181250, -1.765493e+001,
4351300000, -1.854918e+001,
4354418750, -1.875825e+001,
4357537500, -1.798998e+001,
4360656250, -1.691824e+001,
4363775000, -1.657063e+001,
4366893750, -1.690948e+001,
4370012500, -1.659078e+001,
4373131250, -1.571772e+001,
4376250000, -1.558935e+001,
4379368750, -1.627626e+001,
4382487500, -1.689638e+001,
4385606250, -1.679337e+001,
4388725000, -1.725068e+001,
4391843750, -1.860384e+001,
4394962500, -1.925960e+001,
4398081250, -1.876029e+001,
4401200000, -1.877547e+001,
4404318750, -1.936347e+001,
4407437500, -1.917760e+001,
4410556250, -1.796447e+001,
4413675000, -1.789728e+001,
4416793750, -1.862977e+001,
4419912500, -1.765684e+001,
4423031250, -1.769450e+001,
4426150000, -1.896981e+001,
4429268750, -1.836747e+001,
4432387500, -1.885138e+001,
4435506250, -2.051503e+001,
4438625000, -2.014156e+001,
4441743750, -2.060568e+001,
4444862500, -2.170654e+001,
4447981250, -2.077114e+001,
4451100000, -2.042077e+001,
4454218750, -2.119684e+001,
4457337500, -1.989274e+001,
4460456250, -2.077103e+001,
4463575000, -2.081339e+001,
4466693750, -2.046027e+001,
4469812500, -2.212878e+001,
4472931250, -2.108061e+001,
4476050000, -2.291273e+001,
4479168750, -2.258037e+001,
4482287500, -2.294337e+001,
4485406250, -2.383901e+001,
4488525000, -2.252970e+001,
4491643750, -2.430225e+001,
4494762500, -2.263029e+001,
4497881250, -2.490330e+001,
4501000000, -2.347516e+001,
4504118750, -2.615270e+001,
4507237500, -2.515108e+001,
4510356250, -2.798096e+001,
4513475000, -2.724757e+001,
4516593750, -2.995416e+001,
4519712500, -2.932705e+001,
4522831250, -3.192589e+001,
4525950000, -3.221517e+001,
4529068750, -3.384295e+001,
4532187500, -3.621318e+001,
4535306250, -3.663501e+001,
4538425000, -3.848309e+001,
4541543750, -4.032777e+001,
4544662500, -3.978820e+001,
4547781250, -4.321334e+001,
4550900000, -4.204607e+001,
4554018750, -4.360441e+001,
4557137500, -4.729110e+001,
4560256250, -4.365426e+001,
4563375000, -4.764987e+001,
4566493750, -4.710230e+001,
4569612500, -4.763218e+001,
4572731250, -4.817192e+001,
4575850000, -4.813284e+001,
4578968750, -5.407033e+001,
4582087500, -4.878701e+001,
4585206250, -5.090878e+001,
4588325000, -5.864698e+001,
4591443750, -5.430269e+001,
4594562500, -6.360276e+001,
4597681250, -6.010373e+001,
4600800000, -5.638052e+001,
4603918750, -6.492374e+001,
4607037500, -6.358532e+001,
4610156250, -6.182788e+001,
4613275000, -6.170078e+001,
4616393750, -6.173303e+001,
4619512500, -6.489934e+001,
4622631250, -6.147622e+001,
4625750000, -5.882259e+001,
4628868750, -6.413093e+001,
4631987500, -6.697136e+001,
4635106250, -5.915500e+001,
4638225000, -5.881685e+001,
4641343750, -6.339888e+001,
4644462500, -6.620762e+001,
4647581250, -6.166903e+001,
4650700000, -6.091032e+001,
4653818750, -5.937970e+001,
4656937500, -6.342732e+001,
4660056250, -6.849294e+001,
4663175000, -6.288630e+001,
4666293750, -6.233759e+001,
4669412500, -6.110213e+001,
4672531250, -6.088695e+001,
4675650000, -6.210172e+001,
4678768750, -6.127277e+001,
4681887500, -6.452065e+001,
4685006250, -6.318082e+001,
4688125000, -6.467524e+001,
4691243750, -6.334978e+001,
4694362500, -6.440255e+001,
4697481250, -6.400550e+001,
4700600000, -6.362201e+001,
4703718750, -6.326845e+001,
4706837500, -6.399917e+001,
4709956250, -6.304330e+001,
4713075000, -6.223359e+001,
4716193750, -6.273154e+001,
4719312500, -6.288369e+001,
4722431250, -6.337379e+001,
4725550000, -6.361784e+001,
4728668750, -6.338652e+001,
4731787500, -6.353037e+001,
4734906250, -6.284584e+001,
4738025000, -6.279223e+001,
4741143750, -6.408668e+001,
4744262500, -6.388115e+001,
4747381250, -6.448358e+001,
4750500000, -6.295342e+001,
4753618750, -6.384414e+001,
4756737500, -6.332253e+001,
4759856250, -6.366815e+001,
4762975000, -6.391507e+001,
4766093750, -6.330713e+001,
4769212500, -6.350718e+001,
4772331250, -6.375863e+001,
4775450000, -6.326740e+001,
4778568750, -6.257534e+001,
4781687500, -6.308024e+001,
4784806250, -6.352520e+001,
4787925000, -6.279476e+001,
4791043750, -6.282072e+001,
4794162500, -6.307746e+001,
4797281250, -6.292142e+001,
4800400000, -6.289728e+001,
4803518750, -6.271561e+001,
4806637500, -6.249741e+001,
4809756250, -6.204376e+001,
4812875000, -6.183348e+001,
4815993750, -6.284253e+001,
4819112500, -6.226956e+001,
4822231250, -6.258668e+001,
4825350000, -6.302964e+001,
4828468750, -6.300980e+001,
4831587500, -6.233889e+001,
4834706250, -6.270259e+001,
4837825000, -6.257994e+001,
4840943750, -6.309739e+001,
4844062500, -6.288998e+001,
4847181250, -6.314602e+001,
4850300000, -6.290127e+001,
4853418750, -6.304933e+001,
4856537500, -6.287721e+001,
4859656250, -6.323975e+001,
4862775000, -6.342215e+001,
4865893750, -6.350508e+001,
4869012500, -6.364239e+001,
4872131250, -6.473278e+001,
4875250000, -6.391572e+001,
4878368750, -6.445890e+001,
4881487500, -6.413027e+001,
4884606250, -6.500955e+001,
4887725000, -6.476966e+001,
4890843750, -6.474483e+001,
4893962500, -6.555459e+001,
4897081250, -6.459282e+001,
4900200000, -6.514231e+001,
4903318750, -6.488066e+001,
4906437500, -6.484660e+001,
4909556250, -6.592770e+001,
4912675000, -6.594611e+001,
4915793750, -6.516688e+001,
4918912500, -6.542799e+001,
4922031250, -6.515228e+001,
4925150000, -6.519107e+001,
4928268750, -6.580331e+001,
4931387500, -6.671947e+001,
4934506250, -6.594257e+001,
4937625000, -6.505359e+001,
4940743750, -6.556368e+001,
4943862500, -6.524470e+001,
4946981250, -6.532462e+001,
4950100000, -6.543432e+001,
4953218750, -6.555418e+001,
4956337500, -6.555666e+001,
4959456250, -6.569043e+001,
4962575000, -6.638838e+001,
4965693750, -6.640340e+001,
4968812500, -6.633561e+001,
4971931250, -6.670645e+001,
4975050000, -6.657118e+001,
4978168750, -6.682291e+001,
4981287500, -6.683303e+001,
4984406250, -6.677639e+001,
4987525000, -6.680356e+001,
4990643750, -6.744046e+001,
4993762500, -6.689952e+001,
4996881250, -6.656056e+001,
5000000000, -6.821635e+001,
