"S21 Log Mag"
"Frequency (Hz)","dB",
10000000, -5.516982e+001,
13118750, -5.831481e+001,
16237500, -6.506361e+001,
19356250, -6.574882e+001,
22475000, -6.845608e+001,
25593750, -7.262757e+001,
28712500, -8.337754e+001,
31831250, -7.773994e+001,
34950000, -6.971830e+001,
38068750, -7.414664e+001,
41187500, -8.253025e+001,
44306250, -8.400761e+001,
47425000, -7.227390e+001,
50543750, -7.531313e+001,
53662500, -6.891623e+001,
56781250, -8.215630e+001,
59900000, -7.174827e+001,
63018750, -8.264188e+001,
66137500, -7.569533e+001,
69256250, -7.164166e+001,
72375000, -8.621523e+001,
75493750, -7.237772e+001,
78612500, -7.661920e+001,
81731250, -8.367446e+001,
84850000, -7.881318e+001,
87968750, -7.351183e+001,
91087500, -7.483030e+001,
94206250, -7.493369e+001,
97325000, -8.680339e+001,
100443750, -8.029220e+001,
103562500, -7.625110e+001,
106681250, -7.765698e+001,
109800000, -7.952959e+001,
112918750, -7.503730e+001,
116037500, -7.668904e+001,
119156250, -6.978048e+001,
122275000, -7.034401e+001,
125393750, -7.357192e+001,
128512500, -7.099339e+001,
131631250, -8.031357e+001,
134750000, -7.095264e+001,
137868750, -7.390781e+001,
140987500, -7.681299e+001,
144106250, -8.157720e+001,
147225000, -7.481921e+001,
150343750, -7.313835e+001,
153462500, -8.135220e+001,
156581250, -7.042973e+001,
159700000, -7.754922e+001,
162818750, -7.022154e+001,
165937500, -7.016737e+001,
169056250, -7.314563e+001,
172175000, -6.987439e+001,
175293750, -7.314648e+001,
178412500, -6.901756e+001,
181531250, -7.647883e+001,
184650000, -7.291966e+001,
187768750, -7.108595e+001,
190887500, -7.838520e+001,
194006250, -7.394489e+001,
197125000, -7.208365e+001,
200243750, -7.337393e+001,
203362500, -7.486472e+001,
206481250, -6.982439e+001,
209600000, -7.273840e+001,
212718750, -7.518076e+001,
215837500, -7.315281e+001,
218956250, -7.008118e+001,
222075000, -7.099619e+001,
225193750, -7.328116e+001,
228312500, -7.247854e+001,
231431250, -7.030876e+001,
234550000, -6.989545e+001,
237668750, -7.383381e+001,
240787500, -7.253313e+001,
243906250, -7.075033e+001,
247025000, -6.971458e+001,
250143750, -6.988378e+001,
253262500, -7.190958e+001,
256381250, -6.800307e+001,
259500000, -6.975704e+001,
262618750, -7.207951e+001,
265737500, -7.220618e+001,
268856250, -7.296616e+001,
271975000, -6.913553e+001,
275093750, -6.989170e+001,
278212500, -6.704961e+001,
281331250, -7.125769e+001,
284450000, -7.548799e+001,
287568750, -7.116927e+001,
290687500, -6.703027e+001,
293806250, -7.491140e+001,
296925000, -6.849757e+001,
300043750, -6.847757e+001,
303162500, -7.054874e+001,
306281250, -7.248354e+001,
309400000, -6.999778e+001,
312518750, -7.089535e+001,
315637500, -6.788972e+001,
318756250, -7.203760e+001,
321875000, -6.979263e+001,
324993750, -6.937852e+001,
328112500, -7.266416e+001,
331231250, -6.940531e+001,
334350000, -6.980114e+001,
337468750, -6.982776e+001,
340587500, -6.861140e+001,
343706250, -6.781249e+001,
346825000, -6.817616e+001,
349943750, -6.854118e+001,
353062500, -6.692510e+001,
356181250, -6.929715e+001,
359300000, -6.921693e+001,
362418750, -6.764159e+001,
365537500, -6.832650e+001,
368656250, -6.967623e+001,
371775000, -6.833919e+001,
374893750, -6.860905e+001,
378012500, -6.760537e+001,
381131250, -6.787473e+001,
384250000, -6.890896e+001,
387368750, -6.487852e+001,
390487500, -6.744408e+001,
393606250, -6.878185e+001,
396725000, -6.700070e+001,
399843750, -6.679792e+001,
402962500, -6.796593e+001,
406081250, -6.904384e+001,
409200000, -6.826373e+001,
412318750, -6.640420e+001,
415437500, -6.632294e+001,
418556250, -6.617712e+001,
421675000, -7.019781e+001,
424793750, -6.782265e+001,
427912500, -6.991232e+001,
431031250, -6.544251e+001,
434150000, -6.691995e+001,
437268750, -6.755193e+001,
440387500, -6.564486e+001,
443506250, -6.717050e+001,
446625000, -6.713382e+001,
449743750, -6.664817e+001,
452862500, -6.527213e+001,
455981250, -6.647320e+001,
459100000, -6.474991e+001,
462218750, -6.557089e+001,
465337500, -6.620859e+001,
468456250, -6.504348e+001,
471575000, -6.814560e+001,
474693750, -6.518985e+001,
477812500, -6.738499e+001,
480931250, -6.569272e+001,
484050000, -6.606672e+001,
487168750, -6.603664e+001,
490287500, -6.528553e+001,
493406250, -6.514732e+001,
496525000, -6.540134e+001,
499643750, -6.601373e+001,
502762500, -6.580785e+001,
505881250, -6.581593e+001,
509000000, -6.783221e+001,
512118750, -6.570857e+001,
515237500, -6.644099e+001,
518356250, -6.522308e+001,
521475000, -6.624810e+001,
524593750, -6.634069e+001,
527712500, -6.620756e+001,
530831250, -6.562950e+001,
533950000, -6.492419e+001,
537068750, -6.562933e+001,
540187500, -6.479125e+001,
543306250, -6.466797e+001,
546425000, -6.546139e+001,
549543750, -6.604232e+001,
552662500, -6.494713e+001,
555781250, -6.498864e+001,
558900000, -6.527302e+001,
562018750, -6.389408e+001,
565137500, -6.477093e+001,
568256250, -6.650057e+001,
571375000, -6.540611e+001,
574493750, -6.577330e+001,
577612500, -6.430674e+001,
580731250, -6.466270e+001,
583850000, -6.412117e+001,
586968750, -6.671647e+001,
590087500, -6.502287e+001,
593206250, -6.476312e+001,
596325000, -6.489828e+001,
599443750, -6.340442e+001,
602562500, -6.403099e+001,
605681250, -6.469888e+001,
608800000, -6.340544e+001,
611918750, -6.423944e+001,
615037500, -6.372198e+001,
618156250, -6.450589e+001,
621275000, -6.316019e+001,
624393750, -6.547076e+001,
627512500, -6.348504e+001,
630631250, -6.529428e+001,
633750000, -6.433929e+001,
636868750, -6.385743e+001,
639987500, -6.476108e+001,
643106250, -6.429411e+001,
646225000, -6.397889e+001,
649343750, -6.334571e+001,
652462500, -6.462519e+001,
655581250, -6.459846e+001,
658700000, -6.386554e+001,
661818750, -6.373427e+001,
664937500, -6.476492e+001,
668056250, -6.380342e+001,
671175000, -6.370466e+001,
674293750, -6.405908e+001,
677412500, -6.372932e+001,
680531250, -6.406807e+001,
683650000, -6.328483e+001,
686768750, -6.415672e+001,
689887500, -6.372960e+001,
693006250, -6.425739e+001,
696125000, -6.314285e+001,
699243750, -6.364442e+001,
702362500, -6.391638e+001,
705481250, -6.435538e+001,
708600000, -6.365356e+001,
711718750, -6.276956e+001,
714837500, -6.285185e+001,
717956250, -6.244030e+001,
721075000, -6.311195e+001,
724193750, -6.389721e+001,
727312500, -6.310613e+001,
730431250, -6.277968e+001,
733550000, -6.437716e+001,
736668750, -6.267540e+001,
739787500, -6.322951e+001,
742906250, -6.305576e+001,
746025000, -6.417925e+001,
749143750, -6.194619e+001,
752262500, -6.257473e+001,
755381250, -6.230454e+001,
758500000, -6.199109e+001,
761618750, -6.221726e+001,
764737500, -6.192599e+001,
767856250, -6.243119e+001,
770975000, -6.197760e+001,
774093750, -6.262544e+001,
777212500, -6.173883e+001,
780331250, -6.202807e+001,
783450000, -6.251435e+001,
786568750, -6.201892e+001,
789687500, -6.165374e+001,
792806250, -6.158383e+001,
795925000, -6.160036e+001,
799043750, -6.201711e+001,
802162500, -6.228420e+001,
805281250, -6.232521e+001,
808400000, -6.183273e+001,
811518750, -6.171328e+001,
814637500, -6.202186e+001,
817756250, -6.185383e+001,
820875000, -6.116645e+001,
823993750, -6.096653e+001,
827112500, -6.183208e+001,
830231250, -6.211501e+001,
833350000, -6.163350e+001,
836468750, -6.090619e+001,
839587500, -6.141996e+001,
842706250, -6.196354e+001,
845825000, -6.198276e+001,
848943750, -6.114560e+001,
852062500, -6.150603e+001,
855181250, -6.157394e+001,
858300000, -6.156035e+001,
861418750, -6.077338e+001,
864537500, -6.149683e+001,
867656250, -6.169161e+001,
870775000, -6.088331e+001,
873893750, -6.079472e+001,
877012500, -6.195621e+001,
880131250, -6.220625e+001,
883250000, -6.091637e+001,
886368750, -6.068060e+001,
889487500, -6.130957e+001,
892606250, -6.141097e+001,
895725000, -6.103766e+001,
898843750, -6.085579e+001,
901962500, -6.050442e+001,
905081250, -6.104629e+001,
908200000, -6.117171e+001,
911318750, -6.036572e+001,
914437500, -6.069606e+001,
917556250, -6.060980e+001,
920675000, -6.054637e+001,
923793750, -6.052493e+001,
926912500, -6.095493e+001,
930031250, -6.063910e+001,
933150000, -6.081375e+001,
936268750, -6.066856e+001,
939387500, -6.059910e+001,
942506250, -6.052135e+001,
945625000, -6.033805e+001,
948743750, -6.042188e+001,
951862500, -6.054483e+001,
954981250, -6.040607e+001,
958100000, -6.102216e+001,
961218750, -6.030781e+001,
964337500, -6.044878e+001,
967456250, -6.052176e+001,
970575000, -6.056498e+001,
973693750, -6.064050e+001,
976812500, -6.069066e+001,
979931250, -6.064513e+001,
983050000, -6.050180e+001,
986168750, -6.116327e+001,
989287500, -6.069830e+001,
992406250, -6.048387e+001,
995525000, -6.079237e+001,
998643750, -6.070423e+001,
1001762500, -6.090310e+001,
1004881250, -6.058118e+001,
1008000000, -6.058787e+001,
1011118750, -6.076662e+001,
1014237500, -6.074802e+001,
1017356250, -6.051895e+001,
1020475000, -6.069165e+001,
1023593750, -6.087920e+001,
1026712500, -6.082129e+001,
1029831250, -6.065397e+001,
1032950000, -6.051389e+001,
1036068750, -6.064490e+001,
1039187500, -6.178329e+001,
1042306250, -6.021298e+001,
1045425000, -6.055957e+001,
1048543750, -6.053883e+001,
1051662500, -6.141193e+001,
1054781250, -6.043782e+001,
1057900000, -6.041480e+001,
1061018750, -6.058176e+001,
1064137500, -6.104884e+001,
1067256250, -6.034188e+001,
1070375000, -6.070831e+001,
1073493750, -6.044558e+001,
1076612500, -6.053275e+001,
1079731250, -6.083728e+001,
1082850000, -6.079149e+001,
1085968750, -6.059462e+001,
1089087500, -6.037605e+001,
1092206250, -6.080260e+001,
1095325000, -6.023324e+001,
1098443750, -6.025771e+001,
1101562500, -6.029914e+001,
1104681250, -6.064146e+001,
1107800000, -6.098378e+001,
1110918750, -6.056239e+001,
1114037500, -6.081927e+001,
1117156250, -6.088839e+001,
1120275000, -6.060194e+001,
1123393750, -6.057706e+001,
1126512500, -6.111814e+001,
1129631250, -6.067334e+001,
1132750000, -6.074543e+001,
1135868750, -6.060035e+001,
1138987500, -6.069021e+001,
1142106250, -6.096983e+001,
1145225000, -6.092050e+001,
1148343750, -6.078041e+001,
1151462500, -6.046215e+001,
1154581250, -6.076485e+001,
1157700000, -6.086350e+001,
1160818750, -6.135231e+001,
1163937500, -6.059582e+001,
1167056250, -6.073825e+001,
1170175000, -6.083066e+001,
1173293750, -6.000917e+001,
1176412500, -6.131763e+001,
1179531250, -6.097560e+001,
1182650000, -6.053981e+001,
1185768750, -6.110098e+001,
1188887500, -6.072496e+001,
1192006250, -6.039922e+001,
1195125000, -6.074750e+001,
1198243750, -6.037838e+001,
1201362500, -6.118110e+001,
1204481250, -6.118227e+001,
1207600000, -6.063656e+001,
1210718750, -6.052277e+001,
1213837500, -6.038329e+001,
1216956250, -6.095988e+001,
1220075000, -6.115224e+001,
1223193750, -6.084375e+001,
1226312500, -6.102349e+001,
1229431250, -6.067282e+001,
1232550000, -6.081742e+001,
1235668750, -6.100394e+001,
1238787500, -6.065034e+001,
1241906250, -6.057349e+001,
1245025000, -6.096615e+001,
1248143750, -6.104792e+001,
1251262500, -6.096370e+001,
1254381250, -6.084083e+001,
1257500000, -6.079130e+001,
1260618750, -6.044501e+001,
1263737500, -6.125422e+001,
1266856250, -6.048710e+001,
1269975000, -6.084810e+001,
1273093750, -6.081942e+001,
1276212500, -6.071865e+001,
1279331250, -6.074866e+001,
1282450000, -6.104403e+001,
1285568750, -6.055994e+001,
1288687500, -6.094810e+001,
1291806250, -6.064314e+001,
1294925000, -6.054607e+001,
1298043750, -6.088156e+001,
1301162500, -6.073259e+001,
1304281250, -6.023845e+001,
1307400000, -6.068776e+001,
1310518750, -6.039534e+001,
1313637500, -6.095022e+001,
1316756250, -6.098004e+001,
1319875000, -6.073922e+001,
1322993750, -6.054689e+001,
1326112500, -6.092034e+001,
1329231250, -6.001802e+001,
1332350000, -6.040655e+001,
1335468750, -6.021531e+001,
1338587500, -6.055325e+001,
1341706250, -6.052372e+001,
1344825000, -6.090259e+001,
1347943750, -6.035705e+001,
1351062500, -6.096893e+001,
1354181250, -6.000982e+001,
1357300000, -6.029061e+001,
1360418750, -6.026807e+001,
1363537500, -6.057093e+001,
1366656250, -6.052101e+001,
1369775000, -6.012505e+001,
1372893750, -6.008241e+001,
1376012500, -6.034352e+001,
1379131250, -6.057866e+001,
1382250000, -6.012851e+001,
1385368750, -6.016413e+001,
1388487500, -6.050684e+001,
1391606250, -6.033887e+001,
1394725000, -6.046647e+001,
1397843750, -6.037190e+001,
1400962500, -6.071315e+001,
1404081250, -6.054842e+001,
1407200000, -6.069147e+001,
1410318750, -6.115140e+001,
1413437500, -6.137003e+001,
1416556250, -6.121495e+001,
1419675000, -6.114998e+001,
1422793750, -6.122467e+001,
1425912500, -6.128222e+001,
1429031250, -6.125910e+001,
1432150000, -6.181192e+001,
1435268750, -6.135836e+001,
1438387500, -6.160537e+001,
1441506250, -6.136078e+001,
1444625000, -6.158148e+001,
1447743750, -6.142958e+001,
1450862500, -6.154852e+001,
1453981250, -6.219754e+001,
1457100000, -6.170265e+001,
1460218750, -6.141350e+001,
1463337500, -6.238391e+001,
1466456250, -6.211407e+001,
1469575000, -6.263736e+001,
1472693750, -6.243193e+001,
1475812500, -6.167303e+001,
1478931250, -6.216829e+001,
1482050000, -6.236715e+001,
1485168750, -6.297644e+001,
1488287500, -6.204708e+001,
1491406250, -6.268036e+001,
1494525000, -6.205515e+001,
1497643750, -6.193070e+001,
1500762500, -6.208696e+001,
1503881250, -6.166768e+001,
1507000000, -6.116172e+001,
1510118750, -6.293810e+001,
1513237500, -6.281300e+001,
1516356250, -6.315190e+001,
1519475000, -6.293466e+001,
1522593750, -6.272900e+001,
1525712500, -6.273422e+001,
1528831250, -6.314098e+001,
1531950000, -6.290823e+001,
1535068750, -6.296318e+001,
1538187500, -6.293341e+001,
1541306250, -6.297425e+001,
1544425000, -6.260818e+001,
1547543750, -6.269668e+001,
1550662500, -6.312795e+001,
1553781250, -6.296573e+001,
1556900000, -6.316964e+001,
1560018750, -6.288763e+001,
1563137500, -6.358253e+001,
1566256250, -6.343642e+001,
1569375000, -6.265433e+001,
1572493750, -6.265986e+001,
1575612500, -6.348622e+001,
1578731250, -6.327945e+001,
1581850000, -6.289912e+001,
1584968750, -6.328255e+001,
1588087500, -6.304154e+001,
1591206250, -6.336341e+001,
1594325000, -6.222968e+001,
1597443750, -6.343003e+001,
1600562500, -6.322349e+001,
1603681250, -6.284328e+001,
1606800000, -6.321178e+001,
1609918750, -6.342477e+001,
1613037500, -6.301235e+001,
1616156250, -6.426859e+001,
1619275000, -6.345822e+001,
1622393750, -6.490191e+001,
1625512500, -6.357355e+001,
1628631250, -6.425344e+001,
1631750000, -6.418864e+001,
1634868750, -6.379411e+001,
1637987500, -6.400449e+001,
1641106250, -6.354524e+001,
1644225000, -6.384763e+001,
1647343750, -6.382159e+001,
1650462500, -6.349057e+001,
1653581250, -6.443674e+001,
1656700000, -6.387486e+001,
1659818750, -6.358843e+001,
1662937500, -6.413734e+001,
1666056250, -6.487973e+001,
1669175000, -6.438921e+001,
1672293750, -6.423121e+001,
1675412500, -6.379650e+001,
1678531250, -6.422717e+001,
1681650000, -6.457294e+001,
1684768750, -6.431010e+001,
1687887500, -6.441949e+001,
1691006250, -6.479234e+001,
1694125000, -6.481483e+001,
1697243750, -6.505139e+001,
1700362500, -6.466750e+001,
1703481250, -6.585152e+001,
1706600000, -6.492797e+001,
1709718750, -6.611644e+001,
1712837500, -6.433958e+001,
1715956250, -6.508730e+001,
1719075000, -6.535336e+001,
1722193750, -6.525781e+001,
1725312500, -6.500789e+001,
1728431250, -6.473784e+001,
1731550000, -6.462609e+001,
1734668750, -6.767163e+001,
1737787500, -6.522355e+001,
1740906250, -6.567986e+001,
1744025000, -6.671941e+001,
1747143750, -6.571013e+001,
1750262500, -6.616375e+001,
1753381250, -6.707082e+001,
1756500000, -6.630327e+001,
1759618750, -6.611566e+001,
1762737500, -6.627476e+001,
1765856250, -6.576164e+001,
1768975000, -6.677153e+001,
1772093750, -6.609516e+001,
1775212500, -6.798888e+001,
1778331250, -6.643767e+001,
1781450000, -6.709337e+001,
1784568750, -6.703436e+001,
1787687500, -6.758778e+001,
1790806250, -6.602414e+001,
1793925000, -6.640078e+001,
1797043750, -6.694550e+001,
1800162500, -6.657128e+001,
1803281250, -6.718634e+001,
1806400000, -6.549181e+001,
1809518750, -6.844749e+001,
1812637500, -6.834541e+001,
1815756250, -6.737902e+001,
1818875000, -6.701226e+001,
1821993750, -6.772121e+001,
1825112500, -6.719667e+001,
1828231250, -6.771455e+001,
1831350000, -6.799278e+001,
1834468750, -6.726904e+001,
1837587500, -6.875227e+001,
1840706250, -6.821261e+001,
1843825000, -6.737003e+001,
1846943750, -6.688251e+001,
1850062500, -6.812537e+001,
1853181250, -6.970918e+001,
1856300000, -6.749290e+001,
1859418750, -6.993228e+001,
1862537500, -6.982205e+001,
1865656250, -7.028996e+001,
1868775000, -6.947102e+001,
1871893750, -6.761827e+001,
1875012500, -7.122998e+001,
1878131250, -6.943824e+001,
1881250000, -7.033647e+001,
1884368750, -7.116376e+001,
1887487500, -6.933642e+001,
1890606250, -6.918754e+001,
1893725000, -7.076770e+001,
1896843750, -7.083269e+001,
1899962500, -7.124161e+001,
1903081250, -7.024638e+001,
1906200000, -7.042708e+001,
1909318750, -7.059760e+001,
1912437500, -7.096523e+001,
1915556250, -7.071611e+001,
1918675000, -6.981702e+001,
1921793750, -7.117437e+001,
1924912500, -7.042394e+001,
1928031250, -7.040689e+001,
1931150000, -7.068777e+001,
1934268750, -6.913271e+001,
1937387500, -6.733443e+001,
1940506250, -7.044397e+001,
1943625000, -7.056327e+001,
1946743750, -6.985817e+001,
1949862500, -6.770539e+001,
1952981250, -6.873849e+001,
1956100000, -6.936069e+001,
1959218750, -7.094411e+001,
1962337500, -6.857694e+001,
1965456250, -7.000386e+001,
1968575000, -7.005705e+001,
1971693750, -7.102916e+001,
1974812500, -7.039928e+001,
1977931250, -6.874055e+001,
1981050000, -7.021225e+001,
1984168750, -7.062487e+001,
1987287500, -6.946650e+001,
1990406250, -7.068514e+001,
1993525000, -7.040495e+001,
1996643750, -7.095599e+001,
1999762500, -6.948477e+001,
2002881250, -7.029956e+001,
2006000000, -7.227499e+001,
2009118750, -7.286623e+001,
2012237500, -7.282740e+001,
2015356250, -7.050137e+001,
2018475000, -7.313737e+001,
2021593750, -7.002603e+001,
2024712500, -7.114908e+001,
2027831250, -7.236349e+001,
2030950000, -7.243526e+001,
2034068750, -7.351524e+001,
2037187500, -7.146635e+001,
2040306250, -6.898397e+001,
2043425000, -7.704509e+001,
2046543750, -7.214405e+001,
2049662500, -7.198970e+001,
2052781250, -7.006306e+001,
2055900000, -7.158447e+001,
2059018750, -7.176665e+001,
2062137500, -7.388641e+001,
2065256250, -7.175726e+001,
2068375000, -7.065282e+001,
2071493750, -7.417787e+001,
2074612500, -7.138592e+001,
2077731250, -7.365715e+001,
2080850000, -7.253548e+001,
2083968750, -7.448310e+001,
2087087500, -7.624989e+001,
2090206250, -7.501066e+001,
2093325000, -7.355075e+001,
2096443750, -7.389957e+001,
2099562500, -7.227604e+001,
2102681250, -7.517420e+001,
2105800000, -7.281901e+001,
2108918750, -7.460182e+001,
2112037500, -7.402466e+001,
2115156250, -7.278802e+001,
2118275000, -7.391565e+001,
2121393750, -7.346635e+001,
2124512500, -7.498212e+001,
2127631250, -7.348878e+001,
2130750000, -7.437396e+001,
2133868750, -7.494073e+001,
2136987500, -7.381582e+001,
2140106250, -7.482475e+001,
2143225000, -7.288123e+001,
2146343750, -7.391283e+001,
2149462500, -7.533006e+001,
2152581250, -7.493370e+001,
2155700000, -7.431770e+001,
2158818750, -7.255911e+001,
2161937500, -7.348789e+001,
2165056250, -7.563877e+001,
2168175000, -7.385452e+001,
2171293750, -7.346682e+001,
2174412500, -7.278065e+001,
2177531250, -7.327071e+001,
2180650000, -7.651630e+001,
2183768750, -7.341893e+001,
2186887500, -7.341750e+001,
2190006250, -7.641150e+001,
2193125000, -7.364888e+001,
2196243750, -7.288623e+001,
2199362500, -7.189984e+001,
2202481250, -7.493103e+001,
2205600000, -7.386753e+001,
2208718750, -7.252359e+001,
2211837500, -7.179356e+001,
2214956250, -7.331603e+001,
2218075000, -7.329137e+001,
2221193750, -7.337817e+001,
2224312500, -7.247997e+001,
2227431250, -7.297541e+001,
2230550000, -7.186642e+001,
2233668750, -7.305952e+001,
2236787500, -7.103119e+001,
2239906250, -7.251089e+001,
2243025000, -7.124228e+001,
2246143750, -7.244373e+001,
2249262500, -7.111846e+001,
2252381250, -7.288354e+001,
2255500000, -7.162634e+001,
2258618750, -7.243324e+001,
2261737500, -7.149260e+001,
2264856250, -7.252123e+001,
2267975000, -7.231445e+001,
2271093750, -7.225011e+001,
2274212500, -7.168932e+001,
2277331250, -7.207249e+001,
2280450000, -7.091759e+001,
2283568750, -7.134171e+001,
2286687500, -7.201751e+001,
2289806250, -7.204736e+001,
2292925000, -7.289122e+001,
2296043750, -7.431216e+001,
2299162500, -7.211401e+001,
2302281250, -7.196455e+001,
2305400000, -7.459818e+001,
2308518750, -7.374792e+001,
2311637500, -7.166979e+001,
2314756250, -7.063194e+001,
2317875000, -7.305956e+001,
2320993750, -7.375661e+001,
2324112500, -7.071351e+001,
2327231250, -7.259733e+001,
2330350000, -7.305354e+001,
2333468750, -7.152959e+001,
2336587500, -7.164089e+001,
2339706250, -7.059963e+001,
2342825000, -7.868913e+001,
2345943750, -7.559740e+001,
2349062500, -7.269542e+001,
2352181250, -7.420438e+001,
2355300000, -7.206321e+001,
2358418750, -7.364858e+001,
2361537500, -7.202068e+001,
2364656250, -7.181436e+001,
2367775000, -7.306550e+001,
2370893750, -7.336102e+001,
2374012500, -7.583121e+001,
2377131250, -7.329675e+001,
2380250000, -7.332439e+001,
2383368750, -7.260548e+001,
2386487500, -7.441589e+001,
2389606250, -7.286270e+001,
2392725000, -7.461964e+001,
2395843750, -7.439133e+001,
2398962500, -7.805002e+001,
2402081250, -7.549403e+001,
2405200000, -7.239938e+001,
2408318750, -7.354175e+001,
2411437500, -7.258376e+001,
2414556250, -7.379717e+001,
2417675000, -7.353978e+001,
2420793750, -7.142483e+001,
2423912500, -7.325080e+001,
2427031250, -7.367534e+001,
2430150000, -7.392747e+001,
2433268750, -7.160103e+001,
2436387500, -7.334485e+001,
2439506250, -7.517402e+001,
2442625000, -7.420378e+001,
2445743750, -7.526443e+001,
2448862500, -7.168995e+001,
2451981250, -7.484512e+001,
2455100000, -7.213020e+001,
2458218750, -7.519279e+001,
2461337500, -7.326015e+001,
2464456250, -7.256161e+001,
2467575000, -7.334639e+001,
2470693750, -7.182091e+001,
2473812500, -7.535281e+001,
2476931250, -7.463335e+001,
2480050000, -6.975423e+001,
2483168750, -7.219465e+001,
2486287500, -7.228107e+001,
2489406250, -7.584125e+001,
2492525000, -7.306129e+001,
2495643750, -7.301379e+001,
2498762500, -7.222161e+001,
2501881250, -7.331886e+001,
2505000000, -7.251982e+001,
2508118750, -7.167908e+001,
2511237500, -7.358637e+001,
2514356250, -7.323141e+001,
2517475000, -7.394344e+001,
2520593750, -7.165502e+001,
2523712500, -7.060043e+001,
2526831250, -7.201200e+001,
2529950000, -7.082516e+001,
2533068750, -7.011003e+001,
2536187500, -7.201315e+001,
2539306250, -7.338196e+001,
2542425000, -7.247830e+001,
2545543750, -7.215941e+001,
2548662500, -7.085769e+001,
2551781250, -7.003302e+001,
2554900000, -7.113034e+001,
2558018750, -7.252830e+001,
2561137500, -7.112288e+001,
2564256250, -6.944037e+001,
2567375000, -7.071445e+001,
2570493750, -7.054038e+001,
2573612500, -7.204317e+001,
2576731250, -7.020216e+001,
2579850000, -7.038374e+001,
2582968750, -6.964716e+001,
2586087500, -7.009977e+001,
2589206250, -6.950780e+001,
2592325000, -7.044418e+001,
2595443750, -7.125817e+001,
2598562500, -6.995116e+001,
2601681250, -7.091718e+001,
2604800000, -6.964825e+001,
2607918750, -7.133710e+001,
2611037500, -7.163528e+001,
2614156250, -7.095759e+001,
2617275000, -7.141245e+001,
2620393750, -7.048685e+001,
2623512500, -7.002090e+001,
2626631250, -7.091792e+001,
2629750000, -7.314454e+001,
2632868750, -7.025493e+001,
2635987500, -7.047353e+001,
2639106250, -7.162382e+001,
2642225000, -6.995768e+001,
2645343750, -7.093460e+001,
2648462500, -6.951202e+001,
2651581250, -7.116250e+001,
2654700000, -7.063747e+001,
2657818750, -7.268130e+001,
2660937500, -7.047915e+001,
2664056250, -7.175633e+001,
2667175000, -6.957427e+001,
2670293750, -7.048280e+001,
2673412500, -7.060222e+001,
2676531250, -7.103187e+001,
2679650000, -7.062254e+001,
2682768750, -6.971667e+001,
2685887500, -7.203465e+001,
2689006250, -7.143166e+001,
2692125000, -6.987807e+001,
2695243750, -6.960440e+001,
2698362500, -6.944497e+001,
2701481250, -7.084493e+001,
2704600000, -6.920063e+001,
2707718750, -6.991910e+001,
2710837500, -6.952503e+001,
2713956250, -7.053561e+001,
2717075000, -7.053410e+001,
2720193750, -6.946673e+001,
2723312500, -6.988796e+001,
2726431250, -6.933582e+001,
2729550000, -6.909711e+001,
2732668750, -6.864375e+001,
2735787500, -6.984535e+001,
2738906250, -6.858672e+001,
2742025000, -6.869508e+001,
2745143750, -6.872210e+001,
2748262500, -6.859756e+001,
2751381250, -6.740048e+001,
2754500000, -6.800898e+001,
2757618750, -6.813710e+001,
2760737500, -6.799011e+001,
2763856250, -6.699570e+001,
2766975000, -6.817169e+001,
2770093750, -6.738692e+001,
2773212500, -6.728842e+001,
2776331250, -6.734642e+001,
2779450000, -6.792834e+001,
2782568750, -6.739184e+001,
2785687500, -6.780466e+001,
2788806250, -6.653757e+001,
2791925000, -6.556068e+001,
2795043750, -6.791727e+001,
2798162500, -6.743747e+001,
2801281250, -6.710873e+001,
2804400000, -6.700084e+001,
2807518750, -6.772290e+001,
2810637500, -6.645766e+001,
2813756250, -6.601958e+001,
2816875000, -6.696946e+001,
2819993750, -6.748209e+001,
2823112500, -6.574197e+001,
2826231250, -6.549522e+001,
2829350000, -6.689894e+001,
2832468750, -6.535294e+001,
2835587500, -6.600646e+001,
2838706250, -6.529395e+001,
2841825000, -6.539039e+001,
2844943750, -6.570595e+001,
2848062500, -6.600383e+001,
2851181250, -6.489330e+001,
2854300000, -6.530620e+001,
2857418750, -6.526487e+001,
2860537500, -6.513186e+001,
2863656250, -6.484118e+001,
2866775000, -6.478410e+001,
2869893750, -6.462150e+001,
2873012500, -6.490105e+001,
2876131250, -6.458060e+001,
2879250000, -6.431271e+001,
2882368750, -6.480828e+001,
2885487500, -6.489835e+001,
2888606250, -6.496479e+001,
2891725000, -6.487359e+001,
2894843750, -6.455067e+001,
2897962500, -6.464136e+001,
2901081250, -6.457365e+001,
2904200000, -6.443866e+001,
2907318750, -6.483916e+001,
2910437500, -6.437309e+001,
2913556250, -6.467339e+001,
2916675000, -6.403725e+001,
2919793750, -6.399376e+001,
2922912500, -6.479160e+001,
2926031250, -6.405751e+001,
2929150000, -6.375797e+001,
2932268750, -6.366109e+001,
2935387500, -6.425619e+001,
2938506250, -6.330676e+001,
2941625000, -6.435766e+001,
2944743750, -6.432400e+001,
2947862500, -6.477296e+001,
2950981250, -6.460107e+001,
2954100000, -6.468188e+001,
2957218750, -6.400045e+001,
2960337500, -6.411536e+001,
2963456250, -6.492090e+001,
2966575000, -6.388922e+001,
2969693750, -6.374556e+001,
2972812500, -6.497413e+001,
2975931250, -6.489941e+001,
2979050000, -6.390951e+001,
2982168750, -6.340440e+001,
2985287500, -6.348996e+001,
2988406250, -6.286381e+001,
2991525000, -6.356904e+001,
2994643750, -6.322903e+001,
2997762500, -6.332190e+001,
3000881250, -6.323442e+001,
3004000000, -6.302007e+001,
3007118750, -6.215033e+001,
3010237500, -6.331313e+001,
3013356250, -6.333599e+001,
3016475000, -6.326451e+001,
3019593750, -6.333947e+001,
3022712500, -6.278790e+001,
3025831250, -6.285844e+001,
3028950000, -6.245393e+001,
3032068750, -6.238346e+001,
3035187500, -6.205141e+001,
3038306250, -6.201658e+001,
3041425000, -6.130741e+001,
3044543750, -6.150071e+001,
3047662500, -6.114903e+001,
3050781250, -6.163330e+001,
3053900000, -6.163261e+001,
3057018750, -6.134101e+001,
3060137500, -6.090346e+001,
3063256250, -6.111465e+001,
3066375000, -6.071432e+001,
3069493750, -6.117911e+001,
3072612500, -6.053627e+001,
3075731250, -6.012737e+001,
3078850000, -6.017577e+001,
3081968750, -6.077131e+001,
3085087500, -6.095268e+001,
3088206250, -6.046267e+001,
3091325000, -6.045099e+001,
3094443750, -5.997246e+001,
3097562500, -6.042651e+001,
3100681250, -5.986492e+001,
3103800000, -6.020468e+001,
3106918750, -5.974897e+001,
3110037500, -5.949100e+001,
3113156250, -5.912825e+001,
3116275000, -5.955087e+001,
3119393750, -6.032250e+001,
3122512500, -6.008259e+001,
3125631250, -5.980217e+001,
3128750000, -5.976849e+001,
3131868750, -5.907092e+001,
3134987500, -5.968525e+001,
3138106250, -5.970898e+001,
3141225000, -5.915583e+001,
3144343750, -5.895765e+001,
3147462500, -5.941043e+001,
3150581250, -5.980944e+001,
3153700000, -5.908046e+001,
3156818750, -5.929900e+001,
3159937500, -5.961267e+001,
3163056250, -5.906414e+001,
3166175000, -5.908409e+001,
3169293750, -5.901960e+001,
3172412500, -5.964018e+001,
3175531250, -5.947282e+001,
3178650000, -5.937409e+001,
3181768750, -5.960740e+001,
3184887500, -5.930056e+001,
3188006250, -5.970496e+001,
3191125000, -5.983963e+001,
3194243750, -5.993027e+001,
3197362500, -5.994689e+001,
3200481250, -6.012360e+001,
3203600000, -5.983367e+001,
3206718750, -5.961132e+001,
3209837500, -5.925462e+001,
3212956250, -5.948066e+001,
3216075000, -5.908556e+001,
3219193750, -5.882541e+001,
3222312500, -5.894109e+001,
3225431250, -5.915290e+001,
3228550000, -5.959809e+001,
3231668750, -6.042694e+001,
3234787500, -5.982011e+001,
3237906250, -5.945198e+001,
3241025000, -5.947282e+001,
3244143750, -5.952296e+001,
3247262500, -5.950397e+001,
3250381250, -5.954107e+001,
3253500000, -5.970442e+001,
3256618750, -6.009538e+001,
3259737500, -6.023719e+001,
3262856250, -5.976031e+001,
3265975000, -6.097060e+001,
3269093750, -6.143615e+001,
3272212500, -6.080756e+001,
3275331250, -6.148888e+001,
3278450000, -6.074651e+001,
3281568750, -5.959496e+001,
3284687500, -6.009072e+001,
3287806250, -6.020143e+001,
3290925000, -6.002938e+001,
3294043750, -5.995063e+001,
3297162500, -5.924100e+001,
3300281250, -5.905670e+001,
3303400000, -5.934301e+001,
3306518750, -5.887571e+001,
3309637500, -5.991307e+001,
3312756250, -5.965183e+001,
3315875000, -5.902071e+001,
3318993750, -6.093744e+001,
3322112500, -5.915733e+001,
3325231250, -5.865670e+001,
3328350000, -5.848951e+001,
3331468750, -5.790991e+001,
3334587500, -5.920820e+001,
3337706250, -5.771796e+001,
3340825000, -5.864662e+001,
3343943750, -5.906618e+001,
3347062500, -5.678122e+001,
3350181250, -5.808033e+001,
3353300000, -5.728553e+001,
3356418750, -5.860080e+001,
3359537500, -6.147361e+001,
3362656250, -6.043049e+001,
3365775000, -5.803465e+001,
3368893750, -5.694695e+001,
3372012500, -6.151591e+001,
3375131250, -5.736835e+001,
3378250000, -5.732016e+001,
3381368750, -5.760400e+001,
3384487500, -5.898151e+001,
3387606250, -6.084518e+001,
3390725000, -5.763579e+001,
3393843750, -5.837340e+001,
3396962500, -5.858742e+001,
3400081250, -5.734459e+001,
3403200000, -5.886473e+001,
3406318750, -5.945680e+001,
3409437500, -6.118399e+001,
3412556250, -6.336788e+001,
3415675000, -6.386369e+001,
3418793750, -5.894289e+001,
3421912500, -6.054390e+001,
3425031250, -5.812280e+001,
3428150000, -5.954184e+001,
3431268750, -5.869730e+001,
3434387500, -5.994963e+001,
3437506250, -5.847357e+001,
3440625000, -6.013026e+001,
3443743750, -6.054826e+001,
3446862500, -5.692509e+001,
3449981250, -6.222724e+001,
3453100000, -5.884512e+001,
3456218750, -5.331437e+001,
3459337500, -6.773480e+001,
3462456250, -5.560740e+001,
3465575000, -6.316686e+001,
3468693750, -5.803423e+001,
3471812500, -6.763913e+001,
3474931250, -5.452968e+001,
3478050000, -7.064120e+001,
3481168750, -5.651981e+001,
3484287500, -6.553627e+001,
3487406250, -5.340292e+001,
3490525000, -5.995152e+001,
3493643750, -5.603712e+001,
3496762500, -6.568820e+001,
3499881250, -5.937505e+001,
3503000000, -5.989732e+001,
3506118750, -5.974167e+001,
3509237500, -4.739044e+001,
3512356250, -5.184391e+001,
3515475000, -4.862788e+001,
3518593750, -5.053555e+001,
3521712500, -5.251639e+001,
3524831250, -4.763491e+001,
3527950000, -4.952966e+001,
3531068750, -4.723087e+001,
3534187500, -5.089394e+001,
3537306250, -5.139719e+001,
3540425000, -5.438567e+001,
3543543750, -5.092434e+001,
3546662500, -5.227200e+001,
3549781250, -5.450472e+001,
3552900000, -4.978160e+001,
3556018750, -5.606859e+001,
3559137500, -4.884259e+001,
3562256250, -5.567190e+001,
3565375000, -4.756244e+001,
3568493750, -4.406822e+001,
3571612500, -4.147159e+001,
3574731250, -4.334436e+001,
3577850000, -4.223610e+001,
3580968750, -3.907029e+001,
3584087500, -4.004320e+001,
3587206250, -4.161658e+001,
3590325000, -4.338579e+001,
3593443750, -4.788027e+001,
3596562500, -4.449800e+001,
3599681250, -3.858482e+001,
3602800000, -4.102994e+001,
3605918750, -4.125487e+001,
3609037500, -4.260329e+001,
3612156250, -4.447692e+001,
3615275000, -4.084026e+001,
3618393750, -4.094793e+001,
3621512500, -4.197038e+001,
3624631250, -3.888748e+001,
3627750000, -4.008427e+001,
3630868750, -4.314741e+001,
3633987500, -4.478513e+001,
3637106250, -4.156411e+001,
3640225000, -3.813871e+001,
3643343750, -3.892401e+001,
3646462500, -3.734494e+001,
3649581250, -3.219271e+001,
3652700000, -3.160845e+001,
3655818750, -3.430502e+001,
3658937500, -3.700940e+001,
3662056250, -4.157128e+001,
3665175000, -4.406350e+001,
3668293750, -3.941523e+001,
3671412500, -4.014682e+001,
3674531250, -4.231375e+001,
3677650000, -4.758559e+001,
3680768750, -4.070716e+001,
3683887500, -3.684326e+001,
3687006250, -3.798891e+001,
3690125000, -4.597729e+001,
3693243750, -4.227071e+001,
3696362500, -5.090612e+001,
3699481250, -3.691372e+001,
3702600000, -3.061485e+001,
3705718750, -2.786123e+001,
3708837500, -2.469336e+001,
3711956250, -2.328564e+001,
3715075000, -2.348984e+001,
3718193750, -2.381633e+001,
3721312500, -2.373268e+001,
3724431250, -2.403873e+001,
3727550000, -2.271468e+001,
3730668750, -2.204853e+001,
3733787500, -2.217870e+001,
3736906250, -2.259591e+001,
3740025000, -2.205675e+001,
3743143750, -2.169285e+001,
3746262500, -2.121513e+001,
3749381250, -1.965870e+001,
3752500000, -1.845422e+001,
3755618750, -1.792297e+001,
3758737500, -1.704218e+001,
3761856250, -1.658870e+001,
3764975000, -1.590644e+001,
3768093750, -1.568026e+001,
3771212500, -1.544656e+001,
3774331250, -1.531404e+001,
3777450000, -1.543789e+001,
3780568750, -1.529553e+001,
3783687500, -1.521095e+001,
3786806250, -1.498372e+001,
3789925000, -1.499605e+001,
3793043750, -1.516055e+001,
3796162500, -1.555990e+001,
3799281250, -1.539901e+001,
3802400000, -1.732325e+001,
3805518750, -1.795559e+001,
3808637500, -1.734858e+001,
3811756250, -1.723371e+001,
3814875000, -1.716094e+001,
3817993750, -1.755368e+001,
3821112500, -1.777244e+001,
3824231250, -1.835676e+001,
3827350000, -1.871419e+001,
3830468750, -1.842535e+001,
3833587500, -1.914286e+001,
3836706250, -1.973053e+001,
3839825000, -2.099297e+001,
3842943750, -2.219000e+001,
3846062500, -2.348512e+001,
3849181250, -2.446642e+001,
3852300000, -2.485772e+001,
3855418750, -2.543913e+001,
3858537500, -2.550504e+001,
3861656250, -2.510137e+001,
3864775000, -2.487788e+001,
3867893750, -2.379950e+001,
3871012500, -2.360892e+001,
3874131250, -2.329953e+001,
3877250000, -2.352124e+001,
3880368750, -2.340845e+001,
3883487500, -2.357942e+001,
3886606250, -2.356240e+001,
3889725000, -2.359094e+001,
3892843750, -2.325242e+001,
3895962500, -2.304166e+001,
3899081250, -2.296405e+001,
3902200000, -2.297816e+001,
3905318750, -2.304827e+001,
3908437500, -2.369353e+001,
3911556250, -2.393606e+001,
3914675000, -2.403597e+001,
3917793750, -2.391416e+001,
3920912500, -2.361537e+001,
3924031250, -2.320893e+001,
3927150000, -2.296059e+001,
3930268750, -2.258479e+001,
3933387500, -2.238556e+001,
3936506250, -2.205910e+001,
3939625000, -2.184848e+001,
3942743750, -2.150096e+001,
3945862500, -2.131292e+001,
3948981250, -2.126867e+001,
3952100000, -2.141080e+001,
3955218750, -2.171311e+001,
3958337500, -2.221213e+001,
3961456250, -2.273829e+001,
3964575000, -2.290080e+001,
3967693750, -2.282352e+001,
3970812500, -2.290638e+001,
3973931250, -2.301135e+001,
3977050000, -2.341903e+001,
3980168750, -2.424559e+001,
3983287500, -2.480312e+001,
3986406250, -2.496180e+001,
3989525000, -2.496359e+001,
3992643750, -2.517733e+001,
3995762500, -2.580986e+001,
3998881250, -2.685303e+001,
4002000000, -2.778008e+001,
4005118750, -2.810293e+001,
4008237500, -2.817309e+001,
4011356250, -2.865434e+001,
4014475000, -2.950735e+001,
4017593750, -3.055246e+001,
4020712500, -3.095569e+001,
4023831250, -3.096345e+001,
4026950000, -3.173359e+001,
4030068750, -3.296186e+001,
4033187500, -3.383718e+001,
4036306250, -3.436568e+001,
4039425000, -3.469399e+001,
4042543750, -3.569796e+001,
4045662500, -3.741724e+001,
4048781250, -3.773163e+001,
4051900000, -3.799136e+001,
4055018750, -3.958022e+001,
4058137500, -4.079394e+001,
4061256250, -4.142866e+001,
4064375000, -4.210413e+001,
4067493750, -4.274932e+001,
4070612500, -4.463422e+001,
4073731250, -4.447083e+001,
4076850000, -4.430439e+001,
4079968750, -4.709571e+001,
4083087500, -4.649284e+001,
4086206250, -4.690851e+001,
4089325000, -4.844106e+001,
4092443750, -4.825836e+001,
4095562500, -4.927649e+001,
4098681250, -4.904990e+001,
4101800000, -4.973806e+001,
4104918750, -4.956096e+001,
4108037500, -4.721881e+001,
4111156250, -5.002454e+001,
4114275000, -4.758998e+001,
4117393750, -4.843857e+001,
4120512500, -4.932585e+001,
4123631250, -4.738082e+001,
4126750000, -5.039328e+001,
4129868750, -4.775291e+001,
4132987500, -4.850834e+001,
4136106250, -4.862012e+001,
4139225000, -4.720470e+001,
4142343750, -4.840806e+001,
4145462500, -4.624528e+001,
4148581250, -4.849331e+001,
4151700000, -4.646552e+001,
4154818750, -4.880158e+001,
4157937500, -4.757986e+001,
4161056250, -5.019199e+001,
4164175000, -4.824051e+001,
4167293750, -5.143851e+001,
4170412500, -4.994046e+001,
4173531250, -5.313551e+001,
4176650000, -5.157390e+001,
4179768750, -5.740757e+001,
4182887500, -5.405593e+001,
4186006250, -6.397235e+001,
4189125000, -5.825476e+001,
4192243750, -7.067484e+001,
4195362500, -5.986008e+001,
4198481250, -6.789494e+001,
4201600000, -6.256551e+001,
4204718750, -6.266057e+001,
4207837500, -5.881610e+001,
4210956250, -6.447020e+001,
4214075000, -5.675336e+001,
4217193750, -7.195677e+001,
4220312500, -5.638874e+001,
4223431250, -6.215818e+001,
4226550000, -5.922842e+001,
4229668750, -6.064019e+001,
4232787500, -6.378935e+001,
4235906250, -5.972212e+001,
4239025000, -7.340895e+001,
4242143750, -5.918671e+001,
4245262500, -6.144046e+001,
4248381250, -6.800520e+001,
4251500000, -6.054877e+001,
4254618750, -6.915229e+001,
4257737500, -6.340435e+001,
4260856250, -6.319161e+001,
4263975000, -6.568631e+001,
4267093750, -6.104393e+001,
4270212500, -6.276930e+001,
4273331250, -6.920345e+001,
4276450000, -6.016397e+001,
4279568750, -6.067053e+001,
4282687500, -6.870750e+001,
4285806250, -6.176442e+001,
4288925000, -6.045858e+001,
4292043750, -6.791328e+001,
4295162500, -6.375045e+001,
4298281250, -6.116070e+001,
4301400000, -6.170097e+001,
4304518750, -6.506493e+001,
4307637500, -6.495229e+001,
4310756250, -6.281969e+001,
4313875000, -6.292757e+001,
4316993750, -6.437910e+001,
4320112500, -6.585053e+001,
4323231250, -6.340972e+001,
4326350000, -6.237402e+001,
4329468750, -6.319307e+001,
4332587500, -6.368617e+001,
4335706250, -6.368442e+001,
4338825000, -6.357496e+001,
4341943750, -6.252089e+001,
4345062500, -6.290345e+001,
4348181250, -6.314632e+001,
4351300000, -6.281024e+001,
4354418750, -6.300973e+001,
4357537500, -6.308199e+001,
4360656250, -6.256960e+001,
4363775000, -6.268990e+001,
4366893750, -6.249254e+001,
4370012500, -6.274349e+001,
4373131250, -6.244003e+001,
4376250000, -6.298076e+001,
4379368750, -6.334911e+001,
4382487500, -6.238007e+001,
4385606250, -6.262755e+001,
4388725000, -6.218007e+001,
4391843750, -6.306529e+001,
4394962500, -6.258231e+001,
4398081250, -6.286292e+001,
4401200000, -6.272607e+001,
4404318750, -6.273664e+001,
4407437500, -6.300676e+001,
4410556250, -6.284456e+001,
4413675000, -6.289023e+001,
4416793750, -6.246426e+001,
4419912500, -6.241619e+001,
4423031250, -6.211108e+001,
4426150000, -6.288441e+001,
4429268750, -6.260080e+001,
4432387500, -6.331942e+001,
4435506250, -6.269572e+001,
4438625000, -6.256779e+001,
4441743750, -6.277826e+001,
4444862500, -6.251609e+001,
4447981250, -6.271431e+001,
4451100000, -6.294768e+001,
4454218750, -6.266907e+001,
4457337500, -6.213216e+001,
4460456250, -6.249907e+001,
4463575000, -6.272343e+001,
4466693750, -6.184305e+001,
4469812500, -6.196000e+001,
4472931250, -6.267480e+001,
4476050000, -6.246199e+001,
4479168750, -6.193444e+001,
4482287500, -6.257765e+001,
4485406250, -6.229332e+001,
4488525000, -6.269275e+001,
4491643750, -6.203281e+001,
4494762500, -6.224501e+001,
4497881250, -6.202990e+001,
4501000000, -6.180715e+001,
4504118750, -6.207837e+001,
4507237500, -6.180778e+001,
4510356250, -6.147311e+001,
4513475000, -6.130616e+001,
4516593750, -6.127900e+001,
4519712500, -6.118017e+001,
4522831250, -6.158290e+001,
4525950000, -6.144941e+001,
4529068750, -6.109637e+001,
4532187500, -6.098880e+001,
4535306250, -6.137431e+001,
4538425000, -6.109217e+001,
4541543750, -6.103648e+001,
4544662500, -6.104092e+001,
4547781250, -6.099482e+001,
4550900000, -6.134565e+001,
4554018750, -6.129824e+001,
4557137500, -6.113376e+001,
4560256250, -6.137830e+001,
4563375000, -6.141852e+001,
4566493750, -6.188272e+001,
4569612500, -6.100938e+001,
4572731250, -6.118682e+001,
4575850000, -6.194670e+001,
4578968750, -6.198593e+001,
4582087500, -6.158097e+001,
4585206250, -6.194383e+001,
4588325000, -6.207342e+001,
4591443750, -6.231827e+001,
4594562500, -6.221760e+001,
4597681250, -6.256119e+001,
4600800000, -6.242041e+001,
4603918750, -6.224372e+001,
4607037500, -6.245505e+001,
4610156250, -6.207628e+001,
4613275000, -6.286890e+001,
4616393750, -6.303010e+001,
4619512500, -6.254699e+001,
4622631250, -6.297539e+001,
4625750000, -6.261983e+001,
4628868750, -6.236030e+001,
4631987500, -6.298870e+001,
4635106250, -6.302475e+001,
4638225000, -6.323876e+001,
4641343750, -6.303873e+001,
4644462500, -6.324331e+001,
4647581250, -6.310850e+001,
4650700000, -6.381912e+001,
4653818750, -6.349198e+001,
4656937500, -6.337122e+001,
4660056250, -6.313297e+001,
4663175000, -6.348027e+001,
4666293750, -6.346622e+001,
4669412500, -6.350729e+001,
4672531250, -6.354124e+001,
4675650000, -6.321095e+001,
4678768750, -6.399818e+001,
4681887500, -6.312744e+001,
4685006250, -6.345618e+001,
4688125000, -6.386292e+001,
4691243750, -6.371738e+001,
4694362500, -6.372075e+001,
4697481250, -6.354845e+001,
4700600000, -6.397198e+001,
4703718750, -6.420703e+001,
4706837500, -6.489762e+001,
4709956250, -6.417334e+001,
4713075000, -6.381076e+001,
4716193750, -6.305947e+001,
4719312500, -6.387558e+001,
4722431250, -6.419194e+001,
4725550000, -6.474849e+001,
4728668750, -6.398199e+001,
4731787500, -6.386203e+001,
4734906250, -6.421591e+001,
4738025000, -6.373327e+001,
4741143750, -6.437999e+001,
4744262500, -6.378880e+001,
4747381250, -6.473103e+001,
4750500000, -6.434146e+001,
4753618750, -6.442583e+001,
4756737500, -6.333168e+001,
4759856250, -6.442269e+001,
4762975000, -6.474361e+001,
4766093750, -6.436817e+001,
4769212500, -6.312133e+001,
4772331250, -6.486804e+001,
4775450000, -6.438223e+001,
4778568750, -6.417126e+001,
4781687500, -6.470010e+001,
4784806250, -6.413857e+001,
4787925000, -6.402808e+001,
4791043750, -6.315126e+001,
4794162500, -6.357081e+001,
4797281250, -6.365878e+001,
4800400000, -6.291737e+001,
4803518750, -6.268111e+001,
4806637500, -6.326209e+001,
4809756250, -6.298080e+001,
4812875000, -6.314819e+001,
4815993750, -6.312055e+001,
4819112500, -6.301315e+001,
4822231250, -6.294473e+001,
4825350000, -6.371997e+001,
4828468750, -6.355546e+001,
4831587500, -6.346756e+001,
4834706250, -6.357692e+001,
4837825000, -6.369330e+001,
4840943750, -6.353292e+001,
4844062500, -6.322291e+001,
4847181250, -6.391999e+001,
4850300000, -6.395338e+001,
4853418750, -6.413219e+001,
4856537500, -6.337408e+001,
4859656250, -6.423656e+001,
4862775000, -6.424306e+001,
4865893750, -6.450125e+001,
4869012500, -6.458857e+001,
4872131250, -6.405400e+001,
4875250000, -6.435361e+001,
4878368750, -6.506702e+001,
4881487500, -6.458468e+001,
4884606250, -6.408482e+001,
4887725000, -6.450274e+001,
4890843750, -6.469896e+001,
4893962500, -6.473282e+001,
4897081250, -6.530972e+001,
4900200000, -6.470797e+001,
4903318750, -6.550777e+001,
4906437500, -6.556203e+001,
4909556250, -6.577000e+001,
4912675000, -6.603986e+001,
4915793750, -6.519787e+001,
4918912500, -6.620735e+001,
4922031250, -6.481806e+001,
4925150000, -6.539574e+001,
4928268750, -6.537598e+001,
4931387500, -6.500689e+001,
4934506250, -6.532327e+001,
4937625000, -6.529370e+001,
4940743750, -6.560283e+001,
4943862500, -6.510550e+001,
4946981250, -6.490062e+001,
4950100000, -6.429494e+001,
4953218750, -6.423186e+001,
4956337500, -6.462333e+001,
4959456250, -6.467111e+001,
4962575000, -6.460259e+001,
4965693750, -6.452203e+001,
4968812500, -6.496341e+001,
4971931250, -6.509244e+001,
4975050000, -6.492648e+001,
4978168750, -6.490135e+001,
4981287500, -6.377606e+001,
4984406250, -6.461263e+001,
4987525000, -6.450530e+001,
4990643750, -6.465257e+001,
4993762500, -6.510510e+001,
4996881250, -6.475034e+001,
5000000000, -6.448106e+001,
