"S12 Log Mag"
"Frequency (Hz)","dB",
10000000, -5.537941e+001,
13118750, -6.030626e+001,
16237500, -7.643507e+001,
19356250, -6.329330e+001,
22475000, -7.868009e+001,
25593750, -6.996663e+001,
28712500, -7.266723e+001,
31831250, -7.948791e+001,
34950000, -6.954488e+001,
38068750, -8.057558e+001,
41187500, -1.063190e+002,
44306250, -7.975581e+001,
47425000, -7.287647e+001,
50543750, -6.962561e+001,
53662500, -7.478265e+001,
56781250, -7.136267e+001,
59900000, -7.312653e+001,
63018750, -7.447526e+001,
66137500, -7.222394e+001,
69256250, -8.131212e+001,
72375000, -8.040408e+001,
75493750, -8.426364e+001,
78612500, -6.771139e+001,
81731250, -7.815244e+001,
84850000, -7.577518e+001,
87968750, -7.750894e+001,
91087500, -7.381629e+001,
94206250, -7.200640e+001,
97325000, -7.513100e+001,
100443750, -7.569444e+001,
103562500, -7.848392e+001,
106681250, -7.069588e+001,
109800000, -7.889344e+001,
112918750, -7.977397e+001,
116037500, -7.456980e+001,
119156250, -7.091998e+001,
122275000, -8.406359e+001,
125393750, -7.911411e+001,
128512500, -8.337900e+001,
131631250, -7.126588e+001,
134750000, -6.629108e+001,
137868750, -6.971037e+001,
140987500, -7.164025e+001,
144106250, -7.118297e+001,
147225000, -6.832184e+001,
150343750, -7.530927e+001,
153462500, -7.692743e+001,
156581250, -6.838152e+001,
159700000, -7.152009e+001,
162818750, -7.358211e+001,
165937500, -7.561701e+001,
169056250, -7.232594e+001,
172175000, -7.328635e+001,
175293750, -7.373416e+001,
178412500, -7.340799e+001,
181531250, -7.794056e+001,
184650000, -7.513564e+001,
187768750, -7.182005e+001,
190887500, -6.944103e+001,
194006250, -7.134032e+001,
197125000, -7.102479e+001,
200243750, -7.040383e+001,
203362500, -7.241114e+001,
206481250, -6.809538e+001,
209600000, -6.978971e+001,
212718750, -7.235511e+001,
215837500, -7.042656e+001,
218956250, -7.402672e+001,
222075000, -7.434599e+001,
225193750, -7.650883e+001,
228312500, -6.887900e+001,
231431250, -6.934927e+001,
234550000, -7.298511e+001,
237668750, -6.932360e+001,
240787500, -7.350620e+001,
243906250, -7.006963e+001,
247025000, -7.487244e+001,
250143750, -7.202606e+001,
253262500, -6.872322e+001,
256381250, -7.193829e+001,
259500000, -8.130078e+001,
262618750, -7.517599e+001,
265737500, -6.614111e+001,
268856250, -7.569469e+001,
271975000, -6.931093e+001,
275093750, -7.020318e+001,
278212500, -7.095521e+001,
281331250, -7.832687e+001,
284450000, -7.117369e+001,
287568750, -8.441703e+001,
290687500, -7.224963e+001,
293806250, -6.920845e+001,
296925000, -6.797310e+001,
300043750, -6.577567e+001,
303162500, -7.078001e+001,
306281250, -6.465240e+001,
309400000, -6.957571e+001,
312518750, -6.999201e+001,
315637500, -7.119751e+001,
318756250, -7.092913e+001,
321875000, -6.659517e+001,
324993750, -6.878536e+001,
328112500, -6.995876e+001,
331231250, -6.932880e+001,
334350000, -6.959892e+001,
337468750, -6.861478e+001,
340587500, -6.888559e+001,
343706250, -7.104446e+001,
346825000, -6.810143e+001,
349943750, -6.982639e+001,
353062500, -6.716899e+001,
356181250, -6.994070e+001,
359300000, -6.690287e+001,
362418750, -6.905648e+001,
365537500, -6.950684e+001,
368656250, -6.793519e+001,
371775000, -6.704861e+001,
374893750, -6.679967e+001,
378012500, -6.721687e+001,
381131250, -6.796843e+001,
384250000, -6.687185e+001,
387368750, -6.636845e+001,
390487500, -6.880965e+001,
393606250, -6.969060e+001,
396725000, -6.642425e+001,
399843750, -6.789427e+001,
402962500, -6.838960e+001,
406081250, -6.635307e+001,
409200000, -6.564008e+001,
412318750, -6.647029e+001,
415437500, -6.903522e+001,
418556250, -6.609234e+001,
421675000, -6.747968e+001,
424793750, -6.621441e+001,
427912500, -6.676262e+001,
431031250, -6.785098e+001,
434150000, -6.732141e+001,
437268750, -6.837968e+001,
440387500, -6.653963e+001,
443506250, -6.542293e+001,
446625000, -6.693763e+001,
449743750, -6.434390e+001,
452862500, -6.634014e+001,
455981250, -6.642615e+001,
459100000, -6.691989e+001,
462218750, -6.601250e+001,
465337500, -6.596610e+001,
468456250, -6.731353e+001,
471575000, -6.612015e+001,
474693750, -6.559877e+001,
477812500, -6.662475e+001,
480931250, -6.580336e+001,
484050000, -6.561078e+001,
487168750, -6.479025e+001,
490287500, -6.536572e+001,
493406250, -6.650336e+001,
496525000, -6.552906e+001,
499643750, -6.506100e+001,
502762500, -6.622591e+001,
505881250, -6.561921e+001,
509000000, -6.689778e+001,
512118750, -6.527527e+001,
515237500, -6.484868e+001,
518356250, -6.573721e+001,
521475000, -6.599651e+001,
524593750, -6.556191e+001,
527712500, -6.559481e+001,
530831250, -6.578402e+001,
533950000, -6.530415e+001,
537068750, -6.580413e+001,
540187500, -6.640224e+001,
543306250, -6.501404e+001,
546425000, -6.557185e+001,
549543750, -6.378102e+001,
552662500, -6.367114e+001,
555781250, -6.572598e+001,
558900000, -6.442110e+001,
562018750, -6.434143e+001,
565137500, -6.579781e+001,
568256250, -6.486750e+001,
571375000, -6.441024e+001,
574493750, -6.395684e+001,
577612500, -6.490681e+001,
580731250, -6.491238e+001,
583850000, -6.579446e+001,
586968750, -6.506402e+001,
590087500, -6.436118e+001,
593206250, -6.422991e+001,
596325000, -6.505769e+001,
599443750, -6.592833e+001,
602562500, -6.377966e+001,
605681250, -6.411166e+001,
608800000, -6.594837e+001,
611918750, -6.471526e+001,
615037500, -6.350128e+001,
618156250, -6.375349e+001,
621275000, -6.317590e+001,
624393750, -6.389370e+001,
627512500, -6.351318e+001,
630631250, -6.306807e+001,
633750000, -6.419483e+001,
636868750, -6.461163e+001,
639987500, -6.409805e+001,
643106250, -6.407830e+001,
646225000, -6.412966e+001,
649343750, -6.462285e+001,
652462500, -6.414815e+001,
655581250, -6.400401e+001,
658700000, -6.461982e+001,
661818750, -6.462854e+001,
664937500, -6.368657e+001,
668056250, -6.348044e+001,
671175000, -6.379600e+001,
674293750, -6.386744e+001,
677412500, -6.384757e+001,
680531250, -6.342310e+001,
683650000, -6.358524e+001,
686768750, -6.348175e+001,
689887500, -6.376796e+001,
693006250, -6.362854e+001,
696125000, -6.405769e+001,
699243750, -6.338403e+001,
702362500, -6.326185e+001,
705481250, -6.291385e+001,
708600000, -6.340928e+001,
711718750, -6.218205e+001,
714837500, -6.246820e+001,
717956250, -6.299358e+001,
721075000, -6.380302e+001,
724193750, -6.366619e+001,
727312500, -6.175309e+001,
730431250, -6.209301e+001,
733550000, -6.303433e+001,
736668750, -6.184671e+001,
739787500, -6.246798e+001,
742906250, -6.309257e+001,
746025000, -6.311042e+001,
749143750, -6.278687e+001,
752262500, -6.209272e+001,
755381250, -6.134729e+001,
758500000, -6.264589e+001,
761618750, -6.291490e+001,
764737500, -6.261674e+001,
767856250, -6.238665e+001,
770975000, -6.284935e+001,
774093750, -6.197334e+001,
777212500, -6.202921e+001,
780331250, -6.193486e+001,
783450000, -6.215453e+001,
786568750, -6.266678e+001,
789687500, -6.272753e+001,
792806250, -6.203997e+001,
795925000, -6.195411e+001,
799043750, -6.184417e+001,
802162500, -6.262183e+001,
805281250, -6.210506e+001,
808400000, -6.170667e+001,
811518750, -6.221509e+001,
814637500, -6.228476e+001,
817756250, -6.142651e+001,
820875000, -6.188637e+001,
823993750, -6.156215e+001,
827112500, -6.162363e+001,
830231250, -6.157842e+001,
833350000, -6.117215e+001,
836468750, -6.141886e+001,
839587500, -6.160944e+001,
842706250, -6.185208e+001,
845825000, -6.119212e+001,
848943750, -6.107856e+001,
852062500, -6.137561e+001,
855181250, -6.159338e+001,
858300000, -6.078287e+001,
861418750, -6.097588e+001,
864537500, -6.144346e+001,
867656250, -6.085138e+001,
870775000, -6.097062e+001,
873893750, -6.135469e+001,
877012500, -6.147105e+001,
880131250, -6.074695e+001,
883250000, -6.156232e+001,
886368750, -6.041929e+001,
889487500, -6.119088e+001,
892606250, -6.115759e+001,
895725000, -6.041494e+001,
898843750, -6.061926e+001,
901962500, -6.048044e+001,
905081250, -6.081340e+001,
908200000, -6.023999e+001,
911318750, -6.005406e+001,
914437500, -6.058273e+001,
917556250, -6.095681e+001,
920675000, -6.044724e+001,
923793750, -6.015273e+001,
926912500, -6.055093e+001,
930031250, -6.032097e+001,
933150000, -6.018106e+001,
936268750, -5.999537e+001,
939387500, -6.011588e+001,
942506250, -6.031643e+001,
945625000, -6.046344e+001,
948743750, -6.065238e+001,
951862500, -6.044184e+001,
954981250, -6.065207e+001,
958100000, -6.078380e+001,
961218750, -6.068665e+001,
964337500, -6.054916e+001,
967456250, -6.099318e+001,
970575000, -6.062417e+001,
973693750, -6.027300e+001,
976812500, -6.041031e+001,
979931250, -6.017214e+001,
983050000, -6.073695e+001,
986168750, -6.047813e+001,
989287500, -6.061195e+001,
992406250, -6.026822e+001,
995525000, -6.074045e+001,
998643750, -6.012840e+001,
1001762500, -6.029104e+001,
1004881250, -6.083263e+001,
1008000000, -6.041785e+001,
1011118750, -6.026706e+001,
1014237500, -6.011498e+001,
1017356250, -6.011223e+001,
1020475000, -5.983878e+001,
1023593750, -6.089133e+001,
1026712500, -5.963145e+001,
1029831250, -6.012347e+001,
1032950000, -6.028674e+001,
1036068750, -5.979817e+001,
1039187500, -6.011509e+001,
1042306250, -5.955207e+001,
1045425000, -5.970147e+001,
1048543750, -6.010437e+001,
1051662500, -5.999482e+001,
1054781250, -5.974798e+001,
1057900000, -6.016232e+001,
1061018750, -6.020775e+001,
1064137500, -6.036765e+001,
1067256250, -6.028424e+001,
1070375000, -6.015738e+001,
1073493750, -6.046494e+001,
1076612500, -6.080734e+001,
1079731250, -6.091615e+001,
1082850000, -6.062369e+001,
1085968750, -6.047768e+001,
1089087500, -6.077048e+001,
1092206250, -6.077193e+001,
1095325000, -6.096333e+001,
1098443750, -6.081478e+001,
1101562500, -6.076674e+001,
1104681250, -6.079438e+001,
1107800000, -6.092568e+001,
1110918750, -6.069200e+001,
1114037500, -6.070443e+001,
1117156250, -6.085462e+001,
1120275000, -6.107344e+001,
1123393750, -6.098181e+001,
1126512500, -6.100758e+001,
1129631250, -6.103255e+001,
1132750000, -6.086561e+001,
1135868750, -6.079327e+001,
1138987500, -6.131070e+001,
1142106250, -6.128449e+001,
1145225000, -6.125209e+001,
1148343750, -6.058257e+001,
1151462500, -6.090687e+001,
1154581250, -6.106970e+001,
1157700000, -6.065842e+001,
1160818750, -6.117763e+001,
1163937500, -6.114557e+001,
1167056250, -6.070461e+001,
1170175000, -6.090780e+001,
1173293750, -6.023524e+001,
1176412500, -6.051426e+001,
1179531250, -6.160391e+001,
1182650000, -6.142803e+001,
1185768750, -6.096696e+001,
1188887500, -6.056813e+001,
1192006250, -6.052062e+001,
1195125000, -6.101255e+001,
1198243750, -6.156821e+001,
1201362500, -6.015697e+001,
1204481250, -6.058741e+001,
1207600000, -6.165580e+001,
1210718750, -6.055536e+001,
1213837500, -6.026840e+001,
1216956250, -6.097091e+001,
1220075000, -6.048937e+001,
1223193750, -6.013824e+001,
1226312500, -6.059599e+001,
1229431250, -6.078779e+001,
1232550000, -6.046787e+001,
1235668750, -6.087259e+001,
1238787500, -6.106973e+001,
1241906250, -6.079829e+001,
1245025000, -6.106565e+001,
1248143750, -6.137848e+001,
1251262500, -6.121262e+001,
1254381250, -6.092445e+001,
1257500000, -6.093622e+001,
1260618750, -6.142118e+001,
1263737500, -6.108905e+001,
1266856250, -6.089947e+001,
1269975000, -6.129615e+001,
1273093750, -6.137424e+001,
1276212500, -6.146254e+001,
1279331250, -6.102294e+001,
1282450000, -6.143079e+001,
1285568750, -6.181252e+001,
1288687500, -6.100056e+001,
1291806250, -6.105043e+001,
1294925000, -6.144763e+001,
1298043750, -6.206389e+001,
1301162500, -6.065868e+001,
1304281250, -6.070612e+001,
1307400000, -6.135343e+001,
1310518750, -6.137406e+001,
1313637500, -6.089088e+001,
1316756250, -6.071392e+001,
1319875000, -6.076624e+001,
1322993750, -6.088860e+001,
1326112500, -6.091003e+001,
1329231250, -6.065637e+001,
1332350000, -6.063344e+001,
1335468750, -6.018406e+001,
1338587500, -6.100194e+001,
1341706250, -6.022334e+001,
1344825000, -6.074808e+001,
1347943750, -6.066733e+001,
1351062500, -6.051667e+001,
1354181250, -6.058938e+001,
1357300000, -6.055634e+001,
1360418750, -6.004128e+001,
1363537500, -6.034314e+001,
1366656250, -6.011701e+001,
1369775000, -6.040596e+001,
1372893750, -6.027478e+001,
1376012500, -6.054934e+001,
1379131250, -6.032343e+001,
1382250000, -6.001173e+001,
1385368750, -6.045296e+001,
1388487500, -6.029045e+001,
1391606250, -6.095452e+001,
1394725000, -6.020245e+001,
1397843750, -6.046517e+001,
1400962500, -6.060202e+001,
1404081250, -6.035418e+001,
1407200000, -6.050299e+001,
1410318750, -6.081618e+001,
1413437500, -6.096372e+001,
1416556250, -6.087743e+001,
1419675000, -6.103614e+001,
1422793750, -6.141687e+001,
1425912500, -6.137183e+001,
1429031250, -6.112175e+001,
1432150000, -6.114782e+001,
1435268750, -6.171152e+001,
1438387500, -6.146389e+001,
1441506250, -6.142262e+001,
1444625000, -6.172739e+001,
1447743750, -6.138852e+001,
1450862500, -6.233027e+001,
1453981250, -6.122899e+001,
1457100000, -6.142672e+001,
1460218750, -6.231985e+001,
1463337500, -6.189669e+001,
1466456250, -6.237440e+001,
1469575000, -6.300933e+001,
1472693750, -6.191789e+001,
1475812500, -6.235555e+001,
1478931250, -6.189077e+001,
1482050000, -6.225575e+001,
1485168750, -6.282185e+001,
1488287500, -6.193068e+001,
1491406250, -6.244312e+001,
1494525000, -6.142168e+001,
1497643750, -6.241977e+001,
1500762500, -6.298492e+001,
1503881250, -6.159630e+001,
1507000000, -6.220824e+001,
1510118750, -6.280796e+001,
1513237500, -6.262719e+001,
1516356250, -6.305477e+001,
1519475000, -6.271058e+001,
1522593750, -6.248408e+001,
1525712500, -6.241793e+001,
1528831250, -6.224430e+001,
1531950000, -6.300165e+001,
1535068750, -6.272404e+001,
1538187500, -6.309011e+001,
1541306250, -6.267189e+001,
1544425000, -6.249423e+001,
1547543750, -6.246831e+001,
1550662500, -6.236302e+001,
1553781250, -6.266852e+001,
1556900000, -6.245615e+001,
1560018750, -6.261268e+001,
1563137500, -6.239289e+001,
1566256250, -6.276688e+001,
1569375000, -6.244960e+001,
1572493750, -6.282368e+001,
1575612500, -6.260168e+001,
1578731250, -6.240664e+001,
1581850000, -6.273662e+001,
1584968750, -6.302490e+001,
1588087500, -6.274397e+001,
1591206250, -6.235204e+001,
1594325000, -6.311402e+001,
1597443750, -6.335940e+001,
1600562500, -6.296073e+001,
1603681250, -6.237347e+001,
1606800000, -6.234772e+001,
1609918750, -6.338374e+001,
1613037500, -6.310226e+001,
1616156250, -6.341673e+001,
1619275000, -6.221136e+001,
1622393750, -6.371753e+001,
1625512500, -6.310271e+001,
1628631250, -6.275607e+001,
1631750000, -6.360850e+001,
1634868750, -6.307417e+001,
1637987500, -6.327561e+001,
1641106250, -6.361407e+001,
1644225000, -6.324306e+001,
1647343750, -6.384020e+001,
1650462500, -6.317971e+001,
1653581250, -6.313313e+001,
1656700000, -6.332759e+001,
1659818750, -6.321928e+001,
1662937500, -6.374502e+001,
1666056250, -6.312674e+001,
1669175000, -6.262249e+001,
1672293750, -6.370863e+001,
1675412500, -6.397560e+001,
1678531250, -6.383013e+001,
1681650000, -6.377971e+001,
1684768750, -6.368973e+001,
1687887500, -6.443596e+001,
1691006250, -6.386355e+001,
1694125000, -6.376299e+001,
1697243750, -6.417676e+001,
1700362500, -6.433163e+001,
1703481250, -6.415688e+001,
1706600000, -6.413665e+001,
1709718750, -6.514539e+001,
1712837500, -6.529089e+001,
1715956250, -6.559431e+001,
1719075000, -6.535085e+001,
1722193750, -6.508393e+001,
1725312500, -6.528256e+001,
1728431250, -6.477699e+001,
1731550000, -6.580846e+001,
1734668750, -6.440571e+001,
1737787500, -6.569939e+001,
1740906250, -6.543523e+001,
1744025000, -6.546690e+001,
1747143750, -6.724616e+001,
1750262500, -6.628322e+001,
1753381250, -6.669914e+001,
1756500000, -6.582702e+001,
1759618750, -6.528952e+001,
1762737500, -6.655960e+001,
1765856250, -6.685658e+001,
1768975000, -6.475146e+001,
1772093750, -6.604478e+001,
1775212500, -6.669096e+001,
1778331250, -6.555507e+001,
1781450000, -6.688679e+001,
1784568750, -6.591712e+001,
1787687500, -6.771098e+001,
1790806250, -6.731759e+001,
1793925000, -6.695415e+001,
1797043750, -6.683836e+001,
1800162500, -6.694559e+001,
1803281250, -6.710114e+001,
1806400000, -6.692075e+001,
1809518750, -6.684325e+001,
1812637500, -6.623396e+001,
1815756250, -6.774925e+001,
1818875000, -6.765434e+001,
1821993750, -6.677492e+001,
1825112500, -6.727685e+001,
1828231250, -6.735626e+001,
1831350000, -6.713523e+001,
1834468750, -6.721001e+001,
1837587500, -6.840128e+001,
1840706250, -6.781313e+001,
1843825000, -6.738795e+001,
1846943750, -6.737563e+001,
1850062500, -6.780193e+001,
1853181250, -6.773379e+001,
1856300000, -6.827919e+001,
1859418750, -6.838774e+001,
1862537500, -6.919781e+001,
1865656250, -6.847427e+001,
1868775000, -6.947984e+001,
1871893750, -6.746474e+001,
1875012500, -6.912392e+001,
1878131250, -6.844302e+001,
1881250000, -6.910186e+001,
1884368750, -6.932082e+001,
1887487500, -7.024790e+001,
1890606250, -6.929649e+001,
1893725000, -6.987833e+001,
1896843750, -6.933746e+001,
1899962500, -6.907416e+001,
1903081250, -6.954531e+001,
1906200000, -7.063857e+001,
1909318750, -6.863892e+001,
1912437500, -7.045216e+001,
1915556250, -7.222655e+001,
1918675000, -6.921051e+001,
1921793750, -6.993060e+001,
1924912500, -7.097753e+001,
1928031250, -6.953755e+001,
1931150000, -6.969011e+001,
1934268750, -6.893920e+001,
1937387500, -7.089856e+001,
1940506250, -6.927242e+001,
1943625000, -7.026563e+001,
1946743750, -7.040646e+001,
1949862500, -6.940443e+001,
1952981250, -7.040353e+001,
1956100000, -6.965359e+001,
1959218750, -7.025293e+001,
1962337500, -7.148888e+001,
1965456250, -7.001639e+001,
1968575000, -7.037096e+001,
1971693750, -6.994742e+001,
1974812500, -7.017120e+001,
1977931250, -6.976500e+001,
1981050000, -6.948125e+001,
1984168750, -6.985122e+001,
1987287500, -7.117545e+001,
1990406250, -6.984554e+001,
1993525000, -6.940124e+001,
1996643750, -6.911497e+001,
1999762500, -6.968427e+001,
2002881250, -7.160100e+001,
2006000000, -6.930722e+001,
2009118750, -7.020128e+001,
2012237500, -7.144801e+001,
2015356250, -7.042377e+001,
2018475000, -7.035822e+001,
2021593750, -7.072768e+001,
2024712500, -7.027378e+001,
2027831250, -6.982587e+001,
2030950000, -6.987423e+001,
2034068750, -7.056948e+001,
2037187500, -7.155806e+001,
2040306250, -7.142857e+001,
2043425000, -7.182748e+001,
2046543750, -7.052302e+001,
2049662500, -7.186082e+001,
2052781250, -7.151456e+001,
2055900000, -7.292204e+001,
2059018750, -7.045486e+001,
2062137500, -7.044455e+001,
2065256250, -7.342834e+001,
2068375000, -7.009400e+001,
2071493750, -7.380905e+001,
2074612500, -7.279791e+001,
2077731250, -7.230704e+001,
2080850000, -7.195063e+001,
2083968750, -7.057583e+001,
2087087500, -7.316178e+001,
2090206250, -7.457396e+001,
2093325000, -7.594287e+001,
2096443750, -7.321766e+001,
2099562500, -7.280944e+001,
2102681250, -7.311273e+001,
2105800000, -7.597882e+001,
2108918750, -7.310323e+001,
2112037500, -7.396752e+001,
2115156250, -7.410197e+001,
2118275000, -7.231569e+001,
2121393750, -7.386942e+001,
2124512500, -7.534515e+001,
2127631250, -7.339552e+001,
2130750000, -7.489063e+001,
2133868750, -7.323042e+001,
2136987500, -7.442850e+001,
2140106250, -7.487581e+001,
2143225000, -7.452242e+001,
2146343750, -7.502951e+001,
2149462500, -7.341872e+001,
2152581250, -7.402808e+001,
2155700000, -7.522631e+001,
2158818750, -7.331121e+001,
2161937500, -7.346732e+001,
2165056250, -7.273431e+001,
2168175000, -7.388178e+001,
2171293750, -7.199171e+001,
2174412500, -7.389352e+001,
2177531250, -7.405259e+001,
2180650000, -7.386076e+001,
2183768750, -7.284632e+001,
2186887500, -7.286135e+001,
2190006250, -7.415463e+001,
2193125000, -7.395839e+001,
2196243750, -7.071544e+001,
2199362500, -7.320455e+001,
2202481250, -7.295489e+001,
2205600000, -7.468769e+001,
2208718750, -7.152744e+001,
2211837500, -7.349121e+001,
2214956250, -7.223932e+001,
2218075000, -7.174632e+001,
2221193750, -7.368719e+001,
2224312500, -7.149088e+001,
2227431250, -7.158878e+001,
2230550000, -7.198024e+001,
2233668750, -7.335635e+001,
2236787500, -7.325200e+001,
2239906250, -7.262115e+001,
2243025000, -7.209653e+001,
2246143750, -7.294662e+001,
2249262500, -7.147392e+001,
2252381250, -7.285069e+001,
2255500000, -7.293487e+001,
2258618750, -7.186915e+001,
2261737500, -7.133444e+001,
2264856250, -7.170393e+001,
2267975000, -7.207191e+001,
2271093750, -7.393516e+001,
2274212500, -7.315557e+001,
2277331250, -7.147930e+001,
2280450000, -7.218159e+001,
2283568750, -7.207520e+001,
2286687500, -7.343833e+001,
2289806250, -7.199020e+001,
2292925000, -7.220335e+001,
2296043750, -7.250330e+001,
2299162500, -7.341838e+001,
2302281250, -7.290898e+001,
2305400000, -7.233597e+001,
2308518750, -7.210808e+001,
2311637500, -7.325413e+001,
2314756250, -7.287999e+001,
2317875000, -7.240697e+001,
2320993750, -7.184620e+001,
2324112500, -7.041693e+001,
2327231250, -7.122747e+001,
2330350000, -7.186736e+001,
2333468750, -7.091961e+001,
2336587500, -7.295108e+001,
2339706250, -7.180715e+001,
2342825000, -7.397694e+001,
2345943750, -7.149842e+001,
2349062500, -7.263158e+001,
2352181250, -7.381306e+001,
2355300000, -7.197954e+001,
2358418750, -7.160591e+001,
2361537500, -7.273810e+001,
2364656250, -7.477917e+001,
2367775000, -7.323222e+001,
2370893750, -7.066693e+001,
2374012500, -7.034203e+001,
2377131250, -7.353276e+001,
2380250000, -7.235265e+001,
2383368750, -7.361945e+001,
2386487500, -7.083141e+001,
2389606250, -7.216895e+001,
2392725000, -7.382241e+001,
2395843750, -7.225392e+001,
2398962500, -7.358767e+001,
2402081250, -7.322886e+001,
2405200000, -7.395022e+001,
2408318750, -7.316492e+001,
2411437500, -7.244724e+001,
2414556250, -7.433341e+001,
2417675000, -7.485093e+001,
2420793750, -7.303925e+001,
2423912500, -7.306208e+001,
2427031250, -7.367036e+001,
2430150000, -7.215834e+001,
2433268750, -7.192606e+001,
2436387500, -7.284096e+001,
2439506250, -7.339037e+001,
2442625000, -7.358453e+001,
2445743750, -7.400803e+001,
2448862500, -7.405313e+001,
2451981250, -7.238790e+001,
2455100000, -7.279710e+001,
2458218750, -7.257214e+001,
2461337500, -7.232484e+001,
2464456250, -7.410549e+001,
2467575000, -7.324082e+001,
2470693750, -7.326991e+001,
2473812500, -7.261040e+001,
2476931250, -7.457391e+001,
2480050000, -7.287614e+001,
2483168750, -7.093031e+001,
2486287500, -7.252296e+001,
2489406250, -7.327367e+001,
2492525000, -7.180493e+001,
2495643750, -7.267705e+001,
2498762500, -7.285404e+001,
2501881250, -7.291109e+001,
2505000000, -7.005209e+001,
2508118750, -7.260637e+001,
2511237500, -7.310966e+001,
2514356250, -7.057803e+001,
2517475000, -7.002406e+001,
2520593750, -7.187920e+001,
2523712500, -7.219958e+001,
2526831250, -7.148096e+001,
2529950000, -7.249588e+001,
2533068750, -7.133125e+001,
2536187500, -7.355792e+001,
2539306250, -7.218967e+001,
2542425000, -7.073681e+001,
2545543750, -7.017890e+001,
2548662500, -7.021052e+001,
2551781250, -7.108383e+001,
2554900000, -6.916215e+001,
2558018750, -7.102863e+001,
2561137500, -7.157204e+001,
2564256250, -6.988383e+001,
2567375000, -7.100029e+001,
2570493750, -7.008516e+001,
2573612500, -6.975501e+001,
2576731250, -7.168113e+001,
2579850000, -7.034728e+001,
2582968750, -7.178448e+001,
2586087500, -7.114572e+001,
2589206250, -7.116823e+001,
2592325000, -7.057874e+001,
2595443750, -6.990687e+001,
2598562500, -7.048344e+001,
2601681250, -7.154534e+001,
2604800000, -7.050976e+001,
2607918750, -7.099971e+001,
2611037500, -7.041183e+001,
2614156250, -6.973901e+001,
2617275000, -6.985518e+001,
2620393750, -6.904990e+001,
2623512500, -6.866642e+001,
2626631250, -6.959586e+001,
2629750000, -6.789961e+001,
2632868750, -7.012815e+001,
2635987500, -6.956064e+001,
2639106250, -7.272382e+001,
2642225000, -7.003314e+001,
2645343750, -7.089285e+001,
2648462500, -7.046413e+001,
2651581250, -7.018238e+001,
2654700000, -7.238909e+001,
2657818750, -6.975739e+001,
2660937500, -6.894327e+001,
2664056250, -7.154166e+001,
2667175000, -7.057370e+001,
2670293750, -7.043453e+001,
2673412500, -7.259026e+001,
2676531250, -7.018263e+001,
2679650000, -7.092220e+001,
2682768750, -7.035760e+001,
2685887500, -6.927519e+001,
2689006250, -6.992888e+001,
2692125000, -7.068703e+001,
2695243750, -7.028556e+001,
2698362500, -6.940156e+001,
2701481250, -6.913157e+001,
2704600000, -7.145377e+001,
2707718750, -7.107289e+001,
2710837500, -7.009900e+001,
2713956250, -6.918313e+001,
2717075000, -7.143974e+001,
2720193750, -7.036239e+001,
2723312500, -6.967655e+001,
2726431250, -6.974158e+001,
2729550000, -7.009679e+001,
2732668750, -7.158817e+001,
2735787500, -6.974866e+001,
2738906250, -6.882058e+001,
2742025000, -6.960064e+001,
2745143750, -6.986959e+001,
2748262500, -6.871187e+001,
2751381250, -6.950024e+001,
2754500000, -6.815140e+001,
2757618750, -6.836541e+001,
2760737500, -6.881741e+001,
2763856250, -6.824709e+001,
2766975000, -6.860184e+001,
2770093750, -6.792403e+001,
2773212500, -6.862172e+001,
2776331250, -6.857507e+001,
2779450000, -6.887650e+001,
2782568750, -6.927210e+001,
2785687500, -6.990121e+001,
2788806250, -6.849303e+001,
2791925000, -6.888786e+001,
2795043750, -6.841798e+001,
2798162500, -6.836841e+001,
2801281250, -6.891087e+001,
2804400000, -6.839390e+001,
2807518750, -6.837728e+001,
2810637500, -6.915472e+001,
2813756250, -6.831595e+001,
2816875000, -6.743070e+001,
2819993750, -6.780208e+001,
2823112500, -6.780840e+001,
2826231250, -6.872444e+001,
2829350000, -6.757340e+001,
2832468750, -6.700189e+001,
2835587500, -6.841105e+001,
2838706250, -6.787827e+001,
2841825000, -6.800553e+001,
2844943750, -6.820617e+001,
2848062500, -6.726878e+001,
2851181250, -6.804267e+001,
2854300000, -6.752778e+001,
2857418750, -6.792474e+001,
2860537500, -6.846722e+001,
2863656250, -6.864787e+001,
2866775000, -6.790527e+001,
2869893750, -6.673740e+001,
2873012500, -6.771409e+001,
2876131250, -6.845004e+001,
2879250000, -6.773190e+001,
2882368750, -6.793787e+001,
2885487500, -6.767204e+001,
2888606250, -6.749291e+001,
2891725000, -6.694432e+001,
2894843750, -6.650156e+001,
2897962500, -6.752132e+001,
2901081250, -6.713377e+001,
2904200000, -6.630851e+001,
2907318750, -6.737659e+001,
2910437500, -6.617921e+001,
2913556250, -6.604653e+001,
2916675000, -6.642947e+001,
2919793750, -6.639865e+001,
2922912500, -6.648170e+001,
2926031250, -6.709801e+001,
2929150000, -6.596358e+001,
2932268750, -6.596938e+001,
2935387500, -6.553194e+001,
2938506250, -6.520538e+001,
2941625000, -6.638271e+001,
2944743750, -6.632421e+001,
2947862500, -6.553394e+001,
2950981250, -6.576758e+001,
2954100000, -6.643736e+001,
2957218750, -6.626492e+001,
2960337500, -6.605901e+001,
2963456250, -6.626614e+001,
2966575000, -6.683726e+001,
2969693750, -6.604466e+001,
2972812500, -6.563437e+001,
2975931250, -6.462862e+001,
2979050000, -6.531197e+001,
2982168750, -6.496593e+001,
2985287500, -6.427686e+001,
2988406250, -6.476620e+001,
2991525000, -6.483356e+001,
2994643750, -6.413313e+001,
2997762500, -6.409162e+001,
3000881250, -6.393325e+001,
3004000000, -6.411305e+001,
3007118750, -6.388775e+001,
3010237500, -6.508507e+001,
3013356250, -6.596493e+001,
3016475000, -6.476472e+001,
3019593750, -6.514780e+001,
3022712500, -6.490987e+001,
3025831250, -6.416266e+001,
3028950000, -6.403213e+001,
3032068750, -6.392820e+001,
3035187500, -6.345658e+001,
3038306250, -6.358934e+001,
3041425000, -6.303945e+001,
3044543750, -6.308495e+001,
3047662500, -6.313021e+001,
3050781250, -6.304333e+001,
3053900000, -6.248011e+001,
3057018750, -6.238005e+001,
3060137500, -6.246338e+001,
3063256250, -6.193295e+001,
3066375000, -6.151096e+001,
3069493750, -6.146140e+001,
3072612500, -6.145979e+001,
3075731250, -6.133364e+001,
3078850000, -6.132152e+001,
3081968750, -6.149946e+001,
3085087500, -6.109225e+001,
3088206250, -6.109233e+001,
3091325000, -6.113723e+001,
3094443750, -6.091201e+001,
3097562500, -6.115129e+001,
3100681250, -6.104734e+001,
3103800000, -6.090955e+001,
3106918750, -6.037852e+001,
3110037500, -6.099636e+001,
3113156250, -6.042637e+001,
3116275000, -6.038543e+001,
3119393750, -6.063303e+001,
3122512500, -6.047312e+001,
3125631250, -6.029851e+001,
3128750000, -6.042705e+001,
3131868750, -5.949996e+001,
3134987500, -5.985653e+001,
3138106250, -5.971192e+001,
3141225000, -5.962675e+001,
3144343750, -5.934439e+001,
3147462500, -5.969291e+001,
3150581250, -5.969640e+001,
3153700000, -5.982610e+001,
3156818750, -5.958551e+001,
3159937500, -5.947496e+001,
3163056250, -5.977198e+001,
3166175000, -6.024094e+001,
3169293750, -5.995461e+001,
3172412500, -5.961691e+001,
3175531250, -5.957022e+001,
3178650000, -5.968903e+001,
3181768750, -5.928271e+001,
3184887500, -5.942566e+001,
3188006250, -5.953595e+001,
3191125000, -5.982395e+001,
3194243750, -5.986212e+001,
3197362500, -5.948230e+001,
3200481250, -5.944203e+001,
3203600000, -5.969313e+001,
3206718750, -5.975609e+001,
3209837500, -5.844221e+001,
3212956250, -5.857719e+001,
3216075000, -5.854505e+001,
3219193750, -5.846054e+001,
3222312500, -5.841719e+001,
3225431250, -5.838999e+001,
3228550000, -5.848980e+001,
3231668750, -5.857273e+001,
3234787500, -5.871733e+001,
3237906250, -5.858491e+001,
3241025000, -5.868944e+001,
3244143750, -5.872293e+001,
3247262500, -5.863919e+001,
3250381250, -5.859827e+001,
3253500000, -5.915462e+001,
3256618750, -5.897763e+001,
3259737500, -5.897574e+001,
3262856250, -5.885616e+001,
3265975000, -5.877403e+001,
3269093750, -5.819119e+001,
3272212500, -5.869249e+001,
3275331250, -5.905634e+001,
3278450000, -5.912492e+001,
3281568750, -5.879831e+001,
3284687500, -5.876497e+001,
3287806250, -5.860540e+001,
3290925000, -5.784371e+001,
3294043750, -5.763939e+001,
3297162500, -5.794521e+001,
3300281250, -5.834845e+001,
3303400000, -5.811995e+001,
3306518750, -5.778182e+001,
3309637500, -5.803738e+001,
3312756250, -5.812694e+001,
3315875000, -5.750756e+001,
3318993750, -5.782591e+001,
3322112500, -5.853083e+001,
3325231250, -5.788897e+001,
3328350000, -5.825304e+001,
3331468750, -5.796101e+001,
3334587500, -5.824334e+001,
3337706250, -5.739980e+001,
3340825000, -5.725880e+001,
3343943750, -5.757093e+001,
3347062500, -5.723677e+001,
3350181250, -5.821843e+001,
3353300000, -5.809915e+001,
3356418750, -5.812069e+001,
3359537500, -5.797532e+001,
3362656250, -5.701472e+001,
3365775000, -5.778239e+001,
3368893750, -5.703815e+001,
3372012500, -5.739175e+001,
3375131250, -5.734220e+001,
3378250000, -5.758989e+001,
3381368750, -5.868530e+001,
3384487500, -5.754635e+001,
3387606250, -5.927284e+001,
3390725000, -5.678777e+001,
3393843750, -5.873302e+001,
3396962500, -5.775101e+001,
3400081250, -5.754657e+001,
3403200000, -5.687756e+001,
3406318750, -5.737137e+001,
3409437500, -5.804232e+001,
3412556250, -5.764645e+001,
3415675000, -6.025781e+001,
3418793750, -5.740103e+001,
3421912500, -6.071271e+001,
3425031250, -5.763888e+001,
3428150000, -6.241113e+001,
3431268750, -5.707813e+001,
3434387500, -6.242537e+001,
3437506250, -5.636020e+001,
3440625000, -5.930152e+001,
3443743750, -5.658636e+001,
3446862500, -5.973063e+001,
3449981250, -5.717654e+001,
3453100000, -6.674390e+001,
3456218750, -5.737040e+001,
3459337500, -6.510024e+001,
3462456250, -5.790499e+001,
3465575000, -6.118717e+001,
3468693750, -5.790009e+001,
3471812500, -5.886401e+001,
3474931250, -5.759333e+001,
3478050000, -5.726343e+001,
3481168750, -5.803858e+001,
3484287500, -5.662067e+001,
3487406250, -5.999303e+001,
3490525000, -5.621239e+001,
3493643750, -6.361423e+001,
3496762500, -5.875091e+001,
3499881250, -6.396648e+001,
3503000000, -6.009472e+001,
3506118750, -6.130499e+001,
3509237500, -5.953802e+001,
3512356250, -5.791710e+001,
3515475000, -5.510705e+001,
3518593750, -6.137531e+001,
3521712500, -5.288874e+001,
3524831250, -7.747481e+001,
3527950000, -5.720309e+001,
3531068750, -5.869976e+001,
3534187500, -6.268901e+001,
3537306250, -5.378486e+001,
3540425000, -5.525992e+001,
3543543750, -6.018100e+001,
3546662500, -5.395405e+001,
3549781250, -5.685335e+001,
3552900000, -5.509178e+001,
3556018750, -5.225397e+001,
3559137500, -5.091528e+001,
3562256250, -5.350920e+001,
3565375000, -6.218035e+001,
3568493750, -5.532008e+001,
3571612500, -5.766623e+001,
3574731250, -6.201352e+001,
3577850000, -6.613770e+001,
3580968750, -6.985233e+001,
3584087500, -6.612252e+001,
3587206250, -6.062930e+001,
3590325000, -5.224293e+001,
3593443750, -5.377267e+001,
3596562500, -5.313563e+001,
3599681250, -4.957840e+001,
3602800000, -5.072106e+001,
3605918750, -5.092846e+001,
3609037500, -4.907534e+001,
3612156250, -4.793510e+001,
3615275000, -4.850157e+001,
3618393750, -5.019236e+001,
3621512500, -5.192510e+001,
3624631250, -4.966903e+001,
3627750000, -5.064732e+001,
3630868750, -5.286347e+001,
3633987500, -5.074258e+001,
3637106250, -4.878945e+001,
3640225000, -4.597186e+001,
3643343750, -4.196382e+001,
3646462500, -4.020592e+001,
3649581250, -4.057072e+001,
3652700000, -4.120102e+001,
3655818750, -4.125054e+001,
3658937500, -4.026403e+001,
3662056250, -4.058295e+001,
3665175000, -4.236963e+001,
3668293750, -4.155533e+001,
3671412500, -4.131591e+001,
3674531250, -4.465396e+001,
3677650000, -4.389286e+001,
3680768750, -4.002253e+001,
3683887500, -3.685918e+001,
3687006250, -3.428358e+001,
3690125000, -3.266387e+001,
3693243750, -3.248788e+001,
3696362500, -3.104008e+001,
3699481250, -2.944532e+001,
3702600000, -2.925663e+001,
3705718750, -2.990518e+001,
3708837500, -3.048517e+001,
3711956250, -3.151897e+001,
3715075000, -3.299266e+001,
3718193750, -3.565925e+001,
3721312500, -3.547710e+001,
3724431250, -3.292230e+001,
3727550000, -3.215562e+001,
3730668750, -3.352647e+001,
3733787500, -3.545535e+001,
3736906250, -3.834587e+001,
3740025000, -3.958571e+001,
3743143750, -3.984661e+001,
3746262500, -4.040565e+001,
3749381250, -3.929694e+001,
3752500000, -3.957228e+001,
3755618750, -3.730815e+001,
3758737500, -3.470583e+001,
3761856250, -3.240543e+001,
3764975000, -3.062693e+001,
3768093750, -3.021210e+001,
3771212500, -3.083143e+001,
3774331250, -3.235603e+001,
3777450000, -3.511678e+001,
3780568750, -3.932559e+001,
3783687500, -3.979102e+001,
3786806250, -3.621142e+001,
3789925000, -3.253868e+001,
3793043750, -3.016746e+001,
3796162500, -2.891919e+001,
3799281250, -2.734476e+001,
3802400000, -2.879440e+001,
3805518750, -2.939934e+001,
3808637500, -3.056229e+001,
3811756250, -3.326389e+001,
3814875000, -3.828002e+001,
3817993750, -4.865979e+001,
3821112500, -4.775332e+001,
3824231250, -4.169925e+001,
3827350000, -3.947369e+001,
3830468750, -3.792706e+001,
3833587500, -3.939507e+001,
3836706250, -4.204313e+001,
3839825000, -4.114071e+001,
3842943750, -3.795000e+001,
3846062500, -3.539126e+001,
3849181250, -3.388293e+001,
3852300000, -3.322130e+001,
3855418750, -3.318605e+001,
3858537500, -3.364327e+001,
3861656250, -3.387965e+001,
3864775000, -3.467427e+001,
3867893750, -3.688467e+001,
3871012500, -4.059163e+001,
3874131250, -4.645841e+001,
3877250000, -4.845494e+001,
3880368750, -4.403338e+001,
3883487500, -4.273724e+001,
3886606250, -4.308313e+001,
3889725000, -4.648584e+001,
3892843750, -4.990694e+001,
3895962500, -4.758239e+001,
3899081250, -4.458054e+001,
3902200000, -4.338485e+001,
3905318750, -4.154960e+001,
3908437500, -4.078346e+001,
3911556250, -4.167118e+001,
3914675000, -4.308760e+001,
3917793750, -4.349443e+001,
3920912500, -4.462688e+001,
3924031250, -4.585166e+001,
3927150000, -4.599020e+001,
3930268750, -4.861806e+001,
3933387500, -5.371048e+001,
3936506250, -5.715868e+001,
3939625000, -5.441864e+001,
3942743750, -5.036524e+001,
3945862500, -4.835649e+001,
3948981250, -4.482183e+001,
3952100000, -4.422259e+001,
3955218750, -4.422219e+001,
3958337500, -4.432436e+001,
3961456250, -4.562052e+001,
3964575000, -4.614145e+001,
3967693750, -4.860670e+001,
3970812500, -5.448491e+001,
3973931250, -5.465478e+001,
3977050000, -5.610181e+001,
3980168750, -5.572980e+001,
3983287500, -5.160145e+001,
3986406250, -4.870169e+001,
3989525000, -4.967598e+001,
3992643750, -4.663754e+001,
3995762500, -4.733215e+001,
3998881250, -4.983681e+001,
4002000000, -4.839504e+001,
4005118750, -5.397278e+001,
4008237500, -5.608289e+001,
4011356250, -5.946017e+001,
4014475000, -5.900680e+001,
4017593750, -5.426175e+001,
4020712500, -5.081273e+001,
4023831250, -5.353489e+001,
4026950000, -4.977354e+001,
4030068750, -5.380567e+001,
4033187500, -5.270127e+001,
4036306250, -5.469001e+001,
4039425000, -6.265911e+001,
4042543750, -5.871527e+001,
4045662500, -6.560958e+001,
4048781250, -7.228823e+001,
4051900000, -5.831737e+001,
4055018750, -6.466360e+001,
4058137500, -5.635314e+001,
4061256250, -5.972521e+001,
4064375000, -5.687692e+001,
4067493750, -5.961552e+001,
4070612500, -6.278713e+001,
4073731250, -6.295514e+001,
4076850000, -7.060748e+001,
4079968750, -6.772243e+001,
4083087500, -6.115735e+001,
4086206250, -6.511043e+001,
4089325000, -6.000543e+001,
4092443750, -6.208432e+001,
4095562500, -6.155190e+001,
4098681250, -6.447388e+001,
4101800000, -6.571913e+001,
4104918750, -6.746143e+001,
4108037500, -6.417693e+001,
4111156250, -6.902095e+001,
4114275000, -6.151535e+001,
4117393750, -7.630624e+001,
4120512500, -6.039750e+001,
4123631250, -6.961045e+001,
4126750000, -6.319285e+001,
4129868750, -6.709212e+001,
4132987500, -6.459431e+001,
4136106250, -6.694689e+001,
4139225000, -6.415996e+001,
4142343750, -6.937172e+001,
4145462500, -6.382102e+001,
4148581250, -6.563841e+001,
4151700000, -6.627282e+001,
4154818750, -6.362376e+001,
4157937500, -6.687431e+001,
4161056250, -6.575520e+001,
4164175000, -6.820296e+001,
4167293750, -6.532421e+001,
4170412500, -6.836821e+001,
4173531250, -6.460332e+001,
4176650000, -6.609423e+001,
4179768750, -6.734946e+001,
4182887500, -6.481962e+001,
4186006250, -6.670016e+001,
4189125000, -6.592054e+001,
4192243750, -6.588691e+001,
4195362500, -6.596248e+001,
4198481250, -6.519180e+001,
4201600000, -6.637634e+001,
4204718750, -6.502415e+001,
4207837500, -6.464122e+001,
4210956250, -6.441571e+001,
4214075000, -6.502267e+001,
4217193750, -6.478633e+001,
4220312500, -6.390163e+001,
4223431250, -6.452778e+001,
4226550000, -6.449170e+001,
4229668750, -6.422909e+001,
4232787500, -6.451612e+001,
4235906250, -6.491405e+001,
4239025000, -6.300799e+001,
4242143750, -6.349490e+001,
4245262500, -6.389424e+001,
4248381250, -6.332629e+001,
4251500000, -6.333971e+001,
4254618750, -6.341785e+001,
4257737500, -6.387454e+001,
4260856250, -6.371625e+001,
4263975000, -6.255853e+001,
4267093750, -6.371487e+001,
4270212500, -6.349453e+001,
4273331250, -6.352661e+001,
4276450000, -6.399528e+001,
4279568750, -6.292427e+001,
4282687500, -6.350239e+001,
4285806250, -6.322445e+001,
4288925000, -6.316705e+001,
4292043750, -6.347142e+001,
4295162500, -6.326403e+001,
4298281250, -6.344444e+001,
4301400000, -6.279145e+001,
4304518750, -6.279200e+001,
4307637500, -6.292372e+001,
4310756250, -6.359753e+001,
4313875000, -6.324196e+001,
4316993750, -6.360657e+001,
4320112500, -6.303703e+001,
4323231250, -6.308377e+001,
4326350000, -6.369728e+001,
4329468750, -6.318881e+001,
4332587500, -6.271810e+001,
4335706250, -6.242010e+001,
4338825000, -6.285847e+001,
4341943750, -6.240736e+001,
4345062500, -6.238874e+001,
4348181250, -6.252846e+001,
4351300000, -6.240920e+001,
4354418750, -6.241902e+001,
4357537500, -6.256346e+001,
4360656250, -6.278879e+001,
4363775000, -6.250441e+001,
4366893750, -6.235954e+001,
4370012500, -6.239446e+001,
4373131250, -6.204900e+001,
4376250000, -6.204290e+001,
4379368750, -6.208580e+001,
4382487500, -6.218086e+001,
4385606250, -6.213772e+001,
4388725000, -6.236887e+001,
4391843750, -6.218937e+001,
4394962500, -6.233006e+001,
4398081250, -6.220654e+001,
4401200000, -6.237739e+001,
4404318750, -6.213068e+001,
4407437500, -6.291144e+001,
4410556250, -6.192952e+001,
4413675000, -6.167632e+001,
4416793750, -6.225816e+001,
4419912500, -6.201696e+001,
4423031250, -6.162727e+001,
4426150000, -6.134326e+001,
4429268750, -6.208092e+001,
4432387500, -6.221533e+001,
4435506250, -6.182000e+001,
4438625000, -6.162770e+001,
4441743750, -6.205257e+001,
4444862500, -6.205827e+001,
4447981250, -6.210254e+001,
4451100000, -6.238982e+001,
4454218750, -6.192797e+001,
4457337500, -6.244434e+001,
4460456250, -6.203579e+001,
4463575000, -6.212948e+001,
4466693750, -6.149436e+001,
4469812500, -6.220190e+001,
4472931250, -6.208171e+001,
4476050000, -6.189605e+001,
4479168750, -6.205992e+001,
4482287500, -6.270665e+001,
4485406250, -6.182838e+001,
4488525000, -6.133383e+001,
4491643750, -6.161280e+001,
4494762500, -6.185670e+001,
4497881250, -6.176628e+001,
4501000000, -6.203952e+001,
4504118750, -6.181435e+001,
4507237500, -6.125315e+001,
4510356250, -6.145723e+001,
4513475000, -6.098059e+001,
4516593750, -6.119877e+001,
4519712500, -6.091501e+001,
4522831250, -6.101668e+001,
4525950000, -6.076342e+001,
4529068750, -6.041310e+001,
4532187500, -6.061424e+001,
4535306250, -6.068417e+001,
4538425000, -6.090258e+001,
4541543750, -6.050156e+001,
4544662500, -6.046585e+001,
4547781250, -6.111439e+001,
4550900000, -6.058278e+001,
4554018750, -6.095842e+001,
4557137500, -6.047626e+001,
4560256250, -6.083152e+001,
4563375000, -6.109061e+001,
4566493750, -6.118920e+001,
4569612500, -6.097267e+001,
4572731250, -6.117779e+001,
4575850000, -6.111443e+001,
4578968750, -6.132051e+001,
4582087500, -6.139719e+001,
4585206250, -6.125964e+001,
4588325000, -6.156462e+001,
4591443750, -6.178375e+001,
4594562500, -6.180436e+001,
4597681250, -6.241356e+001,
4600800000, -6.205829e+001,
4603918750, -6.183568e+001,
4607037500, -6.237181e+001,
4610156250, -6.205729e+001,
4613275000, -6.216200e+001,
4616393750, -6.230207e+001,
4619512500, -6.221846e+001,
4622631250, -6.181822e+001,
4625750000, -6.252568e+001,
4628868750, -6.280367e+001,
4631987500, -6.226577e+001,
4635106250, -6.251408e+001,
4638225000, -6.222651e+001,
4641343750, -6.225967e+001,
4644462500, -6.305569e+001,
4647581250, -6.274690e+001,
4650700000, -6.257065e+001,
4653818750, -6.310119e+001,
4656937500, -6.245398e+001,
4660056250, -6.230943e+001,
4663175000, -6.260551e+001,
4666293750, -6.245875e+001,
4669412500, -6.259491e+001,
4672531250, -6.264261e+001,
4675650000, -6.267295e+001,
4678768750, -6.302556e+001,
4681887500, -6.300090e+001,
4685006250, -6.305504e+001,
4688125000, -6.292850e+001,
4691243750, -6.301153e+001,
4694362500, -6.346525e+001,
4697481250, -6.323674e+001,
4700600000, -6.259725e+001,
4703718750, -6.353603e+001,
4706837500, -6.313794e+001,
4709956250, -6.291156e+001,
4713075000, -6.320427e+001,
4716193750, -6.328239e+001,
4719312500, -6.300218e+001,
4722431250, -6.351123e+001,
4725550000, -6.313668e+001,
4728668750, -6.373846e+001,
4731787500, -6.372961e+001,
4734906250, -6.413409e+001,
4738025000, -6.328445e+001,
4741143750, -6.330054e+001,
4744262500, -6.357598e+001,
4747381250, -6.451562e+001,
4750500000, -6.356950e+001,
4753618750, -6.368964e+001,
4756737500, -6.338742e+001,
4759856250, -6.361173e+001,
4762975000, -6.422765e+001,
4766093750, -6.354475e+001,
4769212500, -6.442004e+001,
4772331250, -6.353967e+001,
4775450000, -6.381433e+001,
4778568750, -6.344257e+001,
4781687500, -6.323203e+001,
4784806250, -6.371173e+001,
4787925000, -6.326731e+001,
4791043750, -6.330090e+001,
4794162500, -6.251178e+001,
4797281250, -6.329057e+001,
4800400000, -6.268596e+001,
4803518750, -6.310275e+001,
4806637500, -6.297831e+001,
4809756250, -6.289138e+001,
4812875000, -6.216903e+001,
4815993750, -6.285969e+001,
4819112500, -6.325206e+001,
4822231250, -6.249367e+001,
4825350000, -6.284653e+001,
4828468750, -6.335119e+001,
4831587500, -6.282017e+001,
4834706250, -6.336503e+001,
4837825000, -6.319823e+001,
4840943750, -6.305890e+001,
4844062500, -6.361626e+001,
4847181250, -6.368050e+001,
4850300000, -6.335652e+001,
4853418750, -6.365578e+001,
4856537500, -6.326274e+001,
4859656250, -6.367635e+001,
4862775000, -6.369313e+001,
4865893750, -6.344025e+001,
4869012500, -6.380923e+001,
4872131250, -6.457920e+001,
4875250000, -6.345741e+001,
4878368750, -6.434612e+001,
4881487500, -6.452657e+001,
4884606250, -6.484073e+001,
4887725000, -6.420246e+001,
4890843750, -6.451154e+001,
4893962500, -6.397371e+001,
4897081250, -6.493208e+001,
4900200000, -6.447242e+001,
4903318750, -6.478150e+001,
4906437500, -6.405195e+001,
4909556250, -6.432952e+001,
4912675000, -6.531837e+001,
4915793750, -6.451340e+001,
4918912500, -6.396968e+001,
4922031250, -6.485660e+001,
4925150000, -6.493192e+001,
4928268750, -6.456735e+001,
4931387500, -6.473638e+001,
4934506250, -6.446874e+001,
4937625000, -6.467801e+001,
4940743750, -6.427306e+001,
4943862500, -6.457945e+001,
4946981250, -6.518311e+001,
4950100000, -6.495258e+001,
4953218750, -6.418092e+001,
4956337500, -6.454607e+001,
4959456250, -6.432354e+001,
4962575000, -6.462177e+001,
4965693750, -6.463734e+001,
4968812500, -6.408040e+001,
4971931250, -6.452979e+001,
4975050000, -6.404010e+001,
4978168750, -6.428339e+001,
4981287500, -6.427314e+001,
4984406250, -6.441982e+001,
4987525000, -6.464366e+001,
4990643750, -6.425761e+001,
4993762500, -6.426610e+001,
4996881250, -6.464905e+001,
5000000000, -6.363743e+001,
