"S12 Log Mag"
"Frequency (Hz)","dB",
10000000, -5.074609e+001,
13118750, -6.066984e+001,
16237500, -6.591252e+001,
19356250, -7.218420e+001,
22475000, -6.830989e+001,
25593750, -6.794228e+001,
28712500, -9.106129e+001,
31831250, -7.723676e+001,
34950000, -7.725222e+001,
38068750, -8.893719e+001,
41187500, -8.523184e+001,
44306250, -1.087242e+002,
47425000, -6.408522e+001,
50543750, -9.201746e+001,
53662500, -7.222255e+001,
56781250, -7.311266e+001,
59900000, -8.270590e+001,
63018750, -7.163751e+001,
66137500, -8.618851e+001,
69256250, -7.163251e+001,
72375000, -7.528916e+001,
75493750, -8.009118e+001,
78612500, -6.728503e+001,
81731250, -7.171002e+001,
84850000, -7.598006e+001,
87968750, -7.581487e+001,
91087500, -7.642731e+001,
94206250, -7.731312e+001,
97325000, -7.438483e+001,
100443750, -8.266882e+001,
103562500, -7.215001e+001,
106681250, -8.171719e+001,
109800000, -7.949925e+001,
112918750, -6.919564e+001,
116037500, -7.280244e+001,
119156250, -7.622665e+001,
122275000, -7.707782e+001,
125393750, -7.838292e+001,
128512500, -7.717336e+001,
131631250, -7.224664e+001,
134750000, -7.334516e+001,
137868750, -8.044649e+001,
140987500, -7.388006e+001,
144106250, -7.121653e+001,
147225000, -7.473929e+001,
150343750, -7.322593e+001,
153462500, -6.803375e+001,
156581250, -7.023393e+001,
159700000, -7.294595e+001,
162818750, -7.121716e+001,
165937500, -7.556878e+001,
169056250, -7.888291e+001,
172175000, -7.636556e+001,
175293750, -7.566571e+001,
178412500, -7.419785e+001,
181531250, -7.071232e+001,
184650000, -7.034295e+001,
187768750, -7.693336e+001,
190887500, -7.056256e+001,
194006250, -7.572018e+001,
197125000, -6.998602e+001,
200243750, -7.343983e+001,
203362500, -7.245420e+001,
206481250, -7.160046e+001,
209600000, -7.119199e+001,
212718750, -7.198476e+001,
215837500, -7.102368e+001,
218956250, -7.250690e+001,
222075000, -7.337674e+001,
225193750, -7.201337e+001,
228312500, -7.286130e+001,
231431250, -7.227380e+001,
234550000, -6.977151e+001,
237668750, -6.933158e+001,
240787500, -7.744695e+001,
243906250, -6.980398e+001,
247025000, -7.438186e+001,
250143750, -7.164570e+001,
253262500, -7.266665e+001,
256381250, -6.781126e+001,
259500000, -6.819485e+001,
262618750, -6.859791e+001,
265737500, -7.312267e+001,
268856250, -7.627613e+001,
271975000, -6.731163e+001,
275093750, -6.781266e+001,
278212500, -6.843647e+001,
281331250, -7.134321e+001,
284450000, -6.752074e+001,
287568750, -7.405617e+001,
290687500, -6.682941e+001,
293806250, -7.389292e+001,
296925000, -6.919885e+001,
300043750, -7.073780e+001,
303162500, -7.089156e+001,
306281250, -6.634263e+001,
309400000, -6.803439e+001,
312518750, -7.261716e+001,
315637500, -6.914635e+001,
318756250, -7.003197e+001,
321875000, -6.783084e+001,
324993750, -6.738435e+001,
328112500, -6.909148e+001,
331231250, -6.923118e+001,
334350000, -6.982442e+001,
337468750, -6.813703e+001,
340587500, -6.692868e+001,
343706250, -6.774768e+001,
346825000, -6.881550e+001,
349943750, -6.797846e+001,
353062500, -6.827133e+001,
356181250, -6.813950e+001,
359300000, -6.733356e+001,
362418750, -6.796040e+001,
365537500, -6.777110e+001,
368656250, -6.826701e+001,
371775000, -6.807612e+001,
374893750, -6.793950e+001,
378012500, -6.683804e+001,
381131250, -6.847171e+001,
384250000, -6.834269e+001,
387368750, -6.900265e+001,
390487500, -6.795804e+001,
393606250, -6.859640e+001,
396725000, -6.730086e+001,
399843750, -6.687148e+001,
402962500, -6.651721e+001,
406081250, -6.697749e+001,
409200000, -6.668655e+001,
412318750, -6.709363e+001,
415437500, -6.843892e+001,
418556250, -6.606538e+001,
421675000, -6.647485e+001,
424793750, -6.696691e+001,
427912500, -6.684225e+001,
431031250, -6.652846e+001,
434150000, -6.645747e+001,
437268750, -6.720766e+001,
440387500, -6.574756e+001,
443506250, -6.659979e+001,
446625000, -6.865246e+001,
449743750, -6.589153e+001,
452862500, -6.516634e+001,
455981250, -6.483152e+001,
459100000, -6.587540e+001,
462218750, -6.756148e+001,
465337500, -6.614867e+001,
468456250, -6.634602e+001,
471575000, -6.732505e+001,
474693750, -6.657245e+001,
477812500, -6.515362e+001,
480931250, -6.654163e+001,
484050000, -6.604444e+001,
487168750, -6.641982e+001,
490287500, -6.568139e+001,
493406250, -6.720991e+001,
496525000, -6.633839e+001,
499643750, -6.495406e+001,
502762500, -6.562873e+001,
505881250, -6.686059e+001,
509000000, -6.599081e+001,
512118750, -6.495777e+001,
515237500, -6.528156e+001,
518356250, -6.473537e+001,
521475000, -6.516912e+001,
524593750, -6.602147e+001,
527712500, -6.565965e+001,
530831250, -6.559000e+001,
533950000, -6.625196e+001,
537068750, -6.575388e+001,
540187500, -6.592397e+001,
543306250, -6.574400e+001,
546425000, -6.536167e+001,
549543750, -6.405777e+001,
552662500, -6.532720e+001,
555781250, -6.593672e+001,
558900000, -6.488501e+001,
562018750, -6.599059e+001,
565137500, -6.504770e+001,
568256250, -6.447926e+001,
571375000, -6.533593e+001,
574493750, -6.446131e+001,
577612500, -6.398582e+001,
580731250, -6.505919e+001,
583850000, -6.444366e+001,
586968750, -6.560586e+001,
590087500, -6.420043e+001,
593206250, -6.628603e+001,
596325000, -6.488114e+001,
599443750, -6.377202e+001,
602562500, -6.515784e+001,
605681250, -6.381904e+001,
608800000, -6.467233e+001,
611918750, -6.402891e+001,
615037500, -6.514163e+001,
618156250, -6.343401e+001,
621275000, -6.432468e+001,
624393750, -6.416627e+001,
627512500, -6.451646e+001,
630631250, -6.412371e+001,
633750000, -6.479356e+001,
636868750, -6.437387e+001,
639987500, -6.460873e+001,
643106250, -6.379564e+001,
646225000, -6.442643e+001,
649343750, -6.433100e+001,
652462500, -6.524831e+001,
655581250, -6.414436e+001,
658700000, -6.378236e+001,
661818750, -6.392617e+001,
664937500, -6.411102e+001,
668056250, -6.352414e+001,
671175000, -6.408590e+001,
674293750, -6.415843e+001,
677412500, -6.311734e+001,
680531250, -6.425778e+001,
683650000, -6.368422e+001,
686768750, -6.432728e+001,
689887500, -6.531080e+001,
693006250, -6.415048e+001,
696125000, -6.377016e+001,
699243750, -6.420791e+001,
702362500, -6.365715e+001,
705481250, -6.343991e+001,
708600000, -6.365518e+001,
711718750, -6.325093e+001,
714837500, -6.321087e+001,
717956250, -6.346776e+001,
721075000, -6.236480e+001,
724193750, -6.306069e+001,
727312500, -6.305950e+001,
730431250, -6.303761e+001,
733550000, -6.350126e+001,
736668750, -6.301627e+001,
739787500, -6.384641e+001,
742906250, -6.200134e+001,
746025000, -6.268605e+001,
749143750, -6.407803e+001,
752262500, -6.256485e+001,
755381250, -6.243893e+001,
758500000, -6.267762e+001,
761618750, -6.230515e+001,
764737500, -6.253995e+001,
767856250, -6.285007e+001,
770975000, -6.271585e+001,
774093750, -6.205413e+001,
777212500, -6.233568e+001,
780331250, -6.303622e+001,
783450000, -6.288490e+001,
786568750, -6.211258e+001,
789687500, -6.193675e+001,
792806250, -6.255889e+001,
795925000, -6.243895e+001,
799043750, -6.164373e+001,
802162500, -6.173331e+001,
805281250, -6.235485e+001,
808400000, -6.210248e+001,
811518750, -6.195544e+001,
814637500, -6.184478e+001,
817756250, -6.172812e+001,
820875000, -6.173413e+001,
823993750, -6.185272e+001,
827112500, -6.075106e+001,
830231250, -6.187852e+001,
833350000, -6.137836e+001,
836468750, -6.177434e+001,
839587500, -6.182822e+001,
842706250, -6.200269e+001,
845825000, -6.187473e+001,
848943750, -6.110337e+001,
852062500, -6.077327e+001,
855181250, -6.131273e+001,
858300000, -6.122903e+001,
861418750, -6.122326e+001,
864537500, -6.075161e+001,
867656250, -6.120807e+001,
870775000, -6.164898e+001,
873893750, -6.145716e+001,
877012500, -6.145268e+001,
880131250, -6.100584e+001,
883250000, -6.120295e+001,
886368750, -6.147654e+001,
889487500, -6.095453e+001,
892606250, -6.123021e+001,
895725000, -6.105947e+001,
898843750, -6.083791e+001,
901962500, -6.031564e+001,
905081250, -6.012652e+001,
908200000, -6.085937e+001,
911318750, -6.067604e+001,
914437500, -6.068066e+001,
917556250, -6.016753e+001,
920675000, -6.034451e+001,
923793750, -6.044121e+001,
926912500, -6.059471e+001,
930031250, -6.012072e+001,
933150000, -6.077499e+001,
936268750, -6.052621e+001,
939387500, -6.066665e+001,
942506250, -6.019612e+001,
945625000, -6.061165e+001,
948743750, -6.084348e+001,
951862500, -6.074320e+001,
954981250, -6.074099e+001,
958100000, -6.074958e+001,
961218750, -6.081994e+001,
964337500, -6.078260e+001,
967456250, -6.060784e+001,
970575000, -6.058775e+001,
973693750, -6.077575e+001,
976812500, -6.075775e+001,
979931250, -6.050858e+001,
983050000, -6.114642e+001,
986168750, -6.067842e+001,
989287500, -6.087294e+001,
992406250, -6.077098e+001,
995525000, -6.062424e+001,
998643750, -6.049113e+001,
1001762500, -6.052307e+001,
1004881250, -6.032877e+001,
1008000000, -6.022631e+001,
1011118750, -6.007571e+001,
1014237500, -6.016829e+001,
1017356250, -6.042539e+001,
1020475000, -5.979421e+001,
1023593750, -5.970829e+001,
1026712500, -5.992040e+001,
1029831250, -5.994707e+001,
1032950000, -6.021188e+001,
1036068750, -5.995077e+001,
1039187500, -6.030890e+001,
1042306250, -6.022025e+001,
1045425000, -5.979152e+001,
1048543750, -5.998399e+001,
1051662500, -6.046826e+001,
1054781250, -6.026986e+001,
1057900000, -6.054727e+001,
1061018750, -5.979662e+001,
1064137500, -6.033740e+001,
1067256250, -6.007552e+001,
1070375000, -6.051391e+001,
1073493750, -6.038094e+001,
1076612500, -6.043435e+001,
1079731250, -6.066404e+001,
1082850000, -6.050136e+001,
1085968750, -6.077001e+001,
1089087500, -6.083888e+001,
1092206250, -6.076255e+001,
1095325000, -6.118451e+001,
1098443750, -6.110127e+001,
1101562500, -6.105159e+001,
1104681250, -6.098831e+001,
1107800000, -6.132197e+001,
1110918750, -6.115810e+001,
1114037500, -6.060872e+001,
1117156250, -6.082148e+001,
1120275000, -6.090654e+001,
1123393750, -6.137000e+001,
1126512500, -6.053773e+001,
1129631250, -6.077555e+001,
1132750000, -6.110920e+001,
1135868750, -6.102190e+001,
1138987500, -6.097427e+001,
1142106250, -6.077813e+001,
1145225000, -6.103836e+001,
1148343750, -6.098426e+001,
1151462500, -6.104443e+001,
1154581250, -6.086211e+001,
1157700000, -6.073268e+001,
1160818750, -6.109625e+001,
1163937500, -6.066138e+001,
1167056250, -6.047646e+001,
1170175000, -6.081333e+001,
1173293750, -6.177403e+001,
1176412500, -6.036770e+001,
1179531250, -6.073446e+001,
1182650000, -6.100024e+001,
1185768750, -6.149086e+001,
1188887500, -6.082439e+001,
1192006250, -6.048665e+001,
1195125000, -6.085351e+001,
1198243750, -6.103902e+001,
1201362500, -6.064716e+001,
1204481250, -6.075084e+001,
1207600000, -6.059635e+001,
1210718750, -6.104609e+001,
1213837500, -6.063850e+001,
1216956250, -6.103119e+001,
1220075000, -6.080456e+001,
1223193750, -6.094799e+001,
1226312500, -6.032914e+001,
1229431250, -6.086468e+001,
1232550000, -6.094074e+001,
1235668750, -6.100976e+001,
1238787500, -6.147403e+001,
1241906250, -6.101635e+001,
1245025000, -6.076901e+001,
1248143750, -6.106852e+001,
1251262500, -6.087144e+001,
1254381250, -6.125499e+001,
1257500000, -6.134017e+001,
1260618750, -6.109376e+001,
1263737500, -6.117466e+001,
1266856250, -6.133601e+001,
1269975000, -6.099463e+001,
1273093750, -6.096373e+001,
1276212500, -6.133376e+001,
1279331250, -6.133827e+001,
1282450000, -6.156087e+001,
1285568750, -6.143824e+001,
1288687500, -6.104971e+001,
1291806250, -6.145780e+001,
1294925000, -6.127763e+001,
1298043750, -6.054929e+001,
1301162500, -6.104525e+001,
1304281250, -6.159851e+001,
1307400000, -6.125260e+001,
1310518750, -6.074132e+001,
1313637500, -6.065306e+001,
1316756250, -6.101091e+001,
1319875000, -6.073259e+001,
1322993750, -6.070258e+001,
1326112500, -6.084703e+001,
1329231250, -6.078453e+001,
1332350000, -6.081339e+001,
1335468750, -6.045802e+001,
1338587500, -6.081145e+001,
1341706250, -6.091971e+001,
1344825000, -6.037301e+001,
1347943750, -6.073963e+001,
1351062500, -6.028328e+001,
1354181250, -6.070700e+001,
1357300000, -6.044950e+001,
1360418750, -6.022333e+001,
1363537500, -6.044143e+001,
1366656250, -6.027574e+001,
1369775000, -6.047170e+001,
1372893750, -6.026720e+001,
1376012500, -6.046902e+001,
1379131250, -6.092600e+001,
1382250000, -6.018010e+001,
1385368750, -6.021629e+001,
1388487500, -6.061210e+001,
1391606250, -6.003690e+001,
1394725000, -6.030407e+001,
1397843750, -6.075047e+001,
1400962500, -6.041172e+001,
1404081250, -6.078707e+001,
1407200000, -6.097134e+001,
1410318750, -6.136487e+001,
1413437500, -6.113505e+001,
1416556250, -6.090559e+001,
1419675000, -6.104087e+001,
1422793750, -6.157735e+001,
1425912500, -6.147861e+001,
1429031250, -6.079015e+001,
1432150000, -6.167916e+001,
1435268750, -6.147045e+001,
1438387500, -6.154324e+001,
1441506250, -6.162241e+001,
1444625000, -6.158301e+001,
1447743750, -6.219486e+001,
1450862500, -6.202073e+001,
1453981250, -6.129950e+001,
1457100000, -6.190581e+001,
1460218750, -6.156820e+001,
1463337500, -6.217945e+001,
1466456250, -6.202129e+001,
1469575000, -6.133544e+001,
1472693750, -6.189740e+001,
1475812500, -6.288515e+001,
1478931250, -6.157782e+001,
1482050000, -6.177592e+001,
1485168750, -6.225791e+001,
1488287500, -6.234261e+001,
1491406250, -6.216303e+001,
1494525000, -6.188427e+001,
1497643750, -6.188764e+001,
1500762500, -6.164738e+001,
1503881250, -6.198114e+001,
1507000000, -6.206424e+001,
1510118750, -6.229935e+001,
1513237500, -6.287370e+001,
1516356250, -6.263239e+001,
1519475000, -6.271792e+001,
1522593750, -6.287761e+001,
1525712500, -6.294696e+001,
1528831250, -6.295307e+001,
1531950000, -6.252282e+001,
1535068750, -6.242822e+001,
1538187500, -6.246404e+001,
1541306250, -6.211544e+001,
1544425000, -6.199362e+001,
1547543750, -6.241235e+001,
1550662500, -6.238079e+001,
1553781250, -6.284047e+001,
1556900000, -6.266306e+001,
1560018750, -6.218917e+001,
1563137500, -6.302909e+001,
1566256250, -6.255251e+001,
1569375000, -6.306063e+001,
1572493750, -6.296083e+001,
1575612500, -6.319557e+001,
1578731250, -6.251746e+001,
1581850000, -6.262600e+001,
1584968750, -6.252126e+001,
1588087500, -6.338928e+001,
1591206250, -6.313275e+001,
1594325000, -6.227232e+001,
1597443750, -6.270197e+001,
1600562500, -6.238283e+001,
1603681250, -6.326375e+001,
1606800000, -6.258286e+001,
1609918750, -6.260687e+001,
1613037500, -6.271427e+001,
1616156250, -6.270224e+001,
1619275000, -6.335099e+001,
1622393750, -6.294717e+001,
1625512500, -6.366871e+001,
1628631250, -6.305980e+001,
1631750000, -6.296600e+001,
1634868750, -6.337346e+001,
1637987500, -6.367580e+001,
1641106250, -6.346460e+001,
1644225000, -6.332028e+001,
1647343750, -6.402844e+001,
1650462500, -6.315107e+001,
1653581250, -6.351588e+001,
1656700000, -6.331985e+001,
1659818750, -6.313079e+001,
1662937500, -6.323134e+001,
1666056250, -6.339505e+001,
1669175000, -6.321847e+001,
1672293750, -6.372519e+001,
1675412500, -6.400565e+001,
1678531250, -6.420898e+001,
1681650000, -6.391653e+001,
1684768750, -6.358207e+001,
1687887500, -6.409754e+001,
1691006250, -6.364870e+001,
1694125000, -6.510630e+001,
1697243750, -6.363405e+001,
1700362500, -6.420236e+001,
1703481250, -6.380883e+001,
1706600000, -6.494931e+001,
1709718750, -6.527052e+001,
1712837500, -6.533781e+001,
1715956250, -6.441609e+001,
1719075000, -6.499573e+001,
1722193750, -6.590958e+001,
1725312500, -6.460419e+001,
1728431250, -6.572287e+001,
1731550000, -6.534201e+001,
1734668750, -6.560895e+001,
1737787500, -6.513044e+001,
1740906250, -6.604172e+001,
1744025000, -6.495479e+001,
1747143750, -6.498319e+001,
1750262500, -6.605908e+001,
1753381250, -6.568252e+001,
1756500000, -6.714008e+001,
1759618750, -6.649452e+001,
1762737500, -6.601258e+001,
1765856250, -6.590068e+001,
1768975000, -6.650682e+001,
1772093750, -6.633514e+001,
1775212500, -6.654053e+001,
1778331250, -6.626248e+001,
1781450000, -6.628308e+001,
1784568750, -6.703481e+001,
1787687500, -6.684631e+001,
1790806250, -6.608643e+001,
1793925000, -6.698192e+001,
1797043750, -6.736356e+001,
1800162500, -6.719492e+001,
1803281250, -6.611310e+001,
1806400000, -6.673915e+001,
1809518750, -6.746507e+001,
1812637500, -6.659355e+001,
1815756250, -6.710374e+001,
1818875000, -6.694795e+001,
1821993750, -6.711366e+001,
1825112500, -6.736850e+001,
1828231250, -6.744582e+001,
1831350000, -6.657236e+001,
1834468750, -6.677577e+001,
1837587500, -6.791009e+001,
1840706250, -6.819126e+001,
1843825000, -6.759546e+001,
1846943750, -6.925336e+001,
1850062500, -6.845079e+001,
1853181250, -6.801299e+001,
1856300000, -6.715268e+001,
1859418750, -6.861018e+001,
1862537500, -6.765059e+001,
1865656250, -6.880600e+001,
1868775000, -6.909435e+001,
1871893750, -6.853450e+001,
1875012500, -7.046106e+001,
1878131250, -6.992485e+001,
1881250000, -6.801544e+001,
1884368750, -6.884354e+001,
1887487500, -6.910988e+001,
1890606250, -6.886473e+001,
1893725000, -7.009097e+001,
1896843750, -6.927898e+001,
1899962500, -7.096188e+001,
1903081250, -7.033585e+001,
1906200000, -6.931759e+001,
1909318750, -6.865222e+001,
1912437500, -7.150189e+001,
1915556250, -7.041353e+001,
1918675000, -7.093910e+001,
1921793750, -6.683282e+001,
1924912500, -6.829469e+001,
1928031250, -7.056499e+001,
1931150000, -6.923934e+001,
1934268750, -6.834872e+001,
1937387500, -7.040117e+001,
1940506250, -7.032752e+001,
1943625000, -6.871174e+001,
1946743750, -6.907887e+001,
1949862500, -6.949597e+001,
1952981250, -7.094901e+001,
1956100000, -6.852249e+001,
1959218750, -7.044064e+001,
1962337500, -6.971964e+001,
1965456250, -7.022801e+001,
1968575000, -7.163068e+001,
1971693750, -6.948292e+001,
1974812500, -6.986693e+001,
1977931250, -6.983450e+001,
1981050000, -7.018010e+001,
1984168750, -7.025089e+001,
1987287500, -6.961621e+001,
1990406250, -7.047644e+001,
1993525000, -7.004497e+001,
1996643750, -7.003242e+001,
1999762500, -6.901311e+001,
2002881250, -7.179100e+001,
2006000000, -7.065408e+001,
2009118750, -7.023808e+001,
2012237500, -7.104404e+001,
2015356250, -6.911124e+001,
2018475000, -7.254023e+001,
2021593750, -7.100759e+001,
2024712500, -7.035095e+001,
2027831250, -7.031718e+001,
2030950000, -7.097575e+001,
2034068750, -7.143659e+001,
2037187500, -7.051188e+001,
2040306250, -6.995750e+001,
2043425000, -7.459905e+001,
2046543750, -7.206300e+001,
2049662500, -7.150977e+001,
2052781250, -6.982786e+001,
2055900000, -7.265121e+001,
2059018750, -7.239911e+001,
2062137500, -7.220638e+001,
2065256250, -7.179251e+001,
2068375000, -7.157464e+001,
2071493750, -7.223079e+001,
2074612500, -7.060141e+001,
2077731250, -7.530018e+001,
2080850000, -7.341924e+001,
2083968750, -7.345835e+001,
2087087500, -7.384821e+001,
2090206250, -7.192398e+001,
2093325000, -7.359899e+001,
2096443750, -7.279607e+001,
2099562500, -7.171677e+001,
2102681250, -7.122707e+001,
2105800000, -7.329528e+001,
2108918750, -7.482080e+001,
2112037500, -7.430337e+001,
2115156250, -7.320376e+001,
2118275000, -7.414247e+001,
2121393750, -7.109586e+001,
2124512500, -7.538788e+001,
2127631250, -7.451978e+001,
2130750000, -7.325012e+001,
2133868750, -7.236232e+001,
2136987500, -7.451096e+001,
2140106250, -7.513525e+001,
2143225000, -7.467796e+001,
2146343750, -7.346542e+001,
2149462500, -7.384759e+001,
2152581250, -7.145097e+001,
2155700000, -7.303434e+001,
2158818750, -7.285527e+001,
2161937500, -7.530424e+001,
2165056250, -7.293125e+001,
2168175000, -7.460739e+001,
2171293750, -7.355622e+001,
2174412500, -7.380109e+001,
2177531250, -7.237502e+001,
2180650000, -7.350675e+001,
2183768750, -7.111394e+001,
2186887500, -7.214962e+001,
2190006250, -7.381947e+001,
2193125000, -7.295188e+001,
2196243750, -7.243883e+001,
2199362500, -7.223294e+001,
2202481250, -7.248214e+001,
2205600000, -7.446990e+001,
2208718750, -7.346175e+001,
2211837500, -7.472134e+001,
2214956250, -7.355888e+001,
2218075000, -7.276806e+001,
2221193750, -7.454032e+001,
2224312500, -7.216358e+001,
2227431250, -7.154800e+001,
2230550000, -7.291635e+001,
2233668750, -7.326376e+001,
2236787500, -7.247184e+001,
2239906250, -7.239638e+001,
2243025000, -7.324676e+001,
2246143750, -7.170139e+001,
2249262500, -7.168964e+001,
2252381250, -7.518990e+001,
2255500000, -7.409283e+001,
2258618750, -7.169870e+001,
2261737500, -7.178505e+001,
2264856250, -7.208619e+001,
2267975000, -7.336269e+001,
2271093750, -7.090986e+001,
2274212500, -7.296777e+001,
2277331250, -7.222343e+001,
2280450000, -7.256136e+001,
2283568750, -7.195037e+001,
2286687500, -7.042797e+001,
2289806250, -7.250979e+001,
2292925000, -7.299249e+001,
2296043750, -7.136462e+001,
2299162500, -7.128183e+001,
2302281250, -7.289980e+001,
2305400000, -7.148933e+001,
2308518750, -7.283975e+001,
2311637500, -7.198310e+001,
2314756250, -7.174931e+001,
2317875000, -7.117459e+001,
2320993750, -7.129314e+001,
2324112500, -7.088982e+001,
2327231250, -7.269044e+001,
2330350000, -7.317259e+001,
2333468750, -7.189169e+001,
2336587500, -7.265692e+001,
2339706250, -7.333578e+001,
2342825000, -7.254001e+001,
2345943750, -7.227124e+001,
2349062500, -7.246626e+001,
2352181250, -7.222554e+001,
2355300000, -7.417614e+001,
2358418750, -7.222954e+001,
2361537500, -7.271003e+001,
2364656250, -7.251435e+001,
2367775000, -7.378050e+001,
2370893750, -7.446552e+001,
2374012500, -7.126206e+001,
2377131250, -7.189361e+001,
2380250000, -7.439993e+001,
2383368750, -7.340518e+001,
2386487500, -7.227592e+001,
2389606250, -7.542181e+001,
2392725000, -7.469006e+001,
2395843750, -7.374537e+001,
2398962500, -7.400015e+001,
2402081250, -7.467785e+001,
2405200000, -7.310769e+001,
2408318750, -7.475036e+001,
2411437500, -7.564814e+001,
2414556250, -7.323274e+001,
2417675000, -7.249171e+001,
2420793750, -7.354523e+001,
2423912500, -7.413570e+001,
2427031250, -7.291222e+001,
2430150000, -7.309301e+001,
2433268750, -7.264606e+001,
2436387500, -7.384236e+001,
2439506250, -7.424728e+001,
2442625000, -7.394345e+001,
2445743750, -7.203977e+001,
2448862500, -7.461916e+001,
2451981250, -7.370164e+001,
2455100000, -7.384834e+001,
2458218750, -7.142735e+001,
2461337500, -7.375835e+001,
2464456250, -7.510015e+001,
2467575000, -7.429197e+001,
2470693750, -7.495265e+001,
2473812500, -7.367072e+001,
2476931250, -7.305743e+001,
2480050000, -7.295806e+001,
2483168750, -7.556161e+001,
2486287500, -7.315061e+001,
2489406250, -7.216476e+001,
2492525000, -7.164432e+001,
2495643750, -7.370764e+001,
2498762500, -7.211156e+001,
2501881250, -7.137472e+001,
2505000000, -7.576812e+001,
2508118750, -7.418538e+001,
2511237500, -7.262450e+001,
2514356250, -7.295095e+001,
2517475000, -7.351598e+001,
2520593750, -7.248071e+001,
2523712500, -7.108835e+001,
2526831250, -7.408759e+001,
2529950000, -7.165970e+001,
2533068750, -7.273482e+001,
2536187500, -7.214228e+001,
2539306250, -7.211332e+001,
2542425000, -7.255161e+001,
2545543750, -7.167097e+001,
2548662500, -7.185848e+001,
2551781250, -6.984510e+001,
2554900000, -7.256925e+001,
2558018750, -7.108173e+001,
2561137500, -7.014166e+001,
2564256250, -7.115781e+001,
2567375000, -7.256266e+001,
2570493750, -7.046350e+001,
2573612500, -7.050538e+001,
2576731250, -7.099209e+001,
2579850000, -7.003694e+001,
2582968750, -7.101936e+001,
2586087500, -7.224217e+001,
2589206250, -7.107127e+001,
2592325000, -7.176163e+001,
2595443750, -7.152670e+001,
2598562500, -7.144363e+001,
2601681250, -7.143797e+001,
2604800000, -7.078680e+001,
2607918750, -6.922977e+001,
2611037500, -6.968320e+001,
2614156250, -6.932529e+001,
2617275000, -7.031005e+001,
2620393750, -7.042142e+001,
2623512500, -6.914819e+001,
2626631250, -7.050360e+001,
2629750000, -6.955297e+001,
2632868750, -7.170724e+001,
2635987500, -6.970798e+001,
2639106250, -7.065909e+001,
2642225000, -6.923030e+001,
2645343750, -7.132195e+001,
2648462500, -7.100395e+001,
2651581250, -7.026708e+001,
2654700000, -6.943931e+001,
2657818750, -7.209847e+001,
2660937500, -7.097412e+001,
2664056250, -7.168815e+001,
2667175000, -7.110410e+001,
2670293750, -7.118667e+001,
2673412500, -7.013770e+001,
2676531250, -6.987529e+001,
2679650000, -6.862160e+001,
2682768750, -6.991673e+001,
2685887500, -7.135267e+001,
2689006250, -7.088671e+001,
2692125000, -6.995130e+001,
2695243750, -6.946239e+001,
2698362500, -6.952563e+001,
2701481250, -7.089284e+001,
2704600000, -7.072178e+001,
2707718750, -7.019202e+001,
2710837500, -6.960030e+001,
2713956250, -6.995003e+001,
2717075000, -7.006232e+001,
2720193750, -6.991030e+001,
2723312500, -7.022520e+001,
2726431250, -6.994522e+001,
2729550000, -7.043989e+001,
2732668750, -7.014789e+001,
2735787500, -6.891947e+001,
2738906250, -6.904093e+001,
2742025000, -6.979507e+001,
2745143750, -6.868856e+001,
2748262500, -7.117319e+001,
2751381250, -6.925217e+001,
2754500000, -6.928959e+001,
2757618750, -6.882520e+001,
2760737500, -6.926350e+001,
2763856250, -6.992953e+001,
2766975000, -6.867810e+001,
2770093750, -6.963046e+001,
2773212500, -6.913810e+001,
2776331250, -6.920378e+001,
2779450000, -6.818005e+001,
2782568750, -6.866197e+001,
2785687500, -6.831578e+001,
2788806250, -6.944090e+001,
2791925000, -7.025330e+001,
2795043750, -6.807160e+001,
2798162500, -6.833736e+001,
2801281250, -6.843877e+001,
2804400000, -6.794824e+001,
2807518750, -6.880992e+001,
2810637500, -6.824644e+001,
2813756250, -6.793606e+001,
2816875000, -6.835396e+001,
2819993750, -6.764907e+001,
2823112500, -6.743766e+001,
2826231250, -6.930145e+001,
2829350000, -6.793674e+001,
2832468750, -6.707746e+001,
2835587500, -6.816027e+001,
2838706250, -6.755750e+001,
2841825000, -6.919157e+001,
2844943750, -6.708026e+001,
2848062500, -6.782335e+001,
2851181250, -6.693177e+001,
2854300000, -6.670667e+001,
2857418750, -6.869582e+001,
2860537500, -6.714056e+001,
2863656250, -6.708972e+001,
2866775000, -6.724824e+001,
2869893750, -6.641714e+001,
2873012500, -6.697859e+001,
2876131250, -6.678007e+001,
2879250000, -6.663401e+001,
2882368750, -6.662411e+001,
2885487500, -6.758717e+001,
2888606250, -6.735275e+001,
2891725000, -6.708356e+001,
2894843750, -6.684515e+001,
2897962500, -6.675370e+001,
2901081250, -6.574004e+001,
2904200000, -6.697383e+001,
2907318750, -6.654404e+001,
2910437500, -6.662843e+001,
2913556250, -6.678943e+001,
2916675000, -6.564982e+001,
2919793750, -6.596790e+001,
2922912500, -6.660098e+001,
2926031250, -6.615453e+001,
2929150000, -6.652267e+001,
2932268750, -6.711310e+001,
2935387500, -6.572598e+001,
2938506250, -6.607405e+001,
2941625000, -6.569084e+001,
2944743750, -6.673057e+001,
2947862500, -6.674519e+001,
2950981250, -6.583212e+001,
2954100000, -6.593574e+001,
2957218750, -6.693886e+001,
2960337500, -6.614085e+001,
2963456250, -6.695306e+001,
2966575000, -6.587244e+001,
2969693750, -6.596537e+001,
2972812500, -6.617958e+001,
2975931250, -6.557518e+001,
2979050000, -6.622427e+001,
2982168750, -6.561250e+001,
2985287500, -6.575294e+001,
2988406250, -6.495219e+001,
2991525000, -6.545685e+001,
2994643750, -6.486223e+001,
2997762500, -6.562043e+001,
3000881250, -6.449277e+001,
3004000000, -6.485658e+001,
3007118750, -6.425338e+001,
3010237500, -6.571113e+001,
3013356250, -6.551558e+001,
3016475000, -6.569203e+001,
3019593750, -6.491407e+001,
3022712500, -6.496869e+001,
3025831250, -6.468346e+001,
3028950000, -6.435101e+001,
3032068750, -6.422450e+001,
3035187500, -6.373628e+001,
3038306250, -6.370795e+001,
3041425000, -6.376728e+001,
3044543750, -6.321339e+001,
3047662500, -6.326153e+001,
3050781250, -6.329358e+001,
3053900000, -6.257945e+001,
3057018750, -6.252634e+001,
3060137500, -6.231599e+001,
3063256250, -6.196222e+001,
3066375000, -6.179614e+001,
3069493750, -6.202137e+001,
3072612500, -6.121661e+001,
3075731250, -6.111905e+001,
3078850000, -6.180689e+001,
3081968750, -6.125508e+001,
3085087500, -6.123409e+001,
3088206250, -6.116179e+001,
3091325000, -6.098164e+001,
3094443750, -6.107213e+001,
3097562500, -6.069936e+001,
3100681250, -6.102818e+001,
3103800000, -6.071780e+001,
3106918750, -6.089925e+001,
3110037500, -6.053411e+001,
3113156250, -6.050071e+001,
3116275000, -6.047284e+001,
3119393750, -6.057013e+001,
3122512500, -6.041386e+001,
3125631250, -6.024524e+001,
3128750000, -6.036664e+001,
3131868750, -5.962907e+001,
3134987500, -5.978012e+001,
3138106250, -6.004348e+001,
3141225000, -5.973506e+001,
3144343750, -6.022386e+001,
3147462500, -5.949902e+001,
3150581250, -5.944435e+001,
3153700000, -5.964365e+001,
3156818750, -5.958855e+001,
3159937500, -5.994910e+001,
3163056250, -5.968268e+001,
3166175000, -5.997968e+001,
3169293750, -5.980543e+001,
3172412500, -5.992887e+001,
3175531250, -5.981005e+001,
3178650000, -5.954728e+001,
3181768750, -5.962144e+001,
3184887500, -5.995369e+001,
3188006250, -5.979027e+001,
3191125000, -5.956762e+001,
3194243750, -5.990858e+001,
3197362500, -6.016235e+001,
3200481250, -5.982240e+001,
3203600000, -5.960521e+001,
3206718750, -5.978894e+001,
3209837500, -5.886392e+001,
3212956250, -5.892869e+001,
3216075000, -5.862492e+001,
3219193750, -5.882460e+001,
3222312500, -5.879872e+001,
3225431250, -5.880442e+001,
3228550000, -5.848754e+001,
3231668750, -5.891295e+001,
3234787500, -5.857531e+001,
3237906250, -5.904288e+001,
3241025000, -5.887146e+001,
3244143750, -5.889821e+001,
3247262500, -5.873533e+001,
3250381250, -5.922626e+001,
3253500000, -5.886500e+001,
3256618750, -5.946767e+001,
3259737500, -5.975214e+001,
3262856250, -5.936609e+001,
3265975000, -5.953320e+001,
3269093750, -5.988190e+001,
3272212500, -5.980362e+001,
3275331250, -5.984372e+001,
3278450000, -5.974314e+001,
3281568750, -5.942187e+001,
3284687500, -5.937780e+001,
3287806250, -5.983855e+001,
3290925000, -5.924743e+001,
3294043750, -5.868716e+001,
3297162500, -5.897560e+001,
3300281250, -5.900408e+001,
3303400000, -5.898924e+001,
3306518750, -5.834252e+001,
3309637500, -5.932401e+001,
3312756250, -5.896098e+001,
3315875000, -5.929676e+001,
3318993750, -5.883817e+001,
3322112500, -5.872592e+001,
3325231250, -5.851954e+001,
3328350000, -5.891644e+001,
3331468750, -5.870532e+001,
3334587500, -5.831718e+001,
3337706250, -5.859126e+001,
3340825000, -5.875022e+001,
3343943750, -5.841291e+001,
3347062500, -5.831601e+001,
3350181250, -5.853695e+001,
3353300000, -5.849725e+001,
3356418750, -5.849796e+001,
3359537500, -5.857784e+001,
3362656250, -5.878711e+001,
3365775000, -5.895649e+001,
3368893750, -5.846788e+001,
3372012500, -5.868626e+001,
3375131250, -5.886835e+001,
3378250000, -5.879796e+001,
3381368750, -5.914355e+001,
3384487500, -5.849326e+001,
3387606250, -5.872822e+001,
3390725000, -5.913135e+001,
3393843750, -5.895794e+001,
3396962500, -5.885318e+001,
3400081250, -5.874100e+001,
3403200000, -5.850372e+001,
3406318750, -5.900453e+001,
3409437500, -5.934311e+001,
3412556250, -5.981789e+001,
3415675000, -5.947858e+001,
3418793750, -5.913954e+001,
3421912500, -5.941441e+001,
3425031250, -5.948503e+001,
3428150000, -5.978189e+001,
3431268750, -5.956854e+001,
3434387500, -5.961085e+001,
3437506250, -6.016911e+001,
3440625000, -5.961184e+001,
3443743750, -5.975543e+001,
3446862500, -6.017789e+001,
3449981250, -5.965951e+001,
3453100000, -5.994510e+001,
3456218750, -5.971691e+001,
3459337500, -5.985691e+001,
3462456250, -5.981072e+001,
3465575000, -5.977609e+001,
3468693750, -5.937639e+001,
3471812500, -5.961794e+001,
3474931250, -5.941454e+001,
3478050000, -5.870203e+001,
3481168750, -5.894877e+001,
3484287500, -5.893085e+001,
3487406250, -5.888883e+001,
3490525000, -5.898656e+001,
3493643750, -5.914400e+001,
3496762500, -5.974339e+001,
3499881250, -5.965008e+001,
3503000000, -5.966315e+001,
3506118750, -5.991252e+001,
3509237500, -5.920615e+001,
3512356250, -5.890242e+001,
3515475000, -5.895552e+001,
3518593750, -5.931356e+001,
3521712500, -5.948997e+001,
3524831250, -5.910057e+001,
3527950000, -5.928337e+001,
3531068750, -5.892571e+001,
3534187500, -5.962321e+001,
3537306250, -6.017027e+001,
3540425000, -5.876337e+001,
3543543750, -5.881321e+001,
3546662500, -5.901456e+001,
3549781250, -5.938824e+001,
3552900000, -5.944815e+001,
3556018750, -5.895080e+001,
3559137500, -5.901251e+001,
3562256250, -5.970664e+001,
3565375000, -5.999706e+001,
3568493750, -5.914803e+001,
3571612500, -5.893926e+001,
3574731250, -5.932528e+001,
3577850000, -6.094732e+001,
3580968750, -5.996177e+001,
3584087500, -6.019970e+001,
3587206250, -6.136494e+001,
3590325000, -6.064399e+001,
3593443750, -6.062658e+001,
3596562500, -6.022248e+001,
3599681250, -6.111367e+001,
3602800000, -6.105960e+001,
3605918750, -6.096588e+001,
3609037500, -6.146474e+001,
3612156250, -6.123474e+001,
3615275000, -6.147497e+001,
3618393750, -6.021081e+001,
3621512500, -6.004033e+001,
3624631250, -5.984225e+001,
3627750000, -6.047219e+001,
3630868750, -6.099646e+001,
3633987500, -6.082129e+001,
3637106250, -6.002370e+001,
3640225000, -6.042467e+001,
3643343750, -6.048236e+001,
3646462500, -5.930289e+001,
3649581250, -6.035180e+001,
3652700000, -5.870403e+001,
3655818750, -6.200617e+001,
3658937500, -6.058928e+001,
3662056250, -6.078901e+001,
3665175000, -6.174659e+001,
3668293750, -5.987609e+001,
3671412500, -5.952684e+001,
3674531250, -6.076175e+001,
3677650000, -5.855849e+001,
3680768750, -5.968496e+001,
3683887500, -5.841040e+001,
3687006250, -6.129407e+001,
3690125000, -6.035613e+001,
3693243750, -6.223195e+001,
3696362500, -6.360350e+001,
3699481250, -6.068447e+001,
3702600000, -6.184772e+001,
3705718750, -6.078543e+001,
3708837500, -5.979281e+001,
3711956250, -6.218243e+001,
3715075000, -6.009099e+001,
3718193750, -6.078442e+001,
3721312500, -6.172694e+001,
3724431250, -6.241437e+001,
3727550000, -6.316653e+001,
3730668750, -5.874080e+001,
3733787500, -7.083128e+001,
3736906250, -5.410801e+001,
3740025000, -6.083101e+001,
3743143750, -5.413649e+001,
3746262500, -5.277480e+001,
3749381250, -7.563898e+001,
3752500000, -5.405537e+001,
3755618750, -5.589454e+001,
3758737500, -5.972589e+001,
3761856250, -6.368069e+001,
3764975000, -6.901278e+001,
3768093750, -5.930619e+001,
3771212500, -5.345258e+001,
3774331250, -5.473464e+001,
3777450000, -5.022411e+001,
3780568750, -5.386938e+001,
3783687500, -5.518134e+001,
3786806250, -5.329069e+001,
3789925000, -5.419035e+001,
3793043750, -5.653565e+001,
3796162500, -5.224469e+001,
3799281250, -5.499088e+001,
3802400000, -5.748425e+001,
3805518750, -5.161788e+001,
3808637500, -5.474099e+001,
3811756250, -5.397591e+001,
3814875000, -6.443246e+001,
3817993750, -4.384738e+001,
3821112500, -4.009533e+001,
3824231250, -4.960574e+001,
3827350000, -5.672796e+001,
3830468750, -5.519081e+001,
3833587500, -5.223426e+001,
3836706250, -5.189673e+001,
3839825000, -5.353387e+001,
3842943750, -4.881738e+001,
3846062500, -4.504288e+001,
3849181250, -4.602928e+001,
3852300000, -4.596151e+001,
3855418750, -4.768904e+001,
3858537500, -4.839867e+001,
3861656250, -4.328025e+001,
3864775000, -3.691708e+001,
3867893750, -3.150943e+001,
3871012500, -2.892464e+001,
3874131250, -2.653589e+001,
3877250000, -2.462772e+001,
3880368750, -2.464698e+001,
3883487500, -2.369977e+001,
3886606250, -2.436633e+001,
3889725000, -2.518662e+001,
3892843750, -2.579311e+001,
3895962500, -2.766844e+001,
3899081250, -3.206221e+001,
3902200000, -3.786071e+001,
3905318750, -4.536025e+001,
3908437500, -5.041562e+001,
3911556250, -3.839027e+001,
3914675000, -3.318133e+001,
3917793750, -3.060726e+001,
3920912500, -2.927457e+001,
3924031250, -3.032394e+001,
3927150000, -3.443348e+001,
3930268750, -3.835207e+001,
3933387500, -4.217941e+001,
3936506250, -3.469133e+001,
3939625000, -3.095053e+001,
3942743750, -2.924899e+001,
3945862500, -2.813394e+001,
3948981250, -2.705217e+001,
3952100000, -2.748403e+001,
3955218750, -3.025306e+001,
3958337500, -3.541239e+001,
3961456250, -5.317131e+001,
3964575000, -3.875688e+001,
3967693750, -3.296374e+001,
3970812500, -2.988101e+001,
3973931250, -2.772017e+001,
3977050000, -2.674610e+001,
3980168750, -2.662972e+001,
3983287500, -2.756426e+001,
3986406250, -2.925891e+001,
3989525000, -3.122045e+001,
3992643750, -3.423433e+001,
3995762500, -3.653029e+001,
3998881250, -3.833340e+001,
4002000000, -3.986709e+001,
4005118750, -4.095017e+001,
4008237500, -4.280249e+001,
4011356250, -4.755836e+001,
4014475000, -4.198159e+001,
4017593750, -3.709980e+001,
4020712500, -3.402880e+001,
4023831250, -3.121770e+001,
4026950000, -2.969219e+001,
4030068750, -2.932796e+001,
4033187500, -2.932084e+001,
4036306250, -2.888984e+001,
4039425000, -2.911473e+001,
4042543750, -2.981107e+001,
4045662500, -3.156646e+001,
4048781250, -3.373678e+001,
4051900000, -3.580885e+001,
4055018750, -3.890577e+001,
4058137500, -5.115375e+001,
4061256250, -4.345106e+001,
4064375000, -4.050002e+001,
4067493750, -3.975576e+001,
4070612500, -4.024707e+001,
4073731250, -4.121909e+001,
4076850000, -3.941742e+001,
4079968750, -3.666565e+001,
4083087500, -3.592847e+001,
4086206250, -3.664661e+001,
4089325000, -3.727241e+001,
4092443750, -3.977747e+001,
4095562500, -4.687631e+001,
4098681250, -5.221031e+001,
4101800000, -4.224714e+001,
4104918750, -3.859357e+001,
4108037500, -3.737991e+001,
4111156250, -3.752893e+001,
4114275000, -3.807831e+001,
4117393750, -4.004224e+001,
4120512500, -4.470907e+001,
4123631250, -5.192377e+001,
4126750000, -6.180454e+001,
4129868750, -5.168683e+001,
4132987500, -5.260352e+001,
4136106250, -5.148890e+001,
4139225000, -4.361788e+001,
4142343750, -3.924294e+001,
4145462500, -3.878101e+001,
4148581250, -3.692835e+001,
4151700000, -3.763730e+001,
4154818750, -3.961167e+001,
4157937500, -4.188177e+001,
4161056250, -4.876643e+001,
4164175000, -5.761576e+001,
4167293750, -5.062197e+001,
4170412500, -5.117208e+001,
4173531250, -5.043501e+001,
4176650000, -5.754903e+001,
4179768750, -5.322137e+001,
4182887500, -4.579536e+001,
4186006250, -4.631742e+001,
4189125000, -4.529934e+001,
4192243750, -5.007706e+001,
4195362500, -5.743185e+001,
4198481250, -5.324237e+001,
4201600000, -4.860716e+001,
4204718750, -4.840688e+001,
4207837500, -4.729023e+001,
4210956250, -5.249699e+001,
4214075000, -5.531535e+001,
4217193750, -6.469406e+001,
4220312500, -7.068711e+001,
4223431250, -6.084640e+001,
4226550000, -6.400304e+001,
4229668750, -5.634645e+001,
4232787500, -5.301174e+001,
4235906250, -5.107931e+001,
4239025000, -5.243487e+001,
4242143750, -5.250789e+001,
4245262500, -5.651210e+001,
4248381250, -5.960426e+001,
4251500000, -6.306385e+001,
4254618750, -6.717229e+001,
4257737500, -6.420752e+001,
4260856250, -6.175401e+001,
4263975000, -8.176294e+001,
4267093750, -5.753945e+001,
4270212500, -6.826626e+001,
4273331250, -5.740020e+001,
4276450000, -6.514724e+001,
4279568750, -6.125599e+001,
4282687500, -6.836493e+001,
4285806250, -6.012619e+001,
4288925000, -6.780365e+001,
4292043750, -6.262599e+001,
4295162500, -6.652339e+001,
4298281250, -6.156855e+001,
4301400000, -6.694289e+001,
4304518750, -6.275091e+001,
4307637500, -6.544175e+001,
4310756250, -6.051072e+001,
4313875000, -6.760209e+001,
4316993750, -6.177519e+001,
4320112500, -6.360181e+001,
4323231250, -6.443044e+001,
4326350000, -6.333400e+001,
4329468750, -6.307294e+001,
4332587500, -6.362126e+001,
4335706250, -6.352732e+001,
4338825000, -6.256782e+001,
4341943750, -6.395032e+001,
4345062500, -6.254010e+001,
4348181250, -6.298467e+001,
4351300000, -6.228201e+001,
4354418750, -6.258772e+001,
4357537500, -6.282391e+001,
4360656250, -6.201656e+001,
4363775000, -6.270535e+001,
4366893750, -6.255960e+001,
4370012500, -6.245301e+001,
4373131250, -6.289537e+001,
4376250000, -6.216604e+001,
4379368750, -6.234586e+001,
4382487500, -6.258847e+001,
4385606250, -6.226010e+001,
4388725000, -6.234604e+001,
4391843750, -6.246204e+001,
4394962500, -6.266378e+001,
4398081250, -6.239167e+001,
4401200000, -6.311182e+001,
4404318750, -6.272340e+001,
4407437500, -6.254521e+001,
4410556250, -6.160928e+001,
4413675000, -6.219923e+001,
4416793750, -6.228786e+001,
4419912500, -6.209735e+001,
4423031250, -6.119976e+001,
4426150000, -6.200787e+001,
4429268750, -6.176926e+001,
4432387500, -6.234879e+001,
4435506250, -6.152327e+001,
4438625000, -6.208458e+001,
4441743750, -6.233495e+001,
4444862500, -6.214163e+001,
4447981250, -6.217326e+001,
4451100000, -6.197531e+001,
4454218750, -6.223645e+001,
4457337500, -6.204994e+001,
4460456250, -6.194927e+001,
4463575000, -6.249486e+001,
4466693750, -6.203945e+001,
4469812500, -6.269988e+001,
4472931250, -6.264250e+001,
4476050000, -6.178652e+001,
4479168750, -6.227015e+001,
4482287500, -6.222686e+001,
4485406250, -6.215170e+001,
4488525000, -6.165467e+001,
4491643750, -6.207815e+001,
4494762500, -6.155993e+001,
4497881250, -6.106388e+001,
4501000000, -6.168750e+001,
4504118750, -6.149012e+001,
4507237500, -6.104598e+001,
4510356250, -6.105735e+001,
4513475000, -6.102153e+001,
4516593750, -6.088945e+001,
4519712500, -6.047119e+001,
4522831250, -6.130133e+001,
4525950000, -6.096202e+001,
4529068750, -6.065241e+001,
4532187500, -6.056074e+001,
4535306250, -6.043452e+001,
4538425000, -6.057460e+001,
4541543750, -6.064528e+001,
4544662500, -6.045118e+001,
4547781250, -6.062115e+001,
4550900000, -6.075469e+001,
4554018750, -6.095499e+001,
4557137500, -6.056052e+001,
4560256250, -6.047887e+001,
4563375000, -6.078456e+001,
4566493750, -6.082586e+001,
4569612500, -6.125203e+001,
4572731250, -6.106354e+001,
4575850000, -6.128121e+001,
4578968750, -6.093816e+001,
4582087500, -6.151691e+001,
4585206250, -6.104053e+001,
4588325000, -6.103370e+001,
4591443750, -6.153396e+001,
4594562500, -6.143075e+001,
4597681250, -6.195798e+001,
4600800000, -6.151395e+001,
4603918750, -6.192513e+001,
4607037500, -6.163889e+001,
4610156250, -6.170342e+001,
4613275000, -6.158487e+001,
4616393750, -6.177875e+001,
4619512500, -6.162095e+001,
4622631250, -6.193535e+001,
4625750000, -6.232018e+001,
4628868750, -6.206570e+001,
4631987500, -6.216616e+001,
4635106250, -6.178623e+001,
4638225000, -6.225906e+001,
4641343750, -6.225322e+001,
4644462500, -6.198269e+001,
4647581250, -6.228299e+001,
4650700000, -6.218709e+001,
4653818750, -6.157613e+001,
4656937500, -6.205048e+001,
4660056250, -6.240849e+001,
4663175000, -6.222177e+001,
4666293750, -6.212941e+001,
4669412500, -6.191837e+001,
4672531250, -6.244442e+001,
4675650000, -6.262659e+001,
4678768750, -6.207186e+001,
4681887500, -6.237839e+001,
4685006250, -6.217580e+001,
4688125000, -6.224674e+001,
4691243750, -6.248235e+001,
4694362500, -6.205371e+001,
4697481250, -6.271209e+001,
4700600000, -6.241313e+001,
4703718750, -6.261098e+001,
4706837500, -6.200831e+001,
4709956250, -6.205147e+001,
4713075000, -6.321139e+001,
4716193750, -6.237784e+001,
4719312500, -6.217760e+001,
4722431250, -6.282174e+001,
4725550000, -6.242144e+001,
4728668750, -6.283178e+001,
4731787500, -6.232584e+001,
4734906250, -6.261636e+001,
4738025000, -6.219193e+001,
4741143750, -6.265452e+001,
4744262500, -6.280856e+001,
4747381250, -6.327026e+001,
4750500000, -6.209367e+001,
4753618750, -6.325778e+001,
4756737500, -6.285220e+001,
4759856250, -6.282182e+001,
4762975000, -6.303958e+001,
4766093750, -6.251470e+001,
4769212500, -6.277807e+001,
4772331250, -6.249275e+001,
4775450000, -6.207520e+001,
4778568750, -6.286003e+001,
4781687500, -6.286493e+001,
4784806250, -6.223127e+001,
4787925000, -6.221732e+001,
4791043750, -6.242950e+001,
4794162500, -6.220461e+001,
4797281250, -6.195118e+001,
4800400000, -6.194881e+001,
4803518750, -6.163713e+001,
4806637500, -6.160218e+001,
4809756250, -6.204789e+001,
4812875000, -6.207591e+001,
4815993750, -6.189491e+001,
4819112500, -6.208746e+001,
4822231250, -6.218363e+001,
4825350000, -6.180602e+001,
4828468750, -6.218468e+001,
4831587500, -6.197231e+001,
4834706250, -6.262892e+001,
4837825000, -6.288704e+001,
4840943750, -6.282441e+001,
4844062500, -6.252388e+001,
4847181250, -6.301087e+001,
4850300000, -6.300684e+001,
4853418750, -6.302457e+001,
4856537500, -6.229174e+001,
4859656250, -6.268436e+001,
4862775000, -6.283141e+001,
4865893750, -6.319841e+001,
4869012500, -6.315609e+001,
4872131250, -6.294365e+001,
4875250000, -6.400051e+001,
4878368750, -6.341688e+001,
4881487500, -6.361963e+001,
4884606250, -6.366665e+001,
4887725000, -6.389200e+001,
4890843750, -6.416630e+001,
4893962500, -6.374088e+001,
4897081250, -6.432549e+001,
4900200000, -6.351003e+001,
4903318750, -6.401270e+001,
4906437500, -6.379976e+001,
4909556250, -6.397076e+001,
4912675000, -6.457600e+001,
4915793750, -6.422213e+001,
4918912500, -6.392364e+001,
4922031250, -6.456627e+001,
4925150000, -6.433759e+001,
4928268750, -6.430873e+001,
4931387500, -6.471629e+001,
4934506250, -6.457502e+001,
4937625000, -6.422022e+001,
4940743750, -6.418988e+001,
4943862500, -6.454182e+001,
4946981250, -6.436871e+001,
4950100000, -6.468005e+001,
4953218750, -6.506420e+001,
4956337500, -6.444929e+001,
4959456250, -6.501372e+001,
4962575000, -6.499551e+001,
4965693750, -6.472578e+001,
4968812500, -6.461547e+001,
4971931250, -6.511261e+001,
4975050000, -6.489999e+001,
4978168750, -6.488948e+001,
4981287500, -6.451994e+001,
4984406250, -6.460229e+001,
4987525000, -6.441390e+001,
4990643750, -6.543622e+001,
4993762500, -6.503529e+001,
4996881250, -6.533098e+001,
5000000000, -6.526081e+001,
