"S21 Log Mag"
"Frequency (Hz)","dB",
10000000, -5.118355e+001,
13118750, -6.128491e+001,
16237500, -6.250483e+001,
19356250, -6.614805e+001,
22475000, -6.598479e+001,
25593750, -8.618832e+001,
28712500, -7.897369e+001,
31831250, -7.218222e+001,
34950000, -7.360456e+001,
38068750, -8.404613e+001,
41187500, -7.598255e+001,
44306250, -8.163007e+001,
47425000, -7.303944e+001,
50543750, -6.737631e+001,
53662500, -7.116507e+001,
56781250, -7.097438e+001,
59900000, -8.246646e+001,
63018750, -7.155219e+001,
66137500, -6.552840e+001,
69256250, -8.883331e+001,
72375000, -7.209827e+001,
75493750, -7.650263e+001,
78612500, -7.368646e+001,
81731250, -7.662875e+001,
84850000, -8.086163e+001,
87968750, -7.541879e+001,
91087500, -8.158060e+001,
94206250, -7.257630e+001,
97325000, -8.442276e+001,
100443750, -7.592647e+001,
103562500, -7.268768e+001,
106681250, -8.300426e+001,
109800000, -7.445611e+001,
112918750, -7.398781e+001,
116037500, -7.354673e+001,
119156250, -7.686324e+001,
122275000, -7.200423e+001,
125393750, -6.507307e+001,
128512500, -7.150191e+001,
131631250, -8.283710e+001,
134750000, -7.633887e+001,
137868750, -7.305923e+001,
140987500, -7.192110e+001,
144106250, -7.162257e+001,
147225000, -8.637611e+001,
150343750, -7.184048e+001,
153462500, -6.766681e+001,
156581250, -7.186745e+001,
159700000, -7.127699e+001,
162818750, -7.488010e+001,
165937500, -7.492397e+001,
169056250, -6.919708e+001,
172175000, -7.044555e+001,
175293750, -8.062039e+001,
178412500, -7.005831e+001,
181531250, -7.413406e+001,
184650000, -7.658834e+001,
187768750, -7.306579e+001,
190887500, -7.338840e+001,
194006250, -7.299046e+001,
197125000, -7.670316e+001,
200243750, -7.814166e+001,
203362500, -6.848302e+001,
206481250, -6.999145e+001,
209600000, -6.720493e+001,
212718750, -7.411358e+001,
215837500, -6.918628e+001,
218956250, -6.919340e+001,
222075000, -7.055597e+001,
225193750, -7.010866e+001,
228312500, -7.645658e+001,
231431250, -7.240620e+001,
234550000, -7.357480e+001,
237668750, -6.987041e+001,
240787500, -7.445278e+001,
243906250, -7.317776e+001,
247025000, -6.890367e+001,
250143750, -6.988548e+001,
253262500, -7.507751e+001,
256381250, -6.796660e+001,
259500000, -6.801084e+001,
262618750, -7.100777e+001,
265737500, -6.927129e+001,
268856250, -7.080359e+001,
271975000, -7.156719e+001,
275093750, -7.217853e+001,
278212500, -7.107911e+001,
281331250, -6.860805e+001,
284450000, -7.001289e+001,
287568750, -6.967463e+001,
290687500, -6.882917e+001,
293806250, -6.851463e+001,
296925000, -6.869852e+001,
300043750, -6.555919e+001,
303162500, -7.035941e+001,
306281250, -7.095410e+001,
309400000, -6.729482e+001,
312518750, -6.805164e+001,
315637500, -6.720843e+001,
318756250, -7.185034e+001,
321875000, -7.340795e+001,
324993750, -6.852133e+001,
328112500, -7.009141e+001,
331231250, -7.104907e+001,
334350000, -7.050394e+001,
337468750, -6.905684e+001,
340587500, -6.936311e+001,
343706250, -6.874736e+001,
346825000, -6.985847e+001,
349943750, -6.935357e+001,
353062500, -6.873163e+001,
356181250, -6.745967e+001,
359300000, -6.946517e+001,
362418750, -6.672108e+001,
365537500, -6.762227e+001,
368656250, -6.818635e+001,
371775000, -6.894748e+001,
374893750, -6.808421e+001,
378012500, -6.800066e+001,
381131250, -6.799213e+001,
384250000, -6.659530e+001,
387368750, -6.657550e+001,
390487500, -6.774689e+001,
393606250, -6.648669e+001,
396725000, -6.760159e+001,
399843750, -6.677404e+001,
402962500, -6.736929e+001,
406081250, -6.712470e+001,
409200000, -6.634998e+001,
412318750, -6.711762e+001,
415437500, -6.607937e+001,
418556250, -6.778924e+001,
421675000, -6.881813e+001,
424793750, -6.891772e+001,
427912500, -6.602161e+001,
431031250, -6.751421e+001,
434150000, -6.911598e+001,
437268750, -6.795367e+001,
440387500, -6.667741e+001,
443506250, -6.585895e+001,
446625000, -6.550566e+001,
449743750, -6.598284e+001,
452862500, -6.515223e+001,
455981250, -6.570345e+001,
459100000, -6.667300e+001,
462218750, -6.654143e+001,
465337500, -6.475954e+001,
468456250, -6.572496e+001,
471575000, -6.552663e+001,
474693750, -6.640363e+001,
477812500, -6.649537e+001,
480931250, -6.432092e+001,
484050000, -6.594116e+001,
487168750, -6.567900e+001,
490287500, -6.465712e+001,
493406250, -6.614157e+001,
496525000, -6.552936e+001,
499643750, -6.664602e+001,
502762500, -6.561701e+001,
505881250, -6.558824e+001,
509000000, -6.499625e+001,
512118750, -6.668446e+001,
515237500, -6.738891e+001,
518356250, -6.583698e+001,
521475000, -6.640860e+001,
524593750, -6.680676e+001,
527712500, -6.600322e+001,
530831250, -6.531855e+001,
533950000, -6.569653e+001,
537068750, -6.535345e+001,
540187500, -6.476997e+001,
543306250, -6.489066e+001,
546425000, -6.484047e+001,
549543750, -6.570854e+001,
552662500, -6.530505e+001,
555781250, -6.453740e+001,
558900000, -6.544115e+001,
562018750, -6.515369e+001,
565137500, -6.559171e+001,
568256250, -6.440285e+001,
571375000, -6.384631e+001,
574493750, -6.462807e+001,
577612500, -6.481573e+001,
580731250, -6.358450e+001,
583850000, -6.482384e+001,
586968750, -6.344326e+001,
590087500, -6.527805e+001,
593206250, -6.446955e+001,
596325000, -6.515910e+001,
599443750, -6.373493e+001,
602562500, -6.479693e+001,
605681250, -6.654323e+001,
608800000, -6.505818e+001,
611918750, -6.499868e+001,
615037500, -6.598685e+001,
618156250, -6.500669e+001,
621275000, -6.353446e+001,
624393750, -6.419073e+001,
627512500, -6.412612e+001,
630631250, -6.477811e+001,
633750000, -6.418050e+001,
636868750, -6.375999e+001,
639987500, -6.417184e+001,
643106250, -6.517458e+001,
646225000, -6.394478e+001,
649343750, -6.458513e+001,
652462500, -6.362222e+001,
655581250, -6.399808e+001,
658700000, -6.461169e+001,
661818750, -6.333503e+001,
664937500, -6.427633e+001,
668056250, -6.361508e+001,
671175000, -6.403745e+001,
674293750, -6.439922e+001,
677412500, -6.356010e+001,
680531250, -6.337143e+001,
683650000, -6.400602e+001,
686768750, -6.370183e+001,
689887500, -6.393374e+001,
693006250, -6.363617e+001,
696125000, -6.285499e+001,
699243750, -6.309218e+001,
702362500, -6.313005e+001,
705481250, -6.351544e+001,
708600000, -6.334624e+001,
711718750, -6.354831e+001,
714837500, -6.302692e+001,
717956250, -6.311589e+001,
721075000, -6.265899e+001,
724193750, -6.280696e+001,
727312500, -6.253859e+001,
730431250, -6.286761e+001,
733550000, -6.366520e+001,
736668750, -6.248499e+001,
739787500, -6.221379e+001,
742906250, -6.208149e+001,
746025000, -6.213484e+001,
749143750, -6.221397e+001,
752262500, -6.205362e+001,
755381250, -6.257756e+001,
758500000, -6.152781e+001,
761618750, -6.226474e+001,
764737500, -6.274217e+001,
767856250, -6.242023e+001,
770975000, -6.203527e+001,
774093750, -6.123298e+001,
777212500, -6.173977e+001,
780331250, -6.252477e+001,
783450000, -6.254601e+001,
786568750, -6.169399e+001,
789687500, -6.205970e+001,
792806250, -6.128944e+001,
795925000, -6.186740e+001,
799043750, -6.179173e+001,
802162500, -6.165412e+001,
805281250, -6.229237e+001,
808400000, -6.183139e+001,
811518750, -6.181000e+001,
814637500, -6.126586e+001,
817756250, -6.208910e+001,
820875000, -6.148965e+001,
823993750, -6.136068e+001,
827112500, -6.159628e+001,
830231250, -6.202244e+001,
833350000, -6.176932e+001,
836468750, -6.182024e+001,
839587500, -6.208772e+001,
842706250, -6.193598e+001,
845825000, -6.171728e+001,
848943750, -6.136905e+001,
852062500, -6.057794e+001,
855181250, -6.091235e+001,
858300000, -6.111050e+001,
861418750, -6.116154e+001,
864537500, -6.076779e+001,
867656250, -6.148292e+001,
870775000, -6.138292e+001,
873893750, -6.060108e+001,
877012500, -6.068502e+001,
880131250, -6.025670e+001,
883250000, -6.168600e+001,
886368750, -6.021894e+001,
889487500, -6.024206e+001,
892606250, -6.059644e+001,
895725000, -6.006719e+001,
898843750, -6.039230e+001,
901962500, -6.051110e+001,
905081250, -6.050269e+001,
908200000, -6.069406e+001,
911318750, -5.984914e+001,
914437500, -6.076427e+001,
917556250, -6.066976e+001,
920675000, -6.044164e+001,
923793750, -5.996781e+001,
926912500, -6.013618e+001,
930031250, -6.020338e+001,
933150000, -6.039125e+001,
936268750, -6.046366e+001,
939387500, -6.023414e+001,
942506250, -6.052270e+001,
945625000, -6.017616e+001,
948743750, -6.003816e+001,
951862500, -6.045787e+001,
954981250, -6.037017e+001,
958100000, -6.019558e+001,
961218750, -6.049671e+001,
964337500, -6.034822e+001,
967456250, -6.033260e+001,
970575000, -6.044220e+001,
973693750, -6.033674e+001,
976812500, -6.057159e+001,
979931250, -6.039412e+001,
983050000, -5.986634e+001,
986168750, -6.010988e+001,
989287500, -6.017379e+001,
992406250, -5.971085e+001,
995525000, -6.052424e+001,
998643750, -6.065335e+001,
1001762500, -6.050455e+001,
1004881250, -6.005416e+001,
1008000000, -6.015512e+001,
1011118750, -6.038898e+001,
1014237500, -6.035823e+001,
1017356250, -6.023861e+001,
1020475000, -5.937433e+001,
1023593750, -6.007852e+001,
1026712500, -6.031991e+001,
1029831250, -5.995119e+001,
1032950000, -5.933122e+001,
1036068750, -5.962574e+001,
1039187500, -5.978595e+001,
1042306250, -5.975051e+001,
1045425000, -5.982650e+001,
1048543750, -5.941838e+001,
1051662500, -6.007509e+001,
1054781250, -6.006469e+001,
1057900000, -6.017157e+001,
1061018750, -6.036538e+001,
1064137500, -5.999905e+001,
1067256250, -6.001058e+001,
1070375000, -6.022020e+001,
1073493750, -6.017175e+001,
1076612500, -5.996836e+001,
1079731250, -6.011600e+001,
1082850000, -6.024767e+001,
1085968750, -6.019785e+001,
1089087500, -6.058730e+001,
1092206250, -6.048184e+001,
1095325000, -6.050207e+001,
1098443750, -6.061685e+001,
1101562500, -6.088488e+001,
1104681250, -6.082962e+001,
1107800000, -6.092248e+001,
1110918750, -6.073132e+001,
1114037500, -6.067728e+001,
1117156250, -6.059831e+001,
1120275000, -6.070821e+001,
1123393750, -6.082360e+001,
1126512500, -6.113745e+001,
1129631250, -6.081253e+001,
1132750000, -6.080067e+001,
1135868750, -6.139679e+001,
1138987500, -6.050641e+001,
1142106250, -6.051329e+001,
1145225000, -6.083260e+001,
1148343750, -6.101113e+001,
1151462500, -6.083447e+001,
1154581250, -6.081257e+001,
1157700000, -6.082746e+001,
1160818750, -6.111009e+001,
1163937500, -6.095425e+001,
1167056250, -6.074925e+001,
1170175000, -6.093516e+001,
1173293750, -6.076033e+001,
1176412500, -6.099649e+001,
1179531250, -6.114122e+001,
1182650000, -6.128532e+001,
1185768750, -6.093531e+001,
1188887500, -6.134135e+001,
1192006250, -6.035049e+001,
1195125000, -6.022867e+001,
1198243750, -6.104229e+001,
1201362500, -6.102009e+001,
1204481250, -6.125210e+001,
1207600000, -6.133954e+001,
1210718750, -6.081466e+001,
1213837500, -6.087301e+001,
1216956250, -6.150796e+001,
1220075000, -6.079605e+001,
1223193750, -6.111374e+001,
1226312500, -6.128022e+001,
1229431250, -6.114322e+001,
1232550000, -6.093454e+001,
1235668750, -6.095264e+001,
1238787500, -6.091290e+001,
1241906250, -6.073138e+001,
1245025000, -6.097097e+001,
1248143750, -6.122266e+001,
1251262500, -6.136345e+001,
1254381250, -6.154256e+001,
1257500000, -6.078233e+001,
1260618750, -6.097873e+001,
1263737500, -6.097900e+001,
1266856250, -6.113374e+001,
1269975000, -6.104233e+001,
1273093750, -6.116082e+001,
1276212500, -6.113883e+001,
1279331250, -6.112307e+001,
1282450000, -6.083126e+001,
1285568750, -6.158734e+001,
1288687500, -6.124171e+001,
1291806250, -6.113467e+001,
1294925000, -6.103357e+001,
1298043750, -6.114260e+001,
1301162500, -6.131277e+001,
1304281250, -6.100378e+001,
1307400000, -6.140912e+001,
1310518750, -6.084483e+001,
1313637500, -6.080524e+001,
1316756250, -6.131570e+001,
1319875000, -6.104510e+001,
1322993750, -6.015710e+001,
1326112500, -6.050066e+001,
1329231250, -6.067366e+001,
1332350000, -6.025384e+001,
1335468750, -6.018016e+001,
1338587500, -6.015716e+001,
1341706250, -6.063954e+001,
1344825000, -6.021522e+001,
1347943750, -6.020312e+001,
1351062500, -6.004998e+001,
1354181250, -6.068884e+001,
1357300000, -6.041984e+001,
1360418750, -6.014597e+001,
1363537500, -6.044914e+001,
1366656250, -6.014924e+001,
1369775000, -6.019436e+001,
1372893750, -6.016600e+001,
1376012500, -5.974097e+001,
1379131250, -5.995556e+001,
1382250000, -5.994918e+001,
1385368750, -6.009921e+001,
1388487500, -5.998288e+001,
1391606250, -6.028655e+001,
1394725000, -6.034208e+001,
1397843750, -6.025341e+001,
1400962500, -6.039077e+001,
1404081250, -6.063758e+001,
1407200000, -6.037386e+001,
1410318750, -6.123042e+001,
1413437500, -6.113858e+001,
1416556250, -6.062183e+001,
1419675000, -6.133024e+001,
1422793750, -6.114169e+001,
1425912500, -6.128740e+001,
1429031250, -6.136577e+001,
1432150000, -6.142800e+001,
1435268750, -6.146200e+001,
1438387500, -6.161707e+001,
1441506250, -6.145297e+001,
1444625000, -6.152992e+001,
1447743750, -6.160553e+001,
1450862500, -6.121948e+001,
1453981250, -6.204291e+001,
1457100000, -6.199335e+001,
1460218750, -6.253435e+001,
1463337500, -6.211327e+001,
1466456250, -6.216382e+001,
1469575000, -6.172981e+001,
1472693750, -6.207647e+001,
1475812500, -6.241490e+001,
1478931250, -6.109011e+001,
1482050000, -6.235318e+001,
1485168750, -6.218773e+001,
1488287500, -6.145839e+001,
1491406250, -6.260879e+001,
1494525000, -6.142799e+001,
1497643750, -6.168826e+001,
1500762500, -6.191773e+001,
1503881250, -6.166289e+001,
1507000000, -6.159358e+001,
1510118750, -6.235720e+001,
1513237500, -6.267913e+001,
1516356250, -6.260110e+001,
1519475000, -6.227234e+001,
1522593750, -6.288482e+001,
1525712500, -6.231428e+001,
1528831250, -6.243325e+001,
1531950000, -6.253517e+001,
1535068750, -6.222525e+001,
1538187500, -6.271464e+001,
1541306250, -6.288598e+001,
1544425000, -6.244538e+001,
1547543750, -6.260000e+001,
1550662500, -6.245924e+001,
1553781250, -6.261237e+001,
1556900000, -6.252997e+001,
1560018750, -6.267381e+001,
1563137500, -6.232168e+001,
1566256250, -6.250060e+001,
1569375000, -6.254613e+001,
1572493750, -6.281597e+001,
1575612500, -6.262011e+001,
1578731250, -6.261650e+001,
1581850000, -6.279493e+001,
1584968750, -6.258974e+001,
1588087500, -6.299027e+001,
1591206250, -6.235735e+001,
1594325000, -6.275770e+001,
1597443750, -6.282760e+001,
1600562500, -6.291981e+001,
1603681250, -6.358079e+001,
1606800000, -6.282826e+001,
1609918750, -6.348544e+001,
1613037500, -6.246915e+001,
1616156250, -6.317684e+001,
1619275000, -6.281703e+001,
1622393750, -6.321463e+001,
1625512500, -6.290781e+001,
1628631250, -6.262651e+001,
1631750000, -6.331552e+001,
1634868750, -6.343361e+001,
1637987500, -6.271750e+001,
1641106250, -6.356170e+001,
1644225000, -6.371128e+001,
1647343750, -6.322976e+001,
1650462500, -6.432895e+001,
1653581250, -6.346264e+001,
1656700000, -6.398746e+001,
1659818750, -6.354920e+001,
1662937500, -6.321424e+001,
1666056250, -6.444416e+001,
1669175000, -6.399225e+001,
1672293750, -6.373379e+001,
1675412500, -6.453807e+001,
1678531250, -6.343958e+001,
1681650000, -6.408862e+001,
1684768750, -6.459868e+001,
1687887500, -6.426685e+001,
1691006250, -6.397142e+001,
1694125000, -6.451753e+001,
1697243750, -6.449383e+001,
1700362500, -6.455673e+001,
1703481250, -6.439009e+001,
1706600000, -6.478304e+001,
1709718750, -6.429437e+001,
1712837500, -6.392072e+001,
1715956250, -6.445502e+001,
1719075000, -6.517750e+001,
1722193750, -6.586372e+001,
1725312500, -6.496805e+001,
1728431250, -6.519953e+001,
1731550000, -6.489552e+001,
1734668750, -6.602463e+001,
1737787500, -6.563493e+001,
1740906250, -6.418882e+001,
1744025000, -6.604160e+001,
1747143750, -6.486391e+001,
1750262500, -6.520783e+001,
1753381250, -6.589307e+001,
1756500000, -6.507111e+001,
1759618750, -6.530351e+001,
1762737500, -6.663801e+001,
1765856250, -6.680644e+001,
1768975000, -6.684570e+001,
1772093750, -6.707796e+001,
1775212500, -6.726576e+001,
1778331250, -6.630995e+001,
1781450000, -6.667563e+001,
1784568750, -6.876872e+001,
1787687500, -6.701828e+001,
1790806250, -6.817097e+001,
1793925000, -6.545505e+001,
1797043750, -6.644273e+001,
1800162500, -6.794598e+001,
1803281250, -6.717155e+001,
1806400000, -6.641113e+001,
1809518750, -6.735519e+001,
1812637500, -6.701083e+001,
1815756250, -6.799672e+001,
1818875000, -6.680048e+001,
1821993750, -6.782607e+001,
1825112500, -6.697589e+001,
1828231250, -6.729475e+001,
1831350000, -6.821331e+001,
1834468750, -6.705870e+001,
1837587500, -6.783803e+001,
1840706250, -6.834978e+001,
1843825000, -6.827436e+001,
1846943750, -6.720991e+001,
1850062500, -6.706542e+001,
1853181250, -6.759865e+001,
1856300000, -6.762276e+001,
1859418750, -6.837691e+001,
1862537500, -6.795245e+001,
1865656250, -6.926283e+001,
1868775000, -6.875077e+001,
1871893750, -6.990461e+001,
1875012500, -6.936206e+001,
1878131250, -6.955064e+001,
1881250000, -6.889621e+001,
1884368750, -6.853680e+001,
1887487500, -6.736110e+001,
1890606250, -7.044231e+001,
1893725000, -7.084840e+001,
1896843750, -6.995394e+001,
1899962500, -6.763876e+001,
1903081250, -6.953761e+001,
1906200000, -7.056126e+001,
1909318750, -6.876374e+001,
1912437500, -6.976781e+001,
1915556250, -6.951460e+001,
1918675000, -7.001535e+001,
1921793750, -7.173398e+001,
1924912500, -6.920004e+001,
1928031250, -6.987119e+001,
1931150000, -6.791358e+001,
1934268750, -7.032475e+001,
1937387500, -6.969266e+001,
1940506250, -6.860498e+001,
1943625000, -6.960431e+001,
1946743750, -6.944969e+001,
1949862500, -7.006512e+001,
1952981250, -6.853291e+001,
1956100000, -7.028281e+001,
1959218750, -6.917881e+001,
1962337500, -6.961081e+001,
1965456250, -6.959285e+001,
1968575000, -6.958744e+001,
1971693750, -7.092397e+001,
1974812500, -6.987072e+001,
1977931250, -7.185117e+001,
1981050000, -6.982535e+001,
1984168750, -7.143437e+001,
1987287500, -7.184863e+001,
1990406250, -7.023714e+001,
1993525000, -7.023151e+001,
1996643750, -7.055917e+001,
1999762500, -7.068251e+001,
2002881250, -7.073394e+001,
2006000000, -7.077888e+001,
2009118750, -7.100125e+001,
2012237500, -7.384518e+001,
2015356250, -7.178719e+001,
2018475000, -7.106960e+001,
2021593750, -7.189287e+001,
2024712500, -7.005628e+001,
2027831250, -7.123441e+001,
2030950000, -7.136922e+001,
2034068750, -7.045133e+001,
2037187500, -7.191557e+001,
2040306250, -7.060173e+001,
2043425000, -7.270447e+001,
2046543750, -7.201223e+001,
2049662500, -7.687615e+001,
2052781250, -7.085817e+001,
2055900000, -7.413053e+001,
2059018750, -7.530984e+001,
2062137500, -7.442535e+001,
2065256250, -7.498212e+001,
2068375000, -7.288540e+001,
2071493750, -7.581676e+001,
2074612500, -7.324033e+001,
2077731250, -7.327071e+001,
2080850000, -7.292101e+001,
2083968750, -7.580186e+001,
2087087500, -7.236439e+001,
2090206250, -7.142575e+001,
2093325000, -7.148649e+001,
2096443750, -7.222422e+001,
2099562500, -7.377612e+001,
2102681250, -7.433851e+001,
2105800000, -7.251571e+001,
2108918750, -7.264452e+001,
2112037500, -7.298573e+001,
2115156250, -7.469034e+001,
2118275000, -7.497860e+001,
2121393750, -7.222669e+001,
2124512500, -7.406885e+001,
2127631250, -7.559138e+001,
2130750000, -7.225848e+001,
2133868750, -7.265032e+001,
2136987500, -7.244488e+001,
2140106250, -7.343169e+001,
2143225000, -7.439409e+001,
2146343750, -7.454969e+001,
2149462500, -7.318488e+001,
2152581250, -7.471243e+001,
2155700000, -7.451495e+001,
2158818750, -7.304691e+001,
2161937500, -7.536139e+001,
2165056250, -7.300716e+001,
2168175000, -7.474575e+001,
2171293750, -7.277090e+001,
2174412500, -7.453170e+001,
2177531250, -7.235571e+001,
2180650000, -7.343739e+001,
2183768750, -7.467908e+001,
2186887500, -7.427491e+001,
2190006250, -7.230103e+001,
2193125000, -7.191397e+001,
2196243750, -7.454293e+001,
2199362500, -7.335304e+001,
2202481250, -7.366753e+001,
2205600000, -7.572894e+001,
2208718750, -7.295799e+001,
2211837500, -7.201347e+001,
2214956250, -7.374739e+001,
2218075000, -7.522169e+001,
2221193750, -7.141547e+001,
2224312500, -7.301879e+001,
2227431250, -7.112300e+001,
2230550000, -7.185139e+001,
2233668750, -7.465448e+001,
2236787500, -7.182455e+001,
2239906250, -7.337078e+001,
2243025000, -7.316635e+001,
2246143750, -7.381616e+001,
2249262500, -7.091954e+001,
2252381250, -7.025331e+001,
2255500000, -7.240386e+001,
2258618750, -7.455382e+001,
2261737500, -7.252161e+001,
2264856250, -7.013092e+001,
2267975000, -7.260902e+001,
2271093750, -7.405446e+001,
2274212500, -7.416319e+001,
2277331250, -7.103466e+001,
2280450000, -7.268778e+001,
2283568750, -7.197411e+001,
2286687500, -7.258477e+001,
2289806250, -7.319241e+001,
2292925000, -7.219314e+001,
2296043750, -7.375555e+001,
2299162500, -7.403364e+001,
2302281250, -7.472654e+001,
2305400000, -7.215241e+001,
2308518750, -7.251601e+001,
2311637500, -7.400427e+001,
2314756250, -7.361677e+001,
2317875000, -7.128603e+001,
2320993750, -7.173779e+001,
2324112500, -7.233587e+001,
2327231250, -7.366748e+001,
2330350000, -7.329797e+001,
2333468750, -7.250194e+001,
2336587500, -7.289913e+001,
2339706250, -6.929449e+001,
2342825000, -7.102690e+001,
2345943750, -7.079494e+001,
2349062500, -7.161337e+001,
2352181250, -7.445774e+001,
2355300000, -7.381342e+001,
2358418750, -7.087833e+001,
2361537500, -7.260732e+001,
2364656250, -7.187631e+001,
2367775000, -7.317801e+001,
2370893750, -7.272456e+001,
2374012500, -7.322990e+001,
2377131250, -7.470295e+001,
2380250000, -7.226317e+001,
2383368750, -7.205791e+001,
2386487500, -7.705331e+001,
2389606250, -7.396288e+001,
2392725000, -7.346012e+001,
2395843750, -7.263111e+001,
2398962500, -7.276160e+001,
2402081250, -7.374832e+001,
2405200000, -7.405662e+001,
2408318750, -7.289742e+001,
2411437500, -7.262350e+001,
2414556250, -7.308390e+001,
2417675000, -7.520666e+001,
2420793750, -7.344795e+001,
2423912500, -7.370569e+001,
2427031250, -7.283444e+001,
2430150000, -7.404561e+001,
2433268750, -7.388706e+001,
2436387500, -7.552831e+001,
2439506250, -7.457069e+001,
2442625000, -7.318250e+001,
2445743750, -7.161606e+001,
2448862500, -7.269214e+001,
2451981250, -7.235896e+001,
2455100000, -7.492902e+001,
2458218750, -7.672395e+001,
2461337500, -7.194710e+001,
2464456250, -7.207201e+001,
2467575000, -7.340896e+001,
2470693750, -7.279024e+001,
2473812500, -7.442664e+001,
2476931250, -7.171093e+001,
2480050000, -7.317084e+001,
2483168750, -7.189495e+001,
2486287500, -7.736704e+001,
2489406250, -7.527808e+001,
2492525000, -7.280028e+001,
2495643750, -7.121972e+001,
2498762500, -7.523206e+001,
2501881250, -7.470677e+001,
2505000000, -7.340282e+001,
2508118750, -7.303799e+001,
2511237500, -7.278650e+001,
2514356250, -7.278648e+001,
2517475000, -7.297704e+001,
2520593750, -7.646449e+001,
2523712500, -6.955308e+001,
2526831250, -7.189881e+001,
2529950000, -7.246204e+001,
2533068750, -7.119113e+001,
2536187500, -7.276576e+001,
2539306250, -7.034534e+001,
2542425000, -7.104927e+001,
2545543750, -7.123232e+001,
2548662500, -7.188512e+001,
2551781250, -7.007044e+001,
2554900000, -7.150174e+001,
2558018750, -7.220673e+001,
2561137500, -7.173360e+001,
2564256250, -7.047885e+001,
2567375000, -7.008217e+001,
2570493750, -7.195569e+001,
2573612500, -7.209068e+001,
2576731250, -7.126671e+001,
2579850000, -7.070725e+001,
2582968750, -7.007719e+001,
2586087500, -7.247736e+001,
2589206250, -7.193414e+001,
2592325000, -7.122859e+001,
2595443750, -7.099410e+001,
2598562500, -7.221297e+001,
2601681250, -7.216328e+001,
2604800000, -7.141203e+001,
2607918750, -7.010968e+001,
2611037500, -6.973648e+001,
2614156250, -7.172141e+001,
2617275000, -7.174998e+001,
2620393750, -7.002010e+001,
2623512500, -7.047918e+001,
2626631250, -7.032548e+001,
2629750000, -7.115326e+001,
2632868750, -7.002668e+001,
2635987500, -7.039481e+001,
2639106250, -7.135141e+001,
2642225000, -7.019051e+001,
2645343750, -7.203484e+001,
2648462500, -7.266290e+001,
2651581250, -6.851689e+001,
2654700000, -7.054107e+001,
2657818750, -6.968491e+001,
2660937500, -7.245770e+001,
2664056250, -7.096893e+001,
2667175000, -6.965894e+001,
2670293750, -6.911540e+001,
2673412500, -7.468784e+001,
2676531250, -6.997433e+001,
2679650000, -7.154926e+001,
2682768750, -7.244270e+001,
2685887500, -7.186124e+001,
2689006250, -6.899850e+001,
2692125000, -7.035228e+001,
2695243750, -6.986433e+001,
2698362500, -7.190424e+001,
2701481250, -6.842412e+001,
2704600000, -6.861069e+001,
2707718750, -7.066698e+001,
2710837500, -7.058649e+001,
2713956250, -7.069177e+001,
2717075000, -7.070503e+001,
2720193750, -6.982333e+001,
2723312500, -6.820741e+001,
2726431250, -7.026901e+001,
2729550000, -7.265373e+001,
2732668750, -6.934238e+001,
2735787500, -6.941458e+001,
2738906250, -6.954240e+001,
2742025000, -7.139584e+001,
2745143750, -7.013407e+001,
2748262500, -6.901836e+001,
2751381250, -6.852567e+001,
2754500000, -6.929965e+001,
2757618750, -6.831522e+001,
2760737500, -6.810941e+001,
2763856250, -6.850094e+001,
2766975000, -6.850146e+001,
2770093750, -6.836531e+001,
2773212500, -6.875988e+001,
2776331250, -6.805560e+001,
2779450000, -6.846443e+001,
2782568750, -6.891823e+001,
2785687500, -6.834904e+001,
2788806250, -6.926181e+001,
2791925000, -6.800367e+001,
2795043750, -6.891320e+001,
2798162500, -6.890932e+001,
2801281250, -6.928061e+001,
2804400000, -6.833100e+001,
2807518750, -6.867987e+001,
2810637500, -6.812219e+001,
2813756250, -6.817233e+001,
2816875000, -6.815826e+001,
2819993750, -6.795326e+001,
2823112500, -6.871663e+001,
2826231250, -6.925584e+001,
2829350000, -6.745337e+001,
2832468750, -6.908904e+001,
2835587500, -6.748991e+001,
2838706250, -6.760764e+001,
2841825000, -6.684408e+001,
2844943750, -6.715237e+001,
2848062500, -6.639429e+001,
2851181250, -6.727274e+001,
2854300000, -6.844444e+001,
2857418750, -6.758432e+001,
2860537500, -6.798579e+001,
2863656250, -6.761358e+001,
2866775000, -6.615203e+001,
2869893750, -6.768728e+001,
2873012500, -6.672579e+001,
2876131250, -6.748646e+001,
2879250000, -6.631456e+001,
2882368750, -6.685529e+001,
2885487500, -6.631191e+001,
2888606250, -6.756055e+001,
2891725000, -6.663531e+001,
2894843750, -6.575636e+001,
2897962500, -6.708846e+001,
2901081250, -6.804571e+001,
2904200000, -6.745178e+001,
2907318750, -6.639371e+001,
2910437500, -6.761950e+001,
2913556250, -6.636296e+001,
2916675000, -6.584383e+001,
2919793750, -6.502073e+001,
2922912500, -6.762341e+001,
2926031250, -6.703716e+001,
2929150000, -6.569169e+001,
2932268750, -6.765608e+001,
2935387500, -6.723904e+001,
2938506250, -6.603364e+001,
2941625000, -6.708253e+001,
2944743750, -6.658875e+001,
2947862500, -6.578421e+001,
2950981250, -6.723429e+001,
2954100000, -6.680281e+001,
2957218750, -6.655641e+001,
2960337500, -6.615762e+001,
2963456250, -6.700357e+001,
2966575000, -6.566956e+001,
2969693750, -6.684682e+001,
2972812500, -6.522133e+001,
2975931250, -6.634936e+001,
2979050000, -6.620910e+001,
2982168750, -6.568726e+001,
2985287500, -6.465340e+001,
2988406250, -6.420958e+001,
2991525000, -6.545143e+001,
2994643750, -6.585593e+001,
2997762500, -6.421777e+001,
3000881250, -6.435753e+001,
3004000000, -6.447674e+001,
3007118750, -6.412758e+001,
3010237500, -6.482737e+001,
3013356250, -6.415305e+001,
3016475000, -6.432355e+001,
3019593750, -6.408318e+001,
3022712500, -6.414692e+001,
3025831250, -6.352047e+001,
3028950000, -6.412067e+001,
3032068750, -6.296711e+001,
3035187500, -6.303883e+001,
3038306250, -6.293335e+001,
3041425000, -6.266832e+001,
3044543750, -6.212357e+001,
3047662500, -6.226989e+001,
3050781250, -6.264953e+001,
3053900000, -6.233854e+001,
3057018750, -6.253007e+001,
3060137500, -6.211730e+001,
3063256250, -6.146092e+001,
3066375000, -6.126235e+001,
3069493750, -6.112871e+001,
3072612500, -6.065268e+001,
3075731250, -6.061514e+001,
3078850000, -6.132980e+001,
3081968750, -6.169059e+001,
3085087500, -6.090596e+001,
3088206250, -6.090304e+001,
3091325000, -6.081527e+001,
3094443750, -6.144546e+001,
3097562500, -6.116423e+001,
3100681250, -6.051170e+001,
3103800000, -6.086324e+001,
3106918750, -6.067693e+001,
3110037500, -6.061651e+001,
3113156250, -6.055726e+001,
3116275000, -6.078263e+001,
3119393750, -6.112442e+001,
3122512500, -6.048287e+001,
3125631250, -5.996490e+001,
3128750000, -5.939375e+001,
3131868750, -5.947402e+001,
3134987500, -5.923729e+001,
3138106250, -5.940715e+001,
3141225000, -5.959226e+001,
3144343750, -5.923256e+001,
3147462500, -5.908891e+001,
3150581250, -5.911190e+001,
3153700000, -5.983879e+001,
3156818750, -6.009820e+001,
3159937500, -5.973302e+001,
3163056250, -5.956238e+001,
3166175000, -5.986248e+001,
3169293750, -5.945475e+001,
3172412500, -5.977211e+001,
3175531250, -5.996677e+001,
3178650000, -5.906183e+001,
3181768750, -5.906380e+001,
3184887500, -5.945798e+001,
3188006250, -5.956908e+001,
3191125000, -5.965259e+001,
3194243750, -5.922097e+001,
3197362500, -6.003485e+001,
3200481250, -5.954720e+001,
3203600000, -5.968745e+001,
3206718750, -5.961472e+001,
3209837500, -5.943930e+001,
3212956250, -5.923664e+001,
3216075000, -5.878373e+001,
3219193750, -5.889458e+001,
3222312500, -5.933863e+001,
3225431250, -5.885474e+001,
3228550000, -5.932915e+001,
3231668750, -5.891389e+001,
3234787500, -5.997804e+001,
3237906250, -5.951139e+001,
3241025000, -5.870750e+001,
3244143750, -5.909135e+001,
3247262500, -5.929349e+001,
3250381250, -5.887703e+001,
3253500000, -5.946961e+001,
3256618750, -5.999341e+001,
3259737500, -6.022787e+001,
3262856250, -5.912874e+001,
3265975000, -5.942508e+001,
3269093750, -5.889599e+001,
3272212500, -5.874559e+001,
3275331250, -5.964508e+001,
3278450000, -6.039636e+001,
3281568750, -5.955832e+001,
3284687500, -6.014605e+001,
3287806250, -5.893200e+001,
3290925000, -5.890594e+001,
3294043750, -5.893210e+001,
3297162500, -5.800984e+001,
3300281250, -5.794522e+001,
3303400000, -5.827260e+001,
3306518750, -5.884700e+001,
3309637500, -5.870674e+001,
3312756250, -5.886529e+001,
3315875000, -5.768901e+001,
3318993750, -5.672713e+001,
3322112500, -5.797639e+001,
3325231250, -5.842479e+001,
3328350000, -5.726860e+001,
3331468750, -5.784580e+001,
3334587500, -5.912804e+001,
3337706250, -5.839840e+001,
3340825000, -5.900230e+001,
3343943750, -5.677804e+001,
3347062500, -5.673558e+001,
3350181250, -5.794169e+001,
3353300000, -5.603633e+001,
3356418750, -5.838573e+001,
3359537500, -5.870321e+001,
3362656250, -5.973474e+001,
3365775000, -5.682895e+001,
3368893750, -5.753129e+001,
3372012500, -5.651427e+001,
3375131250, -5.585120e+001,
3378250000, -5.618945e+001,
3381368750, -5.674048e+001,
3384487500, -5.837690e+001,
3387606250, -5.825653e+001,
3390725000, -5.799691e+001,
3393843750, -6.293231e+001,
3396962500, -5.884066e+001,
3400081250, -6.019674e+001,
3403200000, -5.648661e+001,
3406318750, -5.653963e+001,
3409437500, -5.737865e+001,
3412556250, -5.815014e+001,
3415675000, -6.053738e+001,
3418793750, -5.986734e+001,
3421912500, -5.864178e+001,
3425031250, -6.193989e+001,
3428150000, -6.072440e+001,
3431268750, -6.193971e+001,
3434387500, -5.808895e+001,
3437506250, -5.989425e+001,
3440625000, -5.499708e+001,
3443743750, -5.498386e+001,
3446862500, -5.808208e+001,
3449981250, -5.536353e+001,
3453100000, -7.407446e+001,
3456218750, -5.897506e+001,
3459337500, -6.372076e+001,
3462456250, -5.690686e+001,
3465575000, -6.333798e+001,
3468693750, -5.840853e+001,
3471812500, -6.176373e+001,
3474931250, -5.589175e+001,
3478050000, -6.009782e+001,
3481168750, -5.361264e+001,
3484287500, -5.596495e+001,
3487406250, -6.208883e+001,
3490525000, -5.685245e+001,
3493643750, -6.077037e+001,
3496762500, -5.354639e+001,
3499881250, -6.738772e+001,
3503000000, -6.085985e+001,
3506118750, -6.497857e+001,
3509237500, -5.822147e+001,
3512356250, -5.703726e+001,
3515475000, -6.146494e+001,
3518593750, -5.407457e+001,
3521712500, -4.817100e+001,
3524831250, -5.357477e+001,
3527950000, -5.096585e+001,
3531068750, -5.740210e+001,
3534187500, -6.708709e+001,
3537306250, -4.969722e+001,
3540425000, -4.399786e+001,
3543543750, -4.600357e+001,
3546662500, -4.440235e+001,
3549781250, -4.449906e+001,
3552900000, -5.034144e+001,
3556018750, -4.528261e+001,
3559137500, -4.452119e+001,
3562256250, -4.697184e+001,
3565375000, -4.639235e+001,
3568493750, -4.364717e+001,
3571612500, -4.647517e+001,
3574731250, -5.002516e+001,
3577850000, -4.594904e+001,
3580968750, -4.670240e+001,
3584087500, -4.845343e+001,
3587206250, -4.452569e+001,
3590325000, -4.037406e+001,
3593443750, -3.991673e+001,
3596562500, -4.077264e+001,
3599681250, -4.250732e+001,
3602800000, -4.429394e+001,
3605918750, -4.750461e+001,
3609037500, -4.957304e+001,
3612156250, -4.252343e+001,
3615275000, -4.615894e+001,
3618393750, -6.004479e+001,
3621512500, -4.998429e+001,
3624631250, -4.591106e+001,
3627750000, -4.203158e+001,
3630868750, -4.210065e+001,
3633987500, -4.418919e+001,
3637106250, -4.450397e+001,
3640225000, -4.017391e+001,
3643343750, -3.403978e+001,
3646462500, -3.007832e+001,
3649581250, -2.688878e+001,
3652700000, -2.515059e+001,
3655818750, -2.573712e+001,
3658937500, -2.484647e+001,
3662056250, -2.499430e+001,
3665175000, -2.678841e+001,
3668293750, -2.717959e+001,
3671412500, -2.626406e+001,
3674531250, -2.685488e+001,
3677650000, -2.748224e+001,
3680768750, -2.642237e+001,
3683887500, -2.487683e+001,
3687006250, -2.327158e+001,
3690125000, -2.206875e+001,
3693243750, -2.129501e+001,
3696362500, -2.008977e+001,
3699481250, -1.932809e+001,
3702600000, -1.868822e+001,
3705718750, -1.841758e+001,
3708837500, -1.735603e+001,
3711956250, -1.668462e+001,
3715075000, -1.596327e+001,
3718193750, -1.582014e+001,
3721312500, -1.578637e+001,
3724431250, -1.600752e+001,
3727550000, -1.588045e+001,
3730668750, -1.670921e+001,
3733787500, -1.831273e+001,
3736906250, -2.018735e+001,
3740025000, -2.091240e+001,
3743143750, -2.161200e+001,
3746262500, -2.127272e+001,
3749381250, -2.024533e+001,
3752500000, -1.883656e+001,
3755618750, -1.775246e+001,
3758737500, -1.707953e+001,
3761856250, -1.644476e+001,
3764975000, -1.657698e+001,
3768093750, -1.644503e+001,
3771212500, -1.630431e+001,
3774331250, -1.620227e+001,
3777450000, -1.630149e+001,
3780568750, -1.651319e+001,
3783687500, -1.608510e+001,
3786806250, -1.599234e+001,
3789925000, -1.588679e+001,
3793043750, -1.586493e+001,
3796162500, -1.576471e+001,
3799281250, -1.448934e+001,
3802400000, -1.572373e+001,
3805518750, -1.593103e+001,
3808637500, -1.581396e+001,
3811756250, -1.600400e+001,
3814875000, -1.626132e+001,
3817993750, -1.675064e+001,
3821112500, -1.664766e+001,
3824231250, -1.689389e+001,
3827350000, -1.727332e+001,
3830468750, -1.714743e+001,
3833587500, -1.699265e+001,
3836706250, -1.685993e+001,
3839825000, -1.675514e+001,
3842943750, -1.678407e+001,
3846062500, -1.665438e+001,
3849181250, -1.692025e+001,
3852300000, -1.735832e+001,
3855418750, -1.779063e+001,
3858537500, -1.840474e+001,
3861656250, -1.908265e+001,
3864775000, -1.968974e+001,
3867893750, -2.018695e+001,
3871012500, -2.042455e+001,
3874131250, -2.057498e+001,
3877250000, -2.077965e+001,
3880368750, -2.090462e+001,
3883487500, -2.089599e+001,
3886606250, -2.094001e+001,
3889725000, -2.080334e+001,
3892843750, -2.091394e+001,
3895962500, -2.104127e+001,
3899081250, -2.127169e+001,
3902200000, -2.146810e+001,
3905318750, -2.163168e+001,
3908437500, -2.218430e+001,
3911556250, -2.222882e+001,
3914675000, -2.270426e+001,
3917793750, -2.358799e+001,
3920912500, -2.441949e+001,
3924031250, -2.510880e+001,
3927150000, -2.561263e+001,
3930268750, -2.575167e+001,
3933387500, -2.557708e+001,
3936506250, -2.567408e+001,
3939625000, -2.585195e+001,
3942743750, -2.617818e+001,
3945862500, -2.689601e+001,
3948981250, -2.733625e+001,
3952100000, -2.736281e+001,
3955218750, -2.789966e+001,
3958337500, -2.889715e+001,
3961456250, -2.974079e+001,
3964575000, -3.074206e+001,
3967693750, -3.110033e+001,
3970812500, -3.144657e+001,
3973931250, -3.253201e+001,
3977050000, -3.356919e+001,
3980168750, -3.410167e+001,
3983287500, -3.401264e+001,
3986406250, -3.360030e+001,
3989525000, -3.342579e+001,
3992643750, -3.413597e+001,
3995762500, -3.472299e+001,
3998881250, -3.420729e+001,
4002000000, -3.450304e+001,
4005118750, -3.549825e+001,
4008237500, -3.586802e+001,
4011356250, -3.636260e+001,
4014475000, -3.582254e+001,
4017593750, -3.653996e+001,
4020712500, -3.784727e+001,
4023831250, -3.725410e+001,
4026950000, -3.889616e+001,
4030068750, -4.013051e+001,
4033187500, -3.870475e+001,
4036306250, -3.741779e+001,
4039425000, -3.770527e+001,
4042543750, -3.788280e+001,
4045662500, -3.853651e+001,
4048781250, -3.989867e+001,
4051900000, -4.233408e+001,
4055018750, -4.281042e+001,
4058137500, -4.245940e+001,
4061256250, -4.530854e+001,
4064375000, -4.406673e+001,
4067493750, -4.390583e+001,
4070612500, -4.557294e+001,
4073731250, -4.377674e+001,
4076850000, -4.540833e+001,
4079968750, -4.540906e+001,
4083087500, -4.643158e+001,
4086206250, -4.870470e+001,
4089325000, -4.975327e+001,
4092443750, -5.021671e+001,
4095562500, -4.938370e+001,
4098681250, -4.923547e+001,
4101800000, -4.854999e+001,
4104918750, -4.924712e+001,
4108037500, -5.060478e+001,
4111156250, -5.276038e+001,
4114275000, -5.193002e+001,
4117393750, -5.182037e+001,
4120512500, -5.182902e+001,
4123631250, -5.398045e+001,
4126750000, -5.565174e+001,
4129868750, -5.485400e+001,
4132987500, -5.508379e+001,
4136106250, -5.251093e+001,
4139225000, -5.203416e+001,
4142343750, -5.053070e+001,
4145462500, -5.010535e+001,
4148581250, -4.832845e+001,
4151700000, -4.863398e+001,
4154818750, -4.619862e+001,
4157937500, -4.962474e+001,
4161056250, -4.906708e+001,
4164175000, -5.011145e+001,
4167293750, -5.087166e+001,
4170412500, -4.991571e+001,
4173531250, -5.379961e+001,
4176650000, -4.821555e+001,
4179768750, -4.968262e+001,
4182887500, -4.949272e+001,
4186006250, -4.898450e+001,
4189125000, -5.060394e+001,
4192243750, -5.126377e+001,
4195362500, -5.018645e+001,
4198481250, -4.792068e+001,
4201600000, -5.187529e+001,
4204718750, -4.917352e+001,
4207837500, -4.757398e+001,
4210956250, -5.207626e+001,
4214075000, -5.252379e+001,
4217193750, -5.564954e+001,
4220312500, -5.488943e+001,
4223431250, -5.216794e+001,
4226550000, -5.668848e+001,
4229668750, -5.730790e+001,
4232787500, -5.514384e+001,
4235906250, -6.096681e+001,
4239025000, -5.439885e+001,
4242143750, -5.331623e+001,
4245262500, -5.825911e+001,
4248381250, -5.811388e+001,
4251500000, -5.310359e+001,
4254618750, -5.269476e+001,
4257737500, -5.618358e+001,
4260856250, -5.365939e+001,
4263975000, -5.203502e+001,
4267093750, -5.390357e+001,
4270212500, -6.007291e+001,
4273331250, -6.171156e+001,
4276450000, -5.939165e+001,
4279568750, -5.680168e+001,
4282687500, -5.607567e+001,
4285806250, -5.736446e+001,
4288925000, -6.289803e+001,
4292043750, -6.919941e+001,
4295162500, -6.247278e+001,
4298281250, -5.695533e+001,
4301400000, -5.689310e+001,
4304518750, -5.991749e+001,
4307637500, -5.784794e+001,
4310756250, -6.300189e+001,
4313875000, -6.283937e+001,
4316993750, -6.652699e+001,
4320112500, -6.425778e+001,
4323231250, -6.914310e+001,
4326350000, -6.374188e+001,
4329468750, -7.092648e+001,
4332587500, -6.259881e+001,
4335706250, -6.483475e+001,
4338825000, -6.285791e+001,
4341943750, -6.290009e+001,
4345062500, -6.280089e+001,
4348181250, -6.168995e+001,
4351300000, -6.277645e+001,
4354418750, -6.180694e+001,
4357537500, -6.221594e+001,
4360656250, -6.235631e+001,
4363775000, -6.310663e+001,
4366893750, -6.281331e+001,
4370012500, -6.272474e+001,
4373131250, -6.301084e+001,
4376250000, -6.282999e+001,
4379368750, -6.241742e+001,
4382487500, -6.235995e+001,
4385606250, -6.259526e+001,
4388725000, -6.248470e+001,
4391843750, -6.216992e+001,
4394962500, -6.216376e+001,
4398081250, -6.187773e+001,
4401200000, -6.275174e+001,
4404318750, -6.217490e+001,
4407437500, -6.215929e+001,
4410556250, -6.239889e+001,
4413675000, -6.233408e+001,
4416793750, -6.189248e+001,
4419912500, -6.223084e+001,
4423031250, -6.221952e+001,
4426150000, -6.267033e+001,
4429268750, -6.309100e+001,
4432387500, -6.221344e+001,
4435506250, -6.251753e+001,
4438625000, -6.169669e+001,
4441743750, -6.291550e+001,
4444862500, -6.227827e+001,
4447981250, -6.283804e+001,
4451100000, -6.156121e+001,
4454218750, -6.307903e+001,
4457337500, -6.190914e+001,
4460456250, -6.245593e+001,
4463575000, -6.180839e+001,
4466693750, -6.209518e+001,
4469812500, -6.167932e+001,
4472931250, -6.211494e+001,
4476050000, -6.217765e+001,
4479168750, -6.194777e+001,
4482287500, -6.165656e+001,
4485406250, -6.196195e+001,
4488525000, -6.141700e+001,
4491643750, -6.203291e+001,
4494762500, -6.143119e+001,
4497881250, -6.185314e+001,
4501000000, -6.149632e+001,
4504118750, -6.131444e+001,
4507237500, -6.130998e+001,
4510356250, -6.019307e+001,
4513475000, -6.116735e+001,
4516593750, -6.072314e+001,
4519712500, -6.030920e+001,
4522831250, -6.106534e+001,
4525950000, -6.044611e+001,
4529068750, -6.097620e+001,
4532187500, -6.086794e+001,
4535306250, -6.089091e+001,
4538425000, -6.043847e+001,
4541543750, -6.063256e+001,
4544662500, -6.072765e+001,
4547781250, -6.126331e+001,
4550900000, -6.117066e+001,
4554018750, -6.076444e+001,
4557137500, -6.080590e+001,
4560256250, -6.151369e+001,
4563375000, -6.119339e+001,
4566493750, -6.123686e+001,
4569612500, -6.081923e+001,
4572731250, -6.123264e+001,
4575850000, -6.136288e+001,
4578968750, -6.110513e+001,
4582087500, -6.173710e+001,
4585206250, -6.155231e+001,
4588325000, -6.179539e+001,
4591443750, -6.178098e+001,
4594562500, -6.208500e+001,
4597681250, -6.168534e+001,
4600800000, -6.201316e+001,
4603918750, -6.178985e+001,
4607037500, -6.211060e+001,
4610156250, -6.211639e+001,
4613275000, -6.197931e+001,
4616393750, -6.251673e+001,
4619512500, -6.241347e+001,
4622631250, -6.226633e+001,
4625750000, -6.248689e+001,
4628868750, -6.210264e+001,
4631987500, -6.322036e+001,
4635106250, -6.230544e+001,
4638225000, -6.252999e+001,
4641343750, -6.237668e+001,
4644462500, -6.333384e+001,
4647581250, -6.258219e+001,
4650700000, -6.277104e+001,
4653818750, -6.288870e+001,
4656937500, -6.279045e+001,
4660056250, -6.291161e+001,
4663175000, -6.267493e+001,
4666293750, -6.331623e+001,
4669412500, -6.277424e+001,
4672531250, -6.284097e+001,
4675650000, -6.335336e+001,
4678768750, -6.268627e+001,
4681887500, -6.309501e+001,
4685006250, -6.309646e+001,
4688125000, -6.310183e+001,
4691243750, -6.321074e+001,
4694362500, -6.328913e+001,
4697481250, -6.326930e+001,
4700600000, -6.327517e+001,
4703718750, -6.360212e+001,
4706837500, -6.391311e+001,
4709956250, -6.312911e+001,
4713075000, -6.327796e+001,
4716193750, -6.245089e+001,
4719312500, -6.353143e+001,
4722431250, -6.388028e+001,
4725550000, -6.310103e+001,
4728668750, -6.334302e+001,
4731787500, -6.360535e+001,
4734906250, -6.312199e+001,
4738025000, -6.321823e+001,
4741143750, -6.400301e+001,
4744262500, -6.437083e+001,
4747381250, -6.335173e+001,
4750500000, -6.328822e+001,
4753618750, -6.322833e+001,
4756737500, -6.479872e+001,
4759856250, -6.334101e+001,
4762975000, -6.321841e+001,
4766093750, -6.321720e+001,
4769212500, -6.408684e+001,
4772331250, -6.339238e+001,
4775450000, -6.297304e+001,
4778568750, -6.333693e+001,
4781687500, -6.317491e+001,
4784806250, -6.305518e+001,
4787925000, -6.299531e+001,
4791043750, -6.249911e+001,
4794162500, -6.324112e+001,
4797281250, -6.257689e+001,
4800400000, -6.266823e+001,
4803518750, -6.241670e+001,
4806637500, -6.273855e+001,
4809756250, -6.277422e+001,
4812875000, -6.229552e+001,
4815993750, -6.222342e+001,
4819112500, -6.260213e+001,
4822231250, -6.314661e+001,
4825350000, -6.232949e+001,
4828468750, -6.214230e+001,
4831587500, -6.245309e+001,
4834706250, -6.315376e+001,
4837825000, -6.302048e+001,
4840943750, -6.293554e+001,
4844062500, -6.272665e+001,
4847181250, -6.335643e+001,
4850300000, -6.301924e+001,
4853418750, -6.248823e+001,
4856537500, -6.260028e+001,
4859656250, -6.331058e+001,
4862775000, -6.248841e+001,
4865893750, -6.320059e+001,
4869012500, -6.393911e+001,
4872131250, -6.375048e+001,
4875250000, -6.398583e+001,
4878368750, -6.416485e+001,
4881487500, -6.415575e+001,
4884606250, -6.422575e+001,
4887725000, -6.431800e+001,
4890843750, -6.403984e+001,
4893962500, -6.369784e+001,
4897081250, -6.437125e+001,
4900200000, -6.401753e+001,
4903318750, -6.434184e+001,
4906437500, -6.406748e+001,
4909556250, -6.431114e+001,
4912675000, -6.359533e+001,
4915793750, -6.508723e+001,
4918912500, -6.387250e+001,
4922031250, -6.299466e+001,
4925150000, -6.405328e+001,
4928268750, -6.424670e+001,
4931387500, -6.385919e+001,
4934506250, -6.316461e+001,
4937625000, -6.381427e+001,
4940743750, -6.390843e+001,
4943862500, -6.354567e+001,
4946981250, -6.354577e+001,
4950100000, -6.363214e+001,
4953218750, -6.390079e+001,
4956337500, -6.363277e+001,
4959456250, -6.368447e+001,
4962575000, -6.402892e+001,
4965693750, -6.404411e+001,
4968812500, -6.387863e+001,
4971931250, -6.376846e+001,
4975050000, -6.333907e+001,
4978168750, -6.371376e+001,
4981287500, -6.319772e+001,
4984406250, -6.311058e+001,
4987525000, -6.348399e+001,
4990643750, -6.363783e+001,
4993762500, -6.411931e+001,
4996881250, -6.358954e+001,
5000000000, -6.346345e+001,
