"S21 Log Mag"
"Frequency (Hz)","dB",
10000000, -5.395486e+001,
13118750, -5.754889e+001,
16237500, -6.132678e+001,
19356250, -6.536375e+001,
22475000, -6.933537e+001,
25593750, -8.046297e+001,
28712500, -7.189072e+001,
31831250, -8.468607e+001,
34950000, -7.300969e+001,
38068750, -7.972861e+001,
41187500, -8.278142e+001,
44306250, -8.463943e+001,
47425000, -7.320460e+001,
50543750, -6.726990e+001,
53662500, -6.998599e+001,
56781250, -7.028353e+001,
59900000, -7.271914e+001,
63018750, -7.507941e+001,
66137500, -7.479053e+001,
69256250, -8.473318e+001,
72375000, -8.181146e+001,
75493750, -7.443210e+001,
78612500, -6.938954e+001,
81731250, -8.170434e+001,
84850000, -7.677115e+001,
87968750, -7.304157e+001,
91087500, -7.883549e+001,
94206250, -8.621822e+001,
97325000, -7.336741e+001,
100443750, -7.434681e+001,
103562500, -8.482999e+001,
106681250, -8.284409e+001,
109800000, -7.768824e+001,
112918750, -7.143890e+001,
116037500, -7.072366e+001,
119156250, -7.206001e+001,
122275000, -7.661636e+001,
125393750, -6.595908e+001,
128512500, -6.960802e+001,
131631250, -7.101205e+001,
134750000, -7.117407e+001,
137868750, -7.239843e+001,
140987500, -7.682905e+001,
144106250, -7.150504e+001,
147225000, -6.641539e+001,
150343750, -6.807491e+001,
153462500, -7.755564e+001,
156581250, -7.581374e+001,
159700000, -7.533372e+001,
162818750, -7.233856e+001,
165937500, -6.885199e+001,
169056250, -8.330486e+001,
172175000, -7.683043e+001,
175293750, -7.573374e+001,
178412500, -6.841386e+001,
181531250, -7.454866e+001,
184650000, -7.641274e+001,
187768750, -7.147008e+001,
190887500, -7.539849e+001,
194006250, -7.126360e+001,
197125000, -7.077891e+001,
200243750, -6.910017e+001,
203362500, -7.258576e+001,
206481250, -7.183688e+001,
209600000, -7.062420e+001,
212718750, -7.341309e+001,
215837500, -7.002235e+001,
218956250, -7.204870e+001,
222075000, -7.535863e+001,
225193750, -7.242728e+001,
228312500, -7.686953e+001,
231431250, -7.013638e+001,
234550000, -7.212209e+001,
237668750, -7.430962e+001,
240787500, -7.283511e+001,
243906250, -7.797626e+001,
247025000, -7.175790e+001,
250143750, -7.029243e+001,
253262500, -7.816389e+001,
256381250, -7.014536e+001,
259500000, -6.991068e+001,
262618750, -7.273824e+001,
265737500, -6.940421e+001,
268856250, -6.985124e+001,
271975000, -7.502251e+001,
275093750, -6.724413e+001,
278212500, -6.697325e+001,
281331250, -7.006400e+001,
284450000, -6.628593e+001,
287568750, -6.822160e+001,
290687500, -7.114130e+001,
293806250, -7.571389e+001,
296925000, -7.021204e+001,
300043750, -6.824236e+001,
303162500, -7.167170e+001,
306281250, -6.962983e+001,
309400000, -7.024954e+001,
312518750, -7.003680e+001,
315637500, -6.839728e+001,
318756250, -7.011800e+001,
321875000, -6.848663e+001,
324993750, -7.019968e+001,
328112500, -6.794851e+001,
331231250, -7.172243e+001,
334350000, -7.042731e+001,
337468750, -6.926546e+001,
340587500, -6.750816e+001,
343706250, -6.780851e+001,
346825000, -6.978204e+001,
349943750, -7.130985e+001,
353062500, -6.852061e+001,
356181250, -6.739732e+001,
359300000, -6.718739e+001,
362418750, -6.793617e+001,
365537500, -7.105050e+001,
368656250, -6.817017e+001,
371775000, -6.989545e+001,
374893750, -6.820581e+001,
378012500, -6.765391e+001,
381131250, -6.785602e+001,
384250000, -6.875000e+001,
387368750, -6.975980e+001,
390487500, -6.671221e+001,
393606250, -6.721859e+001,
396725000, -6.830733e+001,
399843750, -6.900676e+001,
402962500, -6.736493e+001,
406081250, -6.748618e+001,
409200000, -6.917261e+001,
412318750, -6.777362e+001,
415437500, -6.714378e+001,
418556250, -6.848813e+001,
421675000, -6.819500e+001,
424793750, -6.656401e+001,
427912500, -6.614129e+001,
431031250, -6.661926e+001,
434150000, -6.651730e+001,
437268750, -6.623795e+001,
440387500, -6.833071e+001,
443506250, -6.439822e+001,
446625000, -6.539330e+001,
449743750, -6.608696e+001,
452862500, -6.512128e+001,
455981250, -6.680932e+001,
459100000, -6.681918e+001,
462218750, -6.527277e+001,
465337500, -6.692950e+001,
468456250, -6.727193e+001,
471575000, -6.566739e+001,
474693750, -6.631300e+001,
477812500, -6.554729e+001,
480931250, -6.549904e+001,
484050000, -6.684132e+001,
487168750, -6.617755e+001,
490287500, -6.622854e+001,
493406250, -6.533141e+001,
496525000, -6.592768e+001,
499643750, -6.515350e+001,
502762500, -6.613146e+001,
505881250, -6.535690e+001,
509000000, -6.492533e+001,
512118750, -6.540153e+001,
515237500, -6.576069e+001,
518356250, -6.583279e+001,
521475000, -6.635439e+001,
524593750, -6.642213e+001,
527712500, -6.493060e+001,
530831250, -6.553010e+001,
533950000, -6.464987e+001,
537068750, -6.538850e+001,
540187500, -6.718214e+001,
543306250, -6.448221e+001,
546425000, -6.505029e+001,
549543750, -6.532898e+001,
552662500, -6.715771e+001,
555781250, -6.492062e+001,
558900000, -6.448754e+001,
562018750, -6.550741e+001,
565137500, -6.603696e+001,
568256250, -6.534880e+001,
571375000, -6.538326e+001,
574493750, -6.405360e+001,
577612500, -6.497931e+001,
580731250, -6.414387e+001,
583850000, -6.418848e+001,
586968750, -6.457919e+001,
590087500, -6.384822e+001,
593206250, -6.459859e+001,
596325000, -6.532529e+001,
599443750, -6.494711e+001,
602562500, -6.389133e+001,
605681250, -6.531470e+001,
608800000, -6.547324e+001,
611918750, -6.415158e+001,
615037500, -6.509613e+001,
618156250, -6.380185e+001,
621275000, -6.500159e+001,
624393750, -6.361258e+001,
627512500, -6.397620e+001,
630631250, -6.447284e+001,
633750000, -6.454633e+001,
636868750, -6.421412e+001,
639987500, -6.440750e+001,
643106250, -6.456168e+001,
646225000, -6.411160e+001,
649343750, -6.458002e+001,
652462500, -6.390598e+001,
655581250, -6.485499e+001,
658700000, -6.325606e+001,
661818750, -6.411306e+001,
664937500, -6.457201e+001,
668056250, -6.444485e+001,
671175000, -6.455889e+001,
674293750, -6.315789e+001,
677412500, -6.423095e+001,
680531250, -6.351189e+001,
683650000, -6.405952e+001,
686768750, -6.480478e+001,
689887500, -6.344790e+001,
693006250, -6.447437e+001,
696125000, -6.374273e+001,
699243750, -6.324660e+001,
702362500, -6.350055e+001,
705481250, -6.366187e+001,
708600000, -6.378278e+001,
711718750, -6.360188e+001,
714837500, -6.322826e+001,
717956250, -6.293420e+001,
721075000, -6.318634e+001,
724193750, -6.319942e+001,
727312500, -6.306189e+001,
730431250, -6.279887e+001,
733550000, -6.369975e+001,
736668750, -6.292958e+001,
739787500, -6.312375e+001,
742906250, -6.297284e+001,
746025000, -6.263448e+001,
749143750, -6.273912e+001,
752262500, -6.263046e+001,
755381250, -6.321746e+001,
758500000, -6.235985e+001,
761618750, -6.186942e+001,
764737500, -6.203509e+001,
767856250, -6.278009e+001,
770975000, -6.197538e+001,
774093750, -6.160041e+001,
777212500, -6.145005e+001,
780331250, -6.244004e+001,
783450000, -6.260905e+001,
786568750, -6.203011e+001,
789687500, -6.195778e+001,
792806250, -6.214153e+001,
795925000, -6.176255e+001,
799043750, -6.153736e+001,
802162500, -6.174251e+001,
805281250, -6.195525e+001,
808400000, -6.165633e+001,
811518750, -6.162741e+001,
814637500, -6.129583e+001,
817756250, -6.219320e+001,
820875000, -6.220211e+001,
823993750, -6.203204e+001,
827112500, -6.123296e+001,
830231250, -6.169669e+001,
833350000, -6.173692e+001,
836468750, -6.154821e+001,
839587500, -6.118871e+001,
842706250, -6.192244e+001,
845825000, -6.097501e+001,
848943750, -6.089253e+001,
852062500, -6.162491e+001,
855181250, -6.108532e+001,
858300000, -6.154536e+001,
861418750, -6.104444e+001,
864537500, -6.114815e+001,
867656250, -6.070751e+001,
870775000, -6.122787e+001,
873893750, -6.183321e+001,
877012500, -6.137467e+001,
880131250, -6.074853e+001,
883250000, -6.202036e+001,
886368750, -6.128784e+001,
889487500, -6.036634e+001,
892606250, -6.101107e+001,
895725000, -6.050687e+001,
898843750, -6.101620e+001,
901962500, -6.106063e+001,
905081250, -6.107919e+001,
908200000, -6.041893e+001,
911318750, -6.049625e+001,
914437500, -5.990844e+001,
917556250, -6.076457e+001,
920675000, -6.062924e+001,
923793750, -6.008919e+001,
926912500, -6.080381e+001,
930031250, -6.088220e+001,
933150000, -6.048945e+001,
936268750, -6.019298e+001,
939387500, -6.025623e+001,
942506250, -6.033014e+001,
945625000, -6.054405e+001,
948743750, -6.059296e+001,
951862500, -6.016708e+001,
954981250, -6.073270e+001,
958100000, -6.033733e+001,
961218750, -6.054110e+001,
964337500, -6.028897e+001,
967456250, -6.038536e+001,
970575000, -6.072539e+001,
973693750, -6.044021e+001,
976812500, -6.028360e+001,
979931250, -6.062275e+001,
983050000, -6.006518e+001,
986168750, -6.049440e+001,
989287500, -6.047178e+001,
992406250, -5.995055e+001,
995525000, -6.034052e+001,
998643750, -6.049438e+001,
1001762500, -6.077562e+001,
1004881250, -6.058060e+001,
1008000000, -6.019104e+001,
1011118750, -6.067841e+001,
1014237500, -6.004692e+001,
1017356250, -6.106466e+001,
1020475000, -5.972070e+001,
1023593750, -6.005596e+001,
1026712500, -6.019557e+001,
1029831250, -6.083537e+001,
1032950000, -5.996307e+001,
1036068750, -5.972365e+001,
1039187500, -5.961980e+001,
1042306250, -6.006553e+001,
1045425000, -6.032047e+001,
1048543750, -5.996553e+001,
1051662500, -5.941125e+001,
1054781250, -6.067333e+001,
1057900000, -5.990464e+001,
1061018750, -6.031100e+001,
1064137500, -5.952039e+001,
1067256250, -6.035189e+001,
1070375000, -6.081745e+001,
1073493750, -6.039199e+001,
1076612500, -6.057775e+001,
1079731250, -6.067585e+001,
1082850000, -6.068936e+001,
1085968750, -6.075114e+001,
1089087500, -6.001110e+001,
1092206250, -6.053551e+001,
1095325000, -6.109506e+001,
1098443750, -6.052074e+001,
1101562500, -6.029650e+001,
1104681250, -6.097221e+001,
1107800000, -6.068141e+001,
1110918750, -6.108549e+001,
1114037500, -6.112135e+001,
1117156250, -6.097874e+001,
1120275000, -6.092409e+001,
1123393750, -6.052146e+001,
1126512500, -6.102467e+001,
1129631250, -6.044403e+001,
1132750000, -6.095555e+001,
1135868750, -6.064376e+001,
1138987500, -6.064435e+001,
1142106250, -6.081072e+001,
1145225000, -6.054376e+001,
1148343750, -6.133506e+001,
1151462500, -6.076934e+001,
1154581250, -6.137211e+001,
1157700000, -6.095780e+001,
1160818750, -6.091206e+001,
1163937500, -6.112940e+001,
1167056250, -6.176261e+001,
1170175000, -6.115011e+001,
1173293750, -6.087186e+001,
1176412500, -6.138277e+001,
1179531250, -6.166767e+001,
1182650000, -6.103164e+001,
1185768750, -6.047343e+001,
1188887500, -6.103511e+001,
1192006250, -6.115470e+001,
1195125000, -6.141107e+001,
1198243750, -6.099620e+001,
1201362500, -6.137409e+001,
1204481250, -6.095877e+001,
1207600000, -6.159431e+001,
1210718750, -6.130499e+001,
1213837500, -6.113989e+001,
1216956250, -6.046090e+001,
1220075000, -6.098928e+001,
1223193750, -6.140815e+001,
1226312500, -6.093862e+001,
1229431250, -6.132965e+001,
1232550000, -6.113494e+001,
1235668750, -6.124202e+001,
1238787500, -6.117280e+001,
1241906250, -6.095873e+001,
1245025000, -6.124986e+001,
1248143750, -6.119327e+001,
1251262500, -6.139934e+001,
1254381250, -6.120840e+001,
1257500000, -6.107420e+001,
1260618750, -6.147952e+001,
1263737500, -6.136562e+001,
1266856250, -6.129382e+001,
1269975000, -6.126055e+001,
1273093750, -6.097714e+001,
1276212500, -6.170654e+001,
1279331250, -6.153263e+001,
1282450000, -6.070889e+001,
1285568750, -6.097500e+001,
1288687500, -6.098086e+001,
1291806250, -6.147139e+001,
1294925000, -6.125309e+001,
1298043750, -6.121871e+001,
1301162500, -6.176344e+001,
1304281250, -6.130177e+001,
1307400000, -6.136037e+001,
1310518750, -6.060110e+001,
1313637500, -6.107525e+001,
1316756250, -6.103683e+001,
1319875000, -6.043526e+001,
1322993750, -6.060568e+001,
1326112500, -6.086037e+001,
1329231250, -6.063749e+001,
1332350000, -6.028549e+001,
1335468750, -6.083918e+001,
1338587500, -5.955221e+001,
1341706250, -6.084751e+001,
1344825000, -6.057323e+001,
1347943750, -6.078296e+001,
1351062500, -6.069376e+001,
1354181250, -6.010786e+001,
1357300000, -6.072570e+001,
1360418750, -6.068327e+001,
1363537500, -6.026747e+001,
1366656250, -6.030260e+001,
1369775000, -6.004396e+001,
1372893750, -6.024381e+001,
1376012500, -6.051548e+001,
1379131250, -6.044143e+001,
1382250000, -6.002446e+001,
1385368750, -6.035462e+001,
1388487500, -6.019262e+001,
1391606250, -6.057081e+001,
1394725000, -6.052522e+001,
1397843750, -6.030794e+001,
1400962500, -6.040606e+001,
1404081250, -6.052625e+001,
1407200000, -6.062483e+001,
1410318750, -6.119757e+001,
1413437500, -6.069178e+001,
1416556250, -6.111373e+001,
1419675000, -6.131206e+001,
1422793750, -6.134908e+001,
1425912500, -6.093711e+001,
1429031250, -6.149089e+001,
1432150000, -6.109823e+001,
1435268750, -6.157885e+001,
1438387500, -6.185019e+001,
1441506250, -6.102629e+001,
1444625000, -6.176215e+001,
1447743750, -6.132157e+001,
1450862500, -6.180783e+001,
1453981250, -6.195594e+001,
1457100000, -6.184818e+001,
1460218750, -6.214174e+001,
1463337500, -6.177356e+001,
1466456250, -6.260695e+001,
1469575000, -6.087737e+001,
1472693750, -6.272834e+001,
1475812500, -6.273053e+001,
1478931250, -6.222570e+001,
1482050000, -6.199887e+001,
1485168750, -6.179717e+001,
1488287500, -6.145362e+001,
1491406250, -6.207436e+001,
1494525000, -6.247448e+001,
1497643750, -6.218573e+001,
1500762500, -6.187488e+001,
1503881250, -6.158490e+001,
1507000000, -6.166619e+001,
1510118750, -6.257641e+001,
1513237500, -6.262252e+001,
1516356250, -6.355391e+001,
1519475000, -6.217130e+001,
1522593750, -6.225394e+001,
1525712500, -6.223990e+001,
1528831250, -6.249601e+001,
1531950000, -6.305326e+001,
1535068750, -6.319171e+001,
1538187500, -6.274759e+001,
1541306250, -6.287388e+001,
1544425000, -6.266094e+001,
1547543750, -6.283578e+001,
1550662500, -6.299942e+001,
1553781250, -6.274958e+001,
1556900000, -6.277420e+001,
1560018750, -6.249977e+001,
1563137500, -6.278949e+001,
1566256250, -6.291435e+001,
1569375000, -6.263337e+001,
1572493750, -6.262078e+001,
1575612500, -6.299184e+001,
1578731250, -6.334527e+001,
1581850000, -6.326020e+001,
1584968750, -6.240232e+001,
1588087500, -6.300894e+001,
1591206250, -6.298393e+001,
1594325000, -6.275904e+001,
1597443750, -6.298948e+001,
1600562500, -6.271473e+001,
1603681250, -6.236792e+001,
1606800000, -6.321411e+001,
1609918750, -6.294824e+001,
1613037500, -6.333920e+001,
1616156250, -6.317352e+001,
1619275000, -6.410584e+001,
1622393750, -6.307898e+001,
1625512500, -6.283835e+001,
1628631250, -6.306271e+001,
1631750000, -6.318807e+001,
1634868750, -6.269134e+001,
1637987500, -6.288479e+001,
1641106250, -6.334118e+001,
1644225000, -6.341382e+001,
1647343750, -6.484818e+001,
1650462500, -6.368858e+001,
1653581250, -6.358826e+001,
1656700000, -6.416557e+001,
1659818750, -6.394518e+001,
1662937500, -6.394907e+001,
1666056250, -6.340840e+001,
1669175000, -6.376633e+001,
1672293750, -6.414314e+001,
1675412500, -6.414516e+001,
1678531250, -6.370444e+001,
1681650000, -6.395329e+001,
1684768750, -6.463692e+001,
1687887500, -6.460677e+001,
1691006250, -6.481099e+001,
1694125000, -6.406101e+001,
1697243750, -6.474064e+001,
1700362500, -6.469792e+001,
1703481250, -6.473057e+001,
1706600000, -6.455100e+001,
1709718750, -6.433070e+001,
1712837500, -6.500399e+001,
1715956250, -6.502224e+001,
1719075000, -6.522993e+001,
1722193750, -6.417528e+001,
1725312500, -6.472333e+001,
1728431250, -6.563168e+001,
1731550000, -6.576995e+001,
1734668750, -6.459867e+001,
1737787500, -6.447401e+001,
1740906250, -6.578767e+001,
1744025000, -6.650737e+001,
1747143750, -6.641870e+001,
1750262500, -6.590562e+001,
1753381250, -6.591644e+001,
1756500000, -6.600279e+001,
1759618750, -6.572056e+001,
1762737500, -6.633971e+001,
1765856250, -6.670055e+001,
1768975000, -6.603688e+001,
1772093750, -6.651196e+001,
1775212500, -6.622085e+001,
1778331250, -6.584155e+001,
1781450000, -6.704602e+001,
1784568750, -6.661684e+001,
1787687500, -6.638983e+001,
1790806250, -6.684480e+001,
1793925000, -6.720229e+001,
1797043750, -6.721082e+001,
1800162500, -6.727879e+001,
1803281250, -6.682968e+001,
1806400000, -6.733384e+001,
1809518750, -6.675820e+001,
1812637500, -6.709826e+001,
1815756250, -6.727485e+001,
1818875000, -6.793719e+001,
1821993750, -6.774728e+001,
1825112500, -6.730941e+001,
1828231250, -6.774297e+001,
1831350000, -6.739079e+001,
1834468750, -6.815548e+001,
1837587500, -6.744949e+001,
1840706250, -6.779294e+001,
1843825000, -6.828194e+001,
1846943750, -6.789426e+001,
1850062500, -6.835526e+001,
1853181250, -6.781681e+001,
1856300000, -6.824918e+001,
1859418750, -6.844637e+001,
1862537500, -6.870483e+001,
1865656250, -6.846910e+001,
1868775000, -6.975504e+001,
1871893750, -6.907862e+001,
1875012500, -6.804424e+001,
1878131250, -6.905031e+001,
1881250000, -7.089187e+001,
1884368750, -6.833916e+001,
1887487500, -6.807391e+001,
1890606250, -7.001408e+001,
1893725000, -6.995311e+001,
1896843750, -6.971282e+001,
1899962500, -6.918972e+001,
1903081250, -6.973005e+001,
1906200000, -7.039683e+001,
1909318750, -6.809795e+001,
1912437500, -6.939501e+001,
1915556250, -6.937733e+001,
1918675000, -7.065368e+001,
1921793750, -6.924856e+001,
1924912500, -6.932233e+001,
1928031250, -6.894301e+001,
1931150000, -6.814256e+001,
1934268750, -7.165047e+001,
1937387500, -7.081847e+001,
1940506250, -6.917237e+001,
1943625000, -7.052283e+001,
1946743750, -6.930207e+001,
1949862500, -7.006427e+001,
1952981250, -6.882162e+001,
1956100000, -7.040617e+001,
1959218750, -6.959237e+001,
1962337500, -6.893721e+001,
1965456250, -6.906989e+001,
1968575000, -6.953023e+001,
1971693750, -6.971186e+001,
1974812500, -7.028843e+001,
1977931250, -6.869360e+001,
1981050000, -7.087771e+001,
1984168750, -7.214549e+001,
1987287500, -7.034203e+001,
1990406250, -6.923236e+001,
1993525000, -7.013522e+001,
1996643750, -7.059612e+001,
1999762500, -7.029324e+001,
2002881250, -6.979411e+001,
2006000000, -7.096240e+001,
2009118750, -7.108118e+001,
2012237500, -7.240613e+001,
2015356250, -6.969162e+001,
2018475000, -7.112467e+001,
2021593750, -7.091677e+001,
2024712500, -7.181084e+001,
2027831250, -7.200674e+001,
2030950000, -6.943884e+001,
2034068750, -7.336520e+001,
2037187500, -7.025311e+001,
2040306250, -7.309119e+001,
2043425000, -7.120323e+001,
2046543750, -7.210150e+001,
2049662500, -7.187774e+001,
2052781250, -7.493841e+001,
2055900000, -7.163339e+001,
2059018750, -7.369566e+001,
2062137500, -7.220946e+001,
2065256250, -7.450834e+001,
2068375000, -7.515018e+001,
2071493750, -7.762637e+001,
2074612500, -7.202240e+001,
2077731250, -7.509019e+001,
2080850000, -7.392540e+001,
2083968750, -7.346767e+001,
2087087500, -7.524538e+001,
2090206250, -7.244568e+001,
2093325000, -7.506526e+001,
2096443750, -7.188924e+001,
2099562500, -7.721520e+001,
2102681250, -7.366374e+001,
2105800000, -7.621574e+001,
2108918750, -7.518681e+001,
2112037500, -7.144500e+001,
2115156250, -7.571834e+001,
2118275000, -7.316351e+001,
2121393750, -7.305567e+001,
2124512500, -7.366526e+001,
2127631250, -7.499066e+001,
2130750000, -7.341951e+001,
2133868750, -7.236440e+001,
2136987500, -7.585642e+001,
2140106250, -7.324614e+001,
2143225000, -7.434000e+001,
2146343750, -7.318694e+001,
2149462500, -7.300640e+001,
2152581250, -7.299133e+001,
2155700000, -7.443092e+001,
2158818750, -7.332950e+001,
2161937500, -7.308658e+001,
2165056250, -7.354229e+001,
2168175000, -7.300793e+001,
2171293750, -7.267890e+001,
2174412500, -7.138767e+001,
2177531250, -7.420367e+001,
2180650000, -7.594311e+001,
2183768750, -7.404456e+001,
2186887500, -7.389759e+001,
2190006250, -7.266621e+001,
2193125000, -7.616290e+001,
2196243750, -7.430618e+001,
2199362500, -7.130264e+001,
2202481250, -7.189301e+001,
2205600000, -7.868047e+001,
2208718750, -7.366162e+001,
2211837500, -7.351797e+001,
2214956250, -7.255547e+001,
2218075000, -7.416323e+001,
2221193750, -7.315134e+001,
2224312500, -7.204514e+001,
2227431250, -7.111346e+001,
2230550000, -7.219377e+001,
2233668750, -6.995988e+001,
2236787500, -7.096787e+001,
2239906250, -7.089193e+001,
2243025000, -7.273950e+001,
2246143750, -7.271391e+001,
2249262500, -7.163580e+001,
2252381250, -7.124510e+001,
2255500000, -7.137666e+001,
2258618750, -7.244578e+001,
2261737500, -7.196377e+001,
2264856250, -7.239482e+001,
2267975000, -7.295083e+001,
2271093750, -7.132339e+001,
2274212500, -7.111976e+001,
2277331250, -7.298832e+001,
2280450000, -7.300711e+001,
2283568750, -7.270189e+001,
2286687500, -7.177406e+001,
2289806250, -7.044505e+001,
2292925000, -7.205683e+001,
2296043750, -7.351203e+001,
2299162500, -7.271496e+001,
2302281250, -7.228485e+001,
2305400000, -7.326263e+001,
2308518750, -7.346184e+001,
2311637500, -7.265160e+001,
2314756250, -7.199841e+001,
2317875000, -7.194027e+001,
2320993750, -7.313002e+001,
2324112500, -7.072572e+001,
2327231250, -7.551685e+001,
2330350000, -7.139693e+001,
2333468750, -7.238222e+001,
2336587500, -7.418188e+001,
2339706250, -7.705445e+001,
2342825000, -6.972959e+001,
2345943750, -7.193491e+001,
2349062500, -7.148127e+001,
2352181250, -7.163157e+001,
2355300000, -7.369526e+001,
2358418750, -7.249077e+001,
2361537500, -7.284641e+001,
2364656250, -7.323641e+001,
2367775000, -7.546900e+001,
2370893750, -7.129984e+001,
2374012500, -7.536035e+001,
2377131250, -7.196738e+001,
2380250000, -7.449509e+001,
2383368750, -7.265203e+001,
2386487500, -7.298781e+001,
2389606250, -7.396768e+001,
2392725000, -7.352055e+001,
2395843750, -7.317850e+001,
2398962500, -7.071938e+001,
2402081250, -7.768451e+001,
2405200000, -7.206776e+001,
2408318750, -7.566671e+001,
2411437500, -7.451234e+001,
2414556250, -7.410596e+001,
2417675000, -7.598962e+001,
2420793750, -7.239972e+001,
2423912500, -7.409568e+001,
2427031250, -7.368829e+001,
2430150000, -7.528735e+001,
2433268750, -7.551999e+001,
2436387500, -7.289786e+001,
2439506250, -7.181676e+001,
2442625000, -7.519807e+001,
2445743750, -7.288380e+001,
2448862500, -7.413633e+001,
2451981250, -7.251315e+001,
2455100000, -7.520638e+001,
2458218750, -7.229527e+001,
2461337500, -7.248405e+001,
2464456250, -7.251996e+001,
2467575000, -7.429106e+001,
2470693750, -7.496976e+001,
2473812500, -7.529395e+001,
2476931250, -7.281914e+001,
2480050000, -7.248849e+001,
2483168750, -7.850581e+001,
2486287500, -7.242626e+001,
2489406250, -7.330841e+001,
2492525000, -7.288752e+001,
2495643750, -7.477992e+001,
2498762500, -7.215942e+001,
2501881250, -7.263099e+001,
2505000000, -7.365916e+001,
2508118750, -7.426183e+001,
2511237500, -7.235992e+001,
2514356250, -7.224963e+001,
2517475000, -7.345694e+001,
2520593750, -7.170533e+001,
2523712500, -7.252172e+001,
2526831250, -7.134875e+001,
2529950000, -7.275150e+001,
2533068750, -7.115087e+001,
2536187500, -7.034407e+001,
2539306250, -7.134220e+001,
2542425000, -7.238988e+001,
2545543750, -7.091396e+001,
2548662500, -7.171050e+001,
2551781250, -7.179298e+001,
2554900000, -7.192070e+001,
2558018750, -6.944444e+001,
2561137500, -7.246378e+001,
2564256250, -7.044742e+001,
2567375000, -7.303571e+001,
2570493750, -7.182016e+001,
2573612500, -7.102844e+001,
2576731250, -7.057859e+001,
2579850000, -7.132674e+001,
2582968750, -7.179291e+001,
2586087500, -7.020510e+001,
2589206250, -7.189129e+001,
2592325000, -7.068226e+001,
2595443750, -7.069082e+001,
2598562500, -7.011224e+001,
2601681250, -7.017865e+001,
2604800000, -7.074075e+001,
2607918750, -7.091027e+001,
2611037500, -7.077367e+001,
2614156250, -7.091440e+001,
2617275000, -7.000709e+001,
2620393750, -7.054504e+001,
2623512500, -7.175996e+001,
2626631250, -7.072903e+001,
2629750000, -6.951740e+001,
2632868750, -7.023430e+001,
2635987500, -7.069649e+001,
2639106250, -6.807214e+001,
2642225000, -6.911288e+001,
2645343750, -6.988945e+001,
2648462500, -6.971503e+001,
2651581250, -6.919997e+001,
2654700000, -7.138527e+001,
2657818750, -7.163150e+001,
2660937500, -6.997421e+001,
2664056250, -7.174362e+001,
2667175000, -6.959384e+001,
2670293750, -6.924762e+001,
2673412500, -7.177528e+001,
2676531250, -7.019991e+001,
2679650000, -7.053795e+001,
2682768750, -7.088227e+001,
2685887500, -7.042755e+001,
2689006250, -6.977161e+001,
2692125000, -7.161575e+001,
2695243750, -7.014560e+001,
2698362500, -6.947381e+001,
2701481250, -6.943046e+001,
2704600000, -6.947360e+001,
2707718750, -7.036546e+001,
2710837500, -7.151616e+001,
2713956250, -6.976675e+001,
2717075000, -7.109024e+001,
2720193750, -7.005318e+001,
2723312500, -7.070224e+001,
2726431250, -7.021197e+001,
2729550000, -6.924294e+001,
2732668750, -7.067489e+001,
2735787500, -6.916369e+001,
2738906250, -6.946293e+001,
2742025000, -6.920374e+001,
2745143750, -7.008582e+001,
2748262500, -7.052257e+001,
2751381250, -6.950378e+001,
2754500000, -6.915314e+001,
2757618750, -6.884724e+001,
2760737500, -6.821977e+001,
2763856250, -7.097543e+001,
2766975000, -6.798514e+001,
2770093750, -6.802140e+001,
2773212500, -6.825590e+001,
2776331250, -6.865807e+001,
2779450000, -6.795986e+001,
2782568750, -6.707135e+001,
2785687500, -6.885992e+001,
2788806250, -6.796080e+001,
2791925000, -6.919106e+001,
2795043750, -6.761525e+001,
2798162500, -6.919472e+001,
2801281250, -6.868179e+001,
2804400000, -6.855098e+001,
2807518750, -6.848776e+001,
2810637500, -6.702200e+001,
2813756250, -6.982181e+001,
2816875000, -6.832075e+001,
2819993750, -6.858908e+001,
2823112500, -6.678171e+001,
2826231250, -6.695673e+001,
2829350000, -6.674280e+001,
2832468750, -6.813814e+001,
2835587500, -6.706324e+001,
2838706250, -6.704682e+001,
2841825000, -6.722262e+001,
2844943750, -6.784340e+001,
2848062500, -6.679910e+001,
2851181250, -6.670972e+001,
2854300000, -6.716263e+001,
2857418750, -6.758109e+001,
2860537500, -6.643504e+001,
2863656250, -6.685056e+001,
2866775000, -6.712782e+001,
2869893750, -6.775531e+001,
2873012500, -6.595654e+001,
2876131250, -6.615868e+001,
2879250000, -6.623669e+001,
2882368750, -6.731988e+001,
2885487500, -6.703035e+001,
2888606250, -6.684607e+001,
2891725000, -6.730820e+001,
2894843750, -6.702755e+001,
2897962500, -6.669942e+001,
2901081250, -6.683500e+001,
2904200000, -6.689930e+001,
2907318750, -6.799755e+001,
2910437500, -6.722514e+001,
2913556250, -6.648266e+001,
2916675000, -6.702815e+001,
2919793750, -6.672186e+001,
2922912500, -6.664988e+001,
2926031250, -6.624530e+001,
2929150000, -6.748283e+001,
2932268750, -6.710436e+001,
2935387500, -6.667937e+001,
2938506250, -6.597033e+001,
2941625000, -6.760830e+001,
2944743750, -6.633490e+001,
2947862500, -6.769830e+001,
2950981250, -6.659512e+001,
2954100000, -6.443489e+001,
2957218750, -6.789217e+001,
2960337500, -6.719008e+001,
2963456250, -6.741270e+001,
2966575000, -6.757701e+001,
2969693750, -6.602134e+001,
2972812500, -6.547985e+001,
2975931250, -6.491580e+001,
2979050000, -6.482138e+001,
2982168750, -6.524951e+001,
2985287500, -6.522987e+001,
2988406250, -6.538924e+001,
2991525000, -6.598984e+001,
2994643750, -6.521648e+001,
2997762500, -6.619039e+001,
3000881250, -6.523239e+001,
3004000000, -6.439037e+001,
3007118750, -6.308553e+001,
3010237500, -6.518790e+001,
3013356250, -6.407469e+001,
3016475000, -6.460123e+001,
3019593750, -6.489227e+001,
3022712500, -6.480555e+001,
3025831250, -6.360789e+001,
3028950000, -6.393346e+001,
3032068750, -6.407323e+001,
3035187500, -6.307880e+001,
3038306250, -6.292214e+001,
3041425000, -6.240627e+001,
3044543750, -6.349185e+001,
3047662500, -6.273672e+001,
3050781250, -6.284352e+001,
3053900000, -6.234915e+001,
3057018750, -6.230834e+001,
3060137500, -6.245373e+001,
3063256250, -6.178325e+001,
3066375000, -6.128678e+001,
3069493750, -6.120016e+001,
3072612500, -6.169419e+001,
3075731250, -6.189845e+001,
3078850000, -6.107450e+001,
3081968750, -6.148978e+001,
3085087500, -6.144696e+001,
3088206250, -6.134924e+001,
3091325000, -6.132980e+001,
3094443750, -6.124280e+001,
3097562500, -6.062997e+001,
3100681250, -6.106293e+001,
3103800000, -6.051014e+001,
3106918750, -6.110828e+001,
3110037500, -6.022646e+001,
3113156250, -6.081734e+001,
3116275000, -6.011353e+001,
3119393750, -6.075293e+001,
3122512500, -6.028830e+001,
3125631250, -6.071101e+001,
3128750000, -5.968862e+001,
3131868750, -6.004603e+001,
3134987500, -5.956620e+001,
3138106250, -5.926261e+001,
3141225000, -5.955967e+001,
3144343750, -5.910738e+001,
3147462500, -5.921988e+001,
3150581250, -5.921805e+001,
3153700000, -5.958297e+001,
3156818750, -5.948934e+001,
3159937500, -5.984322e+001,
3163056250, -5.966834e+001,
3166175000, -5.946573e+001,
3169293750, -5.966749e+001,
3172412500, -5.962911e+001,
3175531250, -5.926375e+001,
3178650000, -5.957080e+001,
3181768750, -5.940565e+001,
3184887500, -5.937625e+001,
3188006250, -5.984665e+001,
3191125000, -5.950026e+001,
3194243750, -5.973300e+001,
3197362500, -5.964643e+001,
3200481250, -5.972095e+001,
3203600000, -5.973747e+001,
3206718750, -5.941735e+001,
3209837500, -5.863808e+001,
3212956250, -5.869027e+001,
3216075000, -5.868416e+001,
3219193750, -5.875685e+001,
3222312500, -5.894947e+001,
3225431250, -5.872005e+001,
3228550000, -5.833788e+001,
3231668750, -5.868361e+001,
3234787500, -5.943604e+001,
3237906250, -5.932533e+001,
3241025000, -5.892794e+001,
3244143750, -5.938334e+001,
3247262500, -5.957145e+001,
3250381250, -5.939509e+001,
3253500000, -5.907106e+001,
3256618750, -5.933776e+001,
3259737500, -5.909705e+001,
3262856250, -6.026900e+001,
3265975000, -5.971292e+001,
3269093750, -5.912604e+001,
3272212500, -5.949719e+001,
3275331250, -5.987907e+001,
3278450000, -5.951429e+001,
3281568750, -5.955106e+001,
3284687500, -5.939917e+001,
3287806250, -5.992495e+001,
3290925000, -5.963375e+001,
3294043750, -5.912819e+001,
3297162500, -5.944080e+001,
3300281250, -5.928825e+001,
3303400000, -5.877020e+001,
3306518750, -5.881442e+001,
3309637500, -5.896496e+001,
3312756250, -5.904469e+001,
3315875000, -5.893810e+001,
3318993750, -5.845100e+001,
3322112500, -5.829618e+001,
3325231250, -5.853572e+001,
3328350000, -5.819397e+001,
3331468750, -5.859760e+001,
3334587500, -5.840459e+001,
3337706250, -5.852037e+001,
3340825000, -5.841150e+001,
3343943750, -5.845253e+001,
3347062500, -5.872861e+001,
3350181250, -5.824302e+001,
3353300000, -5.829574e+001,
3356418750, -5.817403e+001,
3359537500, -5.789083e+001,
3362656250, -5.865815e+001,
3365775000, -5.905104e+001,
3368893750, -5.856893e+001,
3372012500, -5.827003e+001,
3375131250, -5.926242e+001,
3378250000, -5.929478e+001,
3381368750, -5.908499e+001,
3384487500, -5.838984e+001,
3387606250, -5.831987e+001,
3390725000, -5.863139e+001,
3393843750, -5.833768e+001,
3396962500, -5.874892e+001,
3400081250, -5.884523e+001,
3403200000, -5.904029e+001,
3406318750, -5.901610e+001,
3409437500, -5.916680e+001,
3412556250, -5.957156e+001,
3415675000, -6.003580e+001,
3418793750, -5.965080e+001,
3421912500, -5.895321e+001,
3425031250, -5.974811e+001,
3428150000, -5.951302e+001,
3431268750, -5.972445e+001,
3434387500, -6.024484e+001,
3437506250, -6.029110e+001,
3440625000, -5.957200e+001,
3443743750, -5.976566e+001,
3446862500, -6.186256e+001,
3449981250, -5.973504e+001,
3453100000, -5.881808e+001,
3456218750, -6.010533e+001,
3459337500, -6.164612e+001,
3462456250, -5.991792e+001,
3465575000, -5.968371e+001,
3468693750, -5.999488e+001,
3471812500, -5.940589e+001,
3474931250, -5.997904e+001,
3478050000, -6.223244e+001,
3481168750, -5.891311e+001,
3484287500, -5.722361e+001,
3487406250, -6.065363e+001,
3490525000, -6.081275e+001,
3493643750, -5.813133e+001,
3496762500, -5.982791e+001,
3499881250, -6.064454e+001,
3503000000, -6.014959e+001,
3506118750, -5.883821e+001,
3509237500, -6.136369e+001,
3512356250, -6.046201e+001,
3515475000, -6.065371e+001,
3518593750, -6.115607e+001,
3521712500, -5.971338e+001,
3524831250, -6.257362e+001,
3527950000, -6.105661e+001,
3531068750, -6.001553e+001,
3534187500, -6.226472e+001,
3537306250, -5.939690e+001,
3540425000, -6.199379e+001,
3543543750, -5.927725e+001,
3546662500, -6.051639e+001,
3549781250, -6.013016e+001,
3552900000, -5.987786e+001,
3556018750, -5.981950e+001,
3559137500, -6.130682e+001,
3562256250, -6.229066e+001,
3565375000, -6.046551e+001,
3568493750, -6.117756e+001,
3571612500, -5.906754e+001,
3574731250, -6.215312e+001,
3577850000, -5.781182e+001,
3580968750, -6.366284e+001,
3584087500, -6.306745e+001,
3587206250, -5.993035e+001,
3590325000, -6.382749e+001,
3593443750, -6.074580e+001,
3596562500, -6.105689e+001,
3599681250, -6.064082e+001,
3602800000, -6.275592e+001,
3605918750, -5.925637e+001,
3609037500, -5.990875e+001,
3612156250, -6.321445e+001,
3615275000, -5.962663e+001,
3618393750, -6.262584e+001,
3621512500, -5.614428e+001,
3624631250, -5.971641e+001,
3627750000, -6.093938e+001,
3630868750, -5.731499e+001,
3633987500, -6.069244e+001,
3637106250, -5.701610e+001,
3640225000, -5.908022e+001,
3643343750, -6.360768e+001,
3646462500, -5.798605e+001,
3649581250, -6.455473e+001,
3652700000, -5.596037e+001,
3655818750, -6.139531e+001,
3658937500, -5.908899e+001,
3662056250, -6.191530e+001,
3665175000, -6.526629e+001,
3668293750, -5.789469e+001,
3671412500, -7.141198e+001,
3674531250, -7.823892e+001,
3677650000, -5.194376e+001,
3680768750, -5.732347e+001,
3683887500, -4.869239e+001,
3687006250, -5.205440e+001,
3690125000, -5.027015e+001,
3693243750, -4.990988e+001,
3696362500, -5.759098e+001,
3699481250, -5.227696e+001,
3702600000, -6.720338e+001,
3705718750, -7.185033e+001,
3708837500, -5.095964e+001,
3711956250, -5.609698e+001,
3715075000, -5.749788e+001,
3718193750, -5.310931e+001,
3721312500, -5.775991e+001,
3724431250, -5.593637e+001,
3727550000, -5.443799e+001,
3730668750, -4.709500e+001,
3733787500, -4.435118e+001,
3736906250, -4.495665e+001,
3740025000, -4.408933e+001,
3743143750, -4.548040e+001,
3746262500, -4.838181e+001,
3749381250, -5.351760e+001,
3752500000, -4.642012e+001,
3755618750, -4.852356e+001,
3758737500, -5.393601e+001,
3761856250, -5.212772e+001,
3764975000, -4.320008e+001,
3768093750, -4.177749e+001,
3771212500, -4.078259e+001,
3774331250, -4.043719e+001,
3777450000, -3.959522e+001,
3780568750, -3.629749e+001,
3783687500, -3.714635e+001,
3786806250, -3.938050e+001,
3789925000, -4.187914e+001,
3793043750, -4.219093e+001,
3796162500, -3.910386e+001,
3799281250, -3.908416e+001,
3802400000, -4.323450e+001,
3805518750, -4.236150e+001,
3808637500, -4.186719e+001,
3811756250, -4.168295e+001,
3814875000, -4.643741e+001,
3817993750, -4.380943e+001,
3821112500, -4.417049e+001,
3824231250, -4.502660e+001,
3827350000, -4.179788e+001,
3830468750, -4.925193e+001,
3833587500, -4.910790e+001,
3836706250, -5.981420e+001,
3839825000, -5.351498e+001,
3842943750, -4.701252e+001,
3846062500, -4.325362e+001,
3849181250, -4.913429e+001,
3852300000, -4.093551e+001,
3855418750, -3.492304e+001,
3858537500, -3.171710e+001,
3861656250, -2.715433e+001,
3864775000, -2.386304e+001,
3867893750, -2.120199e+001,
3871012500, -1.893940e+001,
3874131250, -1.760006e+001,
3877250000, -1.671183e+001,
3880368750, -1.679406e+001,
3883487500, -1.659178e+001,
3886606250, -1.718723e+001,
3889725000, -1.692045e+001,
3892843750, -1.613560e+001,
3895962500, -1.700624e+001,
3899081250, -2.027443e+001,
3902200000, -2.108354e+001,
3905318750, -1.988172e+001,
3908437500, -1.787633e+001,
3911556250, -1.637671e+001,
3914675000, -1.519057e+001,
3917793750, -1.477860e+001,
3920912500, -1.383988e+001,
3924031250, -1.361430e+001,
3927150000, -1.406876e+001,
3930268750, -1.316362e+001,
3933387500, -1.316351e+001,
3936506250, -1.313736e+001,
3939625000, -1.275553e+001,
3942743750, -1.271694e+001,
3945862500, -1.263699e+001,
3948981250, -1.254738e+001,
3952100000, -1.214280e+001,
3955218750, -1.246126e+001,
3958337500, -1.272551e+001,
3961456250, -1.294793e+001,
3964575000, -1.318292e+001,
3967693750, -1.318091e+001,
3970812500, -1.352322e+001,
3973931250, -1.338338e+001,
3977050000, -1.334509e+001,
3980168750, -1.337600e+001,
3983287500, -1.310047e+001,
3986406250, -1.302388e+001,
3989525000, -1.324246e+001,
3992643750, -1.396054e+001,
3995762500, -1.468630e+001,
3998881250, -1.517629e+001,
4002000000, -1.610977e+001,
4005118750, -1.640734e+001,
4008237500, -1.606567e+001,
4011356250, -1.593886e+001,
4014475000, -1.588531e+001,
4017593750, -1.576480e+001,
4020712500, -1.564839e+001,
4023831250, -1.581037e+001,
4026950000, -1.492618e+001,
4030068750, -1.412658e+001,
4033187500, -1.450560e+001,
4036306250, -1.485522e+001,
4039425000, -1.553919e+001,
4042543750, -1.641384e+001,
4045662500, -1.781637e+001,
4048781250, -1.846706e+001,
4051900000, -1.863196e+001,
4055018750, -1.941618e+001,
4058137500, -1.968422e+001,
4061256250, -1.931211e+001,
4064375000, -1.836255e+001,
4067493750, -1.736964e+001,
4070612500, -1.680447e+001,
4073731250, -1.646760e+001,
4076850000, -1.642064e+001,
4079968750, -1.676567e+001,
4083087500, -1.713140e+001,
4086206250, -1.750518e+001,
4089325000, -1.796453e+001,
4092443750, -1.820878e+001,
4095562500, -1.861820e+001,
4098681250, -1.919201e+001,
4101800000, -1.951413e+001,
4104918750, -1.963721e+001,
4108037500, -1.907692e+001,
4111156250, -1.865750e+001,
4114275000, -1.845629e+001,
4117393750, -1.878117e+001,
4120512500, -1.949941e+001,
4123631250, -2.026443e+001,
4126750000, -2.084350e+001,
4129868750, -2.087574e+001,
4132987500, -2.025396e+001,
4136106250, -1.919853e+001,
4139225000, -1.853962e+001,
4142343750, -1.857022e+001,
4145462500, -1.867531e+001,
4148581250, -1.828916e+001,
4151700000, -1.811196e+001,
4154818750, -1.870889e+001,
4157937500, -1.964295e+001,
4161056250, -1.986287e+001,
4164175000, -1.941881e+001,
4167293750, -1.908271e+001,
4170412500, -1.942300e+001,
4173531250, -1.997149e+001,
4176650000, -1.947243e+001,
4179768750, -1.908517e+001,
4182887500, -1.996198e+001,
4186006250, -2.081116e+001,
4189125000, -2.057700e+001,
4192243750, -2.070369e+001,
4195362500, -2.177979e+001,
4198481250, -2.244652e+001,
4201600000, -2.202916e+001,
4204718750, -2.284375e+001,
4207837500, -2.451171e+001,
4210956250, -2.552383e+001,
4214075000, -2.545303e+001,
4217193750, -2.674083e+001,
4220312500, -2.690137e+001,
4223431250, -2.633585e+001,
4226550000, -2.748219e+001,
4229668750, -2.809947e+001,
4232787500, -2.775551e+001,
4235906250, -2.947280e+001,
4239025000, -3.036589e+001,
4242143750, -3.098454e+001,
4245262500, -3.297392e+001,
4248381250, -3.316542e+001,
4251500000, -3.315441e+001,
4254618750, -3.543192e+001,
4257737500, -3.456552e+001,
4260856250, -3.574109e+001,
4263975000, -3.623285e+001,
4267093750, -3.516760e+001,
4270212500, -3.735611e+001,
4273331250, -3.672652e+001,
4276450000, -4.054551e+001,
4279568750, -4.002830e+001,
4282687500, -4.508541e+001,
4285806250, -4.511502e+001,
4288925000, -4.992128e+001,
4292043750, -4.776085e+001,
4295162500, -5.202650e+001,
4298281250, -4.945794e+001,
4301400000, -4.773475e+001,
4304518750, -4.811664e+001,
4307637500, -5.251428e+001,
4310756250, -5.383813e+001,
4313875000, -6.266543e+001,
4316993750, -6.479996e+001,
4320112500, -5.491383e+001,
4323231250, -5.813861e+001,
4326350000, -5.280085e+001,
4329468750, -5.708581e+001,
4332587500, -5.487204e+001,
4335706250, -5.648853e+001,
4338825000, -5.133813e+001,
4341943750, -4.862177e+001,
4345062500, -5.290229e+001,
4348181250, -4.837817e+001,
4351300000, -5.030429e+001,
4354418750, -4.951244e+001,
4357537500, -5.211415e+001,
4360656250, -5.026921e+001,
4363775000, -5.058434e+001,
4366893750, -5.747735e+001,
4370012500, -5.023232e+001,
4373131250, -5.710618e+001,
4376250000, -5.558073e+001,
4379368750, -5.612605e+001,
4382487500, -5.819100e+001,
4385606250, -5.443616e+001,
4388725000, -6.362551e+001,
4391843750, -5.344760e+001,
4394962500, -5.186442e+001,
4398081250, -5.496241e+001,
4401200000, -5.277790e+001,
4404318750, -5.119091e+001,
4407437500, -5.467882e+001,
4410556250, -5.789867e+001,
4413675000, -5.141800e+001,
4416793750, -5.494242e+001,
4419912500, -6.423373e+001,
4423031250, -5.660687e+001,
4426150000, -5.318441e+001,
4429268750, -5.605062e+001,
4432387500, -7.633656e+001,
4435506250, -5.772671e+001,
4438625000, -6.030227e+001,
4441743750, -7.122987e+001,
4444862500, -5.677341e+001,
4447981250, -5.485914e+001,
4451100000, -5.299051e+001,
4454218750, -5.109196e+001,
4457337500, -5.390539e+001,
4460456250, -5.772169e+001,
4463575000, -5.980089e+001,
4466693750, -5.733208e+001,
4469812500, -5.322608e+001,
4472931250, -5.586244e+001,
4476050000, -5.914145e+001,
4479168750, -5.823359e+001,
4482287500, -6.906593e+001,
4485406250, -6.471336e+001,
4488525000, -8.130601e+001,
4491643750, -6.386317e+001,
4494762500, -6.789646e+001,
4497881250, -6.246645e+001,
4501000000, -6.384010e+001,
4504118750, -6.171997e+001,
4507237500, -6.415426e+001,
4510356250, -6.222360e+001,
4513475000, -6.125531e+001,
4516593750, -6.229438e+001,
4519712500, -6.037434e+001,
4522831250, -6.053580e+001,
4525950000, -6.040611e+001,
4529068750, -6.078372e+001,
4532187500, -6.090678e+001,
4535306250, -6.095840e+001,
4538425000, -6.072176e+001,
4541543750, -6.031170e+001,
4544662500, -6.022441e+001,
4547781250, -6.057186e+001,
4550900000, -6.096604e+001,
4554018750, -6.037302e+001,
4557137500, -6.013067e+001,
4560256250, -6.139967e+001,
4563375000, -6.048526e+001,
4566493750, -6.142881e+001,
4569612500, -6.083490e+001,
4572731250, -6.136304e+001,
4575850000, -6.151358e+001,
4578968750, -6.133846e+001,
4582087500, -6.080061e+001,
4585206250, -6.110625e+001,
4588325000, -6.128124e+001,
4591443750, -6.147358e+001,
4594562500, -6.155523e+001,
4597681250, -6.176310e+001,
4600800000, -6.169833e+001,
4603918750, -6.187558e+001,
4607037500, -6.136662e+001,
4610156250, -6.183645e+001,
4613275000, -6.176517e+001,
4616393750, -6.129026e+001,
4619512500, -6.170155e+001,
4622631250, -6.182532e+001,
4625750000, -6.206038e+001,
4628868750, -6.173582e+001,
4631987500, -6.192093e+001,
4635106250, -6.158114e+001,
4638225000, -6.252020e+001,
4641343750, -6.206911e+001,
4644462500, -6.222629e+001,
4647581250, -6.184039e+001,
4650700000, -6.227092e+001,
4653818750, -6.190074e+001,
4656937500, -6.263933e+001,
4660056250, -6.226697e+001,
4663175000, -6.222438e+001,
4666293750, -6.255325e+001,
4669412500, -6.252597e+001,
4672531250, -6.253455e+001,
4675650000, -6.241536e+001,
4678768750, -6.291973e+001,
4681887500, -6.299506e+001,
4685006250, -6.222767e+001,
4688125000, -6.228915e+001,
4691243750, -6.243876e+001,
4694362500, -6.318999e+001,
4697481250, -6.285300e+001,
4700600000, -6.211649e+001,
4703718750, -6.260923e+001,
4706837500, -6.291911e+001,
4709956250, -6.244597e+001,
4713075000, -6.169106e+001,
4716193750, -6.205207e+001,
4719312500, -6.245102e+001,
4722431250, -6.229319e+001,
4725550000, -6.201090e+001,
4728668750, -6.162139e+001,
4731787500, -6.323389e+001,
4734906250, -6.258402e+001,
4738025000, -6.332269e+001,
4741143750, -6.280265e+001,
4744262500, -6.180927e+001,
4747381250, -6.271856e+001,
4750500000, -6.283545e+001,
4753618750, -6.292410e+001,
4756737500, -6.234626e+001,
4759856250, -6.364750e+001,
4762975000, -6.267401e+001,
4766093750, -6.311493e+001,
4769212500, -6.270590e+001,
4772331250, -6.282762e+001,
4775450000, -6.319170e+001,
4778568750, -6.231974e+001,
4781687500, -6.253303e+001,
4784806250, -6.249735e+001,
4787925000, -6.237136e+001,
4791043750, -6.195733e+001,
4794162500, -6.252284e+001,
4797281250, -6.161222e+001,
4800400000, -6.158550e+001,
4803518750, -6.210056e+001,
4806637500, -6.134740e+001,
4809756250, -6.147255e+001,
4812875000, -6.120147e+001,
4815993750, -6.205024e+001,
4819112500, -6.169167e+001,
4822231250, -6.210094e+001,
4825350000, -6.156462e+001,
4828468750, -6.182439e+001,
4831587500, -6.233794e+001,
4834706250, -6.220594e+001,
4837825000, -6.212299e+001,
4840943750, -6.226743e+001,
4844062500, -6.237909e+001,
4847181250, -6.230845e+001,
4850300000, -6.231308e+001,
4853418750, -6.257222e+001,
4856537500, -6.293264e+001,
4859656250, -6.261776e+001,
4862775000, -6.284068e+001,
4865893750, -6.286251e+001,
4869012500, -6.297882e+001,
4872131250, -6.327113e+001,
4875250000, -6.303217e+001,
4878368750, -6.339913e+001,
4881487500, -6.343997e+001,
4884606250, -6.347942e+001,
4887725000, -6.414154e+001,
4890843750, -6.312131e+001,
4893962500, -6.353729e+001,
4897081250, -6.393495e+001,
4900200000, -6.437955e+001,
4903318750, -6.377318e+001,
4906437500, -6.391303e+001,
4909556250, -6.426814e+001,
4912675000, -6.404127e+001,
4915793750, -6.449252e+001,
4918912500, -6.345440e+001,
4922031250, -6.384082e+001,
4925150000, -6.328218e+001,
4928268750, -6.347357e+001,
4931387500, -6.427399e+001,
4934506250, -6.441794e+001,
4937625000, -6.406298e+001,
4940743750, -6.387530e+001,
4943862500, -6.358123e+001,
4946981250, -6.423125e+001,
4950100000, -6.403239e+001,
4953218750, -6.381745e+001,
4956337500, -6.415322e+001,
4959456250, -6.452629e+001,
4962575000, -6.533846e+001,
4965693750, -6.442260e+001,
4968812500, -6.426016e+001,
4971931250, -6.411248e+001,
4975050000, -6.405593e+001,
4978168750, -6.404412e+001,
4981287500, -6.432583e+001,
4984406250, -6.432479e+001,
4987525000, -6.463882e+001,
4990643750, -6.493330e+001,
4993762500, -6.412190e+001,
4996881250, -6.493439e+001,
5000000000, -6.465449e+001,
