"S21 Log Mag"
"Frequency (Hz)","dB",
10000000, -5.519852e+001,
13118750, -6.048166e+001,
16237500, -6.372346e+001,
19356250, -7.151938e+001,
22475000, -6.885871e+001,
25593750, -8.836780e+001,
28712500, -8.070432e+001,
31831250, -8.596972e+001,
34950000, -8.620318e+001,
38068750, -8.275474e+001,
41187500, -7.266601e+001,
44306250, -7.525763e+001,
47425000, -7.220457e+001,
50543750, -7.467116e+001,
53662500, -7.103529e+001,
56781250, -7.483738e+001,
59900000, -7.169476e+001,
63018750, -7.315642e+001,
66137500, -7.430560e+001,
69256250, -8.267020e+001,
72375000, -7.584808e+001,
75493750, -7.856259e+001,
78612500, -7.920590e+001,
81731250, -7.008601e+001,
84850000, -7.905347e+001,
87968750, -7.419724e+001,
91087500, -7.662579e+001,
94206250, -7.239413e+001,
97325000, -7.272569e+001,
100443750, -7.866771e+001,
103562500, -7.096175e+001,
106681250, -8.542362e+001,
109800000, -8.239042e+001,
112918750, -7.530266e+001,
116037500, -7.848878e+001,
119156250, -7.126426e+001,
122275000, -7.176476e+001,
125393750, -7.840311e+001,
128512500, -7.307169e+001,
131631250, -6.888788e+001,
134750000, -7.440625e+001,
137868750, -7.414891e+001,
140987500, -7.447515e+001,
144106250, -7.439747e+001,
147225000, -7.038255e+001,
150343750, -7.240574e+001,
153462500, -9.292406e+001,
156581250, -7.123894e+001,
159700000, -7.083021e+001,
162818750, -7.143574e+001,
165937500, -7.278070e+001,
169056250, -7.754100e+001,
172175000, -6.840762e+001,
175293750, -7.150037e+001,
178412500, -7.355509e+001,
181531250, -7.411453e+001,
184650000, -7.273308e+001,
187768750, -7.754215e+001,
190887500, -7.118673e+001,
194006250, -8.358978e+001,
197125000, -7.567127e+001,
200243750, -7.493418e+001,
203362500, -7.213847e+001,
206481250, -7.443027e+001,
209600000, -7.082639e+001,
212718750, -7.095597e+001,
215837500, -6.892496e+001,
218956250, -7.649907e+001,
222075000, -7.006838e+001,
225193750, -6.931735e+001,
228312500, -7.254795e+001,
231431250, -6.946685e+001,
234550000, -7.056709e+001,
237668750, -7.278276e+001,
240787500, -7.385769e+001,
243906250, -7.679631e+001,
247025000, -6.770999e+001,
250143750, -7.012024e+001,
253262500, -7.255166e+001,
256381250, -7.237346e+001,
259500000, -7.422252e+001,
262618750, -8.021649e+001,
265737500, -7.300732e+001,
268856250, -7.198376e+001,
271975000, -6.949069e+001,
275093750, -6.598804e+001,
278212500, -7.053435e+001,
281331250, -6.945287e+001,
284450000, -7.036024e+001,
287568750, -8.126801e+001,
290687500, -7.283018e+001,
293806250, -7.477255e+001,
296925000, -6.782584e+001,
300043750, -7.484568e+001,
303162500, -7.049770e+001,
306281250, -7.054688e+001,
309400000, -6.873920e+001,
312518750, -6.724814e+001,
315637500, -6.830011e+001,
318756250, -7.375588e+001,
321875000, -7.141499e+001,
324993750, -7.184806e+001,
328112500, -7.248926e+001,
331231250, -6.892214e+001,
334350000, -7.004809e+001,
337468750, -6.957261e+001,
340587500, -6.783682e+001,
343706250, -7.075437e+001,
346825000, -7.080447e+001,
349943750, -6.990237e+001,
353062500, -6.856385e+001,
356181250, -6.936300e+001,
359300000, -6.885550e+001,
362418750, -7.026849e+001,
365537500, -6.837558e+001,
368656250, -6.762032e+001,
371775000, -6.861761e+001,
374893750, -6.954267e+001,
378012500, -6.860556e+001,
381131250, -6.815006e+001,
384250000, -6.769790e+001,
387368750, -6.711563e+001,
390487500, -6.985903e+001,
393606250, -6.918408e+001,
396725000, -6.724226e+001,
399843750, -6.837925e+001,
402962500, -6.849789e+001,
406081250, -6.750148e+001,
409200000, -6.748933e+001,
412318750, -6.766813e+001,
415437500, -6.961101e+001,
418556250, -6.717173e+001,
421675000, -6.960609e+001,
424793750, -6.924101e+001,
427912500, -6.954669e+001,
431031250, -6.742094e+001,
434150000, -6.679416e+001,
437268750, -6.572453e+001,
440387500, -6.737536e+001,
443506250, -6.744311e+001,
446625000, -6.713670e+001,
449743750, -6.550977e+001,
452862500, -6.718391e+001,
455981250, -6.574809e+001,
459100000, -6.549223e+001,
462218750, -6.569978e+001,
465337500, -6.936848e+001,
468456250, -6.783073e+001,
471575000, -6.534623e+001,
474693750, -6.718368e+001,
477812500, -6.664263e+001,
480931250, -6.661832e+001,
484050000, -6.602200e+001,
487168750, -6.643134e+001,
490287500, -6.613721e+001,
493406250, -6.805817e+001,
496525000, -6.622739e+001,
499643750, -6.561521e+001,
502762500, -6.570123e+001,
505881250, -6.723273e+001,
509000000, -6.741332e+001,
512118750, -6.541883e+001,
515237500, -6.601457e+001,
518356250, -6.601830e+001,
521475000, -6.757275e+001,
524593750, -6.531367e+001,
527712500, -6.584576e+001,
530831250, -6.587031e+001,
533950000, -6.696145e+001,
537068750, -6.512443e+001,
540187500, -6.644302e+001,
543306250, -6.573156e+001,
546425000, -6.648350e+001,
549543750, -6.536005e+001,
552662500, -6.571783e+001,
555781250, -6.773646e+001,
558900000, -6.624355e+001,
562018750, -6.683298e+001,
565137500, -6.422157e+001,
568256250, -6.630865e+001,
571375000, -6.443565e+001,
574493750, -6.469636e+001,
577612500, -6.472676e+001,
580731250, -6.402596e+001,
583850000, -6.710690e+001,
586968750, -6.483469e+001,
590087500, -6.437518e+001,
593206250, -6.516417e+001,
596325000, -6.406087e+001,
599443750, -6.537587e+001,
602562500, -6.497121e+001,
605681250, -6.453224e+001,
608800000, -6.522918e+001,
611918750, -6.456603e+001,
615037500, -6.530273e+001,
618156250, -6.478876e+001,
621275000, -6.526244e+001,
624393750, -6.588204e+001,
627512500, -6.373641e+001,
630631250, -6.472899e+001,
633750000, -6.486735e+001,
636868750, -6.577097e+001,
639987500, -6.446216e+001,
643106250, -6.405276e+001,
646225000, -6.461439e+001,
649343750, -6.473595e+001,
652462500, -6.549104e+001,
655581250, -6.335287e+001,
658700000, -6.366358e+001,
661818750, -6.478796e+001,
664937500, -6.497054e+001,
668056250, -6.444104e+001,
671175000, -6.368797e+001,
674293750, -6.467754e+001,
677412500, -6.447860e+001,
680531250, -6.505685e+001,
683650000, -6.538701e+001,
686768750, -6.452773e+001,
689887500, -6.540363e+001,
693006250, -6.478929e+001,
696125000, -6.402249e+001,
699243750, -6.427733e+001,
702362500, -6.429888e+001,
705481250, -6.432560e+001,
708600000, -6.441538e+001,
711718750, -6.362909e+001,
714837500, -6.337624e+001,
717956250, -6.389625e+001,
721075000, -6.325714e+001,
724193750, -6.403075e+001,
727312500, -6.373000e+001,
730431250, -6.308570e+001,
733550000, -6.255003e+001,
736668750, -6.252686e+001,
739787500, -6.316749e+001,
742906250, -6.425579e+001,
746025000, -6.386305e+001,
749143750, -6.328938e+001,
752262500, -6.340668e+001,
755381250, -6.292457e+001,
758500000, -6.230844e+001,
761618750, -6.311937e+001,
764737500, -6.340880e+001,
767856250, -6.292052e+001,
770975000, -6.256351e+001,
774093750, -6.276001e+001,
777212500, -6.300933e+001,
780331250, -6.229932e+001,
783450000, -6.271806e+001,
786568750, -6.265688e+001,
789687500, -6.261754e+001,
792806250, -6.283734e+001,
795925000, -6.236979e+001,
799043750, -6.247086e+001,
802162500, -6.224274e+001,
805281250, -6.231943e+001,
808400000, -6.250151e+001,
811518750, -6.249762e+001,
814637500, -6.258798e+001,
817756250, -6.186973e+001,
820875000, -6.242764e+001,
823993750, -6.275091e+001,
827112500, -6.209401e+001,
830231250, -6.209289e+001,
833350000, -6.256691e+001,
836468750, -6.328425e+001,
839587500, -6.145188e+001,
842706250, -6.212209e+001,
845825000, -6.204007e+001,
848943750, -6.207195e+001,
852062500, -6.194764e+001,
855181250, -6.219486e+001,
858300000, -6.212981e+001,
861418750, -6.187403e+001,
864537500, -6.177271e+001,
867656250, -6.150245e+001,
870775000, -6.088981e+001,
873893750, -6.170124e+001,
877012500, -6.193549e+001,
880131250, -6.163134e+001,
883250000, -6.212602e+001,
886368750, -6.203437e+001,
889487500, -6.214960e+001,
892606250, -6.179865e+001,
895725000, -6.177427e+001,
898843750, -6.130104e+001,
901962500, -6.220094e+001,
905081250, -6.175661e+001,
908200000, -6.153430e+001,
911318750, -6.158796e+001,
914437500, -6.085614e+001,
917556250, -6.139838e+001,
920675000, -6.132495e+001,
923793750, -6.057115e+001,
926912500, -6.119348e+001,
930031250, -6.110430e+001,
933150000, -6.080254e+001,
936268750, -6.044422e+001,
939387500, -6.117787e+001,
942506250, -6.098882e+001,
945625000, -6.105822e+001,
948743750, -6.128640e+001,
951862500, -6.097285e+001,
954981250, -6.140883e+001,
958100000, -6.098059e+001,
961218750, -6.106967e+001,
964337500, -6.088934e+001,
967456250, -6.048249e+001,
970575000, -6.148861e+001,
973693750, -6.137394e+001,
976812500, -6.080872e+001,
979931250, -6.130782e+001,
983050000, -6.136977e+001,
986168750, -6.104473e+001,
989287500, -6.092668e+001,
992406250, -6.108739e+001,
995525000, -6.139820e+001,
998643750, -6.096056e+001,
1001762500, -6.082243e+001,
1004881250, -6.133853e+001,
1008000000, -6.109098e+001,
1011118750, -6.039722e+001,
1014237500, -6.070229e+001,
1017356250, -6.086396e+001,
1020475000, -6.118158e+001,
1023593750, -6.084572e+001,
1026712500, -6.054029e+001,
1029831250, -6.105173e+001,
1032950000, -6.073847e+001,
1036068750, -6.194791e+001,
1039187500, -6.040963e+001,
1042306250, -6.049537e+001,
1045425000, -6.114744e+001,
1048543750, -6.141321e+001,
1051662500, -6.063286e+001,
1054781250, -6.053327e+001,
1057900000, -6.098364e+001,
1061018750, -6.094200e+001,
1064137500, -6.073073e+001,
1067256250, -6.097462e+001,
1070375000, -6.085456e+001,
1073493750, -6.074715e+001,
1076612500, -6.097479e+001,
1079731250, -6.062850e+001,
1082850000, -6.144641e+001,
1085968750, -6.160958e+001,
1089087500, -6.080001e+001,
1092206250, -6.072679e+001,
1095325000, -6.066330e+001,
1098443750, -6.098639e+001,
1101562500, -6.083213e+001,
1104681250, -6.060568e+001,
1107800000, -6.106716e+001,
1110918750, -6.120538e+001,
1114037500, -6.139770e+001,
1117156250, -6.091501e+001,
1120275000, -6.101604e+001,
1123393750, -6.098336e+001,
1126512500, -6.163298e+001,
1129631250, -6.137429e+001,
1132750000, -6.106651e+001,
1135868750, -6.107777e+001,
1138987500, -6.140408e+001,
1142106250, -6.111942e+001,
1145225000, -6.045206e+001,
1148343750, -6.143665e+001,
1151462500, -6.080624e+001,
1154581250, -6.110052e+001,
1157700000, -6.114030e+001,
1160818750, -6.140795e+001,
1163937500, -6.143081e+001,
1167056250, -6.168541e+001,
1170175000, -6.130745e+001,
1173293750, -6.075295e+001,
1176412500, -6.185326e+001,
1179531250, -6.109697e+001,
1182650000, -6.073247e+001,
1185768750, -6.100541e+001,
1188887500, -6.100810e+001,
1192006250, -6.133535e+001,
1195125000, -6.152570e+001,
1198243750, -6.080346e+001,
1201362500, -6.067752e+001,
1204481250, -6.195574e+001,
1207600000, -6.162904e+001,
1210718750, -6.094283e+001,
1213837500, -6.129763e+001,
1216956250, -6.083341e+001,
1220075000, -6.112492e+001,
1223193750, -6.089546e+001,
1226312500, -6.120686e+001,
1229431250, -6.146077e+001,
1232550000, -6.109586e+001,
1235668750, -6.110165e+001,
1238787500, -6.136758e+001,
1241906250, -6.143344e+001,
1245025000, -6.110028e+001,
1248143750, -6.134208e+001,
1251262500, -6.111076e+001,
1254381250, -6.174019e+001,
1257500000, -6.141187e+001,
1260618750, -6.125394e+001,
1263737500, -6.114896e+001,
1266856250, -6.127123e+001,
1269975000, -6.153910e+001,
1273093750, -6.094450e+001,
1276212500, -6.171490e+001,
1279331250, -6.124320e+001,
1282450000, -6.108888e+001,
1285568750, -6.099811e+001,
1288687500, -6.084083e+001,
1291806250, -6.135934e+001,
1294925000, -6.087174e+001,
1298043750, -6.083686e+001,
1301162500, -6.115675e+001,
1304281250, -6.073214e+001,
1307400000, -6.120518e+001,
1310518750, -6.095934e+001,
1313637500, -6.125276e+001,
1316756250, -6.120007e+001,
1319875000, -6.089556e+001,
1322993750, -6.084809e+001,
1326112500, -6.014442e+001,
1329231250, -6.055010e+001,
1332350000, -6.156390e+001,
1335468750, -6.082892e+001,
1338587500, -6.079290e+001,
1341706250, -6.063518e+001,
1344825000, -6.068039e+001,
1347943750, -6.140357e+001,
1351062500, -6.111098e+001,
1354181250, -6.053822e+001,
1357300000, -6.072598e+001,
1360418750, -6.081176e+001,
1363537500, -6.085565e+001,
1366656250, -6.070447e+001,
1369775000, -6.038226e+001,
1372893750, -6.065474e+001,
1376012500, -6.057765e+001,
1379131250, -6.027067e+001,
1382250000, -6.118946e+001,
1385368750, -6.059280e+001,
1388487500, -6.078056e+001,
1391606250, -6.106301e+001,
1394725000, -6.052769e+001,
1397843750, -6.080702e+001,
1400962500, -6.089027e+001,
1404081250, -6.077059e+001,
1407200000, -6.125384e+001,
1410318750, -6.151221e+001,
1413437500, -6.138371e+001,
1416556250, -6.120306e+001,
1419675000, -6.132882e+001,
1422793750, -6.149990e+001,
1425912500, -6.097393e+001,
1429031250, -6.157608e+001,
1432150000, -6.160043e+001,
1435268750, -6.149842e+001,
1438387500, -6.191265e+001,
1441506250, -6.245192e+001,
1444625000, -6.186770e+001,
1447743750, -6.160456e+001,
1450862500, -6.225584e+001,
1453981250, -6.176656e+001,
1457100000, -6.251646e+001,
1460218750, -6.166449e+001,
1463337500, -6.221675e+001,
1466456250, -6.246384e+001,
1469575000, -6.254890e+001,
1472693750, -6.220658e+001,
1475812500, -6.215807e+001,
1478931250, -6.276158e+001,
1482050000, -6.252527e+001,
1485168750, -6.224257e+001,
1488287500, -6.297408e+001,
1491406250, -6.290526e+001,
1494525000, -6.264111e+001,
1497643750, -6.183640e+001,
1500762500, -6.245880e+001,
1503881250, -6.247458e+001,
1507000000, -6.253212e+001,
1510118750, -6.295576e+001,
1513237500, -6.345455e+001,
1516356250, -6.293733e+001,
1519475000, -6.315872e+001,
1522593750, -6.302253e+001,
1525712500, -6.254934e+001,
1528831250, -6.313966e+001,
1531950000, -6.369867e+001,
1535068750, -6.311086e+001,
1538187500, -6.332142e+001,
1541306250, -6.311132e+001,
1544425000, -6.330919e+001,
1547543750, -6.360352e+001,
1550662500, -6.284961e+001,
1553781250, -6.288324e+001,
1556900000, -6.300182e+001,
1560018750, -6.285881e+001,
1563137500, -6.288910e+001,
1566256250, -6.283514e+001,
1569375000, -6.269289e+001,
1572493750, -6.269597e+001,
1575612500, -6.247552e+001,
1578731250, -6.372430e+001,
1581850000, -6.339751e+001,
1584968750, -6.297783e+001,
1588087500, -6.311118e+001,
1591206250, -6.283817e+001,
1594325000, -6.322721e+001,
1597443750, -6.345181e+001,
1600562500, -6.312180e+001,
1603681250, -6.278011e+001,
1606800000, -6.368165e+001,
1609918750, -6.418292e+001,
1613037500, -6.371644e+001,
1616156250, -6.359174e+001,
1619275000, -6.413966e+001,
1622393750, -6.360395e+001,
1625512500, -6.322517e+001,
1628631250, -6.407236e+001,
1631750000, -6.294710e+001,
1634868750, -6.419046e+001,
1637987500, -6.424783e+001,
1641106250, -6.384961e+001,
1644225000, -6.321286e+001,
1647343750, -6.409945e+001,
1650462500, -6.469636e+001,
1653581250, -6.342378e+001,
1656700000, -6.354180e+001,
1659818750, -6.399749e+001,
1662937500, -6.444775e+001,
1666056250, -6.433399e+001,
1669175000, -6.428678e+001,
1672293750, -6.331276e+001,
1675412500, -6.431937e+001,
1678531250, -6.494907e+001,
1681650000, -6.397698e+001,
1684768750, -6.404909e+001,
1687887500, -6.433003e+001,
1691006250, -6.400952e+001,
1694125000, -6.410167e+001,
1697243750, -6.423267e+001,
1700362500, -6.463720e+001,
1703481250, -6.505077e+001,
1706600000, -6.496420e+001,
1709718750, -6.375239e+001,
1712837500, -6.399636e+001,
1715956250, -6.511863e+001,
1719075000, -6.466703e+001,
1722193750, -6.503670e+001,
1725312500, -6.543910e+001,
1728431250, -6.497105e+001,
1731550000, -6.516129e+001,
1734668750, -6.507616e+001,
1737787500, -6.529626e+001,
1740906250, -6.618440e+001,
1744025000, -6.569901e+001,
1747143750, -6.539695e+001,
1750262500, -6.499670e+001,
1753381250, -6.574168e+001,
1756500000, -6.715379e+001,
1759618750, -6.463884e+001,
1762737500, -6.773752e+001,
1765856250, -6.550037e+001,
1768975000, -6.690730e+001,
1772093750, -6.723679e+001,
1775212500, -6.560003e+001,
1778331250, -6.671227e+001,
1781450000, -6.754249e+001,
1784568750, -6.704928e+001,
1787687500, -6.754259e+001,
1790806250, -6.667329e+001,
1793925000, -6.822921e+001,
1797043750, -6.733689e+001,
1800162500, -6.748769e+001,
1803281250, -6.731994e+001,
1806400000, -6.694273e+001,
1809518750, -6.786674e+001,
1812637500, -6.830067e+001,
1815756250, -6.805790e+001,
1818875000, -6.807388e+001,
1821993750, -6.856249e+001,
1825112500, -6.778497e+001,
1828231250, -6.709802e+001,
1831350000, -6.720960e+001,
1834468750, -6.744422e+001,
1837587500, -6.751837e+001,
1840706250, -6.724883e+001,
1843825000, -6.790746e+001,
1846943750, -6.815504e+001,
1850062500, -6.800788e+001,
1853181250, -6.841531e+001,
1856300000, -6.809484e+001,
1859418750, -6.837897e+001,
1862537500, -6.762962e+001,
1865656250, -6.672728e+001,
1868775000, -6.977141e+001,
1871893750, -6.874467e+001,
1875012500, -6.949566e+001,
1878131250, -6.903222e+001,
1881250000, -6.890641e+001,
1884368750, -6.845714e+001,
1887487500, -6.934010e+001,
1890606250, -6.964776e+001,
1893725000, -6.890292e+001,
1896843750, -7.063538e+001,
1899962500, -7.078824e+001,
1903081250, -7.018448e+001,
1906200000, -6.919448e+001,
1909318750, -6.914747e+001,
1912437500, -7.058649e+001,
1915556250, -6.745315e+001,
1918675000, -6.785715e+001,
1921793750, -7.141289e+001,
1924912500, -7.076622e+001,
1928031250, -7.117842e+001,
1931150000, -6.731257e+001,
1934268750, -7.006665e+001,
1937387500, -7.043816e+001,
1940506250, -6.943457e+001,
1943625000, -7.145973e+001,
1946743750, -6.966187e+001,
1949862500, -7.113062e+001,
1952981250, -6.971214e+001,
1956100000, -6.956952e+001,
1959218750, -6.862889e+001,
1962337500, -6.986771e+001,
1965456250, -6.986804e+001,
1968575000, -7.061302e+001,
1971693750, -6.837608e+001,
1974812500, -6.954338e+001,
1977931250, -6.983923e+001,
1981050000, -6.988417e+001,
1984168750, -6.921580e+001,
1987287500, -7.003632e+001,
1990406250, -7.098931e+001,
1993525000, -6.999284e+001,
1996643750, -6.998801e+001,
1999762500, -6.920496e+001,
2002881250, -7.058058e+001,
2006000000, -7.053277e+001,
2009118750, -7.036076e+001,
2012237500, -6.832335e+001,
2015356250, -7.160873e+001,
2018475000, -7.199872e+001,
2021593750, -6.897591e+001,
2024712500, -7.018134e+001,
2027831250, -7.138913e+001,
2030950000, -7.170936e+001,
2034068750, -7.156336e+001,
2037187500, -7.178670e+001,
2040306250, -7.348727e+001,
2043425000, -7.180175e+001,
2046543750, -7.134233e+001,
2049662500, -7.042297e+001,
2052781250, -7.246325e+001,
2055900000, -7.439771e+001,
2059018750, -7.224029e+001,
2062137500, -7.012227e+001,
2065256250, -7.108450e+001,
2068375000, -7.318710e+001,
2071493750, -7.404456e+001,
2074612500, -7.281438e+001,
2077731250, -7.146453e+001,
2080850000, -7.260163e+001,
2083968750, -7.406529e+001,
2087087500, -7.124738e+001,
2090206250, -7.034154e+001,
2093325000, -7.313763e+001,
2096443750, -7.331882e+001,
2099562500, -7.538834e+001,
2102681250, -7.330878e+001,
2105800000, -7.289741e+001,
2108918750, -7.227625e+001,
2112037500, -7.208148e+001,
2115156250, -7.370348e+001,
2118275000, -7.564824e+001,
2121393750, -7.199772e+001,
2124512500, -7.314848e+001,
2127631250, -7.259048e+001,
2130750000, -7.366552e+001,
2133868750, -7.357301e+001,
2136987500, -7.450927e+001,
2140106250, -7.188463e+001,
2143225000, -7.270544e+001,
2146343750, -7.607444e+001,
2149462500, -7.608160e+001,
2152581250, -7.244044e+001,
2155700000, -7.322913e+001,
2158818750, -7.491608e+001,
2161937500, -7.462212e+001,
2165056250, -7.280172e+001,
2168175000, -7.261115e+001,
2171293750, -7.194456e+001,
2174412500, -7.462916e+001,
2177531250, -7.450221e+001,
2180650000, -7.192091e+001,
2183768750, -7.721134e+001,
2186887500, -7.883592e+001,
2190006250, -7.177863e+001,
2193125000, -7.365557e+001,
2196243750, -7.603912e+001,
2199362500, -7.118854e+001,
2202481250, -7.171436e+001,
2205600000, -7.455628e+001,
2208718750, -7.207601e+001,
2211837500, -7.235301e+001,
2214956250, -7.076091e+001,
2218075000, -7.069057e+001,
2221193750, -7.464557e+001,
2224312500, -7.527759e+001,
2227431250, -7.297144e+001,
2230550000, -7.269060e+001,
2233668750, -7.256007e+001,
2236787500, -7.230199e+001,
2239906250, -7.094414e+001,
2243025000, -7.070210e+001,
2246143750, -7.218246e+001,
2249262500, -7.051618e+001,
2252381250, -7.241898e+001,
2255500000, -7.367896e+001,
2258618750, -7.056234e+001,
2261737500, -7.486719e+001,
2264856250, -7.363605e+001,
2267975000, -7.213590e+001,
2271093750, -7.067140e+001,
2274212500, -7.372601e+001,
2277331250, -7.244952e+001,
2280450000, -7.202020e+001,
2283568750, -7.098984e+001,
2286687500, -7.092744e+001,
2289806250, -7.293846e+001,
2292925000, -7.522125e+001,
2296043750, -7.169189e+001,
2299162500, -7.359119e+001,
2302281250, -7.424764e+001,
2305400000, -7.358408e+001,
2308518750, -7.194215e+001,
2311637500, -7.121298e+001,
2314756250, -7.094496e+001,
2317875000, -7.300825e+001,
2320993750, -7.149261e+001,
2324112500, -7.193138e+001,
2327231250, -7.281113e+001,
2330350000, -7.474052e+001,
2333468750, -7.150056e+001,
2336587500, -7.167809e+001,
2339706250, -7.340737e+001,
2342825000, -7.463937e+001,
2345943750, -7.476365e+001,
2349062500, -7.004918e+001,
2352181250, -7.234256e+001,
2355300000, -7.487461e+001,
2358418750, -7.538731e+001,
2361537500, -7.157986e+001,
2364656250, -7.187019e+001,
2367775000, -7.478208e+001,
2370893750, -7.199837e+001,
2374012500, -7.186156e+001,
2377131250, -7.218784e+001,
2380250000, -7.161526e+001,
2383368750, -7.230358e+001,
2386487500, -7.210405e+001,
2389606250, -7.219009e+001,
2392725000, -7.259238e+001,
2395843750, -7.366881e+001,
2398962500, -7.707506e+001,
2402081250, -7.306828e+001,
2405200000, -7.419923e+001,
2408318750, -7.361729e+001,
2411437500, -7.257945e+001,
2414556250, -7.333812e+001,
2417675000, -7.192606e+001,
2420793750, -7.419819e+001,
2423912500, -7.369802e+001,
2427031250, -7.448382e+001,
2430150000, -7.262067e+001,
2433268750, -7.275721e+001,
2436387500, -7.322554e+001,
2439506250, -7.238333e+001,
2442625000, -7.121349e+001,
2445743750, -7.250727e+001,
2448862500, -7.238748e+001,
2451981250, -7.318566e+001,
2455100000, -7.188261e+001,
2458218750, -7.239793e+001,
2461337500, -7.258961e+001,
2464456250, -7.340834e+001,
2467575000, -7.028323e+001,
2470693750, -7.473075e+001,
2473812500, -7.297874e+001,
2476931250, -7.403871e+001,
2480050000, -7.139954e+001,
2483168750, -7.218919e+001,
2486287500, -7.357647e+001,
2489406250, -7.340562e+001,
2492525000, -7.471461e+001,
2495643750, -7.079840e+001,
2498762500, -7.122076e+001,
2501881250, -7.362760e+001,
2505000000, -7.209093e+001,
2508118750, -7.316236e+001,
2511237500, -7.206490e+001,
2514356250, -7.229019e+001,
2517475000, -7.204971e+001,
2520593750, -7.254373e+001,
2523712500, -7.247320e+001,
2526831250, -7.156100e+001,
2529950000, -7.214571e+001,
2533068750, -7.069141e+001,
2536187500, -7.074558e+001,
2539306250, -7.033201e+001,
2542425000, -7.031920e+001,
2545543750, -7.103430e+001,
2548662500, -7.050227e+001,
2551781250, -7.300871e+001,
2554900000, -7.071432e+001,
2558018750, -7.100694e+001,
2561137500, -7.061024e+001,
2564256250, -7.137584e+001,
2567375000, -7.193583e+001,
2570493750, -7.021600e+001,
2573612500, -7.063631e+001,
2576731250, -7.128292e+001,
2579850000, -7.145475e+001,
2582968750, -6.984762e+001,
2586087500, -6.937087e+001,
2589206250, -7.085510e+001,
2592325000, -7.147156e+001,
2595443750, -7.061581e+001,
2598562500, -7.021861e+001,
2601681250, -7.109216e+001,
2604800000, -7.076190e+001,
2607918750, -7.108510e+001,
2611037500, -6.795366e+001,
2614156250, -7.084489e+001,
2617275000, -7.270615e+001,
2620393750, -7.080945e+001,
2623512500, -7.002059e+001,
2626631250, -7.015642e+001,
2629750000, -7.279067e+001,
2632868750, -7.100865e+001,
2635987500, -7.195841e+001,
2639106250, -7.004131e+001,
2642225000, -7.253844e+001,
2645343750, -7.010178e+001,
2648462500, -7.063803e+001,
2651581250, -7.030981e+001,
2654700000, -7.087479e+001,
2657818750, -7.211542e+001,
2660937500, -7.085020e+001,
2664056250, -7.007917e+001,
2667175000, -7.061201e+001,
2670293750, -7.591421e+001,
2673412500, -6.898816e+001,
2676531250, -7.062451e+001,
2679650000, -7.007108e+001,
2682768750, -7.056351e+001,
2685887500, -7.109035e+001,
2689006250, -7.093287e+001,
2692125000, -6.937251e+001,
2695243750, -7.030956e+001,
2698362500, -6.872823e+001,
2701481250, -7.041979e+001,
2704600000, -6.974265e+001,
2707718750, -6.982092e+001,
2710837500, -6.976875e+001,
2713956250, -7.023114e+001,
2717075000, -7.014216e+001,
2720193750, -7.199286e+001,
2723312500, -7.019454e+001,
2726431250, -7.035444e+001,
2729550000, -6.926728e+001,
2732668750, -7.026603e+001,
2735787500, -6.946975e+001,
2738906250, -6.880737e+001,
2742025000, -6.945087e+001,
2745143750, -6.968285e+001,
2748262500, -6.852743e+001,
2751381250, -6.950044e+001,
2754500000, -6.883829e+001,
2757618750, -6.822874e+001,
2760737500, -6.939363e+001,
2763856250, -6.739966e+001,
2766975000, -6.851719e+001,
2770093750, -6.878664e+001,
2773212500, -7.055058e+001,
2776331250, -6.854807e+001,
2779450000, -6.905306e+001,
2782568750, -6.902557e+001,
2785687500, -6.927840e+001,
2788806250, -6.775246e+001,
2791925000, -6.751250e+001,
2795043750, -6.808380e+001,
2798162500, -6.757484e+001,
2801281250, -6.811456e+001,
2804400000, -6.773826e+001,
2807518750, -6.895086e+001,
2810637500, -6.755303e+001,
2813756250, -6.795195e+001,
2816875000, -6.775007e+001,
2819993750, -6.786836e+001,
2823112500, -6.797815e+001,
2826231250, -6.777583e+001,
2829350000, -6.716262e+001,
2832468750, -6.846329e+001,
2835587500, -6.682774e+001,
2838706250, -6.608905e+001,
2841825000, -6.810270e+001,
2844943750, -6.663034e+001,
2848062500, -6.651780e+001,
2851181250, -6.597857e+001,
2854300000, -6.649609e+001,
2857418750, -6.554680e+001,
2860537500, -6.629121e+001,
2863656250, -6.542584e+001,
2866775000, -6.633732e+001,
2869893750, -6.618364e+001,
2873012500, -6.550409e+001,
2876131250, -6.642560e+001,
2879250000, -6.590666e+001,
2882368750, -6.599285e+001,
2885487500, -6.600507e+001,
2888606250, -6.614963e+001,
2891725000, -6.692566e+001,
2894843750, -6.639265e+001,
2897962500, -6.581847e+001,
2901081250, -6.583418e+001,
2904200000, -6.673708e+001,
2907318750, -6.680150e+001,
2910437500, -6.586523e+001,
2913556250, -6.475944e+001,
2916675000, -6.546838e+001,
2919793750, -6.600166e+001,
2922912500, -6.470859e+001,
2926031250, -6.647333e+001,
2929150000, -6.594834e+001,
2932268750, -6.439549e+001,
2935387500, -6.652213e+001,
2938506250, -6.577278e+001,
2941625000, -6.486436e+001,
2944743750, -6.606477e+001,
2947862500, -6.710361e+001,
2950981250, -6.652480e+001,
2954100000, -6.621285e+001,
2957218750, -6.754989e+001,
2960337500, -6.669884e+001,
2963456250, -6.559792e+001,
2966575000, -6.614906e+001,
2969693750, -6.593256e+001,
2972812500, -6.655016e+001,
2975931250, -6.554669e+001,
2979050000, -6.644126e+001,
2982168750, -6.599819e+001,
2985287500, -6.724223e+001,
2988406250, -6.523650e+001,
2991525000, -6.634300e+001,
2994643750, -6.527644e+001,
2997762500, -6.576807e+001,
3000881250, -6.531544e+001,
3004000000, -6.499318e+001,
3007118750, -6.582559e+001,
3010237500, -6.511353e+001,
3013356250, -6.505891e+001,
3016475000, -6.571855e+001,
3019593750, -6.470035e+001,
3022712500, -6.419984e+001,
3025831250, -6.406720e+001,
3028950000, -6.433282e+001,
3032068750, -6.380714e+001,
3035187500, -6.486046e+001,
3038306250, -6.372377e+001,
3041425000, -6.358340e+001,
3044543750, -6.380299e+001,
3047662500, -6.364245e+001,
3050781250, -6.351389e+001,
3053900000, -6.329912e+001,
3057018750, -6.219045e+001,
3060137500, -6.270486e+001,
3063256250, -6.257654e+001,
3066375000, -6.258905e+001,
3069493750, -6.219192e+001,
3072612500, -6.205602e+001,
3075731250, -6.323361e+001,
3078850000, -6.227665e+001,
3081968750, -6.290240e+001,
3085087500, -6.214068e+001,
3088206250, -6.251844e+001,
3091325000, -6.149894e+001,
3094443750, -6.154102e+001,
3097562500, -6.135924e+001,
3100681250, -6.152285e+001,
3103800000, -6.200797e+001,
3106918750, -6.164118e+001,
3110037500, -6.079169e+001,
3113156250, -6.063671e+001,
3116275000, -6.095261e+001,
3119393750, -6.082435e+001,
3122512500, -6.061162e+001,
3125631250, -6.041077e+001,
3128750000, -6.087480e+001,
3131868750, -6.021342e+001,
3134987500, -5.957257e+001,
3138106250, -6.011361e+001,
3141225000, -6.014658e+001,
3144343750, -6.057472e+001,
3147462500, -6.006443e+001,
3150581250, -5.960324e+001,
3153700000, -6.057371e+001,
3156818750, -5.936325e+001,
3159937500, -5.988036e+001,
3163056250, -5.993435e+001,
3166175000, -5.997707e+001,
3169293750, -6.019223e+001,
3172412500, -5.969840e+001,
3175531250, -6.024800e+001,
3178650000, -5.980141e+001,
3181768750, -5.999428e+001,
3184887500, -6.025888e+001,
3188006250, -5.994210e+001,
3191125000, -5.997049e+001,
3194243750, -6.033878e+001,
3197362500, -6.055799e+001,
3200481250, -6.052552e+001,
3203600000, -6.085680e+001,
3206718750, -6.094036e+001,
3209837500, -6.051911e+001,
3212956250, -6.037654e+001,
3216075000, -6.051849e+001,
3219193750, -6.047729e+001,
3222312500, -6.042462e+001,
3225431250, -6.015483e+001,
3228550000, -6.126997e+001,
3231668750, -6.060883e+001,
3234787500, -6.065795e+001,
3237906250, -6.058387e+001,
3241025000, -6.066988e+001,
3244143750, -6.142477e+001,
3247262500, -6.153141e+001,
3250381250, -6.140199e+001,
3253500000, -6.084270e+001,
3256618750, -6.190328e+001,
3259737500, -6.198466e+001,
3262856250, -6.135992e+001,
3265975000, -6.144058e+001,
3269093750, -6.122241e+001,
3272212500, -6.157119e+001,
3275331250, -6.249445e+001,
3278450000, -6.154313e+001,
3281568750, -6.176934e+001,
3284687500, -6.128492e+001,
3287806250, -6.123273e+001,
3290925000, -6.150637e+001,
3294043750, -6.144289e+001,
3297162500, -6.145343e+001,
3300281250, -6.126284e+001,
3303400000, -6.122792e+001,
3306518750, -6.050324e+001,
3309637500, -6.152907e+001,
3312756250, -6.142749e+001,
3315875000, -6.161257e+001,
3318993750, -6.099877e+001,
3322112500, -6.098380e+001,
3325231250, -6.091844e+001,
3328350000, -6.062175e+001,
3331468750, -6.071025e+001,
3334587500, -6.019013e+001,
3337706250, -6.035345e+001,
3340825000, -6.028827e+001,
3343943750, -6.029236e+001,
3347062500, -6.004146e+001,
3350181250, -6.023970e+001,
3353300000, -6.014442e+001,
3356418750, -5.984885e+001,
3359537500, -6.038144e+001,
3362656250, -6.009801e+001,
3365775000, -6.037858e+001,
3368893750, -6.000707e+001,
3372012500, -6.053938e+001,
3375131250, -6.094813e+001,
3378250000, -6.039400e+001,
3381368750, -6.058281e+001,
3384487500, -6.033030e+001,
3387606250, -6.041124e+001,
3390725000, -6.055602e+001,
3393843750, -6.051965e+001,
3396962500, -6.040247e+001,
3400081250, -6.023258e+001,
3403200000, -5.957388e+001,
3406318750, -5.993166e+001,
3409437500, -6.114952e+001,
3412556250, -6.091636e+001,
3415675000, -6.116095e+001,
3418793750, -6.053598e+001,
3421912500, -6.090401e+001,
3425031250, -6.063486e+001,
3428150000, -6.105631e+001,
3431268750, -6.127850e+001,
3434387500, -6.133289e+001,
3437506250, -6.138222e+001,
3440625000, -6.107172e+001,
3443743750, -6.117348e+001,
3446862500, -6.206922e+001,
3449981250, -6.174034e+001,
3453100000, -6.147191e+001,
3456218750, -6.103494e+001,
3459337500, -6.106026e+001,
3462456250, -6.052694e+001,
3465575000, -6.008474e+001,
3468693750, -6.109415e+001,
3471812500, -6.101166e+001,
3474931250, -6.019470e+001,
3478050000, -5.962636e+001,
3481168750, -6.081722e+001,
3484287500, -6.075646e+001,
3487406250, -6.028506e+001,
3490525000, -6.113674e+001,
3493643750, -6.082904e+001,
3496762500, -5.994212e+001,
3499881250, -6.125813e+001,
3503000000, -6.261475e+001,
3506118750, -6.026085e+001,
3509237500, -5.970416e+001,
3512356250, -6.247081e+001,
3515475000, -6.082254e+001,
3518593750, -6.062202e+001,
3521712500, -6.203690e+001,
3524831250, -6.247657e+001,
3527950000, -6.059548e+001,
3531068750, -6.350033e+001,
3534187500, -6.151031e+001,
3537306250, -5.943637e+001,
3540425000, -6.231805e+001,
3543543750, -6.361354e+001,
3546662500, -6.018499e+001,
3549781250, -6.330696e+001,
3552900000, -6.261542e+001,
3556018750, -6.023153e+001,
3559137500, -6.321066e+001,
3562256250, -6.154620e+001,
3565375000, -6.103238e+001,
3568493750, -6.445613e+001,
3571612500, -6.161483e+001,
3574731250, -6.098201e+001,
3577850000, -6.467957e+001,
3580968750, -6.065976e+001,
3584087500, -6.265266e+001,
3587206250, -6.633173e+001,
3590325000, -6.156110e+001,
3593443750, -6.375924e+001,
3596562500, -6.231762e+001,
3599681250, -6.071781e+001,
3602800000, -6.861854e+001,
3605918750, -6.385024e+001,
3609037500, -6.268003e+001,
3612156250, -6.590604e+001,
3615275000, -5.988430e+001,
3618393750, -6.184001e+001,
3621512500, -6.689019e+001,
3624631250, -6.078489e+001,
3627750000, -6.982824e+001,
3630868750, -5.990480e+001,
3633987500, -5.970998e+001,
3637106250, -6.640454e+001,
3640225000, -5.992133e+001,
3643343750, -6.641361e+001,
3646462500, -6.032495e+001,
3649581250, -6.246694e+001,
3652700000, -6.736983e+001,
3655818750, -5.990233e+001,
3658937500, -6.421324e+001,
3662056250, -6.065924e+001,
3665175000, -6.035468e+001,
3668293750, -6.565671e+001,
3671412500, -5.912182e+001,
3674531250, -8.019518e+001,
3677650000, -6.162793e+001,
3680768750, -6.708176e+001,
3683887500, -5.917887e+001,
3687006250, -6.398141e+001,
3690125000, -6.508888e+001,
3693243750, -5.927695e+001,
3696362500, -6.766512e+001,
3699481250, -5.864710e+001,
3702600000, -6.105445e+001,
3705718750, -6.069685e+001,
3708837500, -5.919005e+001,
3711956250, -6.480689e+001,
3715075000, -6.726345e+001,
3718193750, -5.866360e+001,
3721312500, -6.328798e+001,
3724431250, -6.620779e+001,
3727550000, -5.902835e+001,
3730668750, -5.870022e+001,
3733787500, -6.450559e+001,
3736906250, -5.956936e+001,
3740025000, -6.114242e+001,
3743143750, -5.495397e+001,
3746262500, -5.807006e+001,
3749381250, -5.401797e+001,
3752500000, -5.919024e+001,
3755618750, -5.925089e+001,
3758737500, -5.986888e+001,
3761856250, -6.199126e+001,
3764975000, -6.028245e+001,
3768093750, -5.365589e+001,
3771212500, -5.400285e+001,
3774331250, -5.699601e+001,
3777450000, -5.561993e+001,
3780568750, -6.223396e+001,
3783687500, -6.114186e+001,
3786806250, -5.712174e+001,
3789925000, -5.788950e+001,
3793043750, -5.867767e+001,
3796162500, -5.549784e+001,
3799281250, -6.090004e+001,
3802400000, -5.800468e+001,
3805518750, -6.137394e+001,
3808637500, -5.908130e+001,
3811756250, -5.578762e+001,
3814875000, -4.927497e+001,
3817993750, -4.792922e+001,
3821112500, -4.929766e+001,
3824231250, -4.939664e+001,
3827350000, -5.298455e+001,
3830468750, -5.478219e+001,
3833587500, -5.595907e+001,
3836706250, -5.035423e+001,
3839825000, -5.435178e+001,
3842943750, -5.545938e+001,
3846062500, -6.579423e+001,
3849181250, -5.465451e+001,
3852300000, -5.910381e+001,
3855418750, -5.865916e+001,
3858537500, -5.633730e+001,
3861656250, -4.692093e+001,
3864775000, -4.582534e+001,
3867893750, -4.545871e+001,
3871012500, -5.377114e+001,
3874131250, -5.839719e+001,
3877250000, -6.642197e+001,
3880368750, -6.109543e+001,
3883487500, -6.216733e+001,
3886606250, -5.102918e+001,
3889725000, -5.285098e+001,
3892843750, -4.836840e+001,
3895962500, -6.169511e+001,
3899081250, -5.538261e+001,
3902200000, -4.952547e+001,
3905318750, -4.709805e+001,
3908437500, -4.561947e+001,
3911556250, -4.683059e+001,
3914675000, -3.984979e+001,
3917793750, -3.861386e+001,
3920912500, -3.762118e+001,
3924031250, -3.387606e+001,
3927150000, -3.532316e+001,
3930268750, -3.325247e+001,
3933387500, -3.216984e+001,
3936506250, -3.652740e+001,
3939625000, -3.866270e+001,
3942743750, -3.589138e+001,
3945862500, -3.458533e+001,
3948981250, -3.516083e+001,
3952100000, -3.496943e+001,
3955218750, -3.276799e+001,
3958337500, -3.072031e+001,
3961456250, -3.917701e+001,
3964575000, -5.493047e+001,
3967693750, -4.421951e+001,
3970812500, -3.629768e+001,
3973931250, -3.445844e+001,
3977050000, -4.066220e+001,
3980168750, -3.305589e+001,
3983287500, -3.097864e+001,
3986406250, -4.824174e+001,
3989525000, -2.975297e+001,
3992643750, -2.351203e+001,
3995762500, -2.400107e+001,
3998881250, -1.896284e+001,
4002000000, -1.644783e+001,
4005118750, -1.620276e+001,
4008237500, -1.491360e+001,
4011356250, -1.506263e+001,
4014475000, -1.375610e+001,
4017593750, -1.414306e+001,
4020712500, -1.353722e+001,
4023831250, -1.354401e+001,
4026950000, -1.420746e+001,
4030068750, -1.398989e+001,
4033187500, -1.295765e+001,
4036306250, -1.152704e+001,
4039425000, -1.080125e+001,
4042543750, -1.071243e+001,
4045662500, -1.066126e+001,
4048781250, -1.106402e+001,
4051900000, -1.116135e+001,
4055018750, -1.158217e+001,
4058137500, -1.121788e+001,
4061256250, -1.116835e+001,
4064375000, -1.090079e+001,
4067493750, -1.078776e+001,
4070612500, -1.120154e+001,
4073731250, -1.147369e+001,
4076850000, -1.204212e+001,
4079968750, -1.194615e+001,
4083087500, -1.212065e+001,
4086206250, -1.210317e+001,
4089325000, -1.228748e+001,
4092443750, -1.227099e+001,
4095562500, -1.263037e+001,
4098681250, -1.278759e+001,
4101800000, -1.335149e+001,
4104918750, -1.357716e+001,
4108037500, -1.347642e+001,
4111156250, -1.337114e+001,
4114275000, -1.343350e+001,
4117393750, -1.351204e+001,
4120512500, -1.355592e+001,
4123631250, -1.325658e+001,
4126750000, -1.342225e+001,
4129868750, -1.360890e+001,
4132987500, -1.374509e+001,
4136106250, -1.406347e+001,
4139225000, -1.439821e+001,
4142343750, -1.454650e+001,
4145462500, -1.409419e+001,
4148581250, -1.416732e+001,
4151700000, -1.438190e+001,
4154818750, -1.469140e+001,
4157937500, -1.464622e+001,
4161056250, -1.424335e+001,
4164175000, -1.404814e+001,
4167293750, -1.429293e+001,
4170412500, -1.446483e+001,
4173531250, -1.437879e+001,
4176650000, -1.418744e+001,
4179768750, -1.405398e+001,
4182887500, -1.401638e+001,
4186006250, -1.416994e+001,
4189125000, -1.418446e+001,
4192243750, -1.446299e+001,
4195362500, -1.459450e+001,
4198481250, -1.428978e+001,
4201600000, -1.407978e+001,
4204718750, -1.341207e+001,
4207837500, -1.339939e+001,
4210956250, -1.434369e+001,
4214075000, -1.469746e+001,
4217193750, -1.535479e+001,
4220312500, -1.591817e+001,
4223431250, -1.631983e+001,
4226550000, -1.665489e+001,
4229668750, -1.725828e+001,
4232787500, -1.769156e+001,
4235906250, -1.784238e+001,
4239025000, -1.738455e+001,
4242143750, -1.648750e+001,
4245262500, -1.574608e+001,
4248381250, -1.542432e+001,
4251500000, -1.568644e+001,
4254618750, -1.639590e+001,
4257737500, -1.682156e+001,
4260856250, -1.682531e+001,
4263975000, -1.666405e+001,
4267093750, -1.704027e+001,
4270212500, -1.745196e+001,
4273331250, -1.717815e+001,
4276450000, -1.644222e+001,
4279568750, -1.610581e+001,
4282687500, -1.655350e+001,
4285806250, -1.708831e+001,
4288925000, -1.677665e+001,
4292043750, -1.642968e+001,
4295162500, -1.699127e+001,
4298281250, -1.761803e+001,
4301400000, -1.709474e+001,
4304518750, -1.648154e+001,
4307637500, -1.707800e+001,
4310756250, -1.777565e+001,
4313875000, -1.706247e+001,
4316993750, -1.713689e+001,
4320112500, -1.828766e+001,
4323231250, -1.805046e+001,
4326350000, -1.766647e+001,
4329468750, -1.867317e+001,
4332587500, -1.888449e+001,
4335706250, -1.817640e+001,
4338825000, -1.895259e+001,
4341943750, -1.958489e+001,
4345062500, -1.867719e+001,
4348181250, -1.953619e+001,
4351300000, -2.003806e+001,
4354418750, -1.907371e+001,
4357537500, -2.030893e+001,
4360656250, -1.994656e+001,
4363775000, -1.942387e+001,
4366893750, -2.084689e+001,
4370012500, -1.965720e+001,
4373131250, -2.066473e+001,
4376250000, -2.095118e+001,
4379368750, -2.069720e+001,
4382487500, -2.240901e+001,
4385606250, -2.147898e+001,
4388725000, -2.320120e+001,
4391843750, -2.285362e+001,
4394962500, -2.342876e+001,
4398081250, -2.402002e+001,
4401200000, -2.337769e+001,
4404318750, -2.474615e+001,
4407437500, -2.347693e+001,
4410556250, -2.485253e+001,
4413675000, -2.359813e+001,
4416793750, -2.561683e+001,
4419912500, -2.460502e+001,
4423031250, -2.667205e+001,
4426150000, -2.541602e+001,
4429268750, -2.704403e+001,
4432387500, -2.550357e+001,
4435506250, -2.672185e+001,
4438625000, -2.560640e+001,
4441743750, -2.587147e+001,
4444862500, -2.642924e+001,
4447981250, -2.484827e+001,
4451100000, -2.727195e+001,
4454218750, -2.531537e+001,
4457337500, -2.630427e+001,
4460456250, -2.783167e+001,
4463575000, -2.619033e+001,
4466693750, -2.868612e+001,
4469812500, -3.035167e+001,
4472931250, -3.037032e+001,
4476050000, -3.279976e+001,
4479168750, -3.658479e+001,
4482287500, -3.577098e+001,
4485406250, -3.700399e+001,
4488525000, -4.061094e+001,
4491643750, -3.796824e+001,
4494762500, -3.811776e+001,
4497881250, -3.988857e+001,
4501000000, -4.178824e+001,
4504118750, -4.423920e+001,
4507237500, -4.150598e+001,
4510356250, -4.064050e+001,
4513475000, -4.397669e+001,
4516593750, -4.454268e+001,
4519712500, -4.431979e+001,
4522831250, -4.742011e+001,
4525950000, -4.468006e+001,
4529068750, -4.496466e+001,
4532187500, -4.913085e+001,
4535306250, -4.999142e+001,
4538425000, -5.048320e+001,
4541543750, -5.532719e+001,
4544662500, -6.629547e+001,
4547781250, -5.572625e+001,
4550900000, -4.962988e+001,
4554018750, -5.143063e+001,
4557137500, -5.812949e+001,
4560256250, -5.938681e+001,
4563375000, -5.635021e+001,
4566493750, -5.318224e+001,
4569612500, -5.385561e+001,
4572731250, -6.273582e+001,
4575850000, -6.688712e+001,
4578968750, -6.369143e+001,
4582087500, -6.082501e+001,
4585206250, -5.930032e+001,
4588325000, -6.052953e+001,
4591443750, -6.029002e+001,
4594562500, -6.179938e+001,
4597681250, -6.256290e+001,
4600800000, -6.208719e+001,
4603918750, -6.194740e+001,
4607037500, -6.275572e+001,
4610156250, -6.289689e+001,
4613275000, -6.207814e+001,
4616393750, -6.190134e+001,
4619512500, -6.236063e+001,
4622631250, -6.214516e+001,
4625750000, -6.277662e+001,
4628868750, -6.248309e+001,
4631987500, -6.246026e+001,
4635106250, -6.233005e+001,
4638225000, -6.270433e+001,
4641343750, -6.211719e+001,
4644462500, -6.225721e+001,
4647581250, -6.197172e+001,
4650700000, -6.215123e+001,
4653818750, -6.235758e+001,
4656937500, -6.246753e+001,
4660056250, -6.240362e+001,
4663175000, -6.215633e+001,
4666293750, -6.244251e+001,
4669412500, -6.210681e+001,
4672531250, -6.176304e+001,
4675650000, -6.252335e+001,
4678768750, -6.225372e+001,
4681887500, -6.255018e+001,
4685006250, -6.193823e+001,
4688125000, -6.220454e+001,
4691243750, -6.244992e+001,
4694362500, -6.246209e+001,
4697481250, -6.216186e+001,
4700600000, -6.240634e+001,
4703718750, -6.298611e+001,
4706837500, -6.349783e+001,
4709956250, -6.160622e+001,
4713075000, -6.199759e+001,
4716193750, -6.290411e+001,
4719312500, -6.240004e+001,
4722431250, -6.175415e+001,
4725550000, -6.211544e+001,
4728668750, -6.256386e+001,
4731787500, -6.260875e+001,
4734906250, -6.229538e+001,
4738025000, -6.245559e+001,
4741143750, -6.218399e+001,
4744262500, -6.256989e+001,
4747381250, -6.248973e+001,
4750500000, -6.250543e+001,
4753618750, -6.307798e+001,
4756737500, -6.190107e+001,
4759856250, -6.216805e+001,
4762975000, -6.233782e+001,
4766093750, -6.250993e+001,
4769212500, -6.273541e+001,
4772331250, -6.280753e+001,
4775450000, -6.237966e+001,
4778568750, -6.208488e+001,
4781687500, -6.213234e+001,
4784806250, -6.176265e+001,
4787925000, -6.154541e+001,
4791043750, -6.149115e+001,
4794162500, -6.220154e+001,
4797281250, -6.205932e+001,
4800400000, -6.102950e+001,
4803518750, -6.152027e+001,
4806637500, -6.159000e+001,
4809756250, -6.137359e+001,
4812875000, -6.076048e+001,
4815993750, -6.171492e+001,
4819112500, -6.170014e+001,
4822231250, -6.165082e+001,
4825350000, -6.136982e+001,
4828468750, -6.175730e+001,
4831587500, -6.181743e+001,
4834706250, -6.165930e+001,
4837825000, -6.135532e+001,
4840943750, -6.216967e+001,
4844062500, -6.198885e+001,
4847181250, -6.213655e+001,
4850300000, -6.196290e+001,
4853418750, -6.226157e+001,
4856537500, -6.233024e+001,
4859656250, -6.284792e+001,
4862775000, -6.220058e+001,
4865893750, -6.323082e+001,
4869012500, -6.279492e+001,
4872131250, -6.314322e+001,
4875250000, -6.337219e+001,
4878368750, -6.349901e+001,
4881487500, -6.343332e+001,
4884606250, -6.330381e+001,
4887725000, -6.373093e+001,
4890843750, -6.408353e+001,
4893962500, -6.372020e+001,
4897081250, -6.390308e+001,
4900200000, -6.396151e+001,
4903318750, -6.452901e+001,
4906437500, -6.346198e+001,
4909556250, -6.417759e+001,
4912675000, -6.463448e+001,
4915793750, -6.412630e+001,
4918912500, -6.455493e+001,
4922031250, -6.459967e+001,
4925150000, -6.469502e+001,
4928268750, -6.472594e+001,
4931387500, -6.535222e+001,
4934506250, -6.451053e+001,
4937625000, -6.463836e+001,
4940743750, -6.470072e+001,
4943862500, -6.426556e+001,
4946981250, -6.435629e+001,
4950100000, -6.438599e+001,
4953218750, -6.515247e+001,
4956337500, -6.456831e+001,
4959456250, -6.472684e+001,
4962575000, -6.488731e+001,
4965693750, -6.553340e+001,
4968812500, -6.525067e+001,
4971931250, -6.443155e+001,
4975050000, -6.459694e+001,
4978168750, -6.486631e+001,
4981287500, -6.502708e+001,
4984406250, -6.523544e+001,
4987525000, -6.530600e+001,
4990643750, -6.634373e+001,
4993762500, -6.553745e+001,
4996881250, -6.531792e+001,
5000000000, -6.607117e+001,
