"S12 Log Mag"
"Frequency (Hz)","dB",
10000000, -5.727788e+001,
13118750, -5.990772e+001,
16237500, -7.006248e+001,
19356250, -7.008300e+001,
22475000, -7.621341e+001,
25593750, -7.551496e+001,
28712500, -7.325266e+001,
31831250, -7.906521e+001,
34950000, -8.421934e+001,
38068750, -8.040753e+001,
41187500, -8.331635e+001,
44306250, -7.311201e+001,
47425000, -7.100699e+001,
50543750, -6.884182e+001,
53662500, -6.684473e+001,
56781250, -7.219379e+001,
59900000, -7.380007e+001,
63018750, -7.779297e+001,
66137500, -7.201557e+001,
69256250, -8.240392e+001,
72375000, -8.488576e+001,
75493750, -7.591432e+001,
78612500, -8.558757e+001,
81731250, -7.794807e+001,
84850000, -7.564079e+001,
87968750, -8.126254e+001,
91087500, -8.123991e+001,
94206250, -7.446491e+001,
97325000, -7.356241e+001,
100443750, -8.923767e+001,
103562500, -8.000586e+001,
106681250, -8.051066e+001,
109800000, -7.703445e+001,
112918750, -6.800179e+001,
116037500, -6.979811e+001,
119156250, -8.064907e+001,
122275000, -7.869605e+001,
125393750, -6.654753e+001,
128512500, -7.138147e+001,
131631250, -8.793945e+001,
134750000, -7.602367e+001,
137868750, -7.375285e+001,
140987500, -7.233546e+001,
144106250, -6.892831e+001,
147225000, -8.270346e+001,
150343750, -7.135328e+001,
153462500, -6.665181e+001,
156581250, -7.329807e+001,
159700000, -7.373863e+001,
162818750, -7.007867e+001,
165937500, -7.204026e+001,
169056250, -6.843941e+001,
172175000, -7.162823e+001,
175293750, -7.123254e+001,
178412500, -8.128651e+001,
181531250, -7.013753e+001,
184650000, -7.652032e+001,
187768750, -7.491866e+001,
190887500, -7.036914e+001,
194006250, -7.322240e+001,
197125000, -7.716042e+001,
200243750, -7.580618e+001,
203362500, -7.224544e+001,
206481250, -7.248647e+001,
209600000, -7.797205e+001,
212718750, -7.923035e+001,
215837500, -7.057938e+001,
218956250, -7.156950e+001,
222075000, -6.972857e+001,
225193750, -7.217770e+001,
228312500, -7.070727e+001,
231431250, -7.797202e+001,
234550000, -7.143597e+001,
237668750, -7.354324e+001,
240787500, -7.811346e+001,
243906250, -7.109361e+001,
247025000, -6.950714e+001,
250143750, -6.884079e+001,
253262500, -7.085593e+001,
256381250, -7.166090e+001,
259500000, -6.771207e+001,
262618750, -7.390504e+001,
265737500, -6.881407e+001,
268856250, -6.797421e+001,
271975000, -6.846504e+001,
275093750, -6.714307e+001,
278212500, -8.027493e+001,
281331250, -7.192519e+001,
284450000, -7.008090e+001,
287568750, -6.899445e+001,
290687500, -6.735156e+001,
293806250, -6.954620e+001,
296925000, -6.903442e+001,
300043750, -6.624920e+001,
303162500, -6.811437e+001,
306281250, -6.723809e+001,
309400000, -7.051316e+001,
312518750, -7.123669e+001,
315637500, -6.916327e+001,
318756250, -7.195845e+001,
321875000, -7.053138e+001,
324993750, -6.743150e+001,
328112500, -7.063442e+001,
331231250, -6.978576e+001,
334350000, -6.858246e+001,
337468750, -6.719804e+001,
340587500, -7.043240e+001,
343706250, -7.126402e+001,
346825000, -7.031496e+001,
349943750, -6.900325e+001,
353062500, -7.060248e+001,
356181250, -7.046892e+001,
359300000, -6.900726e+001,
362418750, -6.817966e+001,
365537500, -6.895850e+001,
368656250, -6.950381e+001,
371775000, -6.901550e+001,
374893750, -6.795643e+001,
378012500, -6.781799e+001,
381131250, -6.792027e+001,
384250000, -6.806186e+001,
387368750, -6.820232e+001,
390487500, -6.749429e+001,
393606250, -6.780888e+001,
396725000, -6.859818e+001,
399843750, -7.005743e+001,
402962500, -6.802287e+001,
406081250, -6.755149e+001,
409200000, -6.750881e+001,
412318750, -6.638699e+001,
415437500, -6.638305e+001,
418556250, -6.649870e+001,
421675000, -6.638393e+001,
424793750, -6.639691e+001,
427912500, -6.784656e+001,
431031250, -6.716346e+001,
434150000, -6.854463e+001,
437268750, -6.623589e+001,
440387500, -6.582172e+001,
443506250, -6.862199e+001,
446625000, -6.689276e+001,
449743750, -6.748366e+001,
452862500, -6.586775e+001,
455981250, -6.672657e+001,
459100000, -6.725240e+001,
462218750, -6.735675e+001,
465337500, -6.637832e+001,
468456250, -6.709782e+001,
471575000, -6.636358e+001,
474693750, -6.667657e+001,
477812500, -6.693399e+001,
480931250, -6.600731e+001,
484050000, -6.790466e+001,
487168750, -6.725909e+001,
490287500, -6.688689e+001,
493406250, -6.575488e+001,
496525000, -6.659038e+001,
499643750, -6.704640e+001,
502762500, -6.665556e+001,
505881250, -6.686698e+001,
509000000, -6.600172e+001,
512118750, -6.491160e+001,
515237500, -6.641009e+001,
518356250, -6.644712e+001,
521475000, -6.605302e+001,
524593750, -6.706413e+001,
527712500, -6.682483e+001,
530831250, -6.627965e+001,
533950000, -6.601878e+001,
537068750, -6.636585e+001,
540187500, -6.583122e+001,
543306250, -6.580991e+001,
546425000, -6.535918e+001,
549543750, -6.626312e+001,
552662500, -6.646523e+001,
555781250, -6.552076e+001,
558900000, -6.559629e+001,
562018750, -6.526986e+001,
565137500, -6.662888e+001,
568256250, -6.522771e+001,
571375000, -6.574966e+001,
574493750, -6.532631e+001,
577612500, -6.516838e+001,
580731250, -6.445245e+001,
583850000, -6.425333e+001,
586968750, -6.599530e+001,
590087500, -6.471832e+001,
593206250, -6.594687e+001,
596325000, -6.505296e+001,
599443750, -6.523885e+001,
602562500, -6.542106e+001,
605681250, -6.545018e+001,
608800000, -6.635098e+001,
611918750, -6.497684e+001,
615037500, -6.392323e+001,
618156250, -6.548096e+001,
621275000, -6.564932e+001,
624393750, -6.413743e+001,
627512500, -6.418848e+001,
630631250, -6.455054e+001,
633750000, -6.452577e+001,
636868750, -6.480528e+001,
639987500, -6.403288e+001,
643106250, -6.430801e+001,
646225000, -6.482807e+001,
649343750, -6.432327e+001,
652462500, -6.468194e+001,
655581250, -6.443940e+001,
658700000, -6.452043e+001,
661818750, -6.582820e+001,
664937500, -6.457369e+001,
668056250, -6.446471e+001,
671175000, -6.416537e+001,
674293750, -6.446980e+001,
677412500, -6.609946e+001,
680531250, -6.439429e+001,
683650000, -6.401558e+001,
686768750, -6.386438e+001,
689887500, -6.465717e+001,
693006250, -6.456296e+001,
696125000, -6.374737e+001,
699243750, -6.454456e+001,
702362500, -6.354522e+001,
705481250, -6.459043e+001,
708600000, -6.446933e+001,
711718750, -6.345301e+001,
714837500, -6.406166e+001,
717956250, -6.433204e+001,
721075000, -6.360049e+001,
724193750, -6.396271e+001,
727312500, -6.309420e+001,
730431250, -6.351180e+001,
733550000, -6.370795e+001,
736668750, -6.278062e+001,
739787500, -6.276797e+001,
742906250, -6.268762e+001,
746025000, -6.293632e+001,
749143750, -6.305280e+001,
752262500, -6.358364e+001,
755381250, -6.265577e+001,
758500000, -6.309690e+001,
761618750, -6.434003e+001,
764737500, -6.293685e+001,
767856250, -6.273963e+001,
770975000, -6.216436e+001,
774093750, -6.228982e+001,
777212500, -6.318290e+001,
780331250, -6.283537e+001,
783450000, -6.288993e+001,
786568750, -6.257783e+001,
789687500, -6.228351e+001,
792806250, -6.307179e+001,
795925000, -6.285964e+001,
799043750, -6.233740e+001,
802162500, -6.216796e+001,
805281250, -6.284690e+001,
808400000, -6.277215e+001,
811518750, -6.240273e+001,
814637500, -6.258675e+001,
817756250, -6.199092e+001,
820875000, -6.214001e+001,
823993750, -6.184772e+001,
827112500, -6.231477e+001,
830231250, -6.285300e+001,
833350000, -6.256613e+001,
836468750, -6.229305e+001,
839587500, -6.180966e+001,
842706250, -6.223897e+001,
845825000, -6.221879e+001,
848943750, -6.146668e+001,
852062500, -6.280129e+001,
855181250, -6.190160e+001,
858300000, -6.224944e+001,
861418750, -6.194582e+001,
864537500, -6.185429e+001,
867656250, -6.171529e+001,
870775000, -6.207279e+001,
873893750, -6.240847e+001,
877012500, -6.227899e+001,
880131250, -6.205104e+001,
883250000, -6.169547e+001,
886368750, -6.096600e+001,
889487500, -6.242744e+001,
892606250, -6.134571e+001,
895725000, -6.190117e+001,
898843750, -6.206840e+001,
901962500, -6.157773e+001,
905081250, -6.129932e+001,
908200000, -6.131258e+001,
911318750, -6.125307e+001,
914437500, -6.041884e+001,
917556250, -6.032237e+001,
920675000, -6.111929e+001,
923793750, -6.127063e+001,
926912500, -6.057888e+001,
930031250, -6.107037e+001,
933150000, -6.090241e+001,
936268750, -6.151050e+001,
939387500, -6.099026e+001,
942506250, -6.121692e+001,
945625000, -6.128138e+001,
948743750, -6.131725e+001,
951862500, -6.141041e+001,
954981250, -6.086415e+001,
958100000, -6.107410e+001,
961218750, -6.135215e+001,
964337500, -6.131767e+001,
967456250, -6.162514e+001,
970575000, -6.141651e+001,
973693750, -6.126624e+001,
976812500, -6.161787e+001,
979931250, -6.089761e+001,
983050000, -6.132598e+001,
986168750, -6.204246e+001,
989287500, -6.149575e+001,
992406250, -6.119440e+001,
995525000, -6.087609e+001,
998643750, -6.118426e+001,
1001762500, -6.128366e+001,
1004881250, -6.084119e+001,
1008000000, -6.154924e+001,
1011118750, -6.136226e+001,
1014237500, -6.157489e+001,
1017356250, -6.096219e+001,
1020475000, -6.102494e+001,
1023593750, -6.085763e+001,
1026712500, -6.096558e+001,
1029831250, -6.082949e+001,
1032950000, -6.118522e+001,
1036068750, -6.084425e+001,
1039187500, -6.156550e+001,
1042306250, -6.137421e+001,
1045425000, -6.085995e+001,
1048543750, -6.121207e+001,
1051662500, -6.166412e+001,
1054781250, -6.081823e+001,
1057900000, -6.127242e+001,
1061018750, -6.096238e+001,
1064137500, -6.093370e+001,
1067256250, -6.099615e+001,
1070375000, -6.106082e+001,
1073493750, -6.117485e+001,
1076612500, -6.133849e+001,
1079731250, -6.159209e+001,
1082850000, -6.133242e+001,
1085968750, -6.093710e+001,
1089087500, -6.145161e+001,
1092206250, -6.089581e+001,
1095325000, -6.110494e+001,
1098443750, -6.074456e+001,
1101562500, -6.132106e+001,
1104681250, -6.107634e+001,
1107800000, -6.127666e+001,
1110918750, -6.071525e+001,
1114037500, -6.100460e+001,
1117156250, -6.183839e+001,
1120275000, -6.130536e+001,
1123393750, -6.094423e+001,
1126512500, -6.129707e+001,
1129631250, -6.126869e+001,
1132750000, -6.166502e+001,
1135868750, -6.062475e+001,
1138987500, -6.139618e+001,
1142106250, -6.095673e+001,
1145225000, -6.026925e+001,
1148343750, -6.105454e+001,
1151462500, -6.121278e+001,
1154581250, -6.120774e+001,
1157700000, -6.116611e+001,
1160818750, -6.105200e+001,
1163937500, -6.145025e+001,
1167056250, -6.094952e+001,
1170175000, -6.155196e+001,
1173293750, -6.118159e+001,
1176412500, -6.076574e+001,
1179531250, -6.115162e+001,
1182650000, -6.108010e+001,
1185768750, -6.109608e+001,
1188887500, -6.075214e+001,
1192006250, -6.092307e+001,
1195125000, -6.104338e+001,
1198243750, -6.180068e+001,
1201362500, -6.103661e+001,
1204481250, -6.072653e+001,
1207600000, -6.112189e+001,
1210718750, -6.075690e+001,
1213837500, -6.079854e+001,
1216956250, -6.093130e+001,
1220075000, -6.074501e+001,
1223193750, -6.105862e+001,
1226312500, -6.091224e+001,
1229431250, -6.078957e+001,
1232550000, -6.108681e+001,
1235668750, -6.140493e+001,
1238787500, -6.106885e+001,
1241906250, -6.106500e+001,
1245025000, -6.103825e+001,
1248143750, -6.159923e+001,
1251262500, -6.138937e+001,
1254381250, -6.172303e+001,
1257500000, -6.111296e+001,
1260618750, -6.121472e+001,
1263737500, -6.124984e+001,
1266856250, -6.116659e+001,
1269975000, -6.089918e+001,
1273093750, -6.133012e+001,
1276212500, -6.113556e+001,
1279331250, -6.108960e+001,
1282450000, -6.119683e+001,
1285568750, -6.128536e+001,
1288687500, -6.123516e+001,
1291806250, -6.073446e+001,
1294925000, -6.125219e+001,
1298043750, -6.085578e+001,
1301162500, -6.123875e+001,
1304281250, -6.151680e+001,
1307400000, -6.119798e+001,
1310518750, -6.090943e+001,
1313637500, -6.115185e+001,
1316756250, -6.106137e+001,
1319875000, -6.081801e+001,
1322993750, -6.083515e+001,
1326112500, -6.136880e+001,
1329231250, -6.104479e+001,
1332350000, -6.135909e+001,
1335468750, -6.106739e+001,
1338587500, -6.103079e+001,
1341706250, -6.139919e+001,
1344825000, -6.114100e+001,
1347943750, -6.113363e+001,
1351062500, -6.096952e+001,
1354181250, -6.097407e+001,
1357300000, -6.107664e+001,
1360418750, -6.137317e+001,
1363537500, -6.078301e+001,
1366656250, -6.066919e+001,
1369775000, -6.075268e+001,
1372893750, -6.012189e+001,
1376012500, -6.072341e+001,
1379131250, -6.049808e+001,
1382250000, -6.078038e+001,
1385368750, -6.091279e+001,
1388487500, -6.067007e+001,
1391606250, -6.149186e+001,
1394725000, -6.100893e+001,
1397843750, -6.119483e+001,
1400962500, -6.070025e+001,
1404081250, -6.102454e+001,
1407200000, -6.131470e+001,
1410318750, -6.157106e+001,
1413437500, -6.130519e+001,
1416556250, -6.157447e+001,
1419675000, -6.167542e+001,
1422793750, -6.150282e+001,
1425912500, -6.143505e+001,
1429031250, -6.189427e+001,
1432150000, -6.202706e+001,
1435268750, -6.199244e+001,
1438387500, -6.157918e+001,
1441506250, -6.197326e+001,
1444625000, -6.213731e+001,
1447743750, -6.188117e+001,
1450862500, -6.202864e+001,
1453981250, -6.138919e+001,
1457100000, -6.309393e+001,
1460218750, -6.295289e+001,
1463337500, -6.215041e+001,
1466456250, -6.290237e+001,
1469575000, -6.252109e+001,
1472693750, -6.297008e+001,
1475812500, -6.231923e+001,
1478931250, -6.195913e+001,
1482050000, -6.282235e+001,
1485168750, -6.279401e+001,
1488287500, -6.280422e+001,
1491406250, -6.240626e+001,
1494525000, -6.261662e+001,
1497643750, -6.295551e+001,
1500762500, -6.259001e+001,
1503881250, -6.228063e+001,
1507000000, -6.327276e+001,
1510118750, -6.339422e+001,
1513237500, -6.321614e+001,
1516356250, -6.300695e+001,
1519475000, -6.334008e+001,
1522593750, -6.328036e+001,
1525712500, -6.272452e+001,
1528831250, -6.281903e+001,
1531950000, -6.268187e+001,
1535068750, -6.317074e+001,
1538187500, -6.271935e+001,
1541306250, -6.240948e+001,
1544425000, -6.335022e+001,
1547543750, -6.266624e+001,
1550662500, -6.272203e+001,
1553781250, -6.297100e+001,
1556900000, -6.288231e+001,
1560018750, -6.323875e+001,
1563137500, -6.296719e+001,
1566256250, -6.302998e+001,
1569375000, -6.327788e+001,
1572493750, -6.311219e+001,
1575612500, -6.254473e+001,
1578731250, -6.268656e+001,
1581850000, -6.318796e+001,
1584968750, -6.348524e+001,
1588087500, -6.299364e+001,
1591206250, -6.261198e+001,
1594325000, -6.295026e+001,
1597443750, -6.296474e+001,
1600562500, -6.280997e+001,
1603681250, -6.327008e+001,
1606800000, -6.279005e+001,
1609918750, -6.414864e+001,
1613037500, -6.264759e+001,
1616156250, -6.338889e+001,
1619275000, -6.236379e+001,
1622393750, -6.341782e+001,
1625512500, -6.341181e+001,
1628631250, -6.379865e+001,
1631750000, -6.429892e+001,
1634868750, -6.362265e+001,
1637987500, -6.462584e+001,
1641106250, -6.392213e+001,
1644225000, -6.335007e+001,
1647343750, -6.352226e+001,
1650462500, -6.449045e+001,
1653581250, -6.358808e+001,
1656700000, -6.361895e+001,
1659818750, -6.349897e+001,
1662937500, -6.449039e+001,
1666056250, -6.367524e+001,
1669175000, -6.384992e+001,
1672293750, -6.340769e+001,
1675412500, -6.423844e+001,
1678531250, -6.440617e+001,
1681650000, -6.377152e+001,
1684768750, -6.444788e+001,
1687887500, -6.403400e+001,
1691006250, -6.400842e+001,
1694125000, -6.420586e+001,
1697243750, -6.401328e+001,
1700362500, -6.479923e+001,
1703481250, -6.452986e+001,
1706600000, -6.495043e+001,
1709718750, -6.479832e+001,
1712837500, -6.505317e+001,
1715956250, -6.541073e+001,
1719075000, -6.489651e+001,
1722193750, -6.552670e+001,
1725312500, -6.459666e+001,
1728431250, -6.629590e+001,
1731550000, -6.605106e+001,
1734668750, -6.530193e+001,
1737787500, -6.609985e+001,
1740906250, -6.528681e+001,
1744025000, -6.657957e+001,
1747143750, -6.658373e+001,
1750262500, -6.545222e+001,
1753381250, -6.609718e+001,
1756500000, -6.572578e+001,
1759618750, -6.690821e+001,
1762737500, -6.533318e+001,
1765856250, -6.623921e+001,
1768975000, -6.668657e+001,
1772093750, -6.687568e+001,
1775212500, -6.641835e+001,
1778331250, -6.634547e+001,
1781450000, -6.675513e+001,
1784568750, -6.660323e+001,
1787687500, -6.709937e+001,
1790806250, -6.553027e+001,
1793925000, -6.772483e+001,
1797043750, -6.737073e+001,
1800162500, -6.688237e+001,
1803281250, -6.629956e+001,
1806400000, -6.609914e+001,
1809518750, -6.662145e+001,
1812637500, -6.695884e+001,
1815756250, -6.716143e+001,
1818875000, -6.679491e+001,
1821993750, -6.745714e+001,
1825112500, -6.672131e+001,
1828231250, -6.775930e+001,
1831350000, -6.662690e+001,
1834468750, -6.708524e+001,
1837587500, -6.723074e+001,
1840706250, -6.829150e+001,
1843825000, -6.772469e+001,
1846943750, -6.786529e+001,
1850062500, -6.748161e+001,
1853181250, -6.709363e+001,
1856300000, -6.802180e+001,
1859418750, -6.865807e+001,
1862537500, -6.886521e+001,
1865656250, -6.898197e+001,
1868775000, -6.771358e+001,
1871893750, -7.002906e+001,
1875012500, -7.007275e+001,
1878131250, -6.912527e+001,
1881250000, -6.841365e+001,
1884368750, -6.889583e+001,
1887487500, -7.019968e+001,
1890606250, -6.965089e+001,
1893725000, -6.904713e+001,
1896843750, -6.885674e+001,
1899962500, -6.965970e+001,
1903081250, -6.972242e+001,
1906200000, -6.956801e+001,
1909318750, -6.933345e+001,
1912437500, -7.049184e+001,
1915556250, -7.117337e+001,
1918675000, -6.964467e+001,
1921793750, -7.057414e+001,
1924912500, -7.071687e+001,
1928031250, -6.923170e+001,
1931150000, -6.944666e+001,
1934268750, -7.175310e+001,
1937387500, -6.912870e+001,
1940506250, -6.974828e+001,
1943625000, -6.918197e+001,
1946743750, -6.948840e+001,
1949862500, -7.063409e+001,
1952981250, -6.935186e+001,
1956100000, -6.838975e+001,
1959218750, -6.906030e+001,
1962337500, -7.133916e+001,
1965456250, -6.947233e+001,
1968575000, -6.975700e+001,
1971693750, -6.942203e+001,
1974812500, -6.984621e+001,
1977931250, -7.033656e+001,
1981050000, -6.977419e+001,
1984168750, -6.927933e+001,
1987287500, -6.989030e+001,
1990406250, -6.927091e+001,
1993525000, -7.026769e+001,
1996643750, -6.955439e+001,
1999762500, -7.017967e+001,
2002881250, -7.006026e+001,
2006000000, -6.958538e+001,
2009118750, -6.862771e+001,
2012237500, -7.005837e+001,
2015356250, -7.052904e+001,
2018475000, -7.281264e+001,
2021593750, -7.192962e+001,
2024712500, -6.992451e+001,
2027831250, -6.919353e+001,
2030950000, -7.105437e+001,
2034068750, -7.044562e+001,
2037187500, -7.321991e+001,
2040306250, -6.986197e+001,
2043425000, -7.068320e+001,
2046543750, -7.307513e+001,
2049662500, -7.310617e+001,
2052781250, -7.056467e+001,
2055900000, -7.200343e+001,
2059018750, -7.096690e+001,
2062137500, -7.118079e+001,
2065256250, -7.064955e+001,
2068375000, -7.259402e+001,
2071493750, -7.225562e+001,
2074612500, -7.027362e+001,
2077731250, -7.143758e+001,
2080850000, -7.572913e+001,
2083968750, -7.510708e+001,
2087087500, -7.305600e+001,
2090206250, -7.064691e+001,
2093325000, -7.451697e+001,
2096443750, -7.112268e+001,
2099562500, -7.243764e+001,
2102681250, -7.560215e+001,
2105800000, -7.322478e+001,
2108918750, -7.273161e+001,
2112037500, -7.225905e+001,
2115156250, -7.325188e+001,
2118275000, -7.330056e+001,
2121393750, -7.573767e+001,
2124512500, -7.482125e+001,
2127631250, -7.335043e+001,
2130750000, -7.345589e+001,
2133868750, -7.380965e+001,
2136987500, -7.569919e+001,
2140106250, -7.137148e+001,
2143225000, -7.407521e+001,
2146343750, -7.555733e+001,
2149462500, -7.475448e+001,
2152581250, -7.411634e+001,
2155700000, -7.371920e+001,
2158818750, -7.359945e+001,
2161937500, -7.443684e+001,
2165056250, -7.321996e+001,
2168175000, -7.288093e+001,
2171293750, -7.295119e+001,
2174412500, -7.702400e+001,
2177531250, -7.513153e+001,
2180650000, -7.168792e+001,
2183768750, -7.302080e+001,
2186887500, -7.384318e+001,
2190006250, -7.290913e+001,
2193125000, -7.507110e+001,
2196243750, -7.368336e+001,
2199362500, -7.200652e+001,
2202481250, -7.431103e+001,
2205600000, -7.209757e+001,
2208718750, -7.251178e+001,
2211837500, -7.348557e+001,
2214956250, -7.277949e+001,
2218075000, -7.407713e+001,
2221193750, -7.312058e+001,
2224312500, -7.232711e+001,
2227431250, -7.733637e+001,
2230550000, -7.219672e+001,
2233668750, -7.014491e+001,
2236787500, -7.295950e+001,
2239906250, -7.376898e+001,
2243025000, -7.119714e+001,
2246143750, -7.176373e+001,
2249262500, -7.389032e+001,
2252381250, -7.188939e+001,
2255500000, -7.185177e+001,
2258618750, -7.468571e+001,
2261737500, -7.250887e+001,
2264856250, -7.362923e+001,
2267975000, -7.251011e+001,
2271093750, -7.088773e+001,
2274212500, -6.999076e+001,
2277331250, -7.175318e+001,
2280450000, -7.247263e+001,
2283568750, -7.143906e+001,
2286687500, -7.063390e+001,
2289806250, -7.131229e+001,
2292925000, -7.325552e+001,
2296043750, -7.125845e+001,
2299162500, -7.056095e+001,
2302281250, -7.119838e+001,
2305400000, -7.278333e+001,
2308518750, -7.214227e+001,
2311637500, -7.129219e+001,
2314756250, -6.993169e+001,
2317875000, -7.201408e+001,
2320993750, -7.170481e+001,
2324112500, -7.205725e+001,
2327231250, -7.121272e+001,
2330350000, -7.013144e+001,
2333468750, -7.301820e+001,
2336587500, -7.033833e+001,
2339706250, -7.111732e+001,
2342825000, -7.490024e+001,
2345943750, -7.304940e+001,
2349062500, -7.045140e+001,
2352181250, -7.176628e+001,
2355300000, -7.099932e+001,
2358418750, -7.401608e+001,
2361537500, -7.108947e+001,
2364656250, -7.293481e+001,
2367775000, -7.533796e+001,
2370893750, -7.312730e+001,
2374012500, -7.290792e+001,
2377131250, -7.308993e+001,
2380250000, -7.513758e+001,
2383368750, -7.429727e+001,
2386487500, -7.222565e+001,
2389606250, -7.387504e+001,
2392725000, -7.528920e+001,
2395843750, -7.241380e+001,
2398962500, -7.275195e+001,
2402081250, -7.343042e+001,
2405200000, -7.288776e+001,
2408318750, -7.426530e+001,
2411437500, -7.331621e+001,
2414556250, -7.312133e+001,
2417675000, -7.289780e+001,
2420793750, -7.233369e+001,
2423912500, -7.508498e+001,
2427031250, -7.320361e+001,
2430150000, -7.414611e+001,
2433268750, -7.450000e+001,
2436387500, -7.456837e+001,
2439506250, -7.308572e+001,
2442625000, -7.161616e+001,
2445743750, -7.316266e+001,
2448862500, -7.332573e+001,
2451981250, -7.345811e+001,
2455100000, -7.335172e+001,
2458218750, -7.199384e+001,
2461337500, -7.351452e+001,
2464456250, -7.428220e+001,
2467575000, -7.049153e+001,
2470693750, -7.165244e+001,
2473812500, -7.314903e+001,
2476931250, -7.185431e+001,
2480050000, -7.229641e+001,
2483168750, -7.167087e+001,
2486287500, -7.184845e+001,
2489406250, -7.341897e+001,
2492525000, -7.232801e+001,
2495643750, -7.315237e+001,
2498762500, -7.307504e+001,
2501881250, -7.267217e+001,
2505000000, -7.322566e+001,
2508118750, -7.283111e+001,
2511237500, -7.201774e+001,
2514356250, -7.232986e+001,
2517475000, -7.294855e+001,
2520593750, -7.142445e+001,
2523712500, -7.268808e+001,
2526831250, -7.438195e+001,
2529950000, -7.290477e+001,
2533068750, -7.006041e+001,
2536187500, -7.236871e+001,
2539306250, -7.267389e+001,
2542425000, -6.941798e+001,
2545543750, -7.137439e+001,
2548662500, -7.106391e+001,
2551781250, -7.230852e+001,
2554900000, -7.151816e+001,
2558018750, -7.240643e+001,
2561137500, -7.093153e+001,
2564256250, -7.069694e+001,
2567375000, -7.019094e+001,
2570493750, -7.031363e+001,
2573612500, -7.017184e+001,
2576731250, -7.059554e+001,
2579850000, -7.073226e+001,
2582968750, -7.182749e+001,
2586087500, -7.105218e+001,
2589206250, -6.966216e+001,
2592325000, -6.914729e+001,
2595443750, -7.038845e+001,
2598562500, -6.950957e+001,
2601681250, -7.077545e+001,
2604800000, -7.155667e+001,
2607918750, -7.106232e+001,
2611037500, -6.988998e+001,
2614156250, -7.008443e+001,
2617275000, -7.003222e+001,
2620393750, -6.944356e+001,
2623512500, -6.993029e+001,
2626631250, -6.996400e+001,
2629750000, -7.128574e+001,
2632868750, -6.954757e+001,
2635987500, -6.914218e+001,
2639106250, -7.019182e+001,
2642225000, -7.088461e+001,
2645343750, -6.987438e+001,
2648462500, -6.945227e+001,
2651581250, -6.962296e+001,
2654700000, -7.088646e+001,
2657818750, -7.092192e+001,
2660937500, -7.293034e+001,
2664056250, -7.015025e+001,
2667175000, -6.972684e+001,
2670293750, -7.057514e+001,
2673412500, -6.918414e+001,
2676531250, -7.061176e+001,
2679650000, -7.087072e+001,
2682768750, -6.989877e+001,
2685887500, -6.975607e+001,
2689006250, -7.122884e+001,
2692125000, -7.061805e+001,
2695243750, -7.022076e+001,
2698362500, -7.043886e+001,
2701481250, -7.086520e+001,
2704600000, -6.997822e+001,
2707718750, -7.072533e+001,
2710837500, -6.938319e+001,
2713956250, -7.057540e+001,
2717075000, -7.021565e+001,
2720193750, -6.967743e+001,
2723312500, -6.962092e+001,
2726431250, -7.004118e+001,
2729550000, -6.912126e+001,
2732668750, -6.976740e+001,
2735787500, -7.039413e+001,
2738906250, -6.968881e+001,
2742025000, -6.943014e+001,
2745143750, -6.866465e+001,
2748262500, -6.882958e+001,
2751381250, -6.904033e+001,
2754500000, -6.874332e+001,
2757618750, -6.890733e+001,
2760737500, -6.800285e+001,
2763856250, -6.825311e+001,
2766975000, -6.840435e+001,
2770093750, -6.951491e+001,
2773212500, -6.898935e+001,
2776331250, -6.932370e+001,
2779450000, -6.894070e+001,
2782568750, -6.910767e+001,
2785687500, -6.859377e+001,
2788806250, -6.760120e+001,
2791925000, -6.783523e+001,
2795043750, -6.806440e+001,
2798162500, -6.749883e+001,
2801281250, -6.854390e+001,
2804400000, -6.788892e+001,
2807518750, -6.878515e+001,
2810637500, -6.838069e+001,
2813756250, -6.838897e+001,
2816875000, -6.723450e+001,
2819993750, -6.686038e+001,
2823112500, -6.743810e+001,
2826231250, -6.762831e+001,
2829350000, -6.710110e+001,
2832468750, -6.718824e+001,
2835587500, -6.692719e+001,
2838706250, -6.801066e+001,
2841825000, -6.712553e+001,
2844943750, -6.678259e+001,
2848062500, -6.654663e+001,
2851181250, -6.708190e+001,
2854300000, -6.686166e+001,
2857418750, -6.680013e+001,
2860537500, -6.686118e+001,
2863656250, -6.628265e+001,
2866775000, -6.651900e+001,
2869893750, -6.615579e+001,
2873012500, -6.701936e+001,
2876131250, -6.590150e+001,
2879250000, -6.618800e+001,
2882368750, -6.612754e+001,
2885487500, -6.588147e+001,
2888606250, -6.598783e+001,
2891725000, -6.630560e+001,
2894843750, -6.634214e+001,
2897962500, -6.619257e+001,
2901081250, -6.656151e+001,
2904200000, -6.646443e+001,
2907318750, -6.581432e+001,
2910437500, -6.501440e+001,
2913556250, -6.550144e+001,
2916675000, -6.585241e+001,
2919793750, -6.476524e+001,
2922912500, -6.553345e+001,
2926031250, -6.586636e+001,
2929150000, -6.601694e+001,
2932268750, -6.528454e+001,
2935387500, -6.600525e+001,
2938506250, -6.534523e+001,
2941625000, -6.524473e+001,
2944743750, -6.473118e+001,
2947862500, -6.611442e+001,
2950981250, -6.647943e+001,
2954100000, -6.539479e+001,
2957218750, -6.576663e+001,
2960337500, -6.653503e+001,
2963456250, -6.508946e+001,
2966575000, -6.581319e+001,
2969693750, -6.494614e+001,
2972812500, -6.541785e+001,
2975931250, -6.533924e+001,
2979050000, -6.533806e+001,
2982168750, -6.628739e+001,
2985287500, -6.586595e+001,
2988406250, -6.627353e+001,
2991525000, -6.521233e+001,
2994643750, -6.571561e+001,
2997762500, -6.535457e+001,
3000881250, -6.491026e+001,
3004000000, -6.509954e+001,
3007118750, -6.460756e+001,
3010237500, -6.502819e+001,
3013356250, -6.557623e+001,
3016475000, -6.571574e+001,
3019593750, -6.612633e+001,
3022712500, -6.510591e+001,
3025831250, -6.504425e+001,
3028950000, -6.482359e+001,
3032068750, -6.444174e+001,
3035187500, -6.439080e+001,
3038306250, -6.481811e+001,
3041425000, -6.413469e+001,
3044543750, -6.350587e+001,
3047662500, -6.389291e+001,
3050781250, -6.349898e+001,
3053900000, -6.356720e+001,
3057018750, -6.344477e+001,
3060137500, -6.256271e+001,
3063256250, -6.284705e+001,
3066375000, -6.301474e+001,
3069493750, -6.265002e+001,
3072612500, -6.262274e+001,
3075731250, -6.240770e+001,
3078850000, -6.221383e+001,
3081968750, -6.204409e+001,
3085087500, -6.254287e+001,
3088206250, -6.276450e+001,
3091325000, -6.180740e+001,
3094443750, -6.209836e+001,
3097562500, -6.203946e+001,
3100681250, -6.160161e+001,
3103800000, -6.099598e+001,
3106918750, -6.198105e+001,
3110037500, -6.208453e+001,
3113156250, -6.158649e+001,
3116275000, -6.161126e+001,
3119393750, -6.177974e+001,
3122512500, -6.149897e+001,
3125631250, -6.137318e+001,
3128750000, -6.100380e+001,
3131868750, -6.158684e+001,
3134987500, -6.124806e+001,
3138106250, -6.060728e+001,
3141225000, -6.062234e+001,
3144343750, -6.073774e+001,
3147462500, -6.048338e+001,
3150581250, -6.070408e+001,
3153700000, -6.029070e+001,
3156818750, -6.032119e+001,
3159937500, -6.066936e+001,
3163056250, -6.026874e+001,
3166175000, -6.085045e+001,
3169293750, -6.076911e+001,
3172412500, -6.057884e+001,
3175531250, -6.062425e+001,
3178650000, -6.083073e+001,
3181768750, -6.046562e+001,
3184887500, -6.058473e+001,
3188006250, -6.085352e+001,
3191125000, -6.117419e+001,
3194243750, -6.100576e+001,
3197362500, -6.098308e+001,
3200481250, -6.074879e+001,
3203600000, -6.111739e+001,
3206718750, -6.117504e+001,
3209837500, -6.008493e+001,
3212956250, -6.042328e+001,
3216075000, -6.041893e+001,
3219193750, -6.016862e+001,
3222312500, -5.961762e+001,
3225431250, -6.034538e+001,
3228550000, -5.989201e+001,
3231668750, -6.002002e+001,
3234787500, -6.036670e+001,
3237906250, -6.035217e+001,
3241025000, -6.010106e+001,
3244143750, -6.015810e+001,
3247262500, -6.003563e+001,
3250381250, -6.088053e+001,
3253500000, -6.075246e+001,
3256618750, -6.135569e+001,
3259737500, -6.089480e+001,
3262856250, -6.103331e+001,
3265975000, -6.109696e+001,
3269093750, -6.106487e+001,
3272212500, -6.081104e+001,
3275331250, -6.086221e+001,
3278450000, -6.085784e+001,
3281568750, -6.125137e+001,
3284687500, -6.096600e+001,
3287806250, -6.044600e+001,
3290925000, -6.086316e+001,
3294043750, -6.112862e+001,
3297162500, -6.064793e+001,
3300281250, -6.070434e+001,
3303400000, -6.035428e+001,
3306518750, -6.082037e+001,
3309637500, -6.084958e+001,
3312756250, -6.115062e+001,
3315875000, -6.087364e+001,
3318993750, -6.111798e+001,
3322112500, -6.096391e+001,
3325231250, -6.056708e+001,
3328350000, -6.088864e+001,
3331468750, -6.030359e+001,
3334587500, -6.082177e+001,
3337706250, -6.032232e+001,
3340825000, -6.016192e+001,
3343943750, -6.052630e+001,
3347062500, -6.057387e+001,
3350181250, -6.027547e+001,
3353300000, -6.007746e+001,
3356418750, -6.053873e+001,
3359537500, -6.035514e+001,
3362656250, -6.063476e+001,
3365775000, -6.071985e+001,
3368893750, -6.115782e+001,
3372012500, -6.137593e+001,
3375131250, -6.083945e+001,
3378250000, -6.071542e+001,
3381368750, -6.118803e+001,
3384487500, -6.110566e+001,
3387606250, -6.088942e+001,
3390725000, -6.050957e+001,
3393843750, -6.045069e+001,
3396962500, -6.082881e+001,
3400081250, -6.094448e+001,
3403200000, -6.063370e+001,
3406318750, -6.038319e+001,
3409437500, -6.110129e+001,
3412556250, -6.203706e+001,
3415675000, -6.124557e+001,
3418793750, -6.102158e+001,
3421912500, -6.139386e+001,
3425031250, -6.138186e+001,
3428150000, -6.128518e+001,
3431268750, -6.139552e+001,
3434387500, -6.176546e+001,
3437506250, -6.131298e+001,
3440625000, -6.186769e+001,
3443743750, -6.165306e+001,
3446862500, -6.166765e+001,
3449981250, -6.127093e+001,
3453100000, -6.188333e+001,
3456218750, -6.127859e+001,
3459337500, -6.115207e+001,
3462456250, -6.175533e+001,
3465575000, -6.131286e+001,
3468693750, -6.136720e+001,
3471812500, -6.066148e+001,
3474931250, -6.089229e+001,
3478050000, -6.083944e+001,
3481168750, -6.075006e+001,
3484287500, -6.062461e+001,
3487406250, -6.038607e+001,
3490525000, -6.091381e+001,
3493643750, -6.077886e+001,
3496762500, -6.086627e+001,
3499881250, -6.102356e+001,
3503000000, -6.100354e+001,
3506118750, -6.144343e+001,
3509237500, -6.036756e+001,
3512356250, -6.042259e+001,
3515475000, -6.063784e+001,
3518593750, -6.069917e+001,
3521712500, -6.074632e+001,
3524831250, -6.042485e+001,
3527950000, -6.100916e+001,
3531068750, -6.100953e+001,
3534187500, -6.053204e+001,
3537306250, -6.045290e+001,
3540425000, -6.031960e+001,
3543543750, -6.074385e+001,
3546662500, -6.078672e+001,
3549781250, -6.029443e+001,
3552900000, -6.050844e+001,
3556018750, -6.076394e+001,
3559137500, -6.042231e+001,
3562256250, -6.024114e+001,
3565375000, -6.058184e+001,
3568493750, -6.118406e+001,
3571612500, -6.089442e+001,
3574731250, -6.043375e+001,
3577850000, -6.131715e+001,
3580968750, -6.208494e+001,
3584087500, -6.230583e+001,
3587206250, -6.163903e+001,
3590325000, -6.172712e+001,
3593443750, -6.265046e+001,
3596562500, -6.195903e+001,
3599681250, -6.266969e+001,
3602800000, -6.274363e+001,
3605918750, -6.292482e+001,
3609037500, -6.285659e+001,
3612156250, -6.229431e+001,
3615275000, -6.169407e+001,
3618393750, -6.246343e+001,
3621512500, -6.261367e+001,
3624631250, -6.205688e+001,
3627750000, -6.199314e+001,
3630868750, -6.199525e+001,
3633987500, -6.237374e+001,
3637106250, -6.279739e+001,
3640225000, -6.211423e+001,
3643343750, -6.246507e+001,
3646462500, -6.185554e+001,
3649581250, -6.247344e+001,
3652700000, -6.270073e+001,
3655818750, -6.168557e+001,
3658937500, -6.273206e+001,
3662056250, -6.251548e+001,
3665175000, -6.239505e+001,
3668293750, -6.226400e+001,
3671412500, -6.255605e+001,
3674531250, -6.345122e+001,
3677650000, -6.277242e+001,
3680768750, -6.358296e+001,
3683887500, -6.429702e+001,
3687006250, -6.422439e+001,
3690125000, -6.386664e+001,
3693243750, -6.317669e+001,
3696362500, -6.443632e+001,
3699481250, -6.315931e+001,
3702600000, -6.467497e+001,
3705718750, -6.324924e+001,
3708837500, -6.351170e+001,
3711956250, -6.589259e+001,
3715075000, -6.396418e+001,
3718193750, -6.432595e+001,
3721312500, -6.357227e+001,
3724431250, -6.418142e+001,
3727550000, -6.340332e+001,
3730668750, -6.422279e+001,
3733787500, -6.442468e+001,
3736906250, -6.494537e+001,
3740025000, -6.415102e+001,
3743143750, -6.288380e+001,
3746262500, -6.549485e+001,
3749381250, -6.323353e+001,
3752500000, -6.403552e+001,
3755618750, -6.373240e+001,
3758737500, -6.252571e+001,
3761856250, -6.345465e+001,
3764975000, -6.404340e+001,
3768093750, -6.447722e+001,
3771212500, -6.406721e+001,
3774331250, -6.432206e+001,
3777450000, -6.437908e+001,
3780568750, -6.373373e+001,
3783687500, -6.524570e+001,
3786806250, -6.408067e+001,
3789925000, -6.410432e+001,
3793043750, -6.757537e+001,
3796162500, -6.438321e+001,
3799281250, -6.485459e+001,
3802400000, -6.270512e+001,
3805518750, -6.547530e+001,
3808637500, -6.159387e+001,
3811756250, -6.314568e+001,
3814875000, -6.170879e+001,
3817993750, -6.508753e+001,
3821112500, -6.297966e+001,
3824231250, -6.526500e+001,
3827350000, -6.467793e+001,
3830468750, -6.489594e+001,
3833587500, -6.595173e+001,
3836706250, -6.353619e+001,
3839825000, -7.297547e+001,
3842943750, -6.339022e+001,
3846062500, -7.193447e+001,
3849181250, -6.526794e+001,
3852300000, -6.172396e+001,
3855418750, -6.748940e+001,
3858537500, -6.305203e+001,
3861656250, -6.049584e+001,
3864775000, -6.773700e+001,
3867893750, -6.318929e+001,
3871012500, -6.054176e+001,
3874131250, -6.222633e+001,
3877250000, -5.793106e+001,
3880368750, -6.851076e+001,
3883487500, -6.597755e+001,
3886606250, -6.142162e+001,
3889725000, -7.002064e+001,
3892843750, -6.387191e+001,
3895962500, -6.190194e+001,
3899081250, -6.957262e+001,
3902200000, -6.089756e+001,
3905318750, -6.136280e+001,
3908437500, -5.666487e+001,
3911556250, -5.659042e+001,
3914675000, -6.506028e+001,
3917793750, -6.534482e+001,
3920912500, -6.618981e+001,
3924031250, -7.049926e+001,
3927150000, -6.338535e+001,
3930268750, -5.596285e+001,
3933387500, -5.372525e+001,
3936506250, -4.974402e+001,
3939625000, -5.188808e+001,
3942743750, -4.984173e+001,
3945862500, -5.265217e+001,
3948981250, -5.421787e+001,
3952100000, -5.554221e+001,
3955218750, -4.994803e+001,
3958337500, -4.415475e+001,
3961456250, -4.426351e+001,
3964575000, -5.295252e+001,
3967693750, -5.204233e+001,
3970812500, -4.375233e+001,
3973931250, -3.999155e+001,
3977050000, -3.758566e+001,
3980168750, -3.624531e+001,
3983287500, -3.694632e+001,
3986406250, -3.812056e+001,
3989525000, -4.182329e+001,
3992643750, -4.485400e+001,
3995762500, -5.459560e+001,
3998881250, -4.232783e+001,
4002000000, -4.168515e+001,
4005118750, -4.159748e+001,
4008237500, -4.126334e+001,
4011356250, -4.640179e+001,
4014475000, -4.363456e+001,
4017593750, -5.574468e+001,
4020712500, -4.643251e+001,
4023831250, -3.864329e+001,
4026950000, -3.374366e+001,
4030068750, -3.253046e+001,
4033187500, -3.105280e+001,
4036306250, -2.907618e+001,
4039425000, -3.100621e+001,
4042543750, -3.219320e+001,
4045662500, -3.469686e+001,
4048781250, -3.417202e+001,
4051900000, -3.266069e+001,
4055018750, -3.104380e+001,
4058137500, -2.951918e+001,
4061256250, -2.940325e+001,
4064375000, -2.989019e+001,
4067493750, -3.030535e+001,
4070612500, -3.156638e+001,
4073731250, -3.254516e+001,
4076850000, -3.220023e+001,
4079968750, -3.190039e+001,
4083087500, -3.143209e+001,
4086206250, -3.091192e+001,
4089325000, -3.055280e+001,
4092443750, -3.081576e+001,
4095562500, -3.205369e+001,
4098681250, -3.425868e+001,
4101800000, -3.473175e+001,
4104918750, -3.495951e+001,
4108037500, -3.410771e+001,
4111156250, -3.397045e+001,
4114275000, -3.356133e+001,
4117393750, -3.392819e+001,
4120512500, -3.510622e+001,
4123631250, -3.997741e+001,
4126750000, -4.207806e+001,
4129868750, -4.046436e+001,
4132987500, -3.754247e+001,
4136106250, -3.642903e+001,
4139225000, -3.606898e+001,
4142343750, -3.577435e+001,
4145462500, -3.695049e+001,
4148581250, -3.958892e+001,
4151700000, -3.917602e+001,
4154818750, -3.840339e+001,
4157937500, -3.820425e+001,
4161056250, -3.595929e+001,
4164175000, -3.642833e+001,
4167293750, -3.714349e+001,
4170412500, -3.841209e+001,
4173531250, -3.778869e+001,
4176650000, -3.712695e+001,
4179768750, -3.714589e+001,
4182887500, -3.740113e+001,
4186006250, -3.740252e+001,
4189125000, -3.841013e+001,
4192243750, -3.972938e+001,
4195362500, -3.982239e+001,
4198481250, -3.913037e+001,
4201600000, -3.831529e+001,
4204718750, -3.761367e+001,
4207837500, -3.765915e+001,
4210956250, -4.047416e+001,
4214075000, -4.657930e+001,
4217193750, -4.405745e+001,
4220312500, -4.264680e+001,
4223431250, -4.267843e+001,
4226550000, -4.033621e+001,
4229668750, -3.875473e+001,
4232787500, -3.934998e+001,
4235906250, -4.039488e+001,
4239025000, -4.009917e+001,
4242143750, -4.303815e+001,
4245262500, -4.795476e+001,
4248381250, -5.009774e+001,
4251500000, -5.219488e+001,
4254618750, -4.702780e+001,
4257737500, -4.302181e+001,
4260856250, -4.506049e+001,
4263975000, -4.558390e+001,
4267093750, -4.518330e+001,
4270212500, -4.844509e+001,
4273331250, -5.683963e+001,
4276450000, -5.384650e+001,
4279568750, -5.209891e+001,
4282687500, -5.996296e+001,
4285806250, -6.241822e+001,
4288925000, -5.724583e+001,
4292043750, -5.110588e+001,
4295162500, -4.634910e+001,
4298281250, -4.956313e+001,
4301400000, -4.985711e+001,
4304518750, -4.723272e+001,
4307637500, -5.070724e+001,
4310756250, -5.198570e+001,
4313875000, -5.375929e+001,
4316993750, -5.281094e+001,
4320112500, -4.922807e+001,
4323231250, -5.282733e+001,
4326350000, -5.043812e+001,
4329468750, -5.314137e+001,
4332587500, -6.049152e+001,
4335706250, -5.369642e+001,
4338825000, -6.503750e+001,
4341943750, -5.483446e+001,
4345062500, -5.514041e+001,
4348181250, -5.846951e+001,
4351300000, -5.435426e+001,
4354418750, -6.697467e+001,
4357537500, -5.654308e+001,
4360656250, -6.293116e+001,
4363775000, -5.790621e+001,
4366893750, -5.961792e+001,
4370012500, -6.194874e+001,
4373131250, -5.820160e+001,
4376250000, -7.012662e+001,
4379368750, -5.921291e+001,
4382487500, -7.109600e+001,
4385606250, -5.891910e+001,
4388725000, -6.800307e+001,
4391843750, -6.048104e+001,
4394962500, -6.531941e+001,
4398081250, -6.138379e+001,
4401200000, -6.400043e+001,
4404318750, -6.256336e+001,
4407437500, -6.313398e+001,
4410556250, -6.236834e+001,
4413675000, -6.260172e+001,
4416793750, -6.228601e+001,
4419912500, -6.182171e+001,
4423031250, -6.278260e+001,
4426150000, -6.280182e+001,
4429268750, -6.327813e+001,
4432387500, -6.281987e+001,
4435506250, -6.174052e+001,
4438625000, -6.332023e+001,
4441743750, -6.234076e+001,
4444862500, -6.325783e+001,
4447981250, -6.196905e+001,
4451100000, -6.319368e+001,
4454218750, -6.274405e+001,
4457337500, -6.375395e+001,
4460456250, -6.120814e+001,
4463575000, -6.294165e+001,
4466693750, -6.262311e+001,
4469812500, -6.216236e+001,
4472931250, -6.233697e+001,
4476050000, -6.184975e+001,
4479168750, -6.343877e+001,
4482287500, -6.235256e+001,
4485406250, -6.164192e+001,
4488525000, -6.263280e+001,
4491643750, -6.214388e+001,
4494762500, -6.269589e+001,
4497881250, -6.238450e+001,
4501000000, -6.127708e+001,
4504118750, -6.199472e+001,
4507237500, -6.180681e+001,
4510356250, -6.147214e+001,
4513475000, -6.166488e+001,
4516593750, -6.104756e+001,
4519712500, -6.166807e+001,
4522831250, -6.129963e+001,
4525950000, -6.088208e+001,
4529068750, -6.130810e+001,
4532187500, -6.117269e+001,
4535306250, -6.091010e+001,
4538425000, -6.078558e+001,
4541543750, -6.102803e+001,
4544662500, -6.138964e+001,
4547781250, -6.129335e+001,
4550900000, -6.096796e+001,
4554018750, -6.120209e+001,
4557137500, -6.097910e+001,
4560256250, -6.112829e+001,
4563375000, -6.074186e+001,
4566493750, -6.103223e+001,
4569612500, -6.167395e+001,
4572731250, -6.142009e+001,
4575850000, -6.144894e+001,
4578968750, -6.156185e+001,
4582087500, -6.108836e+001,
4585206250, -6.153249e+001,
4588325000, -6.141733e+001,
4591443750, -6.152608e+001,
4594562500, -6.155101e+001,
4597681250, -6.133336e+001,
4600800000, -6.184186e+001,
4603918750, -6.171284e+001,
4607037500, -6.185030e+001,
4610156250, -6.205075e+001,
4613275000, -6.276481e+001,
4616393750, -6.170284e+001,
4619512500, -6.142314e+001,
4622631250, -6.229303e+001,
4625750000, -6.193150e+001,
4628868750, -6.194971e+001,
4631987500, -6.207755e+001,
4635106250, -6.250215e+001,
4638225000, -6.217437e+001,
4641343750, -6.172128e+001,
4644462500, -6.201502e+001,
4647581250, -6.204646e+001,
4650700000, -6.223885e+001,
4653818750, -6.203223e+001,
4656937500, -6.193417e+001,
4660056250, -6.206117e+001,
4663175000, -6.146479e+001,
4666293750, -6.231382e+001,
4669412500, -6.205891e+001,
4672531250, -6.211474e+001,
4675650000, -6.229595e+001,
4678768750, -6.222838e+001,
4681887500, -6.228004e+001,
4685006250, -6.206681e+001,
4688125000, -6.206482e+001,
4691243750, -6.256144e+001,
4694362500, -6.233788e+001,
4697481250, -6.246085e+001,
4700600000, -6.260740e+001,
4703718750, -6.318225e+001,
4706837500, -6.288816e+001,
4709956250, -6.235335e+001,
4713075000, -6.248436e+001,
4716193750, -6.191363e+001,
4719312500, -6.215411e+001,
4722431250, -6.190744e+001,
4725550000, -6.241465e+001,
4728668750, -6.261771e+001,
4731787500, -6.260415e+001,
4734906250, -6.208590e+001,
4738025000, -6.246103e+001,
4741143750, -6.324551e+001,
4744262500, -6.332965e+001,
4747381250, -6.261199e+001,
4750500000, -6.226159e+001,
4753618750, -6.235432e+001,
4756737500, -6.296099e+001,
4759856250, -6.318781e+001,
4762975000, -6.264830e+001,
4766093750, -6.310291e+001,
4769212500, -6.282598e+001,
4772331250, -6.219578e+001,
4775450000, -6.217598e+001,
4778568750, -6.260085e+001,
4781687500, -6.245697e+001,
4784806250, -6.214344e+001,
4787925000, -6.205554e+001,
4791043750, -6.211828e+001,
4794162500, -6.203713e+001,
4797281250, -6.187548e+001,
4800400000, -6.206163e+001,
4803518750, -6.163682e+001,
4806637500, -6.222181e+001,
4809756250, -6.188703e+001,
4812875000, -6.178680e+001,
4815993750, -6.169466e+001,
4819112500, -6.160386e+001,
4822231250, -6.230902e+001,
4825350000, -6.196855e+001,
4828468750, -6.211694e+001,
4831587500, -6.231868e+001,
4834706250, -6.228009e+001,
4837825000, -6.216655e+001,
4840943750, -6.219970e+001,
4844062500, -6.212362e+001,
4847181250, -6.251350e+001,
4850300000, -6.241652e+001,
4853418750, -6.204718e+001,
4856537500, -6.204133e+001,
4859656250, -6.289823e+001,
4862775000, -6.253756e+001,
4865893750, -6.301090e+001,
4869012500, -6.299062e+001,
4872131250, -6.300665e+001,
4875250000, -6.328527e+001,
4878368750, -6.329895e+001,
4881487500, -6.365623e+001,
4884606250, -6.334242e+001,
4887725000, -6.395159e+001,
4890843750, -6.339697e+001,
4893962500, -6.324485e+001,
4897081250, -6.394094e+001,
4900200000, -6.378513e+001,
4903318750, -6.423023e+001,
4906437500, -6.394035e+001,
4909556250, -6.404232e+001,
4912675000, -6.421969e+001,
4915793750, -6.441878e+001,
4918912500, -6.404199e+001,
4922031250, -6.422579e+001,
4925150000, -6.497388e+001,
4928268750, -6.518159e+001,
4931387500, -6.506981e+001,
4934506250, -6.528413e+001,
4937625000, -6.477820e+001,
4940743750, -6.494156e+001,
4943862500, -6.462585e+001,
4946981250, -6.421844e+001,
4950100000, -6.573439e+001,
4953218750, -6.592725e+001,
4956337500, -6.544707e+001,
4959456250, -6.534451e+001,
4962575000, -6.590599e+001,
4965693750, -6.548319e+001,
4968812500, -6.515918e+001,
4971931250, -6.493284e+001,
4975050000, -6.528660e+001,
4978168750, -6.606087e+001,
4981287500, -6.528723e+001,
4984406250, -6.571761e+001,
4987525000, -6.564665e+001,
4990643750, -6.591280e+001,
4993762500, -6.598737e+001,
4996881250, -6.620042e+001,
5000000000, -6.565349e+001,
