"S12 Log Mag"
"Frequency (Hz)","dB",
10000000, -5.190644e+001,
34950000, -7.763904e+001,
59900000, -7.352433e+001,
84850000, -8.191455e+001,
109800000, -7.443630e+001,
134750000, -7.253739e+001,
159700000, -7.837491e+001,
184650000, -7.149046e+001,
209600000, -7.969122e+001,
234550000, -6.972424e+001,
259500000, -7.035981e+001,
284450000, -8.202483e+001,
309400000, -7.018475e+001,
334350000, -6.761310e+001,
359300000, -6.724999e+001,
384250000, -6.809054e+001,
409200000, -6.925827e+001,
434150000, -6.588461e+001,
459100000, -6.507915e+001,
484050000, -6.644571e+001,
509000000, -6.648001e+001,
533950000, -6.689352e+001,
558900000, -6.608141e+001,
583850000, -6.500883e+001,
608800000, -6.399914e+001,
633750000, -6.426553e+001,
658700000, -6.463419e+001,
683650000, -6.391355e+001,
708600000, -6.304975e+001,
733550000, -6.441169e+001,
758500000, -6.251277e+001,
783450000, -6.233387e+001,
808400000, -6.253701e+001,
833350000, -6.167553e+001,
858300000, -6.154755e+001,
883250000, -6.151908e+001,
908200000, -6.127302e+001,
933150000, -6.080050e+001,
958100000, -6.120282e+001,
983050000, -6.136934e+001,
1008000000, -6.086504e+001,
1032950000, -6.010781e+001,
1057900000, -6.027435e+001,
1082850000, -6.057084e+001,
1107800000, -6.103421e+001,
1132750000, -6.072870e+001,
1157700000, -6.077576e+001,
1182650000, -6.091369e+001,
1207600000, -6.026667e+001,
1232550000, -6.043272e+001,
1257500000, -6.065437e+001,
1282450000, -6.067650e+001,
1307400000, -6.052256e+001,
1332350000, -6.043020e+001,
1357300000, -6.110009e+001,
1382250000, -6.066436e+001,
1407200000, -6.090691e+001,
1432150000, -6.112565e+001,
1457100000, -6.251464e+001,
1482050000, -6.226569e+001,
1507000000, -6.249165e+001,
1531950000, -6.307113e+001,
1556900000, -6.330510e+001,
1581850000, -6.280669e+001,
1606800000, -6.343367e+001,
1631750000, -6.424920e+001,
1656700000, -6.415963e+001,
1681650000, -6.411034e+001,
1706600000, -6.475253e+001,
1731550000, -6.594055e+001,
1756500000, -6.630373e+001,
1781450000, -6.684392e+001,
1806400000, -6.839156e+001,
1831350000, -6.716106e+001,
1856300000, -6.884310e+001,
1881250000, -6.897180e+001,
1906200000, -7.164225e+001,
1931150000, -7.014464e+001,
1956100000, -7.076425e+001,
1981050000, -7.014043e+001,
2006000000, -7.190754e+001,
2030950000, -7.116515e+001,
2055900000, -7.176588e+001,
2080850000, -7.284989e+001,
2105800000, -7.196992e+001,
2130750000, -7.341470e+001,
2155700000, -7.251213e+001,
2180650000, -7.298701e+001,
2205600000, -7.505479e+001,
2230550000, -7.320068e+001,
2255500000, -7.274716e+001,
2280450000, -7.202428e+001,
2305400000, -7.260721e+001,
2330350000, -7.194069e+001,
2355300000, -7.265274e+001,
2380250000, -7.281301e+001,
2405200000, -7.457700e+001,
2430150000, -7.377523e+001,
2455100000, -7.386942e+001,
2480050000, -7.268127e+001,
2505000000, -7.056389e+001,
2529950000, -7.069528e+001,
2554900000, -6.942268e+001,
2579850000, -7.067786e+001,
2604800000, -7.073420e+001,
2629750000, -7.039942e+001,
2654700000, -6.909870e+001,
2679650000, -6.975375e+001,
2704600000, -6.919124e+001,
2729550000, -6.950637e+001,
2754500000, -6.907507e+001,
2779450000, -6.763976e+001,
2804400000, -6.790448e+001,
2829350000, -6.624739e+001,
2854300000, -6.613885e+001,
2879250000, -6.567379e+001,
2904200000, -6.524640e+001,
2929150000, -6.389506e+001,
2954100000, -6.477869e+001,
2979050000, -6.409584e+001,
3004000000, -6.311973e+001,
3028950000, -6.298780e+001,
3053900000, -6.226837e+001,
3078850000, -6.145511e+001,
3103800000, -6.128503e+001,
3128750000, -6.013076e+001,
3153700000, -6.003868e+001,
3178650000, -6.025857e+001,
3203600000, -6.058390e+001,
3228550000, -5.996618e+001,
3253500000, -6.003091e+001,
3278450000, -5.997845e+001,
3303400000, -5.925742e+001,
3328350000, -5.928559e+001,
3353300000, -5.877427e+001,
3378250000, -5.901579e+001,
3403200000, -5.936016e+001,
3428150000, -5.972708e+001,
3453100000, -6.011400e+001,
3478050000, -5.973570e+001,
3503000000, -5.974689e+001,
3527950000, -6.014125e+001,
3552900000, -5.941173e+001,
3577850000, -6.044943e+001,
3602800000, -6.106151e+001,
3627750000, -6.037918e+001,
3652700000, -6.041592e+001,
3677650000, -6.063710e+001,
3702600000, -6.134019e+001,
3727550000, -6.097672e+001,
3752500000, -6.099134e+001,
3777450000, -6.125198e+001,
3802400000, -6.173564e+001,
3827350000, -6.277212e+001,
3852300000, -6.423055e+001,
3877250000, -6.455966e+001,
3902200000, -6.560556e+001,
3927150000, -6.654519e+001,
3952100000, -6.586613e+001,
3977050000, -6.776647e+001,
4002000000, -6.834484e+001,
4026950000, -6.841730e+001,
4051900000, -7.049384e+001,
4076850000, -7.130541e+001,
4101800000, -7.419942e+001,
4126750000, -7.087492e+001,
4151700000, -7.081741e+001,
4176650000, -7.171887e+001,
4201600000, -6.851859e+001,
4226550000, -6.925376e+001,
4251500000, -6.792618e+001,
4276450000, -6.675156e+001,
4301400000, -6.884818e+001,
4326350000, -6.873987e+001,
4351300000, -6.533263e+001,
4376250000, -6.229259e+001,
4401200000, -8.570621e+001,
4426150000, -6.014684e+001,
4451100000, -5.613733e+001,
4476050000, -5.419317e+001,
4501000000, -2.705962e+001,
4525950000, -2.400798e+001,
4550900000, -3.023654e+001,
4575850000, -2.680372e+001,
4600800000, -6.141696e+001,
4625750000, -5.909154e+001,
4650700000, -7.125884e+001,
4675650000, -6.230294e+001,
4700600000, -6.154468e+001,
4725550000, -6.232397e+001,
4750500000, -6.411385e+001,
4775450000, -6.201392e+001,
4800400000, -5.635871e+001,
4825350000, -5.620747e+001,
4850300000, -6.188239e+001,
4875250000, -6.252213e+001,
4900200000, -6.532137e+001,
4925150000, -6.599689e+001,
4950100000, -6.651056e+001,
4975050000, -6.787196e+001,
5000000000, -6.869682e+001,
