"S12 Log Mag"
"Frequency (Hz)","dB",
10000000, -5.422366e+001,
34950000, -7.138488e+001,
59900000, -6.832846e+001,
84850000, -7.623167e+001,
109800000, -7.310307e+001,
134750000, -6.743179e+001,
159700000, -7.542175e+001,
184650000, -7.299925e+001,
209600000, -7.524939e+001,
234550000, -7.168472e+001,
259500000, -7.030299e+001,
284450000, -6.958748e+001,
309400000, -7.396037e+001,
334350000, -6.936726e+001,
359300000, -6.746795e+001,
384250000, -6.760137e+001,
409200000, -6.886201e+001,
434150000, -6.668799e+001,
459100000, -6.691308e+001,
484050000, -6.576234e+001,
509000000, -6.674487e+001,
533950000, -6.583407e+001,
558900000, -6.588667e+001,
583850000, -6.501154e+001,
608800000, -6.482579e+001,
633750000, -6.422147e+001,
658700000, -6.373626e+001,
683650000, -6.343729e+001,
708600000, -6.363140e+001,
733550000, -6.279597e+001,
758500000, -6.164001e+001,
783450000, -6.195858e+001,
808400000, -6.192617e+001,
833350000, -6.137191e+001,
858300000, -6.184346e+001,
883250000, -6.130802e+001,
908200000, -6.132071e+001,
933150000, -6.077713e+001,
958100000, -6.094342e+001,
983050000, -6.094442e+001,
1008000000, -6.047494e+001,
1032950000, -6.023989e+001,
1057900000, -6.066427e+001,
1082850000, -6.028273e+001,
1107800000, -6.027454e+001,
1132750000, -6.045191e+001,
1157700000, -5.986095e+001,
1182650000, -6.022418e+001,
1207600000, -6.005241e+001,
1232550000, -6.023763e+001,
1257500000, -6.057590e+001,
1282450000, -6.066698e+001,
1307400000, -6.009338e+001,
1332350000, -6.008503e+001,
1357300000, -6.013654e+001,
1382250000, -5.990871e+001,
1407200000, -6.021383e+001,
1432150000, -6.081829e+001,
1457100000, -6.120105e+001,
1482050000, -6.168021e+001,
1507000000, -6.193149e+001,
1531950000, -6.208955e+001,
1556900000, -6.220974e+001,
1581850000, -6.199337e+001,
1606800000, -6.266169e+001,
1631750000, -6.282843e+001,
1656700000, -6.330105e+001,
1681650000, -6.314734e+001,
1706600000, -6.358991e+001,
1731550000, -6.377229e+001,
1756500000, -6.581321e+001,
1781450000, -6.560576e+001,
1806400000, -6.648846e+001,
1831350000, -6.565874e+001,
1856300000, -6.695503e+001,
1881250000, -6.840307e+001,
1906200000, -6.883545e+001,
1931150000, -6.772117e+001,
1956100000, -6.904071e+001,
1981050000, -6.925274e+001,
2006000000, -6.844427e+001,
2030950000, -7.021046e+001,
2055900000, -6.789123e+001,
2080850000, -7.056627e+001,
2105800000, -7.226199e+001,
2130750000, -7.323204e+001,
2155700000, -7.148778e+001,
2180650000, -7.291528e+001,
2205600000, -7.216618e+001,
2230550000, -7.043446e+001,
2255500000, -7.090185e+001,
2280450000, -7.204552e+001,
2305400000, -7.192328e+001,
2330350000, -7.061497e+001,
2355300000, -7.389214e+001,
2380250000, -7.393126e+001,
2405200000, -7.128008e+001,
2430150000, -7.251549e+001,
2455100000, -7.418817e+001,
2480050000, -7.245904e+001,
2505000000, -7.210135e+001,
2529950000, -7.185311e+001,
2554900000, -7.019355e+001,
2579850000, -6.963343e+001,
2604800000, -6.987410e+001,
2629750000, -7.061552e+001,
2654700000, -7.008265e+001,
2679650000, -6.893805e+001,
2704600000, -7.175664e+001,
2729550000, -6.949305e+001,
2754500000, -6.862816e+001,
2779450000, -6.875701e+001,
2804400000, -6.794090e+001,
2829350000, -6.706792e+001,
2854300000, -6.620829e+001,
2879250000, -6.607162e+001,
2904200000, -6.530475e+001,
2929150000, -6.576492e+001,
2954100000, -6.508662e+001,
2979050000, -6.458894e+001,
3004000000, -6.429194e+001,
3028950000, -6.354520e+001,
3053900000, -6.267746e+001,
3078850000, -6.175857e+001,
3103800000, -6.126424e+001,
3128750000, -6.016223e+001,
3153700000, -6.006989e+001,
3178650000, -5.991957e+001,
3203600000, -6.029873e+001,
3228550000, -5.930637e+001,
3253500000, -5.969479e+001,
3278450000, -6.031126e+001,
3303400000, -5.908256e+001,
3328350000, -5.941086e+001,
3353300000, -5.937849e+001,
3378250000, -5.935546e+001,
3403200000, -5.958266e+001,
3428150000, -6.067031e+001,
3453100000, -6.109306e+001,
3478050000, -6.061620e+001,
3503000000, -6.111494e+001,
3527950000, -6.022688e+001,
3552900000, -6.029947e+001,
3577850000, -6.133633e+001,
3602800000, -6.209526e+001,
3627750000, -6.184927e+001,
3652700000, -6.181010e+001,
3677650000, -6.259419e+001,
3702600000, -6.252640e+001,
3727550000, -6.376846e+001,
3752500000, -6.350326e+001,
3777450000, -6.282255e+001,
3802400000, -6.349977e+001,
3827350000, -6.312537e+001,
3852300000, -6.480459e+001,
3877250000, -6.513050e+001,
3902200000, -6.552762e+001,
3927150000, -6.688242e+001,
3952100000, -6.656466e+001,
3977050000, -6.703686e+001,
4002000000, -6.887805e+001,
4026950000, -7.130726e+001,
4051900000, -6.970392e+001,
4076850000, -7.210581e+001,
4101800000, -7.129751e+001,
4126750000, -7.406282e+001,
4151700000, -6.998650e+001,
4176650000, -6.945392e+001,
4201600000, -6.797845e+001,
4226550000, -6.716145e+001,
4251500000, -6.588414e+001,
4276450000, -6.554206e+001,
4301400000, -6.400696e+001,
4326350000, -6.458040e+001,
4351300000, -6.463673e+001,
4376250000, -6.562135e+001,
4401200000, -6.208004e+001,
4426150000, -6.582893e+001,
4451100000, -6.026677e+001,
4476050000, -5.930887e+001,
4501000000, -3.888357e+001,
4525950000, -4.035977e+001,
4550900000, -4.642734e+001,
4575850000, -4.899537e+001,
4600800000, -6.304804e+001,
4625750000, -6.176196e+001,
4650700000, -6.137996e+001,
4675650000, -6.111869e+001,
4700600000, -6.333045e+001,
4725550000, -5.804939e+001,
4750500000, -6.314774e+001,
4775450000, -6.029180e+001,
4800400000, -6.464024e+001,
4825350000, -6.182363e+001,
4850300000, -6.284982e+001,
4875250000, -6.311954e+001,
4900200000, -6.472494e+001,
4925150000, -6.594406e+001,
4950100000, -6.535520e+001,
4975050000, -6.595297e+001,
5000000000, -6.610183e+001,
