"S12 Log Mag"
"Frequency (Hz)","dB",
10000000, -5.960690e+001,
13118750, -6.533517e+001,
16237500, -6.719192e+001,
19356250, -7.231595e+001,
22475000, -7.139379e+001,
25593750, -6.715092e+001,
28712500, -7.378679e+001,
31831250, -7.986172e+001,
34950000, -7.166514e+001,
38068750, -7.678101e+001,
41187500, -8.050343e+001,
44306250, -8.661072e+001,
47425000, -6.572626e+001,
50543750, -7.043526e+001,
53662500, -7.333301e+001,
56781250, -6.844475e+001,
59900000, -7.590077e+001,
63018750, -9.398476e+001,
66137500, -7.581858e+001,
69256250, -7.309177e+001,
72375000, -7.468712e+001,
75493750, -7.761500e+001,
78612500, -8.335587e+001,
81731250, -7.020291e+001,
84850000, -7.736668e+001,
87968750, -7.833926e+001,
91087500, -7.446223e+001,
94206250, -8.712290e+001,
97325000, -7.960423e+001,
100443750, -8.211524e+001,
103562500, -7.455996e+001,
106681250, -7.285110e+001,
109800000, -7.992548e+001,
112918750, -6.864851e+001,
116037500, -7.280750e+001,
119156250, -7.706306e+001,
122275000, -7.974425e+001,
125393750, -7.027288e+001,
128512500, -6.689918e+001,
131631250, -7.344614e+001,
134750000, -8.036565e+001,
137868750, -6.839166e+001,
140987500, -7.569206e+001,
144106250, -7.944132e+001,
147225000, -7.353577e+001,
150343750, -7.652894e+001,
153462500, -7.376194e+001,
156581250, -6.958920e+001,
159700000, -7.438212e+001,
162818750, -7.421066e+001,
165937500, -7.113340e+001,
169056250, -6.988981e+001,
172175000, -7.673413e+001,
175293750, -7.287978e+001,
178412500, -6.856753e+001,
181531250, -7.000542e+001,
184650000, -7.122305e+001,
187768750, -7.117767e+001,
190887500, -6.899154e+001,
194006250, -7.761041e+001,
197125000, -7.264664e+001,
200243750, -7.154047e+001,
203362500, -7.595467e+001,
206481250, -7.833010e+001,
209600000, -7.012984e+001,
212718750, -7.088400e+001,
215837500, -8.028677e+001,
218956250, -7.492928e+001,
222075000, -7.234205e+001,
225193750, -7.062843e+001,
228312500, -7.360101e+001,
231431250, -7.215970e+001,
234550000, -7.319538e+001,
237668750, -7.195300e+001,
240787500, -6.924484e+001,
243906250, -7.074605e+001,
247025000, -7.044333e+001,
250143750, -6.850611e+001,
253262500, -7.438950e+001,
256381250, -6.886311e+001,
259500000, -7.166730e+001,
262618750, -6.622504e+001,
265737500, -7.063657e+001,
268856250, -6.847647e+001,
271975000, -6.538412e+001,
275093750, -6.736362e+001,
278212500, -7.080310e+001,
281331250, -6.787522e+001,
284450000, -6.806383e+001,
287568750, -6.780666e+001,
290687500, -6.928350e+001,
293806250, -7.154742e+001,
296925000, -7.286444e+001,
300043750, -6.988341e+001,
303162500, -6.947942e+001,
306281250, -7.359609e+001,
309400000, -6.835286e+001,
312518750, -6.985174e+001,
315637500, -7.182911e+001,
318756250, -7.267512e+001,
321875000, -6.890280e+001,
324993750, -6.754527e+001,
328112500, -6.833076e+001,
331231250, -6.994441e+001,
334350000, -7.080638e+001,
337468750, -7.136822e+001,
340587500, -6.800200e+001,
343706250, -6.948045e+001,
346825000, -6.861049e+001,
349943750, -6.953651e+001,
353062500, -6.888025e+001,
356181250, -7.022399e+001,
359300000, -6.924458e+001,
362418750, -6.820805e+001,
365537500, -6.988507e+001,
368656250, -6.873080e+001,
371775000, -6.779047e+001,
374893750, -7.059661e+001,
378012500, -6.814621e+001,
381131250, -6.718005e+001,
384250000, -6.770380e+001,
387368750, -6.805864e+001,
390487500, -6.756237e+001,
393606250, -6.823609e+001,
396725000, -6.983284e+001,
399843750, -6.895828e+001,
402962500, -6.809530e+001,
406081250, -6.640388e+001,
409200000, -6.748702e+001,
412318750, -6.662746e+001,
415437500, -6.697112e+001,
418556250, -6.516690e+001,
421675000, -6.882843e+001,
424793750, -6.751127e+001,
427912500, -6.663614e+001,
431031250, -6.753875e+001,
434150000, -6.535789e+001,
437268750, -6.699376e+001,
440387500, -6.683594e+001,
443506250, -6.678205e+001,
446625000, -6.611278e+001,
449743750, -6.747144e+001,
452862500, -6.621380e+001,
455981250, -6.638879e+001,
459100000, -6.606647e+001,
462218750, -6.767034e+001,
465337500, -6.606738e+001,
468456250, -6.666230e+001,
471575000, -6.611556e+001,
474693750, -6.563051e+001,
477812500, -6.612532e+001,
480931250, -6.597348e+001,
484050000, -6.725416e+001,
487168750, -6.657710e+001,
490287500, -6.632426e+001,
493406250, -6.597477e+001,
496525000, -6.642326e+001,
499643750, -6.674563e+001,
502762500, -6.633920e+001,
505881250, -6.694836e+001,
509000000, -6.730846e+001,
512118750, -6.581715e+001,
515237500, -6.560526e+001,
518356250, -6.564104e+001,
521475000, -6.613389e+001,
524593750, -6.599088e+001,
527712500, -6.575813e+001,
530831250, -6.552840e+001,
533950000, -6.622108e+001,
537068750, -6.617091e+001,
540187500, -6.638921e+001,
543306250, -6.552328e+001,
546425000, -6.493941e+001,
549543750, -6.504931e+001,
552662500, -6.492345e+001,
555781250, -6.429176e+001,
558900000, -6.520993e+001,
562018750, -6.563060e+001,
565137500, -6.535997e+001,
568256250, -6.408526e+001,
571375000, -6.437492e+001,
574493750, -6.617960e+001,
577612500, -6.558961e+001,
580731250, -6.472816e+001,
583850000, -6.509969e+001,
586968750, -6.460366e+001,
590087500, -6.592801e+001,
593206250, -6.472152e+001,
596325000, -6.570607e+001,
599443750, -6.483495e+001,
602562500, -6.534816e+001,
605681250, -6.562720e+001,
608800000, -6.439547e+001,
611918750, -6.433427e+001,
615037500, -6.464179e+001,
618156250, -6.560429e+001,
621275000, -6.393605e+001,
624393750, -6.426830e+001,
627512500, -6.503065e+001,
630631250, -6.458921e+001,
633750000, -6.435384e+001,
636868750, -6.296858e+001,
639987500, -6.406959e+001,
643106250, -6.498383e+001,
646225000, -6.389328e+001,
649343750, -6.534328e+001,
652462500, -6.418836e+001,
655581250, -6.475871e+001,
658700000, -6.413280e+001,
661818750, -6.330371e+001,
664937500, -6.447684e+001,
668056250, -6.453218e+001,
671175000, -6.382878e+001,
674293750, -6.443961e+001,
677412500, -6.391435e+001,
680531250, -6.435737e+001,
683650000, -6.417823e+001,
686768750, -6.360644e+001,
689887500, -6.354347e+001,
693006250, -6.431111e+001,
696125000, -6.431398e+001,
699243750, -6.350539e+001,
702362500, -6.365600e+001,
705481250, -6.451478e+001,
708600000, -6.397143e+001,
711718750, -6.274165e+001,
714837500, -6.336073e+001,
717956250, -6.313076e+001,
721075000, -6.331867e+001,
724193750, -6.337814e+001,
727312500, -6.258646e+001,
730431250, -6.200788e+001,
733550000, -6.300589e+001,
736668750, -6.264515e+001,
739787500, -6.236842e+001,
742906250, -6.256119e+001,
746025000, -6.190418e+001,
749143750, -6.277846e+001,
752262500, -6.285488e+001,
755381250, -6.261265e+001,
758500000, -6.346072e+001,
761618750, -6.282145e+001,
764737500, -6.337973e+001,
767856250, -6.207719e+001,
770975000, -6.294817e+001,
774093750, -6.230260e+001,
777212500, -6.200965e+001,
780331250, -6.236847e+001,
783450000, -6.239960e+001,
786568750, -6.242839e+001,
789687500, -6.254090e+001,
792806250, -6.212925e+001,
795925000, -6.213542e+001,
799043750, -6.245335e+001,
802162500, -6.203939e+001,
805281250, -6.166129e+001,
808400000, -6.213520e+001,
811518750, -6.287322e+001,
814637500, -6.254485e+001,
817756250, -6.146415e+001,
820875000, -6.158676e+001,
823993750, -6.219310e+001,
827112500, -6.211824e+001,
830231250, -6.150955e+001,
833350000, -6.183199e+001,
836468750, -6.157660e+001,
839587500, -6.190196e+001,
842706250, -6.210633e+001,
845825000, -6.157821e+001,
848943750, -6.179585e+001,
852062500, -6.201067e+001,
855181250, -6.175050e+001,
858300000, -6.120234e+001,
861418750, -6.112241e+001,
864537500, -6.189982e+001,
867656250, -6.153492e+001,
870775000, -6.092921e+001,
873893750, -6.138056e+001,
877012500, -6.174227e+001,
880131250, -6.138781e+001,
883250000, -6.130651e+001,
886368750, -6.099582e+001,
889487500, -6.135575e+001,
892606250, -6.122392e+001,
895725000, -6.148083e+001,
898843750, -6.167240e+001,
901962500, -6.111879e+001,
905081250, -6.169836e+001,
908200000, -6.127919e+001,
911318750, -5.989878e+001,
914437500, -6.042585e+001,
917556250, -6.064186e+001,
920675000, -6.131150e+001,
923793750, -6.090707e+001,
926912500, -6.087728e+001,
930031250, -6.112467e+001,
933150000, -6.113082e+001,
936268750, -6.098267e+001,
939387500, -6.078461e+001,
942506250, -6.133295e+001,
945625000, -6.112781e+001,
948743750, -6.134843e+001,
951862500, -6.129908e+001,
954981250, -6.124017e+001,
958100000, -6.114829e+001,
961218750, -6.070645e+001,
964337500, -6.061646e+001,
967456250, -6.095720e+001,
970575000, -6.089267e+001,
973693750, -6.056738e+001,
976812500, -6.067319e+001,
979931250, -6.066895e+001,
983050000, -6.073713e+001,
986168750, -6.096224e+001,
989287500, -6.104472e+001,
992406250, -6.079436e+001,
995525000, -6.117566e+001,
998643750, -6.097241e+001,
1001762500, -6.050665e+001,
1004881250, -6.110765e+001,
1008000000, -6.058836e+001,
1011118750, -6.029754e+001,
1014237500, -6.011701e+001,
1017356250, -6.016815e+001,
1020475000, -6.033633e+001,
1023593750, -6.011689e+001,
1026712500, -6.032848e+001,
1029831250, -6.043141e+001,
1032950000, -6.045702e+001,
1036068750, -6.009397e+001,
1039187500, -6.049889e+001,
1042306250, -5.992480e+001,
1045425000, -5.999004e+001,
1048543750, -6.033118e+001,
1051662500, -5.991823e+001,
1054781250, -6.010431e+001,
1057900000, -6.068510e+001,
1061018750, -6.071258e+001,
1064137500, -6.084104e+001,
1067256250, -6.046646e+001,
1070375000, -6.072335e+001,
1073493750, -6.078283e+001,
1076612500, -6.101920e+001,
1079731250, -6.058500e+001,
1082850000, -6.112103e+001,
1085968750, -6.139037e+001,
1089087500, -6.089192e+001,
1092206250, -6.122765e+001,
1095325000, -6.083177e+001,
1098443750, -6.111134e+001,
1101562500, -6.109641e+001,
1104681250, -6.147509e+001,
1107800000, -6.128468e+001,
1110918750, -6.154080e+001,
1114037500, -6.124022e+001,
1117156250, -6.124051e+001,
1120275000, -6.131487e+001,
1123393750, -6.106349e+001,
1126512500, -6.134421e+001,
1129631250, -6.137080e+001,
1132750000, -6.090139e+001,
1135868750, -6.143824e+001,
1138987500, -6.149785e+001,
1142106250, -6.137548e+001,
1145225000, -6.156996e+001,
1148343750, -6.108191e+001,
1151462500, -6.154173e+001,
1154581250, -6.120305e+001,
1157700000, -6.105194e+001,
1160818750, -6.108314e+001,
1163937500, -6.084498e+001,
1167056250, -6.156849e+001,
1170175000, -6.105697e+001,
1173293750, -6.160263e+001,
1176412500, -6.151862e+001,
1179531250, -6.113527e+001,
1182650000, -6.149148e+001,
1185768750, -6.120660e+001,
1188887500, -6.187688e+001,
1192006250, -6.139253e+001,
1195125000, -6.120372e+001,
1198243750, -6.090226e+001,
1201362500, -6.130401e+001,
1204481250, -6.186504e+001,
1207600000, -6.129704e+001,
1210718750, -6.122650e+001,
1213837500, -6.055719e+001,
1216956250, -6.062226e+001,
1220075000, -6.109200e+001,
1223193750, -6.062704e+001,
1226312500, -6.119602e+001,
1229431250, -6.101450e+001,
1232550000, -6.126952e+001,
1235668750, -6.141058e+001,
1238787500, -6.146163e+001,
1241906250, -6.117989e+001,
1245025000, -6.148412e+001,
1248143750, -6.154664e+001,
1251262500, -6.126122e+001,
1254381250, -6.129457e+001,
1257500000, -6.123553e+001,
1260618750, -6.110864e+001,
1263737500, -6.149779e+001,
1266856250, -6.154533e+001,
1269975000, -6.152274e+001,
1273093750, -6.113001e+001,
1276212500, -6.176919e+001,
1279331250, -6.146801e+001,
1282450000, -6.104404e+001,
1285568750, -6.128532e+001,
1288687500, -6.124259e+001,
1291806250, -6.162344e+001,
1294925000, -6.112246e+001,
1298043750, -6.102895e+001,
1301162500, -6.105716e+001,
1304281250, -6.137265e+001,
1307400000, -6.105035e+001,
1310518750, -6.109210e+001,
1313637500, -6.131827e+001,
1316756250, -6.132340e+001,
1319875000, -6.089303e+001,
1322993750, -6.128450e+001,
1326112500, -6.071115e+001,
1329231250, -6.056290e+001,
1332350000, -6.110239e+001,
1335468750, -6.103393e+001,
1338587500, -6.074067e+001,
1341706250, -6.109262e+001,
1344825000, -6.098640e+001,
1347943750, -6.124907e+001,
1351062500, -6.124664e+001,
1354181250, -6.077641e+001,
1357300000, -6.117588e+001,
1360418750, -6.061584e+001,
1363537500, -6.044601e+001,
1366656250, -6.072140e+001,
1369775000, -6.090343e+001,
1372893750, -6.045200e+001,
1376012500, -6.079176e+001,
1379131250, -6.024079e+001,
1382250000, -6.120493e+001,
1385368750, -6.060046e+001,
1388487500, -6.047441e+001,
1391606250, -6.067211e+001,
1394725000, -6.059274e+001,
1397843750, -6.099824e+001,
1400962500, -6.112411e+001,
1404081250, -6.084019e+001,
1407200000, -6.079987e+001,
1410318750, -6.115945e+001,
1413437500, -6.103905e+001,
1416556250, -6.142120e+001,
1419675000, -6.176887e+001,
1422793750, -6.159330e+001,
1425912500, -6.184838e+001,
1429031250, -6.146700e+001,
1432150000, -6.177367e+001,
1435268750, -6.208521e+001,
1438387500, -6.210939e+001,
1441506250, -6.132898e+001,
1444625000, -6.197670e+001,
1447743750, -6.262646e+001,
1450862500, -6.235984e+001,
1453981250, -6.254242e+001,
1457100000, -6.226109e+001,
1460218750, -6.231334e+001,
1463337500, -6.151233e+001,
1466456250, -6.231796e+001,
1469575000, -6.186829e+001,
1472693750, -6.279007e+001,
1475812500, -6.263394e+001,
1478931250, -6.290028e+001,
1482050000, -6.194161e+001,
1485168750, -6.246008e+001,
1488287500, -6.248097e+001,
1491406250, -6.279113e+001,
1494525000, -6.230605e+001,
1497643750, -6.259301e+001,
1500762500, -6.250309e+001,
1503881250, -6.249622e+001,
1507000000, -6.259160e+001,
1510118750, -6.340983e+001,
1513237500, -6.372601e+001,
1516356250, -6.373775e+001,
1519475000, -6.326731e+001,
1522593750, -6.332031e+001,
1525712500, -6.332357e+001,
1528831250, -6.348487e+001,
1531950000, -6.304868e+001,
1535068750, -6.266543e+001,
1538187500, -6.292306e+001,
1541306250, -6.371052e+001,
1544425000, -6.324312e+001,
1547543750, -6.287428e+001,
1550662500, -6.310702e+001,
1553781250, -6.310746e+001,
1556900000, -6.346969e+001,
1560018750, -6.304971e+001,
1563137500, -6.311230e+001,
1566256250, -6.336226e+001,
1569375000, -6.299455e+001,
1572493750, -6.307509e+001,
1575612500, -6.322366e+001,
1578731250, -6.332139e+001,
1581850000, -6.385905e+001,
1584968750, -6.341063e+001,
1588087500, -6.301749e+001,
1591206250, -6.330943e+001,
1594325000, -6.467998e+001,
1597443750, -6.342758e+001,
1600562500, -6.266813e+001,
1603681250, -6.291726e+001,
1606800000, -6.323820e+001,
1609918750, -6.317236e+001,
1613037500, -6.301774e+001,
1616156250, -6.382224e+001,
1619275000, -6.455196e+001,
1622393750, -6.365838e+001,
1625512500, -6.310261e+001,
1628631250, -6.386373e+001,
1631750000, -6.368369e+001,
1634868750, -6.461011e+001,
1637987500, -6.392883e+001,
1641106250, -6.323067e+001,
1644225000, -6.361841e+001,
1647343750, -6.443101e+001,
1650462500, -6.366745e+001,
1653581250, -6.371807e+001,
1656700000, -6.396809e+001,
1659818750, -6.411303e+001,
1662937500, -6.445226e+001,
1666056250, -6.378271e+001,
1669175000, -6.426636e+001,
1672293750, -6.412177e+001,
1675412500, -6.407526e+001,
1678531250, -6.459377e+001,
1681650000, -6.461877e+001,
1684768750, -6.397867e+001,
1687887500, -6.397656e+001,
1691006250, -6.429216e+001,
1694125000, -6.450034e+001,
1697243750, -6.434094e+001,
1700362500, -6.418662e+001,
1703481250, -6.476476e+001,
1706600000, -6.480943e+001,
1709718750, -6.527782e+001,
1712837500, -6.602520e+001,
1715956250, -6.528768e+001,
1719075000, -6.494125e+001,
1722193750, -6.566183e+001,
1725312500, -6.579595e+001,
1728431250, -6.602145e+001,
1731550000, -6.595163e+001,
1734668750, -6.593168e+001,
1737787500, -6.653402e+001,
1740906250, -6.678214e+001,
1744025000, -6.580098e+001,
1747143750, -6.672659e+001,
1750262500, -6.602481e+001,
1753381250, -6.620934e+001,
1756500000, -6.628582e+001,
1759618750, -6.546250e+001,
1762737500, -6.639397e+001,
1765856250, -6.697800e+001,
1768975000, -6.661311e+001,
1772093750, -6.709585e+001,
1775212500, -6.618368e+001,
1778331250, -6.723840e+001,
1781450000, -6.642520e+001,
1784568750, -6.699883e+001,
1787687500, -6.730833e+001,
1790806250, -6.769570e+001,
1793925000, -6.733925e+001,
1797043750, -6.749739e+001,
1800162500, -6.739874e+001,
1803281250, -6.769811e+001,
1806400000, -6.806398e+001,
1809518750, -6.655854e+001,
1812637500, -6.732510e+001,
1815756250, -6.731826e+001,
1818875000, -6.855062e+001,
1821993750, -6.760448e+001,
1825112500, -6.739136e+001,
1828231250, -6.819498e+001,
1831350000, -6.758306e+001,
1834468750, -6.754196e+001,
1837587500, -6.823045e+001,
1840706250, -6.913818e+001,
1843825000, -6.779845e+001,
1846943750, -6.877209e+001,
1850062500, -6.889525e+001,
1853181250, -6.929784e+001,
1856300000, -6.727313e+001,
1859418750, -6.895972e+001,
1862537500, -6.872286e+001,
1865656250, -6.877126e+001,
1868775000, -7.072841e+001,
1871893750, -6.961073e+001,
1875012500, -6.892690e+001,
1878131250, -6.962440e+001,
1881250000, -7.016267e+001,
1884368750, -6.955586e+001,
1887487500, -6.829926e+001,
1890606250, -7.086239e+001,
1893725000, -7.082593e+001,
1896843750, -7.038567e+001,
1899962500, -6.893572e+001,
1903081250, -6.840156e+001,
1906200000, -7.130492e+001,
1909318750, -6.961557e+001,
1912437500, -7.106736e+001,
1915556250, -7.160627e+001,
1918675000, -6.929813e+001,
1921793750, -7.055346e+001,
1924912500, -6.973560e+001,
1928031250, -6.917201e+001,
1931150000, -7.144888e+001,
1934268750, -7.207598e+001,
1937387500, -6.857561e+001,
1940506250, -6.873362e+001,
1943625000, -7.023159e+001,
1946743750, -7.018020e+001,
1949862500, -6.946941e+001,
1952981250, -6.891763e+001,
1956100000, -7.032384e+001,
1959218750, -6.900240e+001,
1962337500, -6.983324e+001,
1965456250, -7.229945e+001,
1968575000, -7.009850e+001,
1971693750, -7.002950e+001,
1974812500, -7.033189e+001,
1977931250, -7.050723e+001,
1981050000, -6.927827e+001,
1984168750, -7.147045e+001,
1987287500, -7.089448e+001,
1990406250, -7.044289e+001,
1993525000, -7.024661e+001,
1996643750, -7.116450e+001,
1999762500, -7.145592e+001,
2002881250, -6.982147e+001,
2006000000, -6.917982e+001,
2009118750, -7.112948e+001,
2012237500, -7.028111e+001,
2015356250, -7.142099e+001,
2018475000, -7.015305e+001,
2021593750, -6.848726e+001,
2024712500, -7.173804e+001,
2027831250, -6.987036e+001,
2030950000, -7.149614e+001,
2034068750, -7.287539e+001,
2037187500, -7.266428e+001,
2040306250, -7.519677e+001,
2043425000, -7.324786e+001,
2046543750, -7.147333e+001,
2049662500, -7.217213e+001,
2052781250, -7.340376e+001,
2055900000, -6.979162e+001,
2059018750, -7.129367e+001,
2062137500, -7.257562e+001,
2065256250, -7.468574e+001,
2068375000, -7.563503e+001,
2071493750, -7.383531e+001,
2074612500, -7.383541e+001,
2077731250, -7.510332e+001,
2080850000, -7.689645e+001,
2083968750, -7.239655e+001,
2087087500, -7.432926e+001,
2090206250, -7.331270e+001,
2093325000, -7.322672e+001,
2096443750, -7.467722e+001,
2099562500, -7.233722e+001,
2102681250, -7.414079e+001,
2105800000, -7.493840e+001,
2108918750, -7.411226e+001,
2112037500, -7.446865e+001,
2115156250, -7.423772e+001,
2118275000, -7.629155e+001,
2121393750, -7.627219e+001,
2124512500, -7.403535e+001,
2127631250, -7.384349e+001,
2130750000, -7.591086e+001,
2133868750, -7.382030e+001,
2136987500, -7.507809e+001,
2140106250, -7.477857e+001,
2143225000, -7.402515e+001,
2146343750, -7.359772e+001,
2149462500, -7.347063e+001,
2152581250, -7.415661e+001,
2155700000, -7.532567e+001,
2158818750, -7.636301e+001,
2161937500, -7.636890e+001,
2165056250, -7.740382e+001,
2168175000, -7.491563e+001,
2171293750, -7.661446e+001,
2174412500, -7.467813e+001,
2177531250, -7.347712e+001,
2180650000, -7.382844e+001,
2183768750, -7.425063e+001,
2186887500, -7.415953e+001,
2190006250, -7.324753e+001,
2193125000, -7.561743e+001,
2196243750, -7.503427e+001,
2199362500, -7.270210e+001,
2202481250, -7.335945e+001,
2205600000, -7.569321e+001,
2208718750, -7.720494e+001,
2211837500, -7.187161e+001,
2214956250, -7.322939e+001,
2218075000, -7.246595e+001,
2221193750, -7.394351e+001,
2224312500, -7.301193e+001,
2227431250, -7.329062e+001,
2230550000, -7.283923e+001,
2233668750, -7.417663e+001,
2236787500, -7.376353e+001,
2239906250, -7.109409e+001,
2243025000, -7.296913e+001,
2246143750, -7.511366e+001,
2249262500, -7.577066e+001,
2252381250, -7.187421e+001,
2255500000, -7.312040e+001,
2258618750, -7.412440e+001,
2261737500, -7.425067e+001,
2264856250, -7.551561e+001,
2267975000, -7.228267e+001,
2271093750, -7.446954e+001,
2274212500, -7.448203e+001,
2277331250, -7.397392e+001,
2280450000, -7.351684e+001,
2283568750, -7.372655e+001,
2286687500, -7.260467e+001,
2289806250, -7.235992e+001,
2292925000, -7.240900e+001,
2296043750, -7.245794e+001,
2299162500, -7.229073e+001,
2302281250, -7.274921e+001,
2305400000, -7.396394e+001,
2308518750, -7.271557e+001,
2311637500, -7.339216e+001,
2314756250, -7.393437e+001,
2317875000, -7.190034e+001,
2320993750, -7.597804e+001,
2324112500, -7.311234e+001,
2327231250, -7.536268e+001,
2330350000, -7.393125e+001,
2333468750, -7.438371e+001,
2336587500, -7.516918e+001,
2339706250, -7.244661e+001,
2342825000, -7.216865e+001,
2345943750, -7.598453e+001,
2349062500, -7.418131e+001,
2352181250, -7.502489e+001,
2355300000, -7.216218e+001,
2358418750, -7.301836e+001,
2361537500, -7.315825e+001,
2364656250, -7.240871e+001,
2367775000, -7.599671e+001,
2370893750, -7.723425e+001,
2374012500, -7.303900e+001,
2377131250, -7.254193e+001,
2380250000, -7.450876e+001,
2383368750, -7.533724e+001,
2386487500, -7.334283e+001,
2389606250, -7.349474e+001,
2392725000, -7.519375e+001,
2395843750, -7.450517e+001,
2398962500, -7.461603e+001,
2402081250, -7.336412e+001,
2405200000, -7.520780e+001,
2408318750, -7.281959e+001,
2411437500, -7.452033e+001,
2414556250, -7.608227e+001,
2417675000, -7.408395e+001,
2420793750, -7.354221e+001,
2423912500, -7.446375e+001,
2427031250, -7.537207e+001,
2430150000, -7.349120e+001,
2433268750, -7.422462e+001,
2436387500, -7.266209e+001,
2439506250, -7.349916e+001,
2442625000, -7.495007e+001,
2445743750, -7.493555e+001,
2448862500, -7.428588e+001,
2451981250, -7.326184e+001,
2455100000, -7.367397e+001,
2458218750, -7.421111e+001,
2461337500, -7.286588e+001,
2464456250, -7.440197e+001,
2467575000, -7.317616e+001,
2470693750, -7.453036e+001,
2473812500, -7.230034e+001,
2476931250, -7.251472e+001,
2480050000, -7.344746e+001,
2483168750, -7.142293e+001,
2486287500, -7.357990e+001,
2489406250, -7.491408e+001,
2492525000, -7.239697e+001,
2495643750, -7.174324e+001,
2498762500, -7.223004e+001,
2501881250, -7.508604e+001,
2505000000, -7.321483e+001,
2508118750, -7.193770e+001,
2511237500, -7.042634e+001,
2514356250, -7.194903e+001,
2517475000, -7.106382e+001,
2520593750, -7.033348e+001,
2523712500, -7.105990e+001,
2526831250, -7.244908e+001,
2529950000, -7.049887e+001,
2533068750, -7.143754e+001,
2536187500, -7.164461e+001,
2539306250, -7.033401e+001,
2542425000, -7.043963e+001,
2545543750, -7.196332e+001,
2548662500, -6.963902e+001,
2551781250, -7.118642e+001,
2554900000, -7.037342e+001,
2558018750, -7.118108e+001,
2561137500, -7.025385e+001,
2564256250, -6.952979e+001,
2567375000, -6.947408e+001,
2570493750, -7.012474e+001,
2573612500, -6.980305e+001,
2576731250, -6.979092e+001,
2579850000, -7.102538e+001,
2582968750, -7.072176e+001,
2586087500, -7.112041e+001,
2589206250, -7.000868e+001,
2592325000, -6.941874e+001,
2595443750, -7.306557e+001,
2598562500, -7.059840e+001,
2601681250, -7.096337e+001,
2604800000, -7.070110e+001,
2607918750, -7.023952e+001,
2611037500, -7.065388e+001,
2614156250, -6.939750e+001,
2617275000, -6.987774e+001,
2620393750, -7.040643e+001,
2623512500, -6.986686e+001,
2626631250, -6.904923e+001,
2629750000, -6.966969e+001,
2632868750, -6.926578e+001,
2635987500, -7.025034e+001,
2639106250, -6.852334e+001,
2642225000, -7.041185e+001,
2645343750, -7.099369e+001,
2648462500, -7.066360e+001,
2651581250, -7.011487e+001,
2654700000, -6.970161e+001,
2657818750, -7.123837e+001,
2660937500, -7.141788e+001,
2664056250, -7.321684e+001,
2667175000, -7.082784e+001,
2670293750, -7.083131e+001,
2673412500, -6.994926e+001,
2676531250, -6.999519e+001,
2679650000, -7.393378e+001,
2682768750, -7.077018e+001,
2685887500, -7.103445e+001,
2689006250, -6.979798e+001,
2692125000, -7.067554e+001,
2695243750, -7.095095e+001,
2698362500, -6.900324e+001,
2701481250, -6.999002e+001,
2704600000, -7.138602e+001,
2707718750, -6.879722e+001,
2710837500, -6.969193e+001,
2713956250, -7.005617e+001,
2717075000, -7.073387e+001,
2720193750, -6.983269e+001,
2723312500, -6.986607e+001,
2726431250, -6.998081e+001,
2729550000, -6.926788e+001,
2732668750, -6.924755e+001,
2735787500, -6.941205e+001,
2738906250, -6.876747e+001,
2742025000, -6.873898e+001,
2745143750, -6.799857e+001,
2748262500, -6.946424e+001,
2751381250, -6.933089e+001,
2754500000, -6.852209e+001,
2757618750, -6.795572e+001,
2760737500, -7.003732e+001,
2763856250, -6.885506e+001,
2766975000, -6.802425e+001,
2770093750, -6.882979e+001,
2773212500, -6.784786e+001,
2776331250, -6.788214e+001,
2779450000, -6.812866e+001,
2782568750, -6.872561e+001,
2785687500, -6.893802e+001,
2788806250, -6.867333e+001,
2791925000, -6.838124e+001,
2795043750, -6.780112e+001,
2798162500, -6.741345e+001,
2801281250, -6.775636e+001,
2804400000, -6.785470e+001,
2807518750, -6.860085e+001,
2810637500, -6.725352e+001,
2813756250, -6.786717e+001,
2816875000, -6.708658e+001,
2819993750, -6.753376e+001,
2823112500, -6.650474e+001,
2826231250, -6.690787e+001,
2829350000, -6.829506e+001,
2832468750, -6.654202e+001,
2835587500, -6.697988e+001,
2838706250, -6.629418e+001,
2841825000, -6.678737e+001,
2844943750, -6.698639e+001,
2848062500, -6.620515e+001,
2851181250, -6.625430e+001,
2854300000, -6.658125e+001,
2857418750, -6.763745e+001,
2860537500, -6.640375e+001,
2863656250, -6.574342e+001,
2866775000, -6.620863e+001,
2869893750, -6.688913e+001,
2873012500, -6.647739e+001,
2876131250, -6.628148e+001,
2879250000, -6.624654e+001,
2882368750, -6.731832e+001,
2885487500, -6.618049e+001,
2888606250, -6.588885e+001,
2891725000, -6.695786e+001,
2894843750, -6.728394e+001,
2897962500, -6.681653e+001,
2901081250, -6.584660e+001,
2904200000, -6.624442e+001,
2907318750, -6.640215e+001,
2910437500, -6.557840e+001,
2913556250, -6.546973e+001,
2916675000, -6.539770e+001,
2919793750, -6.696509e+001,
2922912500, -6.591513e+001,
2926031250, -6.605493e+001,
2929150000, -6.549971e+001,
2932268750, -6.707567e+001,
2935387500, -6.545227e+001,
2938506250, -6.701868e+001,
2941625000, -6.507414e+001,
2944743750, -6.671723e+001,
2947862500, -6.588592e+001,
2950981250, -6.574904e+001,
2954100000, -6.621456e+001,
2957218750, -6.601709e+001,
2960337500, -6.575613e+001,
2963456250, -6.570609e+001,
2966575000, -6.567222e+001,
2969693750, -6.539404e+001,
2972812500, -6.651985e+001,
2975931250, -6.522955e+001,
2979050000, -6.560670e+001,
2982168750, -6.529044e+001,
2985287500, -6.455567e+001,
2988406250, -6.643681e+001,
2991525000, -6.569766e+001,
2994643750, -6.550266e+001,
2997762500, -6.499214e+001,
3000881250, -6.540845e+001,
3004000000, -6.472782e+001,
3007118750, -6.562830e+001,
3010237500, -6.600854e+001,
3013356250, -6.570536e+001,
3016475000, -6.586639e+001,
3019593750, -6.673664e+001,
3022712500, -6.535932e+001,
3025831250, -6.495185e+001,
3028950000, -6.539574e+001,
3032068750, -6.494578e+001,
3035187500, -6.553106e+001,
3038306250, -6.396105e+001,
3041425000, -6.466782e+001,
3044543750, -6.449673e+001,
3047662500, -6.382413e+001,
3050781250, -6.402212e+001,
3053900000, -6.357195e+001,
3057018750, -6.329892e+001,
3060137500, -6.352622e+001,
3063256250, -6.334903e+001,
3066375000, -6.329304e+001,
3069493750, -6.305891e+001,
3072612500, -6.271206e+001,
3075731250, -6.255243e+001,
3078850000, -6.324417e+001,
3081968750, -6.228290e+001,
3085087500, -6.285934e+001,
3088206250, -6.334723e+001,
3091325000, -6.284713e+001,
3094443750, -6.240370e+001,
3097562500, -6.251109e+001,
3100681250, -6.182822e+001,
3103800000, -6.192952e+001,
3106918750, -6.214222e+001,
3110037500, -6.111109e+001,
3113156250, -6.149314e+001,
3116275000, -6.098810e+001,
3119393750, -6.103054e+001,
3122512500, -6.133648e+001,
3125631250, -6.050721e+001,
3128750000, -6.093854e+001,
3131868750, -6.111821e+001,
3134987500, -6.074530e+001,
3138106250, -6.057131e+001,
3141225000, -6.074108e+001,
3144343750, -6.085903e+001,
3147462500, -6.038333e+001,
3150581250, -6.027982e+001,
3153700000, -5.990028e+001,
3156818750, -6.031920e+001,
3159937500, -6.018904e+001,
3163056250, -6.006137e+001,
3166175000, -6.027309e+001,
3169293750, -6.012795e+001,
3172412500, -6.004648e+001,
3175531250, -5.971996e+001,
3178650000, -5.987985e+001,
3181768750, -5.986920e+001,
3184887500, -5.977643e+001,
3188006250, -5.951359e+001,
3191125000, -5.963926e+001,
3194243750, -5.980914e+001,
3197362500, -5.991875e+001,
3200481250, -6.008980e+001,
3203600000, -5.975856e+001,
3206718750, -5.981601e+001,
3209837500, -5.909307e+001,
3212956250, -5.865942e+001,
3216075000, -5.890051e+001,
3219193750, -5.916672e+001,
3222312500, -5.894957e+001,
3225431250, -5.977984e+001,
3228550000, -5.939833e+001,
3231668750, -5.946204e+001,
3234787500, -5.927094e+001,
3237906250, -5.961741e+001,
3241025000, -5.978325e+001,
3244143750, -5.932726e+001,
3247262500, -5.911735e+001,
3250381250, -5.955517e+001,
3253500000, -5.943874e+001,
3256618750, -5.977026e+001,
3259737500, -6.011488e+001,
3262856250, -5.998686e+001,
3265975000, -5.960836e+001,
3269093750, -5.979986e+001,
3272212500, -5.999074e+001,
3275331250, -5.993759e+001,
3278450000, -5.950413e+001,
3281568750, -5.960987e+001,
3284687500, -5.924787e+001,
3287806250, -5.961659e+001,
3290925000, -5.972764e+001,
3294043750, -5.873060e+001,
3297162500, -5.881137e+001,
3300281250, -5.874498e+001,
3303400000, -5.858982e+001,
3306518750, -5.838766e+001,
3309637500, -5.877372e+001,
3312756250, -5.865992e+001,
3315875000, -5.886810e+001,
3318993750, -5.855589e+001,
3322112500, -5.869076e+001,
3325231250, -5.869757e+001,
3328350000, -5.911585e+001,
3331468750, -5.863485e+001,
3334587500, -5.878801e+001,
3337706250, -5.860050e+001,
3340825000, -5.867543e+001,
3343943750, -5.889349e+001,
3347062500, -5.869799e+001,
3350181250, -5.847663e+001,
3353300000, -5.899052e+001,
3356418750, -5.897950e+001,
3359537500, -5.900323e+001,
3362656250, -5.929033e+001,
3365775000, -5.941894e+001,
3368893750, -5.968705e+001,
3372012500, -5.943746e+001,
3375131250, -5.946869e+001,
3378250000, -5.954202e+001,
3381368750, -5.985666e+001,
3384487500, -5.928066e+001,
3387606250, -5.961101e+001,
3390725000, -5.979933e+001,
3393843750, -6.027458e+001,
3396962500, -5.979957e+001,
3400081250, -6.034857e+001,
3403200000, -5.993333e+001,
3406318750, -6.079449e+001,
3409437500, -6.092014e+001,
3412556250, -6.097108e+001,
3415675000, -6.087579e+001,
3418793750, -6.165392e+001,
3421912500, -6.169566e+001,
3425031250, -6.126876e+001,
3428150000, -6.096212e+001,
3431268750, -6.143746e+001,
3434387500, -6.126649e+001,
3437506250, -6.086759e+001,
3440625000, -6.152325e+001,
3443743750, -6.096313e+001,
3446862500, -6.127956e+001,
3449981250, -6.123461e+001,
3453100000, -6.124699e+001,
3456218750, -6.084343e+001,
3459337500, -6.079045e+001,
3462456250, -6.125573e+001,
3465575000, -6.078833e+001,
3468693750, -6.079858e+001,
3471812500, -6.113640e+001,
3474931250, -6.146042e+001,
3478050000, -6.080086e+001,
3481168750, -6.122379e+001,
3484287500, -6.089720e+001,
3487406250, -6.113474e+001,
3490525000, -6.099670e+001,
3493643750, -6.078996e+001,
3496762500, -6.180522e+001,
3499881250, -6.121319e+001,
3503000000, -6.090664e+001,
3506118750, -6.140562e+001,
3509237500, -6.049787e+001,
3512356250, -6.001877e+001,
3515475000, -6.057848e+001,
3518593750, -6.025517e+001,
3521712500, -6.096629e+001,
3524831250, -6.112456e+001,
3527950000, -6.061752e+001,
3531068750, -6.098344e+001,
3534187500, -6.038716e+001,
3537306250, -6.062655e+001,
3540425000, -6.109983e+001,
3543543750, -6.157542e+001,
3546662500, -6.224295e+001,
3549781250, -6.132327e+001,
3552900000, -6.164364e+001,
3556018750, -6.155866e+001,
3559137500, -6.186382e+001,
3562256250, -6.138930e+001,
3565375000, -6.192422e+001,
3568493750, -6.153902e+001,
3571612500, -6.110139e+001,
3574731250, -6.182428e+001,
3577850000, -6.178966e+001,
3580968750, -6.116174e+001,
3584087500, -6.189156e+001,
3587206250, -6.147374e+001,
3590325000, -6.185374e+001,
3593443750, -6.226984e+001,
3596562500, -6.226337e+001,
3599681250, -6.227518e+001,
3602800000, -6.196180e+001,
3605918750, -6.184393e+001,
3609037500, -6.228078e+001,
3612156250, -6.230174e+001,
3615275000, -6.300957e+001,
3618393750, -6.230090e+001,
3621512500, -6.286343e+001,
3624631250, -6.113932e+001,
3627750000, -6.163100e+001,
3630868750, -6.224152e+001,
3633987500, -6.182710e+001,
3637106250, -6.228931e+001,
3640225000, -6.110188e+001,
3643343750, -6.320883e+001,
3646462500, -6.205981e+001,
3649581250, -6.227818e+001,
3652700000, -6.243226e+001,
3655818750, -6.339317e+001,
3658937500, -6.405361e+001,
3662056250, -6.428730e+001,
3665175000, -6.412627e+001,
3668293750, -6.362085e+001,
3671412500, -6.418171e+001,
3674531250, -6.494228e+001,
3677650000, -6.321165e+001,
3680768750, -6.345428e+001,
3683887500, -6.386484e+001,
3687006250, -6.319391e+001,
3690125000, -6.213202e+001,
3693243750, -6.375327e+001,
3696362500, -6.208303e+001,
3699481250, -6.412259e+001,
3702600000, -6.295277e+001,
3705718750, -6.483831e+001,
3708837500, -6.390631e+001,
3711956250, -6.488972e+001,
3715075000, -6.389208e+001,
3718193750, -6.540803e+001,
3721312500, -6.097615e+001,
3724431250, -6.617796e+001,
3727550000, -6.562437e+001,
3730668750, -6.439859e+001,
3733787500, -6.374773e+001,
3736906250, -6.763544e+001,
3740025000, -6.465874e+001,
3743143750, -6.499218e+001,
3746262500, -6.254736e+001,
3749381250, -6.555530e+001,
3752500000, -6.351032e+001,
3755618750, -6.576546e+001,
3758737500, -6.350093e+001,
3761856250, -6.219589e+001,
3764975000, -6.625056e+001,
3768093750, -6.175569e+001,
3771212500, -5.949533e+001,
3774331250, -7.473326e+001,
3777450000, -5.698565e+001,
3780568750, -8.088149e+001,
3783687500, -5.976477e+001,
3786806250, -6.359401e+001,
3789925000, -6.459571e+001,
3793043750, -6.272295e+001,
3796162500, -6.408513e+001,
3799281250, -6.420064e+001,
3802400000, -5.768441e+001,
3805518750, -6.518916e+001,
3808637500, -6.070729e+001,
3811756250, -7.576431e+001,
3814875000, -6.887635e+001,
3817993750, -6.595390e+001,
3821112500, -6.975728e+001,
3824231250, -6.612456e+001,
3827350000, -5.956580e+001,
3830468750, -5.746647e+001,
3833587500, -5.388985e+001,
3836706250, -6.288250e+001,
3839825000, -6.619319e+001,
3842943750, -5.573579e+001,
3846062500, -6.516386e+001,
3849181250, -5.301618e+001,
3852300000, -6.550578e+001,
3855418750, -5.378398e+001,
3858537500, -6.035515e+001,
3861656250, -6.029138e+001,
3864775000, -5.437017e+001,
3867893750, -5.843349e+001,
3871012500, -5.859875e+001,
3874131250, -5.558377e+001,
3877250000, -5.171290e+001,
3880368750, -5.091735e+001,
3883487500, -4.651252e+001,
3886606250, -4.904857e+001,
3889725000, -4.750798e+001,
3892843750, -4.637821e+001,
3895962500, -4.347200e+001,
3899081250, -4.116665e+001,
3902200000, -3.956104e+001,
3905318750, -4.083725e+001,
3908437500, -4.206498e+001,
3911556250, -3.795180e+001,
3914675000, -3.713464e+001,
3917793750, -3.856228e+001,
3920912500, -4.028742e+001,
3924031250, -4.048048e+001,
3927150000, -4.081032e+001,
3930268750, -4.185483e+001,
3933387500, -4.099175e+001,
3936506250, -3.855072e+001,
3939625000, -3.706123e+001,
3942743750, -3.636722e+001,
3945862500, -3.467072e+001,
3948981250, -3.378726e+001,
3952100000, -3.396751e+001,
3955218750, -3.442915e+001,
3958337500, -3.468221e+001,
3961456250, -2.962519e+001,
3964575000, -2.693729e+001,
3967693750, -2.691580e+001,
3970812500, -2.739761e+001,
3973931250, -2.786362e+001,
3977050000, -2.814864e+001,
3980168750, -3.007555e+001,
3983287500, -3.243845e+001,
3986406250, -3.475914e+001,
3989525000, -3.528916e+001,
3992643750, -3.497915e+001,
3995762500, -3.456253e+001,
3998881250, -3.392477e+001,
4002000000, -3.126990e+001,
4005118750, -2.963601e+001,
4008237500, -2.837896e+001,
4011356250, -2.768998e+001,
4014475000, -2.755923e+001,
4017593750, -2.720414e+001,
4020712500, -2.761234e+001,
4023831250, -2.776390e+001,
4026950000, -2.739873e+001,
4030068750, -2.714603e+001,
4033187500, -2.740873e+001,
4036306250, -2.826637e+001,
4039425000, -2.874206e+001,
4042543750, -2.903237e+001,
4045662500, -2.881981e+001,
4048781250, -2.927407e+001,
4051900000, -2.986655e+001,
4055018750, -3.097504e+001,
4058137500, -3.187067e+001,
4061256250, -3.481581e+001,
4064375000, -3.899719e+001,
4067493750, -4.021216e+001,
4070612500, -3.725928e+001,
4073731250, -3.487563e+001,
4076850000, -3.301063e+001,
4079968750, -3.165963e+001,
4083087500, -3.100644e+001,
4086206250, -3.054789e+001,
4089325000, -3.085087e+001,
4092443750, -3.106816e+001,
4095562500, -3.132634e+001,
4098681250, -3.166662e+001,
4101800000, -3.214671e+001,
4104918750, -3.267157e+001,
4108037500, -3.220830e+001,
4111156250, -3.260520e+001,
4114275000, -3.327493e+001,
4117393750, -3.399464e+001,
4120512500, -3.554293e+001,
4123631250, -3.791732e+001,
4126750000, -4.135876e+001,
4129868750, -4.427139e+001,
4132987500, -4.605983e+001,
4136106250, -4.607802e+001,
4139225000, -4.467655e+001,
4142343750, -4.342662e+001,
4145462500, -4.227325e+001,
4148581250, -4.242462e+001,
4151700000, -4.102822e+001,
4154818750, -3.992085e+001,
4157937500, -3.972471e+001,
4161056250, -3.916540e+001,
4164175000, -3.841557e+001,
4167293750, -3.941668e+001,
4170412500, -4.030007e+001,
4173531250, -4.049640e+001,
4176650000, -4.145455e+001,
4179768750, -4.273116e+001,
4182887500, -4.274832e+001,
4186006250, -4.368211e+001,
4189125000, -4.447146e+001,
4192243750, -4.404750e+001,
4195362500, -4.636932e+001,
4198481250, -5.013120e+001,
4201600000, -5.014425e+001,
4204718750, -5.141776e+001,
4207837500, -5.333723e+001,
4210956250, -5.036798e+001,
4214075000, -5.064301e+001,
4217193750, -5.213211e+001,
4220312500, -4.892579e+001,
4223431250, -4.724522e+001,
4226550000, -4.703175e+001,
4229668750, -4.571721e+001,
4232787500, -4.706781e+001,
4235906250, -4.953728e+001,
4239025000, -4.863984e+001,
4242143750, -5.210065e+001,
4245262500, -5.358467e+001,
4248381250, -5.275348e+001,
4251500000, -5.871395e+001,
4254618750, -5.454638e+001,
4257737500, -5.376910e+001,
4260856250, -5.750455e+001,
4263975000, -5.330256e+001,
4267093750, -5.523312e+001,
4270212500, -5.644136e+001,
4273331250, -5.197355e+001,
4276450000, -5.532951e+001,
4279568750, -5.177386e+001,
4282687500, -5.115765e+001,
4285806250, -5.234626e+001,
4288925000, -5.113197e+001,
4292043750, -5.360566e+001,
4295162500, -5.233267e+001,
4298281250, -5.651311e+001,
4301400000, -5.413199e+001,
4304518750, -5.813634e+001,
4307637500, -5.927555e+001,
4310756250, -5.757164e+001,
4313875000, -6.836687e+001,
4316993750, -5.843045e+001,
4320112500, -6.531023e+001,
4323231250, -5.825082e+001,
4326350000, -5.818930e+001,
4329468750, -5.954989e+001,
4332587500, -5.652557e+001,
4335706250, -6.242362e+001,
4338825000, -5.686116e+001,
4341943750, -6.570775e+001,
4345062500, -5.714817e+001,
4348181250, -7.601007e+001,
4351300000, -5.826871e+001,
4354418750, -7.407201e+001,
4357537500, -5.832423e+001,
4360656250, -7.135490e+001,
4363775000, -5.899903e+001,
4366893750, -7.020052e+001,
4370012500, -6.079052e+001,
4373131250, -6.688791e+001,
4376250000, -6.161776e+001,
4379368750, -6.824245e+001,
4382487500, -6.224414e+001,
4385606250, -6.769863e+001,
4388725000, -6.234589e+001,
4391843750, -6.799077e+001,
4394962500, -6.196995e+001,
4398081250, -6.584265e+001,
4401200000, -6.441576e+001,
4404318750, -6.330730e+001,
4407437500, -6.613847e+001,
4410556250, -6.154676e+001,
4413675000, -6.529695e+001,
4416793750, -6.258822e+001,
4419912500, -6.403320e+001,
4423031250, -6.578168e+001,
4426150000, -6.311504e+001,
4429268750, -6.547398e+001,
4432387500, -6.365256e+001,
4435506250, -6.467167e+001,
4438625000, -6.432217e+001,
4441743750, -6.186156e+001,
4444862500, -6.502792e+001,
4447981250, -6.456498e+001,
4451100000, -6.327269e+001,
4454218750, -6.429145e+001,
4457337500, -6.323948e+001,
4460456250, -6.310853e+001,
4463575000, -6.523558e+001,
4466693750, -6.444837e+001,
4469812500, -6.294190e+001,
4472931250, -6.429321e+001,
4476050000, -6.409809e+001,
4479168750, -6.314263e+001,
4482287500, -6.352207e+001,
4485406250, -6.388259e+001,
4488525000, -6.368043e+001,
4491643750, -6.348399e+001,
4494762500, -6.251531e+001,
4497881250, -6.344500e+001,
4501000000, -6.266748e+001,
4504118750, -6.396431e+001,
4507237500, -6.273623e+001,
4510356250, -6.272481e+001,
4513475000, -6.272603e+001,
4516593750, -6.309672e+001,
4519712500, -6.238126e+001,
4522831250, -6.216751e+001,
4525950000, -6.278503e+001,
4529068750, -6.275859e+001,
4532187500, -6.245451e+001,
4535306250, -6.254317e+001,
4538425000, -6.247566e+001,
4541543750, -6.281270e+001,
4544662500, -6.241753e+001,
4547781250, -6.260703e+001,
4550900000, -6.249602e+001,
4554018750, -6.267341e+001,
4557137500, -6.261654e+001,
4560256250, -6.275369e+001,
4563375000, -6.274886e+001,
4566493750, -6.317066e+001,
4569612500, -6.280326e+001,
4572731250, -6.243190e+001,
4575850000, -6.316310e+001,
4578968750, -6.372165e+001,
4582087500, -6.271485e+001,
4585206250, -6.293653e+001,
4588325000, -6.302730e+001,
4591443750, -6.346444e+001,
4594562500, -6.337185e+001,
4597681250, -6.328052e+001,
4600800000, -6.379971e+001,
4603918750, -6.412625e+001,
4607037500, -6.425108e+001,
4610156250, -6.414262e+001,
4613275000, -6.326844e+001,
4616393750, -6.346274e+001,
4619512500, -6.400277e+001,
4622631250, -6.359573e+001,
4625750000, -6.312102e+001,
4628868750, -6.330989e+001,
4631987500, -6.430426e+001,
4635106250, -6.419805e+001,
4638225000, -6.400851e+001,
4641343750, -6.346375e+001,
4644462500, -6.417274e+001,
4647581250, -6.392993e+001,
4650700000, -6.369716e+001,
4653818750, -6.371236e+001,
4656937500, -6.354786e+001,
4660056250, -6.417670e+001,
4663175000, -6.374442e+001,
4666293750, -6.415900e+001,
4669412500, -6.386839e+001,
4672531250, -6.441435e+001,
4675650000, -6.387543e+001,
4678768750, -6.402107e+001,
4681887500, -6.380836e+001,
4685006250, -6.383425e+001,
4688125000, -6.410728e+001,
4691243750, -6.371845e+001,
4694362500, -6.404923e+001,
4697481250, -6.376045e+001,
4700600000, -6.463432e+001,
4703718750, -6.396489e+001,
4706837500, -6.434436e+001,
4709956250, -6.434071e+001,
4713075000, -6.317091e+001,
4716193750, -6.412965e+001,
4719312500, -6.475138e+001,
4722431250, -6.391153e+001,
4725550000, -6.415203e+001,
4728668750, -6.383873e+001,
4731787500, -6.448006e+001,
4734906250, -6.407269e+001,
4738025000, -6.314990e+001,
4741143750, -6.305563e+001,
4744262500, -6.429344e+001,
4747381250, -6.368408e+001,
4750500000, -6.316384e+001,
4753618750, -6.394521e+001,
4756737500, -6.345335e+001,
4759856250, -6.407846e+001,
4762975000, -6.296387e+001,
4766093750, -6.313348e+001,
4769212500, -6.368302e+001,
4772331250, -6.401316e+001,
4775450000, -6.305065e+001,
4778568750, -6.281147e+001,
4781687500, -6.375930e+001,
4784806250, -6.313353e+001,
4787925000, -6.337798e+001,
4791043750, -6.326011e+001,
4794162500, -6.320984e+001,
4797281250, -6.296069e+001,
4800400000, -6.381663e+001,
4803518750, -6.307865e+001,
4806637500, -6.292898e+001,
4809756250, -6.269863e+001,
4812875000, -6.298212e+001,
4815993750, -6.308609e+001,
4819112500, -6.276028e+001,
4822231250, -6.284388e+001,
4825350000, -6.311868e+001,
4828468750, -6.312032e+001,
4831587500, -6.279452e+001,
4834706250, -6.270770e+001,
4837825000, -6.285858e+001,
4840943750, -6.327330e+001,
4844062500, -6.301290e+001,
4847181250, -6.303363e+001,
4850300000, -6.259658e+001,
4853418750, -6.307973e+001,
4856537500, -6.293997e+001,
4859656250, -6.311940e+001,
4862775000, -6.364694e+001,
4865893750, -6.302257e+001,
4869012500, -6.277385e+001,
4872131250, -6.372295e+001,
4875250000, -6.331359e+001,
4878368750, -6.319446e+001,
4881487500, -6.330597e+001,
4884606250, -6.377523e+001,
4887725000, -6.354737e+001,
4890843750, -6.347506e+001,
4893962500, -6.385852e+001,
4897081250, -6.387874e+001,
4900200000, -6.344266e+001,
4903318750, -6.348569e+001,
4906437500, -6.363601e+001,
4909556250, -6.363054e+001,
4912675000, -6.411341e+001,
4915793750, -6.428130e+001,
4918912500, -6.330208e+001,
4922031250, -6.394071e+001,
4925150000, -6.481403e+001,
4928268750, -6.456652e+001,
4931387500, -6.358303e+001,
4934506250, -6.436574e+001,
4937625000, -6.401341e+001,
4940743750, -6.448569e+001,
4943862500, -6.376845e+001,
4946981250, -6.393635e+001,
4950100000, -6.456693e+001,
4953218750, -6.443189e+001,
4956337500, -6.441350e+001,
4959456250, -6.422604e+001,
4962575000, -6.471857e+001,
4965693750, -6.476284e+001,
4968812500, -6.441064e+001,
4971931250, -6.503711e+001,
4975050000, -6.493510e+001,
4978168750, -6.469741e+001,
4981287500, -6.461205e+001,
4984406250, -6.407567e+001,
4987525000, -6.453575e+001,
4990643750, -6.459101e+001,
4993762500, -6.409126e+001,
4996881250, -6.385664e+001,
5000000000, -6.392337e+001,
