"S21 Log Mag"
"Frequency (Hz)","dB",
3000000000, -4.687472e+001,
3001375000, -4.686231e+001,
3002750000, -4.681177e+001,
3004125000, -4.679446e+001,
3005500000, -4.675732e+001,
3006875000, -4.672559e+001,
3008250000, -4.668071e+001,
3009625000, -4.666375e+001,
3011000000, -4.657875e+001,
3012375000, -4.656351e+001,
3013750000, -4.655035e+001,
3015125000, -4.651695e+001,
3016500000, -4.644296e+001,
3017875000, -4.641528e+001,
3019250000, -4.639096e+001,
3020625000, -4.634460e+001,
3022000000, -4.634867e+001,
3023375000, -4.628149e+001,
3024750000, -4.621696e+001,
3026125000, -4.619069e+001,
3027500000, -4.614807e+001,
3028875000, -4.608443e+001,
3030250000, -4.602534e+001,
3031625000, -4.598270e+001,
3033000000, -4.595533e+001,
3034375000, -4.590222e+001,
3035750000, -4.585218e+001,
3037125000, -4.583516e+001,
3038500000, -4.578090e+001,
3039875000, -4.575275e+001,
3041250000, -4.567236e+001,
3042625000, -4.565469e+001,
3044000000, -4.559084e+001,
3045375000, -4.558899e+001,
3046750000, -4.551750e+001,
3048125000, -4.550324e+001,
3049500000, -4.545684e+001,
3050875000, -4.544695e+001,
3052250000, -4.538886e+001,
3053625000, -4.534232e+001,
3055000000, -4.532023e+001,
3056375000, -4.530476e+001,
3057750000, -4.525099e+001,
3059125000, -4.520899e+001,
3060500000, -4.518113e+001,
3061875000, -4.514371e+001,
3063250000, -4.509157e+001,
3064625000, -4.506440e+001,
3066000000, -4.507225e+001,
3067375000, -4.504363e+001,
3068750000, -4.501170e+001,
3070125000, -4.496408e+001,
3071500000, -4.495507e+001,
3072875000, -4.491284e+001,
3074250000, -4.493588e+001,
3075625000, -4.484339e+001,
3077000000, -4.488814e+001,
3078375000, -4.485968e+001,
3079750000, -4.484804e+001,
3081125000, -4.484710e+001,
3082500000, -4.479509e+001,
3083875000, -4.476313e+001,
3085250000, -4.476137e+001,
3086625000, -4.474779e+001,
3088000000, -4.470634e+001,
3089375000, -4.472419e+001,
3090750000, -4.468667e+001,
3092125000, -4.469702e+001,
3093500000, -4.464451e+001,
3094875000, -4.466349e+001,
3096250000, -4.459243e+001,
3097625000, -4.462141e+001,
3099000000, -4.461264e+001,
3100375000, -4.461046e+001,
3101750000, -4.457536e+001,
3103125000, -4.458659e+001,
3104500000, -4.457006e+001,
3105875000, -4.457150e+001,
3107250000, -4.459615e+001,
3108625000, -4.456884e+001,
3110000000, -4.454289e+001,
3111375000, -4.454065e+001,
3112750000, -4.454541e+001,
3114125000, -4.455619e+001,
3115500000, -4.453045e+001,
3116875000, -4.452628e+001,
3118250000, -4.449225e+001,
3119625000, -4.446662e+001,
3121000000, -4.452003e+001,
3122375000, -4.447225e+001,
3123750000, -4.451031e+001,
3125125000, -4.446472e+001,
3126500000, -4.448236e+001,
3127875000, -4.445739e+001,
3129250000, -4.446155e+001,
3130625000, -4.442238e+001,
3132000000, -4.444270e+001,
3133375000, -4.443172e+001,
3134750000, -4.443761e+001,
3136125000, -4.441609e+001,
3137500000, -4.438399e+001,
3138875000, -4.437162e+001,
3140250000, -4.435269e+001,
3141625000, -4.435702e+001,
3143000000, -4.438259e+001,
3144375000, -4.436108e+001,
3145750000, -4.435641e+001,
3147125000, -4.432711e+001,
3148500000, -4.434858e+001,
3149875000, -4.434882e+001,
3151250000, -4.433576e+001,
3152625000, -4.436942e+001,
3154000000, -4.438041e+001,
3155375000, -4.438993e+001,
3156750000, -4.439532e+001,
3158125000, -4.439248e+001,
3159500000, -4.436057e+001,
3160875000, -4.438773e+001,
3162250000, -4.439982e+001,
3163625000, -4.443523e+001,
3165000000, -4.443328e+001,
3166375000, -4.442461e+001,
3167750000, -4.442238e+001,
3169125000, -4.443690e+001,
3170500000, -4.442359e+001,
3171875000, -4.448032e+001,
3173250000, -4.445359e+001,
3174625000, -4.448523e+001,
3176000000, -4.451031e+001,
3177375000, -4.451160e+001,
3178750000, -4.453138e+001,
3180125000, -4.454945e+001,
3181500000, -4.454585e+001,
3182875000, -4.454795e+001,
3184250000, -4.457049e+001,
3185625000, -4.458711e+001,
3187000000, -4.461597e+001,
3188375000, -4.463399e+001,
3189750000, -4.465420e+001,
3191125000, -4.466314e+001,
3192500000, -4.469477e+001,
3193875000, -4.471354e+001,
3195250000, -4.474176e+001,
3196625000, -4.477040e+001,
3198000000, -4.481470e+001,
3199375000, -4.482139e+001,
3200750000, -4.483903e+001,
3202125000, -4.485942e+001,
3203500000, -4.489471e+001,
3204875000, -4.494926e+001,
3206250000, -4.501670e+001,
3207625000, -4.502022e+001,
3209000000, -4.505085e+001,
3210375000, -4.508965e+001,
3211750000, -4.510672e+001,
3213125000, -4.513776e+001,
3214500000, -4.518311e+001,
3215875000, -4.519556e+001,
3217250000, -4.522895e+001,
3218625000, -4.524377e+001,
3220000000, -4.527778e+001,
3221375000, -4.534099e+001,
3222750000, -4.538307e+001,
3224125000, -4.541700e+001,
3225500000, -4.544115e+001,
3226875000, -4.548491e+001,
3228250000, -4.554484e+001,
3229625000, -4.557093e+001,
3231000000, -4.558810e+001,
3232375000, -4.563819e+001,
3233750000, -4.564715e+001,
3235125000, -4.566970e+001,
3236500000, -4.574220e+001,
3237875000, -4.569950e+001,
3239250000, -4.577892e+001,
3240625000, -4.579524e+001,
3242000000, -4.584602e+001,
3243375000, -4.588470e+001,
3244750000, -4.588363e+001,
3246125000, -4.595281e+001,
3247500000, -4.595049e+001,
3248875000, -4.600134e+001,
3250250000, -4.598005e+001,
3251625000, -4.599711e+001,
3253000000, -4.602973e+001,
3254375000, -4.609895e+001,
3255750000, -4.607079e+001,
3257125000, -4.610101e+001,
3258500000, -4.608830e+001,
3259875000, -4.613504e+001,
3261250000, -4.613700e+001,
3262625000, -4.609463e+001,
3264000000, -4.614526e+001,
3265375000, -4.614194e+001,
3266750000, -4.612359e+001,
3268125000, -4.613867e+001,
3269500000, -4.610798e+001,
3270875000, -4.614729e+001,
3272250000, -4.610567e+001,
3273625000, -4.608701e+001,
3275000000, -4.608049e+001,
3276375000, -4.610773e+001,
3277750000, -4.608994e+001,
3279125000, -4.607323e+001,
3280500000, -4.608759e+001,
3281875000, -4.607816e+001,
3283250000, -4.600954e+001,
3284625000, -4.601916e+001,
3286000000, -4.594632e+001,
3287375000, -4.594044e+001,
3288750000, -4.590712e+001,
3290125000, -4.590478e+001,
3291500000, -4.588366e+001,
3292875000, -4.582825e+001,
3294250000, -4.581709e+001,
3295625000, -4.576437e+001,
3297000000, -4.569300e+001,
3298375000, -4.568745e+001,
3299750000, -4.568201e+001,
3301125000, -4.558689e+001,
3302500000, -4.555045e+001,
3303875000, -4.549876e+001,
3305250000, -4.548299e+001,
3306625000, -4.542616e+001,
3308000000, -4.541717e+001,
3309375000, -4.530716e+001,
3310750000, -4.529919e+001,
3312125000, -4.524759e+001,
3313500000, -4.522014e+001,
3314875000, -4.517278e+001,
3316250000, -4.515155e+001,
3317625000, -4.507954e+001,
3319000000, -4.505267e+001,
3320375000, -4.501492e+001,
3321750000, -4.494736e+001,
3323125000, -4.493719e+001,
3324500000, -4.488220e+001,
3325875000, -4.484352e+001,
3327250000, -4.480715e+001,
3328625000, -4.475859e+001,
3330000000, -4.470045e+001,
3331375000, -4.466975e+001,
3332750000, -4.461588e+001,
3334125000, -4.457504e+001,
3335500000, -4.453010e+001,
3336875000, -4.449121e+001,
3338250000, -4.447463e+001,
3339625000, -4.444487e+001,
3341000000, -4.441526e+001,
3342375000, -4.439473e+001,
3343750000, -4.430848e+001,
3345125000, -4.431797e+001,
3346500000, -4.428590e+001,
3347875000, -4.425056e+001,
3349250000, -4.423823e+001,
3350625000, -4.417646e+001,
3352000000, -4.422747e+001,
3353375000, -4.417399e+001,
3354750000, -4.416087e+001,
3356125000, -4.411325e+001,
3357500000, -4.412387e+001,
3358875000, -4.410817e+001,
3360250000, -4.413916e+001,
3361625000, -4.410322e+001,
3363000000, -4.414658e+001,
3364375000, -4.412271e+001,
3365750000, -4.412355e+001,
3367125000, -4.411506e+001,
3368500000, -4.412988e+001,
3369875000, -4.414753e+001,
3371250000, -4.414122e+001,
3372625000, -4.414750e+001,
3374000000, -4.417147e+001,
3375375000, -4.415945e+001,
3376750000, -4.419445e+001,
3378125000, -4.420033e+001,
3379500000, -4.427424e+001,
3380875000, -4.421282e+001,
3382250000, -4.425043e+001,
3383625000, -4.429834e+001,
3385000000, -4.431039e+001,
3386375000, -4.437016e+001,
3387750000, -4.440075e+001,
3389125000, -4.440084e+001,
3390500000, -4.441991e+001,
3391875000, -4.449740e+001,
3393250000, -4.453923e+001,
3394625000, -4.453846e+001,
3396000000, -4.453190e+001,
3397375000, -4.459683e+001,
3398750000, -4.458027e+001,
3400125000, -4.461599e+001,
3401500000, -4.464610e+001,
3402875000, -4.461446e+001,
3404250000, -4.469057e+001,
3405625000, -4.467296e+001,
3407000000, -4.472525e+001,
3408375000, -4.468831e+001,
3409750000, -4.474008e+001,
3411125000, -4.474494e+001,
3412500000, -4.476211e+001,
3413875000, -4.477349e+001,
3415250000, -4.478973e+001,
3416625000, -4.483424e+001,
3418000000, -4.482774e+001,
3419375000, -4.483459e+001,
3420750000, -4.482808e+001,
3422125000, -4.487201e+001,
3423500000, -4.487879e+001,
3424875000, -4.487343e+001,
3426250000, -4.488526e+001,
3427625000, -4.489040e+001,
3429000000, -4.491283e+001,
3430375000, -4.488942e+001,
3431750000, -4.494571e+001,
3433125000, -4.492187e+001,
3434500000, -4.492873e+001,
3435875000, -4.493326e+001,
3437250000, -4.493766e+001,
3438625000, -4.497443e+001,
3440000000, -4.497494e+001,
3441375000, -4.495082e+001,
3442750000, -4.494464e+001,
3444125000, -4.495550e+001,
3445500000, -4.493588e+001,
3446875000, -4.494109e+001,
3448250000, -4.491858e+001,
3449625000, -4.489283e+001,
3451000000, -4.491262e+001,
3452375000, -4.485493e+001,
3453750000, -4.483519e+001,
3455125000, -4.485491e+001,
3456500000, -4.481118e+001,
3457875000, -4.483260e+001,
3459250000, -4.480812e+001,
3460625000, -4.479044e+001,
3462000000, -4.474324e+001,
3463375000, -4.475686e+001,
3464750000, -4.471784e+001,
3466125000, -4.472907e+001,
3467500000, -4.470226e+001,
3468875000, -4.472047e+001,
3470250000, -4.468462e+001,
3471625000, -4.467877e+001,
3473000000, -4.468604e+001,
3474375000, -4.465419e+001,
3475750000, -4.462324e+001,
3477125000, -4.462517e+001,
3478500000, -4.462586e+001,
3479875000, -4.464314e+001,
3481250000, -4.463437e+001,
3482625000, -4.460598e+001,
3484000000, -4.460586e+001,
3485375000, -4.460256e+001,
3486750000, -4.460434e+001,
3488125000, -4.456592e+001,
3489500000, -4.460359e+001,
3490875000, -4.458645e+001,
3492250000, -4.456208e+001,
3493625000, -4.454364e+001,
3495000000, -4.457780e+001,
3496375000, -4.457651e+001,
3497750000, -4.455614e+001,
3499125000, -4.457170e+001,
3500500000, -4.456023e+001,
3501875000, -4.457011e+001,
3503250000, -4.457978e+001,
3504625000, -4.459906e+001,
3506000000, -4.460931e+001,
3507375000, -4.460364e+001,
3508750000, -4.463006e+001,
3510125000, -4.463534e+001,
3511500000, -4.465319e+001,
3512875000, -4.464640e+001,
3514250000, -4.465926e+001,
3515625000, -4.467471e+001,
3517000000, -4.467581e+001,
3518375000, -4.472322e+001,
3519750000, -4.475870e+001,
3521125000, -4.473333e+001,
3522500000, -4.474667e+001,
3523875000, -4.476323e+001,
3525250000, -4.478852e+001,
3526625000, -4.483099e+001,
3528000000, -4.485112e+001,
3529375000, -4.485373e+001,
3530750000, -4.491145e+001,
3532125000, -4.493678e+001,
3533500000, -4.498462e+001,
3534875000, -4.497946e+001,
3536250000, -4.500910e+001,
3537625000, -4.499536e+001,
3539000000, -4.506411e+001,
3540375000, -4.510420e+001,
3541750000, -4.510148e+001,
3543125000, -4.520499e+001,
3544500000, -4.519673e+001,
3545875000, -4.521190e+001,
3547250000, -4.525761e+001,
3548625000, -4.529383e+001,
3550000000, -4.532276e+001,
3551375000, -4.535568e+001,
3552750000, -4.543127e+001,
3554125000, -4.543914e+001,
3555500000, -4.549244e+001,
3556875000, -4.553365e+001,
3558250000, -4.559465e+001,
3559625000, -4.558262e+001,
3561000000, -4.564622e+001,
3562375000, -4.571071e+001,
3563750000, -4.572293e+001,
3565125000, -4.572815e+001,
3566500000, -4.577928e+001,
3567875000, -4.577026e+001,
3569250000, -4.583130e+001,
3570625000, -4.584885e+001,
3572000000, -4.586798e+001,
3573375000, -4.589186e+001,
3574750000, -4.593135e+001,
3576125000, -4.597210e+001,
3577500000, -4.597252e+001,
3578875000, -4.599063e+001,
3580250000, -4.597724e+001,
3581625000, -4.603880e+001,
3583000000, -4.601550e+001,
3584375000, -4.605857e+001,
3585750000, -4.602466e+001,
3587125000, -4.604090e+001,
3588500000, -4.603736e+001,
3589875000, -4.605121e+001,
3591250000, -4.606479e+001,
3592625000, -4.607644e+001,
3594000000, -4.609331e+001,
3595375000, -4.608889e+001,
3596750000, -4.611824e+001,
3598125000, -4.608042e+001,
3599500000, -4.612436e+001,
3600875000, -4.609370e+001,
3602250000, -4.612133e+001,
3603625000, -4.607885e+001,
3605000000, -4.607599e+001,
3606375000, -4.609444e+001,
3607750000, -4.609506e+001,
3609125000, -4.607262e+001,
3610500000, -4.609408e+001,
3611875000, -4.606987e+001,
3613250000, -4.610273e+001,
3614625000, -4.607893e+001,
3616000000, -4.607548e+001,
3617375000, -4.609493e+001,
3618750000, -4.604581e+001,
3620125000, -4.609753e+001,
3621500000, -4.607665e+001,
3622875000, -4.604873e+001,
3624250000, -4.604641e+001,
3625625000, -4.604879e+001,
3627000000, -4.607490e+001,
3628375000, -4.600483e+001,
3629750000, -4.603793e+001,
3631125000, -4.599711e+001,
3632500000, -4.601892e+001,
3633875000, -4.597691e+001,
3635250000, -4.593837e+001,
3636625000, -4.590451e+001,
3638000000, -4.592248e+001,
3639375000, -4.590441e+001,
3640750000, -4.592122e+001,
3642125000, -4.590377e+001,
3643500000, -4.589907e+001,
3644875000, -4.592468e+001,
3646250000, -4.587814e+001,
3647625000, -4.590803e+001,
3649000000, -4.589336e+001,
3650375000, -4.588760e+001,
3651750000, -4.591551e+001,
3653125000, -4.588571e+001,
3654500000, -4.589198e+001,
3655875000, -4.589219e+001,
3657250000, -4.592089e+001,
3658625000, -4.590654e+001,
3660000000, -4.594895e+001,
3661375000, -4.590018e+001,
3662750000, -4.591972e+001,
3664125000, -4.593809e+001,
3665500000, -4.593253e+001,
3666875000, -4.590893e+001,
3668250000, -4.589406e+001,
3669625000, -4.590008e+001,
3671000000, -4.589845e+001,
3672375000, -4.588807e+001,
3673750000, -4.590454e+001,
3675125000, -4.591625e+001,
3676500000, -4.588695e+001,
3677875000, -4.590958e+001,
3679250000, -4.589363e+001,
3680625000, -4.589951e+001,
3682000000, -4.592439e+001,
3683375000, -4.590315e+001,
3684750000, -4.591001e+001,
3686125000, -4.593359e+001,
3687500000, -4.595773e+001,
3688875000, -4.593784e+001,
3690250000, -4.597902e+001,
3691625000, -4.596073e+001,
3693000000, -4.600352e+001,
3694375000, -4.602857e+001,
3695750000, -4.598931e+001,
3697125000, -4.602546e+001,
3698500000, -4.601470e+001,
3699875000, -4.607476e+001,
3701250000, -4.602140e+001,
3702625000, -4.603499e+001,
3704000000, -4.604059e+001,
3705375000, -4.608670e+001,
3706750000, -4.608100e+001,
3708125000, -4.607853e+001,
3709500000, -4.606571e+001,
3710875000, -4.613977e+001,
3712250000, -4.614823e+001,
3713625000, -4.607243e+001,
3715000000, -4.609590e+001,
3716375000, -4.604948e+001,
3717750000, -4.609821e+001,
3719125000, -4.608328e+001,
3720500000, -4.605737e+001,
3721875000, -4.602110e+001,
3723250000, -4.604291e+001,
3724625000, -4.604502e+001,
3726000000, -4.598886e+001,
3727375000, -4.596457e+001,
3728750000, -4.599870e+001,
3730125000, -4.597249e+001,
3731500000, -4.595845e+001,
3732875000, -4.585106e+001,
3734250000, -4.587061e+001,
3735625000, -4.584904e+001,
3737000000, -4.588546e+001,
3738375000, -4.582506e+001,
3739750000, -4.581303e+001,
3741125000, -4.579641e+001,
3742500000, -4.578112e+001,
3743875000, -4.572997e+001,
3745250000, -4.569906e+001,
3746625000, -4.569248e+001,
3748000000, -4.560949e+001,
3749375000, -4.560035e+001,
3750750000, -4.556821e+001,
3752125000, -4.557624e+001,
3753500000, -4.551221e+001,
3754875000, -4.550578e+001,
3756250000, -4.549847e+001,
3757625000, -4.548438e+001,
3759000000, -4.540743e+001,
3760375000, -4.535966e+001,
3761750000, -4.538931e+001,
3763125000, -4.534478e+001,
3764500000, -4.532356e+001,
3765875000, -4.528203e+001,
3767250000, -4.526508e+001,
3768625000, -4.523081e+001,
3770000000, -4.521021e+001,
3771375000, -4.519724e+001,
3772750000, -4.517623e+001,
3774125000, -4.513308e+001,
3775500000, -4.511956e+001,
3776875000, -4.509914e+001,
3778250000, -4.508740e+001,
3779625000, -4.506554e+001,
3781000000, -4.508639e+001,
3782375000, -4.509236e+001,
3783750000, -4.506153e+001,
3785125000, -4.502872e+001,
3786500000, -4.502913e+001,
3787875000, -4.508934e+001,
3789250000, -4.505933e+001,
3790625000, -4.506645e+001,
3792000000, -4.505773e+001,
3793375000, -4.505045e+001,
3794750000, -4.505009e+001,
3796125000, -4.505400e+001,
3797500000, -4.502006e+001,
3798875000, -4.504816e+001,
3800250000, -4.505925e+001,
3801625000, -4.509385e+001,
3803000000, -4.504292e+001,
3804375000, -4.508204e+001,
3805750000, -4.512305e+001,
3807125000, -4.510015e+001,
3808500000, -4.516016e+001,
3809875000, -4.519548e+001,
3811250000, -4.519026e+001,
3812625000, -4.526879e+001,
3814000000, -4.527784e+001,
3815375000, -4.529898e+001,
3816750000, -4.538548e+001,
3818125000, -4.540897e+001,
3819500000, -4.543890e+001,
3820875000, -4.548496e+001,
3822250000, -4.555247e+001,
3823625000, -4.560547e+001,
3825000000, -4.559464e+001,
3826375000, -4.562827e+001,
3827750000, -4.568753e+001,
3829125000, -4.574576e+001,
3830500000, -4.582833e+001,
3831875000, -4.583555e+001,
3833250000, -4.587797e+001,
3834625000, -4.590385e+001,
3836000000, -4.597116e+001,
3837375000, -4.597374e+001,
3838750000, -4.609489e+001,
3840125000, -4.607915e+001,
3841500000, -4.617864e+001,
3842875000, -4.613065e+001,
3844250000, -4.618445e+001,
3845625000, -4.625054e+001,
3847000000, -4.630848e+001,
3848375000, -4.639940e+001,
3849750000, -4.646698e+001,
3851125000, -4.646537e+001,
3852500000, -4.652257e+001,
3853875000, -4.659099e+001,
3855250000, -4.659437e+001,
3856625000, -4.660187e+001,
3858000000, -4.665888e+001,
3859375000, -4.671334e+001,
3860750000, -4.674037e+001,
3862125000, -4.678981e+001,
3863500000, -4.682217e+001,
3864875000, -4.684153e+001,
3866250000, -4.680040e+001,
3867625000, -4.686635e+001,
3869000000, -4.689355e+001,
3870375000, -4.694329e+001,
3871750000, -4.700065e+001,
3873125000, -4.702206e+001,
3874500000, -4.702195e+001,
3875875000, -4.706345e+001,
3877250000, -4.709280e+001,
3878625000, -4.710289e+001,
3880000000, -4.710148e+001,
3881375000, -4.711116e+001,
3882750000, -4.714544e+001,
3884125000, -4.718509e+001,
3885500000, -4.715808e+001,
3886875000, -4.718451e+001,
3888250000, -4.721583e+001,
3889625000, -4.719344e+001,
3891000000, -4.720276e+001,
3892375000, -4.720782e+001,
3893750000, -4.722700e+001,
3895125000, -4.726026e+001,
3896500000, -4.727243e+001,
3897875000, -4.725640e+001,
3899250000, -4.720628e+001,
3900625000, -4.714905e+001,
3902000000, -4.713206e+001,
3903375000, -4.716177e+001,
3904750000, -4.714656e+001,
3906125000, -4.715807e+001,
3907500000, -4.717559e+001,
3908875000, -4.708084e+001,
3910250000, -4.709756e+001,
3911625000, -4.712881e+001,
3913000000, -4.702330e+001,
3914375000, -4.703233e+001,
3915750000, -4.706302e+001,
3917125000, -4.705601e+001,
3918500000, -4.699338e+001,
3919875000, -4.700771e+001,
3921250000, -4.694847e+001,
3922625000, -4.696745e+001,
3924000000, -4.694009e+001,
3925375000, -4.691868e+001,
3926750000, -4.688393e+001,
3928125000, -4.687780e+001,
3929500000, -4.679758e+001,
3930875000, -4.676058e+001,
3932250000, -4.676402e+001,
3933625000, -4.668245e+001,
3935000000, -4.662373e+001,
3936375000, -4.659501e+001,
3937750000, -4.659978e+001,
3939125000, -4.656028e+001,
3940500000, -4.655227e+001,
3941875000, -4.649898e+001,
3943250000, -4.643108e+001,
3944625000, -4.643678e+001,
3946000000, -4.638247e+001,
3947375000, -4.638910e+001,
3948750000, -4.632963e+001,
3950125000, -4.628886e+001,
3951500000, -4.626031e+001,
3952875000, -4.627411e+001,
3954250000, -4.622417e+001,
3955625000, -4.617545e+001,
3957000000, -4.610615e+001,
3958375000, -4.614941e+001,
3959750000, -4.610021e+001,
3961125000, -4.606745e+001,
3962500000, -4.602891e+001,
3963875000, -4.604729e+001,
3965250000, -4.597217e+001,
3966625000, -4.598690e+001,
3968000000, -4.595582e+001,
3969375000, -4.591548e+001,
3970750000, -4.590853e+001,
3972125000, -4.586468e+001,
3973500000, -4.584631e+001,
3974875000, -4.582898e+001,
3976250000, -4.578540e+001,
3977625000, -4.584602e+001,
3979000000, -4.582875e+001,
3980375000, -4.584838e+001,
3981750000, -4.582350e+001,
3983125000, -4.580617e+001,
3984500000, -4.583035e+001,
3985875000, -4.582179e+001,
3987250000, -4.579450e+001,
3988625000, -4.579498e+001,
3990000000, -4.580602e+001,
3991375000, -4.583073e+001,
3992750000, -4.585908e+001,
3994125000, -4.584435e+001,
3995500000, -4.578772e+001,
3996875000, -4.574706e+001,
3998250000, -4.569928e+001,
3999625000, -4.573067e+001,
4001000000, -4.579691e+001,
4002375000, -4.579564e+001,
4003750000, -4.581620e+001,
4005125000, -4.586447e+001,
4006500000, -4.581137e+001,
4007875000, -4.582146e+001,
4009250000, -4.575846e+001,
4010625000, -4.576952e+001,
4012000000, -4.581873e+001,
4013375000, -4.581624e+001,
4014750000, -4.579070e+001,
4016125000, -4.582215e+001,
4017500000, -4.581458e+001,
4018875000, -4.582309e+001,
4020250000, -4.585153e+001,
4021625000, -4.587508e+001,
4023000000, -4.585752e+001,
4024375000, -4.587186e+001,
4025750000, -4.587117e+001,
4027125000, -4.584986e+001,
4028500000, -4.581373e+001,
4029875000, -4.580905e+001,
4031250000, -4.590353e+001,
4032625000, -4.590574e+001,
4034000000, -4.584673e+001,
4035375000, -4.574081e+001,
4036750000, -4.569012e+001,
4038125000, -4.574968e+001,
4039500000, -4.585448e+001,
4040875000, -4.595364e+001,
4042250000, -4.590590e+001,
4043625000, -4.585352e+001,
4045000000, -4.579399e+001,
4046375000, -4.581079e+001,
4047750000, -4.579282e+001,
4049125000, -4.582664e+001,
4050500000, -4.586346e+001,
4051875000, -4.592643e+001,
4053250000, -4.588811e+001,
4054625000, -4.583940e+001,
4056000000, -4.577842e+001,
4057375000, -4.580390e+001,
4058750000, -4.580100e+001,
4060125000, -4.588044e+001,
4061500000, -4.592850e+001,
4062875000, -4.594645e+001,
4064250000, -4.590716e+001,
4065625000, -4.584441e+001,
4067000000, -4.575253e+001,
4068375000, -4.583358e+001,
4069750000, -4.591026e+001,
4071125000, -4.590003e+001,
4072500000, -4.590220e+001,
4073875000, -4.593358e+001,
4075250000, -4.590351e+001,
4076625000, -4.587639e+001,
4078000000, -4.583858e+001,
4079375000, -4.587835e+001,
4080750000, -4.595867e+001,
4082125000, -4.601372e+001,
4083500000, -4.604226e+001,
4084875000, -4.603757e+001,
4086250000, -4.600417e+001,
4087625000, -4.600783e+001,
4089000000, -4.603013e+001,
4090375000, -4.605981e+001,
4091750000, -4.615669e+001,
4093125000, -4.622958e+001,
4094500000, -4.627607e+001,
4095875000, -4.622501e+001,
4097250000, -4.624353e+001,
4098625000, -4.627547e+001,
4100000000, -4.634127e+001,
4101375000, -4.637809e+001,
4102750000, -4.638617e+001,
4104125000, -4.646997e+001,
4105500000, -4.653537e+001,
4106875000, -4.644757e+001,
4108250000, -4.636373e+001,
4109625000, -4.635338e+001,
4111000000, -4.643010e+001,
4112375000, -4.654758e+001,
4113750000, -4.664965e+001,
4115125000, -4.675961e+001,
4116500000, -4.660001e+001,
4117875000, -4.662341e+001,
4119250000, -4.673776e+001,
4120625000, -4.681216e+001,
4122000000, -4.682008e+001,
4123375000, -4.683774e+001,
4124750000, -4.685829e+001,
4126125000, -4.693720e+001,
4127500000, -4.702679e+001,
4128875000, -4.705051e+001,
4130250000, -4.701381e+001,
4131625000, -4.704424e+001,
4133000000, -4.704863e+001,
4134375000, -4.710652e+001,
4135750000, -4.723774e+001,
4137125000, -4.735651e+001,
4138500000, -4.741810e+001,
4139875000, -4.743217e+001,
4141250000, -4.737519e+001,
4142625000, -4.721128e+001,
4144000000, -4.713076e+001,
4145375000, -4.729673e+001,
4146750000, -4.763566e+001,
4148125000, -4.779527e+001,
4149500000, -4.760745e+001,
4150875000, -4.733320e+001,
4152250000, -4.725914e+001,
4153625000, -4.728414e+001,
4155000000, -4.732286e+001,
4156375000, -4.752985e+001,
4157750000, -4.775265e+001,
4159125000, -4.779083e+001,
4160500000, -4.770412e+001,
4161875000, -4.763003e+001,
4163250000, -4.760989e+001,
4164625000, -4.751736e+001,
4166000000, -4.757409e+001,
4167375000, -4.760451e+001,
4168750000, -4.763524e+001,
4170125000, -4.754913e+001,
4171500000, -4.752253e+001,
4172875000, -4.755949e+001,
4174250000, -4.765073e+001,
4175625000, -4.759635e+001,
4177000000, -4.756831e+001,
4178375000, -4.754977e+001,
4179750000, -4.747857e+001,
4181125000, -4.764554e+001,
4182500000, -4.771688e+001,
4183875000, -4.787735e+001,
4185250000, -4.785859e+001,
4186625000, -4.753288e+001,
4188000000, -4.718819e+001,
4189375000, -4.706809e+001,
4190750000, -4.738290e+001,
4192125000, -4.757792e+001,
4193500000, -4.789024e+001,
4194875000, -4.801104e+001,
4196250000, -4.780033e+001,
4197625000, -4.738871e+001,
4199000000, -4.694652e+001,
4200375000, -4.694836e+001,
4201750000, -4.700407e+001,
4203125000, -4.716030e+001,
4204500000, -4.735818e+001,
4205875000, -4.748832e+001,
4207250000, -4.750702e+001,
4208625000, -4.733302e+001,
4210000000, -4.715419e+001,
4211375000, -4.711073e+001,
4212750000, -4.718847e+001,
4214125000, -4.714554e+001,
4215500000, -4.714432e+001,
4216875000, -4.707608e+001,
4218250000, -4.708917e+001,
4219625000, -4.705825e+001,
4221000000, -4.708410e+001,
4222375000, -4.696663e+001,
4223750000, -4.685088e+001,
4225125000, -4.682944e+001,
4226500000, -4.686073e+001,
4227875000, -4.676407e+001,
4229250000, -4.681711e+001,
4230625000, -4.692577e+001,
4232000000, -4.698127e+001,
4233375000, -4.694071e+001,
4234750000, -4.666322e+001,
4236125000, -4.649296e+001,
4237500000, -4.651606e+001,
4238875000, -4.655900e+001,
4240250000, -4.659932e+001,
4241625000, -4.685135e+001,
4243000000, -4.720465e+001,
4244375000, -4.718621e+001,
4245750000, -4.700651e+001,
4247125000, -4.688539e+001,
4248500000, -4.648968e+001,
4249875000, -4.605934e+001,
4251250000, -4.615234e+001,
4252625000, -4.631808e+001,
4254000000, -4.668406e+001,
4255375000, -4.695092e+001,
4256750000, -4.667528e+001,
4258125000, -4.642455e+001,
4259500000, -4.666638e+001,
4260875000, -4.666061e+001,
4262250000, -4.666888e+001,
4263625000, -4.648720e+001,
4265000000, -4.631973e+001,
4266375000, -4.619878e+001,
4267750000, -4.648446e+001,
4269125000, -4.675991e+001,
4270500000, -4.672384e+001,
4271875000, -4.643663e+001,
4273250000, -4.614668e+001,
4274625000, -4.600960e+001,
4276000000, -4.631770e+001,
4277375000, -4.656357e+001,
4278750000, -4.655047e+001,
4280125000, -4.651907e+001,
4281500000, -4.682203e+001,
4282875000, -4.748246e+001,
4284250000, -4.722631e+001,
4285625000, -4.683741e+001,
4287000000, -4.698557e+001,
4288375000, -4.660982e+001,
4289750000, -4.628561e+001,
4291125000, -4.674588e+001,
4292500000, -4.654768e+001,
4293875000, -4.653311e+001,
4295250000, -4.701015e+001,
4296625000, -4.757184e+001,
4298000000, -4.764894e+001,
4299375000, -4.686829e+001,
4300750000, -4.695819e+001,
4302125000, -4.705422e+001,
4303500000, -4.694026e+001,
4304875000, -4.651011e+001,
4306250000, -4.660146e+001,
4307625000, -4.745249e+001,
4309000000, -4.692284e+001,
4310375000, -4.634162e+001,
4311750000, -4.684553e+001,
4313125000, -4.716567e+001,
4314500000, -4.672371e+001,
4315875000, -4.654552e+001,
4317250000, -4.647673e+001,
4318625000, -4.557981e+001,
4320000000, -4.584824e+001,
4321375000, -4.672258e+001,
4322750000, -4.849682e+001,
4324125000, -4.944069e+001,
4325500000, -4.594347e+001,
4326875000, -4.494464e+001,
4328250000, -4.512716e+001,
4329625000, -4.538180e+001,
4331000000, -4.604366e+001,
4332375000, -4.764635e+001,
4333750000, -4.906049e+001,
4335125000, -4.918515e+001,
4336500000, -4.901170e+001,
4337875000, -4.876652e+001,
4339250000, -4.863234e+001,
4340625000, -4.840544e+001,
4342000000, -4.836954e+001,
4343375000, -4.877807e+001,
4344750000, -4.938766e+001,
4346125000, -4.768992e+001,
4347500000, -4.625230e+001,
4348875000, -4.561304e+001,
4350250000, -4.577979e+001,
4351625000, -4.631260e+001,
4353000000, -4.791515e+001,
4354375000, -4.867776e+001,
4355750000, -4.818509e+001,
4357125000, -4.591742e+001,
4358500000, -4.542003e+001,
4359875000, -4.564423e+001,
4361250000, -4.554945e+001,
4362625000, -4.608058e+001,
4364000000, -4.667815e+001,
4365375000, -4.692959e+001,
4366750000, -4.692599e+001,
4368125000, -4.298086e+001,
4369500000, -3.867619e+001,
4370875000, -3.745169e+001,
4372250000, -3.911020e+001,
4373625000, -4.123218e+001,
4375000000, -4.382047e+001,
4376375000, -5.545172e+001,
4377750000, -5.266172e+001,
4379125000, -4.680675e+001,
4380500000, -4.539882e+001,
4381875000, -4.402388e+001,
4383250000, -4.178924e+001,
4384625000, -4.222431e+001,
4386000000, -4.258221e+001,
4387375000, -4.268340e+001,
4388750000, -4.256612e+001,
4390125000, -4.346086e+001,
4391500000, -4.601078e+001,
4392875000, -4.824189e+001,
4394250000, -5.256186e+001,
4395625000, -5.269239e+001,
4397000000, -4.794630e+001,
4398375000, -4.590834e+001,
4399750000, -4.554017e+001,
4401125000, -4.551251e+001,
4402500000, -4.608448e+001,
4403875000, -4.594280e+001,
4405250000, -4.565412e+001,
4406625000, -4.552867e+001,
4408000000, -4.750355e+001,
4409375000, -4.888514e+001,
4410750000, -4.859208e+001,
4412125000, -4.929173e+001,
4413500000, -4.944228e+001,
4414875000, -4.793008e+001,
4416250000, -4.787259e+001,
4417625000, -4.851839e+001,
4419000000, -4.932617e+001,
4420375000, -5.017803e+001,
4421750000, -5.157688e+001,
4423125000, -5.458096e+001,
4424500000, -7.261457e+001,
4425875000, -4.333565e+001,
4427250000, -3.816274e+001,
4428625000, -3.569142e+001,
4430000000, -3.315476e+001,
4431375000, -3.365987e+001,
4432750000, -3.361660e+001,
4434125000, -3.388773e+001,
4435500000, -3.455320e+001,
4436875000, -3.697165e+001,
4438250000, -4.188069e+001,
4439625000, -4.458786e+001,
4441000000, -4.463198e+001,
4442375000, -4.189117e+001,
4443750000, -3.806131e+001,
4445125000, -3.920298e+001,
4446500000, -4.132581e+001,
4447875000, -4.174465e+001,
4449250000, -4.161660e+001,
4450625000, -4.094002e+001,
4452000000, -3.906536e+001,
4453375000, -3.714609e+001,
4454750000, -3.934684e+001,
4456125000, -4.183809e+001,
4457500000, -4.328433e+001,
4458875000, -4.488286e+001,
4460250000, -4.448007e+001,
4461625000, -4.446279e+001,
4463000000, -4.440671e+001,
4464375000, -4.834573e+001,
4465750000, -5.268661e+001,
4467125000, -4.933824e+001,
4468500000, -4.994205e+001,
4469875000, -4.925998e+001,
4471250000, -4.815247e+001,
4472625000, -4.650624e+001,
4474000000, -4.839331e+001,
4475375000, -6.067811e+001,
4476750000, -5.447259e+001,
4478125000, -4.854780e+001,
4479500000, -4.824246e+001,
4480875000, -4.925653e+001,
4482250000, -5.064148e+001,
4483625000, -5.394038e+001,
4485000000, -5.668698e+001,
4486375000, -4.921093e+001,
4487750000, -4.804243e+001,
4489125000, -4.834146e+001,
4490500000, -4.996062e+001,
4491875000, -5.289764e+001,
4493250000, -5.551558e+001,
4494625000, -5.716626e+001,
4496000000, -5.669187e+001,
4497375000, -5.600420e+001,
4498750000, -5.880178e+001,
4500125000, -6.316132e+001,
4501500000, -5.115463e+001,
4502875000, -4.385088e+001,
4504250000, -3.788848e+001,
4505625000, -3.229741e+001,
4507000000, -3.223338e+001,
4508375000, -3.557702e+001,
4509750000, -3.703156e+001,
4511125000, -3.723273e+001,
4512500000, -3.598362e+001,
4513875000, -3.416663e+001,
4515250000, -3.109550e+001,
4516625000, -2.716907e+001,
4518000000, -2.241879e+001,
4519375000, -1.909873e+001,
4520750000, -2.052945e+001,
4522125000, -2.313006e+001,
4523500000, -2.446423e+001,
4524875000, -2.484999e+001,
4526250000, -2.470618e+001,
4527625000, -2.358045e+001,
4529000000, -2.212565e+001,
4530375000, -1.971896e+001,
4531750000, -1.801696e+001,
4533125000, -1.722463e+001,
4534500000, -2.053526e+001,
4535875000, -2.369984e+001,
4537250000, -2.540365e+001,
4538625000, -2.619617e+001,
4540000000, -2.606744e+001,
4541375000, -2.498139e+001,
4542750000, -2.311125e+001,
4544125000, -2.085472e+001,
4545500000, -1.708101e+001,
4546875000, -1.675760e+001,
4548250000, -2.034490e+001,
4549625000, -2.350628e+001,
4551000000, -2.557871e+001,
4552375000, -2.685197e+001,
4553750000, -2.746943e+001,
4555125000, -2.739655e+001,
4556500000, -2.629333e+001,
4557875000, -2.422078e+001,
4559250000, -2.151459e+001,
4560625000, -1.996764e+001,
4562000000, -2.260124e+001,
4563375000, -2.654408e+001,
4564750000, -2.927915e+001,
4566125000, -3.089906e+001,
4567500000, -3.168839e+001,
4568875000, -3.174990e+001,
4570250000, -3.103209e+001,
4571625000, -2.976703e+001,
4573000000, -2.790624e+001,
4574375000, -2.602010e+001,
4575750000, -2.832352e+001,
4577125000, -3.353198e+001,
4578500000, -3.773854e+001,
4579875000, -4.075623e+001,
4581250000, -4.263960e+001,
4582625000, -4.325279e+001,
4584000000, -4.219555e+001,
4585375000, -3.945819e+001,
4586750000, -3.570563e+001,
4588125000, -3.138612e+001,
4589500000, -2.968893e+001,
4590875000, -3.181967e+001,
4592250000, -3.398572e+001,
4593625000, -3.533277e+001,
4595000000, -3.608907e+001,
4596375000, -3.634228e+001,
4597750000, -3.603014e+001,
4599125000, -3.513961e+001,
4600500000, -3.368597e+001,
4601875000, -3.190713e+001,
4603250000, -3.228354e+001,
4604625000, -3.584520e+001,
4606000000, -3.914096e+001,
4607375000, -4.103125e+001,
4608750000, -4.204272e+001,
4610125000, -4.250014e+001,
4611500000, -4.260543e+001,
4612875000, -4.255808e+001,
4614250000, -4.261593e+001,
4615625000, -4.275719e+001,
4617000000, -4.334349e+001,
4618375000, -4.383432e+001,
4619750000, -4.400656e+001,
4621125000, -4.395088e+001,
4622500000, -4.377318e+001,
4623875000, -4.346795e+001,
4625250000, -4.286129e+001,
4626625000, -4.163858e+001,
4628000000, -3.971430e+001,
4629375000, -3.795242e+001,
4630750000, -3.813532e+001,
4632125000, -3.967236e+001,
4633500000, -4.094715e+001,
4634875000, -4.172477e+001,
4636250000, -4.216667e+001,
4637625000, -4.238494e+001,
4639000000, -4.243712e+001,
4640375000, -4.278473e+001,
4641750000, -4.422033e+001,
4643125000, -4.830844e+001,
4644500000, -5.033879e+001,
4645875000, -4.828684e+001,
4647250000, -4.707658e+001,
4648625000, -4.646340e+001,
4650000000, -4.618917e+001,
4651375000, -4.616860e+001,
4652750000, -4.582051e+001,
4654125000, -4.471483e+001,
4655500000, -4.341002e+001,
4656875000, -4.311097e+001,
4658250000, -4.343287e+001,
4659625000, -4.373266e+001,
4661000000, -4.393751e+001,
4662375000, -4.402206e+001,
4663750000, -4.402271e+001,
4665125000, -4.403227e+001,
4666500000, -4.428658e+001,
4667875000, -4.501352e+001,
4669250000, -4.547895e+001,
4670625000, -4.544902e+001,
4672000000, -4.532264e+001,
4673375000, -4.522141e+001,
4674750000, -4.520696e+001,
4676125000, -4.529607e+001,
4677500000, -4.529595e+001,
4678875000, -4.517631e+001,
4680250000, -4.492326e+001,
4681625000, -4.487135e+001,
4683000000, -4.493348e+001,
4684375000, -4.501600e+001,
4685750000, -4.508154e+001,
4687125000, -4.506670e+001,
4688500000, -4.501509e+001,
4689875000, -4.509059e+001,
4691250000, -4.519313e+001,
4692625000, -4.526502e+001,
4694000000, -4.524924e+001,
4695375000, -4.525504e+001,
4696750000, -4.526755e+001,
4698125000, -4.528008e+001,
4699500000, -4.536009e+001,
4700875000, -4.537980e+001,
4702250000, -4.542149e+001,
4703625000, -4.546517e+001,
4705000000, -4.551915e+001,
4706375000, -4.556746e+001,
4707750000, -4.561554e+001,
4709125000, -4.561850e+001,
4710500000, -4.561632e+001,
4711875000, -4.567117e+001,
4713250000, -4.569886e+001,
4714625000, -4.567186e+001,
4716000000, -4.565768e+001,
4717375000, -4.572578e+001,
4718750000, -4.568336e+001,
4720125000, -4.574189e+001,
4721500000, -4.576819e+001,
4722875000, -4.583238e+001,
4724250000, -4.594255e+001,
4725625000, -4.601546e+001,
4727000000, -4.603044e+001,
4728375000, -4.607282e+001,
4729750000, -4.611789e+001,
4731125000, -4.612547e+001,
4732500000, -4.612149e+001,
4733875000, -4.614236e+001,
4735250000, -4.610454e+001,
4736625000, -4.603277e+001,
4738000000, -4.601744e+001,
4739375000, -4.602296e+001,
4740750000, -4.604011e+001,
4742125000, -4.611233e+001,
4743500000, -4.611334e+001,
4744875000, -4.615935e+001,
4746250000, -4.628732e+001,
4747625000, -4.633535e+001,
4749000000, -4.633083e+001,
4750375000, -4.628827e+001,
4751750000, -4.629790e+001,
4753125000, -4.632042e+001,
4754500000, -4.628810e+001,
4755875000, -4.616761e+001,
4757250000, -4.612045e+001,
4758625000, -4.614716e+001,
4760000000, -4.610527e+001,
4761375000, -4.612788e+001,
4762750000, -4.607293e+001,
4764125000, -4.610311e+001,
4765500000, -4.614213e+001,
4766875000, -4.620112e+001,
4768250000, -4.617909e+001,
4769625000, -4.615074e+001,
4771000000, -4.618393e+001,
4772375000, -4.610915e+001,
4773750000, -4.605673e+001,
4775125000, -4.598429e+001,
4776500000, -4.594426e+001,
4777875000, -4.589141e+001,
4779250000, -4.584393e+001,
4780625000, -4.584837e+001,
4782000000, -4.582852e+001,
4783375000, -4.582271e+001,
4784750000, -4.585349e+001,
4786125000, -4.577475e+001,
4787500000, -4.575952e+001,
4788875000, -4.572183e+001,
4790250000, -4.569885e+001,
4791625000, -4.566521e+001,
4793000000, -4.557662e+001,
4794375000, -4.553111e+001,
4795750000, -4.547398e+001,
4797125000, -4.542929e+001,
4798500000, -4.541988e+001,
4799875000, -4.539943e+001,
4801250000, -4.534835e+001,
4802625000, -4.530596e+001,
4804000000, -4.529382e+001,
4805375000, -4.525314e+001,
4806750000, -4.520110e+001,
4808125000, -4.516439e+001,
4809500000, -4.510743e+001,
4810875000, -4.505730e+001,
4812250000, -4.504962e+001,
4813625000, -4.500019e+001,
4815000000, -4.494553e+001,
4816375000, -4.491418e+001,
4817750000, -4.485735e+001,
4819125000, -4.483408e+001,
4820500000, -4.478671e+001,
4821875000, -4.477204e+001,
4823250000, -4.477316e+001,
4824625000, -4.472647e+001,
4826000000, -4.470368e+001,
4827375000, -4.468803e+001,
4828750000, -4.465452e+001,
4830125000, -4.460571e+001,
4831500000, -4.459761e+001,
4832875000, -4.458263e+001,
4834250000, -4.456217e+001,
4835625000, -4.450536e+001,
4837000000, -4.452551e+001,
4838375000, -4.451017e+001,
4839750000, -4.452226e+001,
4841125000, -4.449776e+001,
4842500000, -4.451586e+001,
4843875000, -4.452866e+001,
4845250000, -4.451273e+001,
4846625000, -4.453483e+001,
4848000000, -4.450406e+001,
4849375000, -4.450647e+001,
4850750000, -4.450813e+001,
4852125000, -4.452806e+001,
4853500000, -4.452788e+001,
4854875000, -4.456744e+001,
4856250000, -4.460088e+001,
4857625000, -4.461672e+001,
4859000000, -4.462995e+001,
4860375000, -4.468495e+001,
4861750000, -4.472561e+001,
4863125000, -4.472028e+001,
4864500000, -4.473627e+001,
4865875000, -4.480436e+001,
4867250000, -4.477456e+001,
4868625000, -4.484610e+001,
4870000000, -4.490776e+001,
4871375000, -4.493584e+001,
4872750000, -4.496881e+001,
4874125000, -4.503926e+001,
4875500000, -4.509129e+001,
4876875000, -4.511756e+001,
4878250000, -4.516869e+001,
4879625000, -4.517841e+001,
4881000000, -4.521621e+001,
4882375000, -4.527664e+001,
4883750000, -4.532027e+001,
4885125000, -4.535482e+001,
4886500000, -4.541370e+001,
4887875000, -4.547321e+001,
4889250000, -4.552759e+001,
4890625000, -4.556992e+001,
4892000000, -4.561766e+001,
4893375000, -4.564567e+001,
4894750000, -4.565389e+001,
4896125000, -4.568823e+001,
4897500000, -4.578806e+001,
4898875000, -4.581804e+001,
4900250000, -4.584716e+001,
4901625000, -4.591832e+001,
4903000000, -4.590015e+001,
4904375000, -4.597398e+001,
4905750000, -4.601330e+001,
4907125000, -4.600309e+001,
4908500000, -4.607109e+001,
4909875000, -4.611771e+001,
4911250000, -4.611407e+001,
4912625000, -4.615812e+001,
4914000000, -4.624675e+001,
4915375000, -4.626525e+001,
4916750000, -4.628360e+001,
4918125000, -4.632325e+001,
4919500000, -4.633891e+001,
4920875000, -4.636700e+001,
4922250000, -4.634010e+001,
4923625000, -4.639740e+001,
4925000000, -4.643045e+001,
4926375000, -4.645744e+001,
4927750000, -4.649237e+001,
4929125000, -4.652496e+001,
4930500000, -4.652463e+001,
4931875000, -4.655161e+001,
4933250000, -4.656721e+001,
4934625000, -4.654974e+001,
4936000000, -4.660042e+001,
4937375000, -4.658227e+001,
4938750000, -4.662379e+001,
4940125000, -4.666486e+001,
4941500000, -4.666779e+001,
4942875000, -4.666965e+001,
4944250000, -4.667978e+001,
4945625000, -4.669442e+001,
4947000000, -4.668771e+001,
4948375000, -4.668487e+001,
4949750000, -4.671293e+001,
4951125000, -4.673244e+001,
4952500000, -4.677462e+001,
4953875000, -4.679770e+001,
4955250000, -4.675200e+001,
4956625000, -4.679011e+001,
4958000000, -4.676447e+001,
4959375000, -4.678031e+001,
4960750000, -4.679034e+001,
4962125000, -4.675067e+001,
4963500000, -4.680613e+001,
4964875000, -4.679611e+001,
4966250000, -4.680352e+001,
4967625000, -4.677650e+001,
4969000000, -4.683408e+001,
4970375000, -4.683165e+001,
4971750000, -4.682912e+001,
4973125000, -4.682961e+001,
4974500000, -4.684562e+001,
4975875000, -4.683388e+001,
4977250000, -4.684486e+001,
4978625000, -4.684882e+001,
4980000000, -4.687684e+001,
4981375000, -4.683981e+001,
4982750000, -4.685337e+001,
4984125000, -4.685209e+001,
4985500000, -4.686851e+001,
4986875000, -4.688587e+001,
4988250000, -4.686843e+001,
4989625000, -4.685785e+001,
4991000000, -4.687143e+001,
4992375000, -4.687859e+001,
4993750000, -4.689658e+001,
4995125000, -4.690438e+001,
4996500000, -4.690852e+001,
4997875000, -4.689256e+001,
4999250000, -4.690161e+001,
5000625000, -4.694164e+001,
5002000000, -4.693264e+001,
5003375000, -4.691375e+001,
5004750000, -4.695572e+001,
5006125000, -4.698085e+001,
5007500000, -4.695545e+001,
5008875000, -4.699405e+001,
5010250000, -4.695500e+001,
5011625000, -4.698680e+001,
5013000000, -4.699783e+001,
5014375000, -4.700954e+001,
5015750000, -4.701653e+001,
5017125000, -4.703640e+001,
5018500000, -4.702417e+001,
5019875000, -4.705272e+001,
5021250000, -4.702167e+001,
5022625000, -4.705759e+001,
5024000000, -4.703504e+001,
5025375000, -4.705059e+001,
5026750000, -4.706754e+001,
5028125000, -4.708123e+001,
5029500000, -4.709950e+001,
5030875000, -4.708383e+001,
5032250000, -4.709982e+001,
5033625000, -4.709334e+001,
5035000000, -4.711465e+001,
5036375000, -4.708984e+001,
5037750000, -4.708078e+001,
5039125000, -4.710941e+001,
5040500000, -4.707646e+001,
5041875000, -4.713268e+001,
5043250000, -4.711643e+001,
5044625000, -4.710706e+001,
5046000000, -4.712809e+001,
5047375000, -4.709483e+001,
5048750000, -4.711772e+001,
5050125000, -4.710252e+001,
5051500000, -4.709970e+001,
5052875000, -4.702539e+001,
5054250000, -4.705496e+001,
5055625000, -4.704365e+001,
5057000000, -4.703632e+001,
5058375000, -4.700464e+001,
5059750000, -4.701126e+001,
5061125000, -4.700613e+001,
5062500000, -4.693938e+001,
5063875000, -4.696849e+001,
5065250000, -4.691940e+001,
5066625000, -4.689906e+001,
5068000000, -4.690469e+001,
5069375000, -4.685065e+001,
5070750000, -4.689862e+001,
5072125000, -4.684424e+001,
5073500000, -4.686487e+001,
5074875000, -4.684743e+001,
5076250000, -4.683871e+001,
5077625000, -4.680012e+001,
5079000000, -4.681309e+001,
5080375000, -4.673725e+001,
5081750000, -4.672689e+001,
5083125000, -4.672694e+001,
5084500000, -4.671360e+001,
5085875000, -4.669419e+001,
5087250000, -4.664037e+001,
5088625000, -4.662863e+001,
5090000000, -4.663290e+001,
5091375000, -4.663307e+001,
5092750000, -4.658068e+001,
5094125000, -4.657589e+001,
5095500000, -4.653285e+001,
5096875000, -4.651528e+001,
5098250000, -4.651047e+001,
5099625000, -4.648421e+001,
5101000000, -4.648386e+001,
5102375000, -4.645308e+001,
5103750000, -4.643604e+001,
5105125000, -4.646181e+001,
5106500000, -4.641300e+001,
5107875000, -4.640759e+001,
5109250000, -4.640007e+001,
5110625000, -4.638921e+001,
5112000000, -4.640740e+001,
5113375000, -4.637443e+001,
5114750000, -4.638194e+001,
5116125000, -4.640566e+001,
5117500000, -4.640585e+001,
5118875000, -4.638992e+001,
5120250000, -4.642817e+001,
5121625000, -4.641740e+001,
5123000000, -4.643995e+001,
5124375000, -4.645408e+001,
5125750000, -4.643386e+001,
5127125000, -4.643101e+001,
5128500000, -4.643930e+001,
5129875000, -4.645982e+001,
5131250000, -4.644358e+001,
5132625000, -4.650251e+001,
5134000000, -4.649788e+001,
5135375000, -4.653688e+001,
5136750000, -4.655402e+001,
5138125000, -4.657971e+001,
5139500000, -4.659705e+001,
5140875000, -4.661278e+001,
5142250000, -4.665180e+001,
5143625000, -4.669690e+001,
5145000000, -4.672186e+001,
5146375000, -4.676231e+001,
5147750000, -4.682202e+001,
5149125000, -4.681530e+001,
5150500000, -4.686875e+001,
5151875000, -4.693528e+001,
5153250000, -4.698359e+001,
5154625000, -4.700274e+001,
5156000000, -4.705470e+001,
5157375000, -4.711578e+001,
5158750000, -4.714635e+001,
5160125000, -4.719650e+001,
5161500000, -4.725614e+001,
5162875000, -4.730807e+001,
5164250000, -4.736052e+001,
5165625000, -4.740043e+001,
5167000000, -4.746588e+001,
5168375000, -4.749899e+001,
5169750000, -4.757855e+001,
5171125000, -4.762401e+001,
5172500000, -4.768534e+001,
5173875000, -4.765246e+001,
5175250000, -4.775308e+001,
5176625000, -4.781278e+001,
5178000000, -4.786288e+001,
5179375000, -4.784576e+001,
5180750000, -4.794186e+001,
5182125000, -4.798111e+001,
5183500000, -4.802295e+001,
5184875000, -4.805029e+001,
5186250000, -4.810606e+001,
5187625000, -4.813260e+001,
5189000000, -4.822584e+001,
5190375000, -4.823192e+001,
5191750000, -4.826825e+001,
5193125000, -4.826450e+001,
5194500000, -4.833280e+001,
5195875000, -4.838577e+001,
5197250000, -4.841874e+001,
5198625000, -4.843539e+001,
5200000000, -4.843901e+001,
