"S12 Log Mag"
"Frequency (Hz)","dB",
3000000000, -4.705769e+001,
3001375000, -4.702417e+001,
3002750000, -4.698914e+001,
3004125000, -4.694571e+001,
3005500000, -4.693243e+001,
3006875000, -4.688130e+001,
3008250000, -4.684034e+001,
3009625000, -4.676833e+001,
3011000000, -4.678350e+001,
3012375000, -4.676000e+001,
3013750000, -4.672063e+001,
3015125000, -4.667030e+001,
3016500000, -4.663678e+001,
3017875000, -4.661078e+001,
3019250000, -4.653559e+001,
3020625000, -4.647997e+001,
3022000000, -4.646740e+001,
3023375000, -4.639529e+001,
3024750000, -4.634993e+001,
3026125000, -4.633300e+001,
3027500000, -4.626755e+001,
3028875000, -4.620702e+001,
3030250000, -4.617453e+001,
3031625000, -4.614798e+001,
3033000000, -4.608494e+001,
3034375000, -4.604741e+001,
3035750000, -4.603733e+001,
3037125000, -4.595869e+001,
3038500000, -4.592273e+001,
3039875000, -4.589442e+001,
3041250000, -4.586809e+001,
3042625000, -4.579681e+001,
3044000000, -4.576651e+001,
3045375000, -4.571750e+001,
3046750000, -4.568277e+001,
3048125000, -4.567739e+001,
3049500000, -4.558239e+001,
3050875000, -4.556807e+001,
3052250000, -4.557793e+001,
3053625000, -4.552777e+001,
3055000000, -4.547249e+001,
3056375000, -4.546976e+001,
3057750000, -4.545662e+001,
3059125000, -4.543476e+001,
3060500000, -4.538111e+001,
3061875000, -4.536826e+001,
3063250000, -4.537423e+001,
3064625000, -4.534774e+001,
3066000000, -4.530144e+001,
3067375000, -4.527258e+001,
3068750000, -4.527051e+001,
3070125000, -4.526088e+001,
3071500000, -4.523239e+001,
3072875000, -4.522125e+001,
3074250000, -4.521592e+001,
3075625000, -4.520089e+001,
3077000000, -4.518863e+001,
3078375000, -4.519106e+001,
3079750000, -4.515322e+001,
3081125000, -4.517311e+001,
3082500000, -4.517417e+001,
3083875000, -4.517456e+001,
3085250000, -4.513902e+001,
3086625000, -4.516798e+001,
3088000000, -4.514144e+001,
3089375000, -4.513025e+001,
3090750000, -4.511718e+001,
3092125000, -4.514271e+001,
3093500000, -4.511033e+001,
3094875000, -4.509706e+001,
3096250000, -4.509495e+001,
3097625000, -4.506933e+001,
3099000000, -4.508838e+001,
3100375000, -4.507325e+001,
3101750000, -4.505109e+001,
3103125000, -4.507640e+001,
3104500000, -4.506554e+001,
3105875000, -4.505426e+001,
3107250000, -4.501176e+001,
3108625000, -4.501556e+001,
3110000000, -4.500249e+001,
3111375000, -4.500452e+001,
3112750000, -4.498322e+001,
3114125000, -4.492460e+001,
3115500000, -4.493065e+001,
3116875000, -4.492438e+001,
3118250000, -4.489072e+001,
3119625000, -4.488914e+001,
3121000000, -4.486920e+001,
3122375000, -4.485957e+001,
3123750000, -4.484497e+001,
3125125000, -4.481368e+001,
3126500000, -4.475553e+001,
3127875000, -4.477842e+001,
3129250000, -4.476186e+001,
3130625000, -4.473104e+001,
3132000000, -4.470282e+001,
3133375000, -4.472026e+001,
3134750000, -4.468963e+001,
3136125000, -4.469192e+001,
3137500000, -4.465812e+001,
3138875000, -4.465974e+001,
3140250000, -4.467054e+001,
3141625000, -4.464873e+001,
3143000000, -4.462326e+001,
3144375000, -4.462303e+001,
3145750000, -4.460548e+001,
3147125000, -4.460958e+001,
3148500000, -4.459968e+001,
3149875000, -4.458190e+001,
3151250000, -4.457110e+001,
3152625000, -4.453556e+001,
3154000000, -4.454660e+001,
3155375000, -4.451334e+001,
3156750000, -4.453328e+001,
3158125000, -4.453412e+001,
3159500000, -4.450203e+001,
3160875000, -4.452858e+001,
3162250000, -4.454438e+001,
3163625000, -4.451231e+001,
3165000000, -4.451902e+001,
3166375000, -4.452233e+001,
3167750000, -4.453592e+001,
3169125000, -4.454753e+001,
3170500000, -4.453180e+001,
3171875000, -4.453478e+001,
3173250000, -4.455186e+001,
3174625000, -4.456921e+001,
3176000000, -4.457327e+001,
3177375000, -4.458685e+001,
3178750000, -4.457497e+001,
3180125000, -4.461239e+001,
3181500000, -4.461517e+001,
3182875000, -4.463527e+001,
3184250000, -4.467397e+001,
3185625000, -4.469385e+001,
3187000000, -4.469551e+001,
3188375000, -4.470964e+001,
3189750000, -4.473470e+001,
3191125000, -4.477206e+001,
3192500000, -4.479367e+001,
3193875000, -4.481547e+001,
3195250000, -4.484249e+001,
3196625000, -4.486736e+001,
3198000000, -4.492624e+001,
3199375000, -4.493822e+001,
3200750000, -4.497494e+001,
3202125000, -4.501712e+001,
3203500000, -4.506896e+001,
3204875000, -4.508204e+001,
3206250000, -4.512000e+001,
3207625000, -4.517234e+001,
3209000000, -4.518246e+001,
3210375000, -4.524665e+001,
3211750000, -4.528793e+001,
3213125000, -4.530990e+001,
3214500000, -4.537037e+001,
3215875000, -4.540287e+001,
3217250000, -4.542743e+001,
3218625000, -4.544559e+001,
3220000000, -4.551334e+001,
3221375000, -4.557155e+001,
3222750000, -4.561553e+001,
3224125000, -4.562802e+001,
3225500000, -4.564763e+001,
3226875000, -4.575104e+001,
3228250000, -4.579173e+001,
3229625000, -4.587744e+001,
3231000000, -4.586936e+001,
3232375000, -4.592712e+001,
3233750000, -4.595608e+001,
3235125000, -4.600208e+001,
3236500000, -4.602154e+001,
3237875000, -4.606435e+001,
3239250000, -4.610195e+001,
3240625000, -4.614293e+001,
3242000000, -4.613292e+001,
3243375000, -4.619582e+001,
3244750000, -4.623046e+001,
3246125000, -4.624657e+001,
3247500000, -4.628863e+001,
3248875000, -4.631819e+001,
3250250000, -4.634639e+001,
3251625000, -4.631224e+001,
3253000000, -4.637547e+001,
3254375000, -4.638410e+001,
3255750000, -4.639692e+001,
3257125000, -4.638069e+001,
3258500000, -4.644257e+001,
3259875000, -4.646917e+001,
3261250000, -4.643631e+001,
3262625000, -4.647267e+001,
3264000000, -4.646045e+001,
3265375000, -4.644725e+001,
3266750000, -4.638054e+001,
3268125000, -4.641451e+001,
3269500000, -4.645259e+001,
3270875000, -4.644913e+001,
3272250000, -4.642239e+001,
3273625000, -4.637252e+001,
3275000000, -4.639020e+001,
3276375000, -4.638139e+001,
3277750000, -4.633945e+001,
3279125000, -4.636784e+001,
3280500000, -4.634840e+001,
3281875000, -4.629437e+001,
3283250000, -4.627327e+001,
3284625000, -4.623629e+001,
3286000000, -4.621192e+001,
3287375000, -4.623234e+001,
3288750000, -4.611297e+001,
3290125000, -4.614088e+001,
3291500000, -4.608416e+001,
3292875000, -4.602549e+001,
3294250000, -4.600054e+001,
3295625000, -4.598576e+001,
3297000000, -4.591938e+001,
3298375000, -4.587748e+001,
3299750000, -4.576252e+001,
3301125000, -4.577628e+001,
3302500000, -4.572432e+001,
3303875000, -4.565576e+001,
3305250000, -4.564692e+001,
3306625000, -4.561726e+001,
3308000000, -4.551633e+001,
3309375000, -4.544587e+001,
3310750000, -4.541397e+001,
3312125000, -4.535102e+001,
3313500000, -4.531380e+001,
3314875000, -4.528127e+001,
3316250000, -4.524728e+001,
3317625000, -4.516897e+001,
3319000000, -4.514176e+001,
3320375000, -4.513316e+001,
3321750000, -4.505724e+001,
3323125000, -4.502844e+001,
3324500000, -4.501816e+001,
3325875000, -4.497747e+001,
3327250000, -4.492800e+001,
3328625000, -4.486333e+001,
3330000000, -4.486818e+001,
3331375000, -4.479232e+001,
3332750000, -4.475063e+001,
3334125000, -4.470103e+001,
3335500000, -4.466377e+001,
3336875000, -4.465931e+001,
3338250000, -4.459976e+001,
3339625000, -4.456966e+001,
3341000000, -4.453493e+001,
3342375000, -4.451331e+001,
3343750000, -4.449284e+001,
3345125000, -4.445613e+001,
3346500000, -4.442124e+001,
3347875000, -4.442167e+001,
3349250000, -4.435747e+001,
3350625000, -4.437038e+001,
3352000000, -4.433864e+001,
3353375000, -4.436304e+001,
3354750000, -4.436171e+001,
3356125000, -4.436716e+001,
3357500000, -4.438367e+001,
3358875000, -4.438924e+001,
3360250000, -4.437733e+001,
3361625000, -4.439349e+001,
3363000000, -4.439624e+001,
3364375000, -4.439342e+001,
3365750000, -4.442342e+001,
3367125000, -4.445316e+001,
3368500000, -4.444498e+001,
3369875000, -4.450018e+001,
3371250000, -4.450742e+001,
3372625000, -4.451789e+001,
3374000000, -4.456616e+001,
3375375000, -4.458411e+001,
3376750000, -4.460347e+001,
3378125000, -4.465968e+001,
3379500000, -4.465702e+001,
3380875000, -4.468644e+001,
3382250000, -4.471928e+001,
3383625000, -4.476977e+001,
3385000000, -4.476573e+001,
3386375000, -4.479098e+001,
3387750000, -4.484877e+001,
3389125000, -4.484904e+001,
3390500000, -4.489554e+001,
3391875000, -4.492415e+001,
3393250000, -4.500269e+001,
3394625000, -4.499971e+001,
3396000000, -4.506154e+001,
3397375000, -4.506509e+001,
3398750000, -4.507529e+001,
3400125000, -4.515121e+001,
3401500000, -4.515134e+001,
3402875000, -4.520300e+001,
3404250000, -4.525947e+001,
3405625000, -4.523795e+001,
3407000000, -4.528233e+001,
3408375000, -4.524768e+001,
3409750000, -4.529641e+001,
3411125000, -4.532821e+001,
3412500000, -4.531205e+001,
3413875000, -4.536278e+001,
3415250000, -4.537859e+001,
3416625000, -4.536859e+001,
3418000000, -4.536397e+001,
3419375000, -4.539785e+001,
3420750000, -4.540874e+001,
3422125000, -4.541293e+001,
3423500000, -4.543920e+001,
3424875000, -4.545052e+001,
3426250000, -4.542624e+001,
3427625000, -4.544169e+001,
3429000000, -4.546972e+001,
3430375000, -4.544912e+001,
3431750000, -4.548000e+001,
3433125000, -4.543474e+001,
3434500000, -4.544964e+001,
3435875000, -4.541631e+001,
3437250000, -4.543955e+001,
3438625000, -4.543139e+001,
3440000000, -4.540882e+001,
3441375000, -4.536484e+001,
3442750000, -4.536522e+001,
3444125000, -4.537494e+001,
3445500000, -4.532363e+001,
3446875000, -4.535300e+001,
3448250000, -4.536179e+001,
3449625000, -4.534429e+001,
3451000000, -4.535900e+001,
3452375000, -4.534251e+001,
3453750000, -4.531403e+001,
3455125000, -4.535087e+001,
3456500000, -4.527083e+001,
3457875000, -4.528080e+001,
3459250000, -4.530336e+001,
3460625000, -4.527561e+001,
3462000000, -4.525264e+001,
3463375000, -4.521569e+001,
3464750000, -4.525278e+001,
3466125000, -4.524363e+001,
3467500000, -4.521546e+001,
3468875000, -4.521587e+001,
3470250000, -4.519662e+001,
3471625000, -4.518713e+001,
3473000000, -4.513860e+001,
3474375000, -4.516070e+001,
3475750000, -4.514434e+001,
3477125000, -4.514932e+001,
3478500000, -4.512719e+001,
3479875000, -4.512890e+001,
3481250000, -4.512561e+001,
3482625000, -4.510263e+001,
3484000000, -4.509502e+001,
3485375000, -4.511823e+001,
3486750000, -4.509542e+001,
3488125000, -4.510327e+001,
3489500000, -4.505859e+001,
3490875000, -4.507416e+001,
3492250000, -4.505606e+001,
3493625000, -4.502833e+001,
3495000000, -4.500719e+001,
3496375000, -4.501992e+001,
3497750000, -4.501253e+001,
3499125000, -4.500749e+001,
3500500000, -4.499615e+001,
3501875000, -4.499276e+001,
3503250000, -4.500990e+001,
3504625000, -4.500866e+001,
3506000000, -4.501348e+001,
3507375000, -4.503048e+001,
3508750000, -4.502563e+001,
3510125000, -4.501640e+001,
3511500000, -4.503377e+001,
3512875000, -4.505718e+001,
3514250000, -4.508474e+001,
3515625000, -4.506457e+001,
3517000000, -4.508980e+001,
3518375000, -4.510774e+001,
3519750000, -4.512361e+001,
3521125000, -4.515376e+001,
3522500000, -4.518264e+001,
3523875000, -4.520851e+001,
3525250000, -4.520548e+001,
3526625000, -4.525892e+001,
3528000000, -4.524976e+001,
3529375000, -4.529461e+001,
3530750000, -4.530669e+001,
3532125000, -4.535998e+001,
3533500000, -4.537781e+001,
3534875000, -4.538181e+001,
3536250000, -4.545998e+001,
3537625000, -4.548079e+001,
3539000000, -4.549850e+001,
3540375000, -4.552601e+001,
3541750000, -4.554946e+001,
3543125000, -4.559586e+001,
3544500000, -4.557700e+001,
3545875000, -4.569435e+001,
3547250000, -4.574068e+001,
3548625000, -4.571139e+001,
3550000000, -4.577353e+001,
3551375000, -4.581939e+001,
3552750000, -4.583207e+001,
3554125000, -4.588865e+001,
3555500000, -4.591677e+001,
3556875000, -4.587935e+001,
3558250000, -4.594307e+001,
3559625000, -4.597089e+001,
3561000000, -4.597411e+001,
3562375000, -4.605912e+001,
3563750000, -4.608823e+001,
3565125000, -4.603796e+001,
3566500000, -4.606672e+001,
3567875000, -4.606108e+001,
3569250000, -4.609917e+001,
3570625000, -4.611348e+001,
3572000000, -4.614309e+001,
3573375000, -4.608535e+001,
3574750000, -4.610544e+001,
3576125000, -4.612654e+001,
3577500000, -4.611971e+001,
3578875000, -4.616880e+001,
3580250000, -4.614275e+001,
3581625000, -4.614716e+001,
3583000000, -4.612139e+001,
3584375000, -4.617559e+001,
3585750000, -4.612934e+001,
3587125000, -4.616122e+001,
3588500000, -4.609787e+001,
3589875000, -4.609344e+001,
3591250000, -4.610992e+001,
3592625000, -4.609109e+001,
3594000000, -4.606792e+001,
3595375000, -4.606531e+001,
3596750000, -4.604352e+001,
3598125000, -4.603641e+001,
3599500000, -4.602539e+001,
3600875000, -4.602219e+001,
3602250000, -4.596468e+001,
3603625000, -4.596728e+001,
3605000000, -4.594423e+001,
3606375000, -4.595029e+001,
3607750000, -4.593925e+001,
3609125000, -4.593399e+001,
3610500000, -4.590002e+001,
3611875000, -4.589068e+001,
3613250000, -4.588409e+001,
3614625000, -4.589766e+001,
3616000000, -4.590036e+001,
3617375000, -4.586872e+001,
3618750000, -4.585473e+001,
3620125000, -4.584725e+001,
3621500000, -4.584597e+001,
3622875000, -4.582995e+001,
3624250000, -4.583332e+001,
3625625000, -4.583383e+001,
3627000000, -4.583689e+001,
3628375000, -4.581723e+001,
3629750000, -4.580417e+001,
3631125000, -4.582869e+001,
3632500000, -4.579789e+001,
3633875000, -4.579090e+001,
3635250000, -4.579118e+001,
3636625000, -4.581731e+001,
3638000000, -4.579736e+001,
3639375000, -4.577891e+001,
3640750000, -4.574924e+001,
3642125000, -4.573343e+001,
3643500000, -4.576397e+001,
3644875000, -4.575871e+001,
3646250000, -4.572486e+001,
3647625000, -4.575047e+001,
3649000000, -4.575250e+001,
3650375000, -4.573027e+001,
3651750000, -4.575702e+001,
3653125000, -4.570568e+001,
3654500000, -4.569950e+001,
3655875000, -4.575463e+001,
3657250000, -4.572563e+001,
3658625000, -4.571145e+001,
3660000000, -4.578432e+001,
3661375000, -4.575654e+001,
3662750000, -4.580936e+001,
3664125000, -4.582571e+001,
3665500000, -4.580854e+001,
3666875000, -4.583073e+001,
3668250000, -4.582449e+001,
3669625000, -4.586374e+001,
3671000000, -4.587452e+001,
3672375000, -4.587943e+001,
3673750000, -4.591730e+001,
3675125000, -4.591776e+001,
3676500000, -4.597048e+001,
3677875000, -4.597312e+001,
3679250000, -4.601745e+001,
3680625000, -4.601258e+001,
3682000000, -4.604208e+001,
3683375000, -4.604535e+001,
3684750000, -4.608654e+001,
3686125000, -4.608396e+001,
3687500000, -4.614368e+001,
3688875000, -4.615599e+001,
3690250000, -4.619908e+001,
3691625000, -4.618135e+001,
3693000000, -4.623571e+001,
3694375000, -4.623394e+001,
3695750000, -4.628087e+001,
3697125000, -4.627158e+001,
3698500000, -4.626944e+001,
3699875000, -4.628005e+001,
3701250000, -4.627250e+001,
3702625000, -4.625103e+001,
3704000000, -4.630054e+001,
3705375000, -4.637117e+001,
3706750000, -4.633136e+001,
3708125000, -4.633416e+001,
3709500000, -4.635947e+001,
3710875000, -4.638801e+001,
3712250000, -4.638217e+001,
3713625000, -4.637902e+001,
3715000000, -4.639971e+001,
3716375000, -4.637141e+001,
3717750000, -4.638988e+001,
3719125000, -4.642188e+001,
3720500000, -4.638699e+001,
3721875000, -4.641254e+001,
3723250000, -4.642684e+001,
3724625000, -4.639301e+001,
3726000000, -4.638951e+001,
3727375000, -4.635964e+001,
3728750000, -4.634652e+001,
3730125000, -4.626392e+001,
3731500000, -4.632001e+001,
3732875000, -4.631424e+001,
3734250000, -4.627993e+001,
3735625000, -4.622564e+001,
3737000000, -4.621597e+001,
3738375000, -4.622431e+001,
3739750000, -4.616900e+001,
3741125000, -4.614693e+001,
3742500000, -4.611396e+001,
3743875000, -4.609555e+001,
3745250000, -4.606546e+001,
3746625000, -4.603002e+001,
3748000000, -4.598191e+001,
3749375000, -4.598968e+001,
3750750000, -4.588946e+001,
3752125000, -4.586064e+001,
3753500000, -4.582491e+001,
3754875000, -4.578738e+001,
3756250000, -4.579933e+001,
3757625000, -4.571947e+001,
3759000000, -4.568936e+001,
3760375000, -4.562423e+001,
3761750000, -4.560544e+001,
3763125000, -4.555971e+001,
3764500000, -4.554255e+001,
3765875000, -4.552377e+001,
3767250000, -4.551488e+001,
3768625000, -4.548863e+001,
3770000000, -4.544067e+001,
3771375000, -4.543455e+001,
3772750000, -4.542206e+001,
3774125000, -4.537315e+001,
3775500000, -4.538166e+001,
3776875000, -4.530618e+001,
3778250000, -4.528055e+001,
3779625000, -4.526897e+001,
3781000000, -4.528494e+001,
3782375000, -4.527509e+001,
3783750000, -4.527549e+001,
3785125000, -4.526852e+001,
3786500000, -4.527944e+001,
3787875000, -4.526267e+001,
3789250000, -4.525111e+001,
3790625000, -4.526519e+001,
3792000000, -4.524533e+001,
3793375000, -4.528185e+001,
3794750000, -4.527031e+001,
3796125000, -4.527225e+001,
3797500000, -4.527790e+001,
3798875000, -4.527900e+001,
3800250000, -4.534245e+001,
3801625000, -4.531522e+001,
3803000000, -4.533411e+001,
3804375000, -4.539200e+001,
3805750000, -4.537452e+001,
3807125000, -4.541233e+001,
3808500000, -4.543214e+001,
3809875000, -4.545253e+001,
3811250000, -4.549035e+001,
3812625000, -4.550145e+001,
3814000000, -4.552492e+001,
3815375000, -4.558596e+001,
3816750000, -4.566851e+001,
3818125000, -4.568814e+001,
3819500000, -4.572517e+001,
3820875000, -4.579523e+001,
3822250000, -4.585774e+001,
3823625000, -4.593029e+001,
3825000000, -4.595864e+001,
3826375000, -4.597113e+001,
3827750000, -4.602908e+001,
3829125000, -4.607410e+001,
3830500000, -4.613729e+001,
3831875000, -4.615992e+001,
3833250000, -4.622643e+001,
3834625000, -4.625738e+001,
3836000000, -4.629819e+001,
3837375000, -4.638540e+001,
3838750000, -4.640075e+001,
3840125000, -4.644748e+001,
3841500000, -4.649226e+001,
3842875000, -4.654330e+001,
3844250000, -4.656162e+001,
3845625000, -4.664095e+001,
3847000000, -4.668521e+001,
3848375000, -4.673816e+001,
3849750000, -4.678889e+001,
3851125000, -4.684899e+001,
3852500000, -4.685580e+001,
3853875000, -4.694518e+001,
3855250000, -4.696075e+001,
3856625000, -4.702650e+001,
3858000000, -4.702250e+001,
3859375000, -4.705256e+001,
3860750000, -4.704951e+001,
3862125000, -4.713113e+001,
3863500000, -4.714067e+001,
3864875000, -4.715799e+001,
3866250000, -4.714180e+001,
3867625000, -4.724045e+001,
3869000000, -4.722504e+001,
3870375000, -4.727986e+001,
3871750000, -4.726064e+001,
3873125000, -4.723579e+001,
3874500000, -4.730767e+001,
3875875000, -4.732838e+001,
3877250000, -4.735559e+001,
3878625000, -4.736089e+001,
3880000000, -4.737024e+001,
3881375000, -4.738033e+001,
3882750000, -4.743891e+001,
3884125000, -4.744825e+001,
3885500000, -4.743384e+001,
3886875000, -4.736888e+001,
3888250000, -4.743628e+001,
3889625000, -4.747068e+001,
3891000000, -4.744992e+001,
3892375000, -4.746135e+001,
3893750000, -4.745366e+001,
3895125000, -4.742083e+001,
3896500000, -4.734293e+001,
3897875000, -4.733480e+001,
3899250000, -4.732073e+001,
3900625000, -4.734629e+001,
3902000000, -4.729857e+001,
3903375000, -4.730920e+001,
3904750000, -4.728969e+001,
3906125000, -4.723294e+001,
3907500000, -4.718182e+001,
3908875000, -4.718801e+001,
3910250000, -4.722756e+001,
3911625000, -4.717241e+001,
3913000000, -4.717204e+001,
3914375000, -4.716249e+001,
3915750000, -4.712784e+001,
3917125000, -4.708928e+001,
3918500000, -4.703509e+001,
3919875000, -4.703231e+001,
3921250000, -4.702025e+001,
3922625000, -4.699135e+001,
3924000000, -4.692805e+001,
3925375000, -4.689399e+001,
3926750000, -4.683987e+001,
3928125000, -4.686060e+001,
3929500000, -4.682809e+001,
3930875000, -4.678389e+001,
3932250000, -4.672758e+001,
3933625000, -4.669139e+001,
3935000000, -4.668838e+001,
3936375000, -4.667302e+001,
3937750000, -4.663406e+001,
3939125000, -4.660672e+001,
3940500000, -4.655796e+001,
3941875000, -4.655975e+001,
3943250000, -4.651048e+001,
3944625000, -4.649460e+001,
3946000000, -4.650821e+001,
3947375000, -4.645152e+001,
3948750000, -4.643943e+001,
3950125000, -4.639561e+001,
3951500000, -4.638252e+001,
3952875000, -4.639038e+001,
3954250000, -4.635738e+001,
3955625000, -4.639387e+001,
3957000000, -4.633506e+001,
3958375000, -4.625602e+001,
3959750000, -4.626328e+001,
3961125000, -4.622944e+001,
3962500000, -4.617555e+001,
3963875000, -4.617413e+001,
3965250000, -4.619791e+001,
3966625000, -4.617775e+001,
3968000000, -4.621603e+001,
3969375000, -4.618219e+001,
3970750000, -4.610511e+001,
3972125000, -4.609877e+001,
3973500000, -4.612075e+001,
3974875000, -4.615930e+001,
3976250000, -4.614621e+001,
3977625000, -4.610249e+001,
3979000000, -4.613145e+001,
3980375000, -4.613692e+001,
3981750000, -4.613055e+001,
3983125000, -4.616087e+001,
3984500000, -4.620176e+001,
3985875000, -4.621899e+001,
3987250000, -4.615287e+001,
3988625000, -4.616743e+001,
3990000000, -4.620800e+001,
3991375000, -4.621473e+001,
3992750000, -4.614634e+001,
3994125000, -4.606633e+001,
3995500000, -4.610821e+001,
3996875000, -4.611149e+001,
3998250000, -4.616898e+001,
3999625000, -4.615158e+001,
4001000000, -4.610333e+001,
4002375000, -4.611205e+001,
4003750000, -4.612484e+001,
4005125000, -4.613967e+001,
4006500000, -4.615786e+001,
4007875000, -4.612539e+001,
4009250000, -4.614584e+001,
4010625000, -4.617532e+001,
4012000000, -4.622686e+001,
4013375000, -4.622091e+001,
4014750000, -4.618732e+001,
4016125000, -4.616787e+001,
4017500000, -4.620608e+001,
4018875000, -4.627251e+001,
4020250000, -4.634269e+001,
4021625000, -4.632083e+001,
4023000000, -4.629932e+001,
4024375000, -4.630602e+001,
4025750000, -4.633852e+001,
4027125000, -4.636602e+001,
4028500000, -4.621104e+001,
4029875000, -4.625022e+001,
4031250000, -4.635172e+001,
4032625000, -4.616946e+001,
4034000000, -4.611921e+001,
4035375000, -4.605767e+001,
4036750000, -4.611831e+001,
4038125000, -4.619614e+001,
4039500000, -4.619855e+001,
4040875000, -4.615862e+001,
4042250000, -4.609933e+001,
4043625000, -4.605138e+001,
4045000000, -4.611635e+001,
4046375000, -4.617602e+001,
4047750000, -4.614959e+001,
4049125000, -4.620201e+001,
4050500000, -4.621687e+001,
4051875000, -4.622184e+001,
4053250000, -4.619670e+001,
4054625000, -4.618364e+001,
4056000000, -4.612859e+001,
4057375000, -4.624039e+001,
4058750000, -4.628394e+001,
4060125000, -4.633111e+001,
4061500000, -4.638533e+001,
4062875000, -4.640167e+001,
4064250000, -4.634139e+001,
4065625000, -4.619261e+001,
4067000000, -4.618707e+001,
4068375000, -4.623104e+001,
4069750000, -4.632812e+001,
4071125000, -4.631710e+001,
4072500000, -4.613841e+001,
4073875000, -4.606895e+001,
4075250000, -4.621458e+001,
4076625000, -4.633248e+001,
4078000000, -4.628075e+001,
4079375000, -4.630608e+001,
4080750000, -4.633228e+001,
4082125000, -4.636998e+001,
4083500000, -4.631330e+001,
4084875000, -4.636260e+001,
4086250000, -4.642466e+001,
4087625000, -4.646601e+001,
4089000000, -4.651770e+001,
4090375000, -4.662504e+001,
4091750000, -4.666961e+001,
4093125000, -4.667825e+001,
4094500000, -4.662143e+001,
4095875000, -4.654939e+001,
4097250000, -4.676142e+001,
4098625000, -4.698561e+001,
4100000000, -4.709967e+001,
4101375000, -4.708528e+001,
4102750000, -4.702861e+001,
4104125000, -4.689181e+001,
4105500000, -4.699880e+001,
4106875000, -4.708597e+001,
4108250000, -4.698125e+001,
4109625000, -4.687429e+001,
4111000000, -4.700818e+001,
4112375000, -4.721144e+001,
4113750000, -4.727136e+001,
4115125000, -4.729234e+001,
4116500000, -4.724748e+001,
4117875000, -4.722524e+001,
4119250000, -4.728408e+001,
4120625000, -4.740083e+001,
4122000000, -4.747643e+001,
4123375000, -4.747077e+001,
4124750000, -4.747889e+001,
4126125000, -4.748908e+001,
4127500000, -4.759361e+001,
4128875000, -4.762829e+001,
4130250000, -4.767996e+001,
4131625000, -4.772193e+001,
4133000000, -4.774552e+001,
4134375000, -4.769904e+001,
4135750000, -4.776124e+001,
4137125000, -4.787762e+001,
4138500000, -4.805880e+001,
4139875000, -4.807185e+001,
4141250000, -4.820745e+001,
4142625000, -4.814162e+001,
4144000000, -4.807073e+001,
4145375000, -4.796270e+001,
4146750000, -4.812709e+001,
4148125000, -4.817639e+001,
4149500000, -4.811033e+001,
4150875000, -4.802133e+001,
4152250000, -4.792820e+001,
4153625000, -4.800635e+001,
4155000000, -4.808509e+001,
4156375000, -4.812137e+001,
4157750000, -4.817964e+001,
4159125000, -4.819919e+001,
4160500000, -4.824566e+001,
4161875000, -4.819430e+001,
4163250000, -4.810291e+001,
4164625000, -4.819890e+001,
4166000000, -4.829684e+001,
4167375000, -4.825444e+001,
4168750000, -4.827688e+001,
4170125000, -4.834717e+001,
4171500000, -4.840314e+001,
4172875000, -4.827664e+001,
4174250000, -4.819028e+001,
4175625000, -4.833891e+001,
4177000000, -4.849557e+001,
4178375000, -4.856035e+001,
4179750000, -4.855539e+001,
4181125000, -4.848654e+001,
4182500000, -4.838823e+001,
4183875000, -4.840666e+001,
4185250000, -4.849334e+001,
4186625000, -4.818549e+001,
4188000000, -4.815093e+001,
4189375000, -4.807663e+001,
4190750000, -4.807318e+001,
4192125000, -4.793218e+001,
4193500000, -4.807711e+001,
4194875000, -4.835168e+001,
4196250000, -4.797102e+001,
4197625000, -4.769476e+001,
4199000000, -4.773737e+001,
4200375000, -4.798027e+001,
4201750000, -4.817735e+001,
4203125000, -4.802343e+001,
4204500000, -4.785158e+001,
4205875000, -4.791429e+001,
4207250000, -4.804681e+001,
4208625000, -4.811182e+001,
4210000000, -4.803003e+001,
4211375000, -4.813621e+001,
4212750000, -4.790844e+001,
4214125000, -4.762737e+001,
4215500000, -4.762376e+001,
4216875000, -4.799892e+001,
4218250000, -4.835184e+001,
4219625000, -4.820831e+001,
4221000000, -4.788491e+001,
4222375000, -4.798835e+001,
4223750000, -4.803897e+001,
4225125000, -4.781115e+001,
4226500000, -4.747862e+001,
4227875000, -4.799939e+001,
4229250000, -4.885424e+001,
4230625000, -4.891488e+001,
4232000000, -4.896969e+001,
4233375000, -4.811945e+001,
4234750000, -4.691073e+001,
4236125000, -4.657401e+001,
4237500000, -4.701784e+001,
4238875000, -4.728495e+001,
4240250000, -4.746902e+001,
4241625000, -4.752309e+001,
4243000000, -4.742258e+001,
4244375000, -4.775981e+001,
4245750000, -4.818116e+001,
4247125000, -4.798447e+001,
4248500000, -4.769450e+001,
4249875000, -4.662049e+001,
4251250000, -4.556532e+001,
4252625000, -4.592940e+001,
4254000000, -4.770265e+001,
4255375000, -4.767697e+001,
4256750000, -4.745381e+001,
4258125000, -4.750005e+001,
4259500000, -4.738089e+001,
4260875000, -4.705833e+001,
4262250000, -4.722222e+001,
4263625000, -4.734846e+001,
4265000000, -4.718114e+001,
4266375000, -4.674926e+001,
4267750000, -4.656825e+001,
4269125000, -4.738921e+001,
4270500000, -4.836076e+001,
4271875000, -4.919414e+001,
4273250000, -5.003032e+001,
4274625000, -4.939343e+001,
4276000000, -4.803969e+001,
4277375000, -4.628737e+001,
4278750000, -4.496359e+001,
4280125000, -4.500325e+001,
4281500000, -4.629190e+001,
4282875000, -4.890429e+001,
4284250000, -5.166787e+001,
4285625000, -5.107043e+001,
4287000000, -4.686206e+001,
4288375000, -4.586514e+001,
4289750000, -4.622243e+001,
4291125000, -4.661116e+001,
4292500000, -4.699770e+001,
4293875000, -4.734845e+001,
4295250000, -4.795617e+001,
4296625000, -4.880965e+001,
4298000000, -4.914075e+001,
4299375000, -4.849350e+001,
4300750000, -4.815343e+001,
4302125000, -4.769608e+001,
4303500000, -4.688671e+001,
4304875000, -4.660782e+001,
4306250000, -4.682800e+001,
4307625000, -4.681903e+001,
4309000000, -4.806847e+001,
4310375000, -4.836784e+001,
4311750000, -4.821780e+001,
4313125000, -4.820900e+001,
4314500000, -4.822128e+001,
4315875000, -4.835085e+001,
4317250000, -4.836804e+001,
4318625000, -4.792989e+001,
4320000000, -4.533197e+001,
4321375000, -4.262463e+001,
4322750000, -4.338489e+001,
4324125000, -4.773473e+001,
4325500000, -5.015014e+001,
4326875000, -5.295928e+001,
4328250000, -4.693141e+001,
4329625000, -4.088647e+001,
4331000000, -4.346514e+001,
4332375000, -5.055949e+001,
4333750000, -5.023260e+001,
4335125000, -4.458460e+001,
4336500000, -4.117486e+001,
4337875000, -3.971417e+001,
4339250000, -4.392202e+001,
4340625000, -5.166383e+001,
4342000000, -5.572345e+001,
4343375000, -4.989673e+001,
4344750000, -4.538497e+001,
4346125000, -4.465641e+001,
4347500000, -4.434870e+001,
4348875000, -4.378419e+001,
4350250000, -4.313950e+001,
4351625000, -4.283356e+001,
4353000000, -4.586022e+001,
4354375000, -5.002111e+001,
4355750000, -5.191726e+001,
4357125000, -5.264521e+001,
4358500000, -4.892323e+001,
4359875000, -4.688611e+001,
4361250000, -4.625374e+001,
4362625000, -4.590987e+001,
4364000000, -4.615617e+001,
4365375000, -4.575361e+001,
4366750000, -4.534942e+001,
4368125000, -4.475003e+001,
4369500000, -4.544608e+001,
4370875000, -5.007868e+001,
4372250000, -5.175296e+001,
4373625000, -5.271173e+001,
4375000000, -5.339271e+001,
4376375000, -4.915976e+001,
4377750000, -4.691646e+001,
4379125000, -4.706298e+001,
4380500000, -4.787016e+001,
4381875000, -4.939296e+001,
4383250000, -5.102996e+001,
4384625000, -5.327934e+001,
4386000000, -4.841595e+001,
4387375000, -4.351636e+001,
4388750000, -4.752235e+001,
4390125000, -5.374593e+001,
4391500000, -4.720477e+001,
4392875000, -3.709242e+001,
4394250000, -3.460728e+001,
4395625000, -3.389192e+001,
4397000000, -3.506680e+001,
4398375000, -3.916297e+001,
4399750000, -4.462341e+001,
4401125000, -4.580422e+001,
4402500000, -4.365676e+001,
4403875000, -3.907387e+001,
4405250000, -3.359358e+001,
4406625000, -3.475906e+001,
4408000000, -3.891454e+001,
4409375000, -4.089878e+001,
4410750000, -4.209395e+001,
4412125000, -4.264918e+001,
4413500000, -4.286541e+001,
4414875000, -4.325008e+001,
4416250000, -4.576107e+001,
4417625000, -4.628806e+001,
4419000000, -4.505068e+001,
4420375000, -4.313736e+001,
4421750000, -4.386728e+001,
4423125000, -4.311140e+001,
4424500000, -4.120049e+001,
4425875000, -3.974601e+001,
4427250000, -4.312281e+001,
4428625000, -5.269592e+001,
4430000000, -5.376291e+001,
4431375000, -4.992291e+001,
4432750000, -4.937675e+001,
4434125000, -4.934584e+001,
4435500000, -5.003183e+001,
4436875000, -5.988378e+001,
4438250000, -4.824001e+001,
4439625000, -4.426648e+001,
4441000000, -4.573605e+001,
4442375000, -4.746989e+001,
4443750000, -4.872660e+001,
4445125000, -4.898166e+001,
4446500000, -4.661776e+001,
4447875000, -4.442319e+001,
4449250000, -4.558630e+001,
4450625000, -4.847956e+001,
4452000000, -5.766336e+001,
4453375000, -6.784451e+001,
4454750000, -6.176979e+001,
4456125000, -6.069832e+001,
4457500000, -6.314873e+001,
4458875000, -6.282036e+001,
4460250000, -5.375957e+001,
4461625000, -4.957066e+001,
4463000000, -4.768340e+001,
4464375000, -4.518085e+001,
4465750000, -4.160255e+001,
4467125000, -3.554367e+001,
4468500000, -3.283906e+001,
4469875000, -3.626281e+001,
4471250000, -3.919680e+001,
4472625000, -4.080965e+001,
4474000000, -4.165136e+001,
4475375000, -4.123824e+001,
4476750000, -4.002834e+001,
4478125000, -3.736325e+001,
4479500000, -3.347898e+001,
4480875000, -2.854093e+001,
4482250000, -2.366835e+001,
4483625000, -2.120667e+001,
4485000000, -2.311955e+001,
4486375000, -2.535864e+001,
4487750000, -2.635574e+001,
4489125000, -2.663649e+001,
4490500000, -2.614331e+001,
4491875000, -2.462815e+001,
4493250000, -2.206950e+001,
4494625000, -2.073940e+001,
4496000000, -1.903572e+001,
4497375000, -2.083196e+001,
4498750000, -2.432464e+001,
4500125000, -2.618028e+001,
4501500000, -2.678962e+001,
4502875000, -2.683875e+001,
4504250000, -2.599722e+001,
4505625000, -2.445150e+001,
4507000000, -2.178367e+001,
4508375000, -1.810743e+001,
4509750000, -1.625655e+001,
4511125000, -1.868136e+001,
4512500000, -2.204639e+001,
4513875000, -2.467354e+001,
4515250000, -2.636953e+001,
4516625000, -2.733635e+001,
4518000000, -2.766152e+001,
4519375000, -2.724551e+001,
4520750000, -2.597107e+001,
4522125000, -2.364012e+001,
4523500000, -2.105030e+001,
4524875000, -2.236554e+001,
4526250000, -2.635407e+001,
4527625000, -2.931716e+001,
4529000000, -3.104249e+001,
4530375000, -3.188249e+001,
4531750000, -3.209325e+001,
4533125000, -3.168372e+001,
4534500000, -3.046918e+001,
4535875000, -2.850274e+001,
4537250000, -2.599547e+001,
4538625000, -2.581471e+001,
4540000000, -3.033371e+001,
4541375000, -3.533070e+001,
4542750000, -3.951292e+001,
4544125000, -4.313575e+001,
4545500000, -4.578471e+001,
4546875000, -4.604169e+001,
4548250000, -4.308273e+001,
4549625000, -3.857816e+001,
4551000000, -3.338054e+001,
4552375000, -2.900661e+001,
4553750000, -2.942593e+001,
4555125000, -3.194083e+001,
4556500000, -3.384393e+001,
4557875000, -3.509101e+001,
4559250000, -3.588908e+001,
4560625000, -3.635967e+001,
4562000000, -3.636739e+001,
4563375000, -3.568769e+001,
4564750000, -3.416542e+001,
4566125000, -3.262397e+001,
4567500000, -3.404047e+001,
4568875000, -3.678495e+001,
4570250000, -3.817561e+001,
4571625000, -3.853612e+001,
4573000000, -3.829869e+001,
4574375000, -3.770074e+001,
4575750000, -3.668320e+001,
4577125000, -3.492696e+001,
4578500000, -3.236211e+001,
4579875000, -3.047557e+001,
4581250000, -3.214528e+001,
4582625000, -3.561158e+001,
4584000000, -3.841473e+001,
4585375000, -4.041876e+001,
4586750000, -4.189789e+001,
4588125000, -4.297870e+001,
4589500000, -4.365635e+001,
4590875000, -4.362646e+001,
4592250000, -4.180496e+001,
4593625000, -3.905067e+001,
4595000000, -3.861617e+001,
4596375000, -3.926187e+001,
4597750000, -3.979067e+001,
4599125000, -3.998519e+001,
4600500000, -3.990543e+001,
4601875000, -3.945167e+001,
4603250000, -3.867708e+001,
4604625000, -3.758524e+001,
4606000000, -3.700628e+001,
4607375000, -3.877617e+001,
4608750000, -4.196848e+001,
4610125000, -4.446094e+001,
4611500000, -4.592387e+001,
4612875000, -4.683728e+001,
4614250000, -4.770513e+001,
4615625000, -4.911235e+001,
4617000000, -5.201913e+001,
4618375000, -5.352428e+001,
4619750000, -4.717101e+001,
4621125000, -4.446695e+001,
4622500000, -4.381523e+001,
4623875000, -4.369122e+001,
4625250000, -4.360216e+001,
4626625000, -4.352324e+001,
4628000000, -4.328494e+001,
4629375000, -4.292037e+001,
4630750000, -4.272050e+001,
4632125000, -4.331170e+001,
4633500000, -4.438553e+001,
4634875000, -4.504177e+001,
4636250000, -4.528255e+001,
4637625000, -4.541485e+001,
4639000000, -4.548229e+001,
4640375000, -4.564756e+001,
4641750000, -4.591011e+001,
4643125000, -4.610470e+001,
4644500000, -4.586332e+001,
4645875000, -4.541815e+001,
4647250000, -4.520338e+001,
4648625000, -4.510094e+001,
4650000000, -4.511990e+001,
4651375000, -4.508960e+001,
4652750000, -4.500859e+001,
4654125000, -4.488225e+001,
4655500000, -4.478378e+001,
4656875000, -4.486956e+001,
4658250000, -4.497235e+001,
4659625000, -4.506223e+001,
4661000000, -4.506807e+001,
4662375000, -4.506049e+001,
4663750000, -4.509914e+001,
4665125000, -4.514190e+001,
4666500000, -4.526426e+001,
4667875000, -4.539953e+001,
4669250000, -4.545596e+001,
4670625000, -4.543874e+001,
4672000000, -4.548244e+001,
4673375000, -4.553466e+001,
4674750000, -4.554016e+001,
4676125000, -4.554838e+001,
4677500000, -4.554129e+001,
4678875000, -4.537657e+001,
4680250000, -4.530501e+001,
4681625000, -4.531509e+001,
4683000000, -4.533362e+001,
4684375000, -4.533928e+001,
4685750000, -4.534215e+001,
4687125000, -4.534412e+001,
4688500000, -4.541435e+001,
4689875000, -4.563442e+001,
4691250000, -4.581729e+001,
4692625000, -4.589048e+001,
4694000000, -4.591653e+001,
4695375000, -4.598253e+001,
4696750000, -4.604277e+001,
4698125000, -4.603782e+001,
4699500000, -4.593172e+001,
4700875000, -4.574653e+001,
4702250000, -4.568926e+001,
4703625000, -4.577784e+001,
4705000000, -4.578490e+001,
4706375000, -4.583551e+001,
4707750000, -4.583422e+001,
4709125000, -4.595953e+001,
4710500000, -4.622166e+001,
4711875000, -4.643604e+001,
4713250000, -4.649885e+001,
4714625000, -4.648589e+001,
4716000000, -4.653378e+001,
4717375000, -4.653587e+001,
4718750000, -4.658413e+001,
4720125000, -4.632003e+001,
4721500000, -4.618808e+001,
4722875000, -4.622266e+001,
4724250000, -4.632626e+001,
4725625000, -4.633428e+001,
4727000000, -4.637201e+001,
4728375000, -4.647486e+001,
4729750000, -4.662254e+001,
4731125000, -4.687679e+001,
4732500000, -4.696102e+001,
4733875000, -4.699732e+001,
4735250000, -4.693616e+001,
4736625000, -4.695422e+001,
4738000000, -4.692203e+001,
4739375000, -4.669856e+001,
4740750000, -4.659540e+001,
4742125000, -4.658127e+001,
4743500000, -4.663246e+001,
4744875000, -4.666721e+001,
4746250000, -4.669746e+001,
4747625000, -4.673267e+001,
4749000000, -4.693233e+001,
4750375000, -4.703925e+001,
4751750000, -4.705073e+001,
4753125000, -4.710188e+001,
4754500000, -4.702953e+001,
4755875000, -4.698106e+001,
4757250000, -4.690217e+001,
4758625000, -4.677293e+001,
4760000000, -4.663969e+001,
4761375000, -4.667646e+001,
4762750000, -4.667831e+001,
4764125000, -4.665895e+001,
4765500000, -4.666836e+001,
4766875000, -4.679283e+001,
4768250000, -4.682238e+001,
4769625000, -4.684599e+001,
4771000000, -4.679150e+001,
4772375000, -4.683496e+001,
4773750000, -4.677209e+001,
4775125000, -4.667442e+001,
4776500000, -4.654897e+001,
4777875000, -4.647305e+001,
4779250000, -4.640648e+001,
4780625000, -4.636419e+001,
4782000000, -4.633861e+001,
4783375000, -4.633941e+001,
4784750000, -4.638182e+001,
4786125000, -4.634614e+001,
4787500000, -4.637052e+001,
4788875000, -4.636233e+001,
4790250000, -4.628893e+001,
4791625000, -4.626530e+001,
4793000000, -4.616591e+001,
4794375000, -4.606886e+001,
4795750000, -4.599504e+001,
4797125000, -4.592165e+001,
4798500000, -4.586416e+001,
4799875000, -4.581552e+001,
4801250000, -4.579393e+001,
4802625000, -4.582651e+001,
4804000000, -4.579603e+001,
4805375000, -4.580735e+001,
4806750000, -4.581280e+001,
4808125000, -4.576360e+001,
4809500000, -4.570076e+001,
4810875000, -4.558895e+001,
4812250000, -4.552508e+001,
4813625000, -4.545296e+001,
4815000000, -4.541399e+001,
4816375000, -4.535667e+001,
4817750000, -4.534435e+001,
4819125000, -4.533393e+001,
4820500000, -4.532946e+001,
4821875000, -4.534890e+001,
4823250000, -4.540053e+001,
4824625000, -4.535555e+001,
4826000000, -4.530677e+001,
4827375000, -4.528019e+001,
4828750000, -4.522202e+001,
4830125000, -4.516899e+001,
4831500000, -4.510229e+001,
4832875000, -4.507881e+001,
4834250000, -4.509604e+001,
4835625000, -4.511021e+001,
4837000000, -4.516320e+001,
4838375000, -4.519923e+001,
4839750000, -4.526427e+001,
4841125000, -4.523612e+001,
4842500000, -4.523008e+001,
4843875000, -4.519740e+001,
4845250000, -4.516231e+001,
4846625000, -4.513074e+001,
4848000000, -4.511011e+001,
4849375000, -4.516664e+001,
4850750000, -4.522646e+001,
4852125000, -4.530287e+001,
4853500000, -4.537266e+001,
4854875000, -4.541974e+001,
4856250000, -4.546210e+001,
4857625000, -4.545284e+001,
4859000000, -4.543208e+001,
4860375000, -4.541654e+001,
4861750000, -4.539607e+001,
4863125000, -4.544022e+001,
4864500000, -4.550462e+001,
4865875000, -4.562838e+001,
4867250000, -4.574229e+001,
4868625000, -4.581113e+001,
4870000000, -4.586020e+001,
4871375000, -4.589085e+001,
4872750000, -4.589445e+001,
4874125000, -4.588994e+001,
4875500000, -4.588905e+001,
4876875000, -4.591430e+001,
4878250000, -4.597755e+001,
4879625000, -4.605235e+001,
4881000000, -4.616375e+001,
4882375000, -4.628021e+001,
4883750000, -4.632044e+001,
4885125000, -4.634584e+001,
4886500000, -4.632631e+001,
4887875000, -4.634841e+001,
4889250000, -4.639155e+001,
4890625000, -4.637454e+001,
4892000000, -4.644873e+001,
4893375000, -4.653993e+001,
4894750000, -4.665026e+001,
4896125000, -4.672441e+001,
4897500000, -4.674242e+001,
4898875000, -4.677632e+001,
4900250000, -4.679041e+001,
4901625000, -4.678424e+001,
4903000000, -4.675960e+001,
4904375000, -4.680894e+001,
4905750000, -4.685955e+001,
4907125000, -4.693237e+001,
4908500000, -4.700422e+001,
4909875000, -4.702750e+001,
4911250000, -4.706741e+001,
4912625000, -4.707173e+001,
4914000000, -4.700893e+001,
4915375000, -4.703470e+001,
4916750000, -4.700525e+001,
4918125000, -4.710814e+001,
4919500000, -4.717763e+001,
4920875000, -4.719148e+001,
4922250000, -4.726991e+001,
4923625000, -4.721027e+001,
4925000000, -4.722615e+001,
4926375000, -4.721152e+001,
4927750000, -4.722380e+001,
4929125000, -4.723131e+001,
4930500000, -4.721037e+001,
4931875000, -4.726902e+001,
4933250000, -4.733739e+001,
4934625000, -4.736866e+001,
4936000000, -4.738634e+001,
4937375000, -4.730647e+001,
4938750000, -4.728157e+001,
4940125000, -4.728001e+001,
4941500000, -4.728772e+001,
4942875000, -4.731115e+001,
4944250000, -4.737837e+001,
4945625000, -4.740242e+001,
4947000000, -4.742138e+001,
4948375000, -4.735514e+001,
4949750000, -4.735751e+001,
4951125000, -4.731627e+001,
4952500000, -4.731792e+001,
4953875000, -4.737258e+001,
4955250000, -4.740057e+001,
4956625000, -4.744884e+001,
4958000000, -4.744884e+001,
4959375000, -4.743321e+001,
4960750000, -4.736151e+001,
4962125000, -4.734872e+001,
4963500000, -4.738577e+001,
4964875000, -4.743085e+001,
4966250000, -4.747845e+001,
4967625000, -4.748360e+001,
4969000000, -4.748120e+001,
4970375000, -4.749246e+001,
4971750000, -4.742968e+001,
4973125000, -4.741703e+001,
4974500000, -4.743507e+001,
4975875000, -4.748045e+001,
4977250000, -4.751157e+001,
4978625000, -4.755341e+001,
4980000000, -4.752810e+001,
4981375000, -4.748096e+001,
4982750000, -4.749065e+001,
4984125000, -4.750254e+001,
4985500000, -4.753551e+001,
4986875000, -4.760563e+001,
4988250000, -4.761404e+001,
4989625000, -4.760087e+001,
4991000000, -4.753036e+001,
4992375000, -4.753546e+001,
4993750000, -4.754712e+001,
4995125000, -4.761731e+001,
4996500000, -4.767186e+001,
4997875000, -4.763637e+001,
4999250000, -4.761541e+001,
5000625000, -4.763941e+001,
5002000000, -4.764299e+001,
5003375000, -4.765395e+001,
5004750000, -4.769207e+001,
5006125000, -4.768916e+001,
5007500000, -4.772393e+001,
5008875000, -4.769755e+001,
5010250000, -4.773972e+001,
5011625000, -4.774052e+001,
5013000000, -4.780984e+001,
5014375000, -4.780092e+001,
5015750000, -4.779520e+001,
5017125000, -4.777411e+001,
5018500000, -4.776211e+001,
5019875000, -4.779515e+001,
5021250000, -4.778301e+001,
5022625000, -4.783033e+001,
5024000000, -4.785817e+001,
5025375000, -4.782388e+001,
5026750000, -4.782013e+001,
5028125000, -4.782901e+001,
5029500000, -4.787130e+001,
5030875000, -4.788552e+001,
5032250000, -4.790502e+001,
5033625000, -4.785751e+001,
5035000000, -4.784787e+001,
5036375000, -4.784867e+001,
5037750000, -4.788344e+001,
5039125000, -4.788563e+001,
5040500000, -4.786943e+001,
5041875000, -4.782856e+001,
5043250000, -4.783090e+001,
5044625000, -4.784746e+001,
5046000000, -4.783458e+001,
5047375000, -4.785622e+001,
5048750000, -4.780874e+001,
5050125000, -4.778834e+001,
5051500000, -4.780515e+001,
5052875000, -4.777898e+001,
5054250000, -4.775774e+001,
5055625000, -4.775334e+001,
5057000000, -4.770617e+001,
5058375000, -4.769440e+001,
5059750000, -4.767912e+001,
5061125000, -4.765870e+001,
5062500000, -4.767816e+001,
5063875000, -4.760300e+001,
5065250000, -4.762233e+001,
5066625000, -4.755407e+001,
5068000000, -4.751729e+001,
5069375000, -4.750677e+001,
5070750000, -4.748376e+001,
5072125000, -4.746988e+001,
5073500000, -4.741245e+001,
5074875000, -4.738567e+001,
5076250000, -4.736585e+001,
5077625000, -4.730267e+001,
5079000000, -4.734185e+001,
5080375000, -4.727729e+001,
5081750000, -4.728781e+001,
5083125000, -4.723171e+001,
5084500000, -4.720345e+001,
5085875000, -4.717963e+001,
5087250000, -4.712137e+001,
5088625000, -4.710878e+001,
5090000000, -4.705386e+001,
5091375000, -4.707093e+001,
5092750000, -4.699974e+001,
5094125000, -4.698096e+001,
5095500000, -4.695724e+001,
5096875000, -4.697076e+001,
5098250000, -4.689919e+001,
5099625000, -4.691825e+001,
5101000000, -4.690299e+001,
5102375000, -4.684011e+001,
5103750000, -4.683678e+001,
5105125000, -4.681645e+001,
5106500000, -4.683451e+001,
5107875000, -4.681497e+001,
5109250000, -4.680046e+001,
5110625000, -4.681984e+001,
5112000000, -4.681128e+001,
5113375000, -4.680768e+001,
5114750000, -4.681311e+001,
5116125000, -4.681936e+001,
5117500000, -4.679957e+001,
5118875000, -4.684801e+001,
5120250000, -4.687134e+001,
5121625000, -4.684858e+001,
5123000000, -4.687217e+001,
5124375000, -4.693181e+001,
5125750000, -4.693495e+001,
5127125000, -4.691181e+001,
5128500000, -4.696151e+001,
5129875000, -4.697829e+001,
5131250000, -4.699105e+001,
5132625000, -4.701440e+001,
5134000000, -4.706608e+001,
5135375000, -4.710286e+001,
5136750000, -4.713211e+001,
5138125000, -4.714402e+001,
5139500000, -4.719456e+001,
5140875000, -4.722409e+001,
5142250000, -4.726875e+001,
5143625000, -4.731901e+001,
5145000000, -4.736901e+001,
5146375000, -4.740159e+001,
5147750000, -4.748785e+001,
5149125000, -4.749179e+001,
5150500000, -4.756409e+001,
5151875000, -4.761330e+001,
5153250000, -4.765406e+001,
5154625000, -4.772161e+001,
5156000000, -4.777070e+001,
5157375000, -4.783249e+001,
5158750000, -4.788111e+001,
5160125000, -4.791853e+001,
5161500000, -4.794690e+001,
5162875000, -4.802876e+001,
5164250000, -4.801156e+001,
5165625000, -4.810160e+001,
5167000000, -4.819361e+001,
5168375000, -4.821531e+001,
5169750000, -4.825695e+001,
5171125000, -4.837272e+001,
5172500000, -4.840793e+001,
5173875000, -4.844983e+001,
5175250000, -4.852551e+001,
5176625000, -4.855749e+001,
5178000000, -4.861343e+001,
5179375000, -4.863655e+001,
5180750000, -4.867929e+001,
5182125000, -4.871569e+001,
5183500000, -4.878448e+001,
5184875000, -4.882226e+001,
5186250000, -4.885743e+001,
5187625000, -4.890443e+001,
5189000000, -4.892597e+001,
5190375000, -4.895864e+001,
5191750000, -4.900995e+001,
5193125000, -4.901492e+001,
5194500000, -4.902192e+001,
5195875000, -4.907139e+001,
5197250000, -4.906323e+001,
5198625000, -4.913797e+001,
5200000000, -4.918027e+001,
