"S21 Log Mag"
"Frequency (Hz)","dB",
3000000000, -4.686489e+001,
3001375000, -4.682085e+001,
3002750000, -4.681541e+001,
3004125000, -4.679655e+001,
3005500000, -4.673785e+001,
3006875000, -4.670164e+001,
3008250000, -4.664066e+001,
3009625000, -4.661940e+001,
3011000000, -4.661319e+001,
3012375000, -4.652555e+001,
3013750000, -4.656370e+001,
3015125000, -4.649643e+001,
3016500000, -4.643731e+001,
3017875000, -4.643210e+001,
3019250000, -4.638514e+001,
3020625000, -4.633605e+001,
3022000000, -4.627436e+001,
3023375000, -4.626991e+001,
3024750000, -4.617711e+001,
3026125000, -4.619460e+001,
3027500000, -4.612561e+001,
3028875000, -4.608652e+001,
3030250000, -4.606921e+001,
3031625000, -4.600662e+001,
3033000000, -4.594849e+001,
3034375000, -4.592664e+001,
3035750000, -4.587328e+001,
3037125000, -4.586281e+001,
3038500000, -4.581325e+001,
3039875000, -4.578501e+001,
3041250000, -4.572799e+001,
3042625000, -4.568547e+001,
3044000000, -4.561563e+001,
3045375000, -4.562845e+001,
3046750000, -4.559423e+001,
3048125000, -4.556416e+001,
3049500000, -4.550456e+001,
3050875000, -4.547451e+001,
3052250000, -4.546374e+001,
3053625000, -4.541728e+001,
3055000000, -4.539445e+001,
3056375000, -4.533839e+001,
3057750000, -4.531325e+001,
3059125000, -4.525928e+001,
3060500000, -4.525331e+001,
3061875000, -4.523828e+001,
3063250000, -4.521207e+001,
3064625000, -4.519299e+001,
3066000000, -4.514212e+001,
3067375000, -4.516139e+001,
3068750000, -4.507727e+001,
3070125000, -4.505658e+001,
3071500000, -4.505064e+001,
3072875000, -4.500448e+001,
3074250000, -4.500571e+001,
3075625000, -4.500983e+001,
3077000000, -4.496490e+001,
3078375000, -4.495448e+001,
3079750000, -4.497053e+001,
3081125000, -4.492565e+001,
3082500000, -4.494405e+001,
3083875000, -4.493049e+001,
3085250000, -4.491537e+001,
3086625000, -4.490303e+001,
3088000000, -4.488245e+001,
3089375000, -4.484654e+001,
3090750000, -4.484626e+001,
3092125000, -4.481469e+001,
3093500000, -4.480172e+001,
3094875000, -4.480602e+001,
3096250000, -4.473553e+001,
3097625000, -4.478399e+001,
3099000000, -4.475493e+001,
3100375000, -4.472075e+001,
3101750000, -4.469863e+001,
3103125000, -4.473101e+001,
3104500000, -4.465868e+001,
3105875000, -4.469456e+001,
3107250000, -4.465714e+001,
3108625000, -4.466214e+001,
3110000000, -4.460476e+001,
3111375000, -4.462992e+001,
3112750000, -4.458576e+001,
3114125000, -4.460021e+001,
3115500000, -4.459307e+001,
3116875000, -4.457232e+001,
3118250000, -4.450661e+001,
3119625000, -4.451712e+001,
3121000000, -4.449205e+001,
3122375000, -4.449364e+001,
3123750000, -4.447280e+001,
3125125000, -4.444504e+001,
3126500000, -4.442451e+001,
3127875000, -4.438628e+001,
3129250000, -4.442903e+001,
3130625000, -4.440120e+001,
3132000000, -4.438037e+001,
3133375000, -4.436262e+001,
3134750000, -4.434994e+001,
3136125000, -4.436544e+001,
3137500000, -4.438550e+001,
3138875000, -4.434523e+001,
3140250000, -4.438511e+001,
3141625000, -4.431076e+001,
3143000000, -4.430977e+001,
3144375000, -4.431149e+001,
3145750000, -4.428173e+001,
3147125000, -4.431098e+001,
3148500000, -4.433422e+001,
3149875000, -4.428403e+001,
3151250000, -4.432417e+001,
3152625000, -4.428699e+001,
3154000000, -4.431244e+001,
3155375000, -4.426324e+001,
3156750000, -4.429685e+001,
3158125000, -4.427663e+001,
3159500000, -4.428128e+001,
3160875000, -4.428839e+001,
3162250000, -4.428857e+001,
3163625000, -4.432297e+001,
3165000000, -4.428737e+001,
3166375000, -4.432824e+001,
3167750000, -4.434369e+001,
3169125000, -4.436036e+001,
3170500000, -4.432828e+001,
3171875000, -4.435363e+001,
3173250000, -4.432634e+001,
3174625000, -4.434385e+001,
3176000000, -4.438477e+001,
3177375000, -4.436121e+001,
3178750000, -4.435715e+001,
3180125000, -4.437533e+001,
3181500000, -4.438113e+001,
3182875000, -4.441657e+001,
3184250000, -4.440879e+001,
3185625000, -4.441585e+001,
3187000000, -4.440091e+001,
3188375000, -4.444131e+001,
3189750000, -4.446278e+001,
3191125000, -4.450916e+001,
3192500000, -4.450638e+001,
3193875000, -4.454193e+001,
3195250000, -4.451384e+001,
3196625000, -4.455550e+001,
3198000000, -4.461358e+001,
3199375000, -4.461565e+001,
3200750000, -4.465458e+001,
3202125000, -4.469503e+001,
3203500000, -4.470224e+001,
3204875000, -4.474195e+001,
3206250000, -4.477138e+001,
3207625000, -4.479467e+001,
3209000000, -4.483058e+001,
3210375000, -4.484405e+001,
3211750000, -4.487332e+001,
3213125000, -4.490697e+001,
3214500000, -4.494696e+001,
3215875000, -4.493256e+001,
3217250000, -4.498564e+001,
3218625000, -4.504925e+001,
3220000000, -4.508333e+001,
3221375000, -4.511632e+001,
3222750000, -4.515895e+001,
3224125000, -4.520082e+001,
3225500000, -4.523459e+001,
3226875000, -4.526274e+001,
3228250000, -4.534195e+001,
3229625000, -4.533445e+001,
3231000000, -4.537055e+001,
3232375000, -4.541729e+001,
3233750000, -4.544738e+001,
3235125000, -4.547903e+001,
3236500000, -4.555403e+001,
3237875000, -4.555262e+001,
3239250000, -4.560918e+001,
3240625000, -4.560897e+001,
3242000000, -4.565385e+001,
3243375000, -4.568851e+001,
3244750000, -4.571370e+001,
3246125000, -4.575901e+001,
3247500000, -4.580074e+001,
3248875000, -4.583334e+001,
3250250000, -4.583796e+001,
3251625000, -4.587031e+001,
3253000000, -4.591521e+001,
3254375000, -4.590186e+001,
3255750000, -4.592471e+001,
3257125000, -4.595158e+001,
3258500000, -4.597026e+001,
3259875000, -4.598764e+001,
3261250000, -4.595644e+001,
3262625000, -4.600346e+001,
3264000000, -4.602903e+001,
3265375000, -4.605497e+001,
3266750000, -4.603513e+001,
3268125000, -4.602610e+001,
3269500000, -4.600982e+001,
3270875000, -4.607111e+001,
3272250000, -4.603884e+001,
3273625000, -4.606381e+001,
3275000000, -4.602439e+001,
3276375000, -4.602726e+001,
3277750000, -4.601180e+001,
3279125000, -4.608715e+001,
3280500000, -4.602806e+001,
3281875000, -4.602081e+001,
3283250000, -4.597545e+001,
3284625000, -4.596735e+001,
3286000000, -4.596616e+001,
3287375000, -4.595037e+001,
3288750000, -4.593755e+001,
3290125000, -4.584609e+001,
3291500000, -4.583324e+001,
3292875000, -4.582052e+001,
3294250000, -4.581779e+001,
3295625000, -4.577016e+001,
3297000000, -4.577477e+001,
3298375000, -4.567212e+001,
3299750000, -4.565057e+001,
3301125000, -4.564607e+001,
3302500000, -4.562640e+001,
3303875000, -4.554757e+001,
3305250000, -4.551216e+001,
3306625000, -4.545669e+001,
3308000000, -4.546176e+001,
3309375000, -4.541508e+001,
3310750000, -4.537589e+001,
3312125000, -4.538940e+001,
3313500000, -4.532038e+001,
3314875000, -4.529891e+001,
3316250000, -4.528078e+001,
3317625000, -4.521109e+001,
3319000000, -4.516271e+001,
3320375000, -4.512589e+001,
3321750000, -4.510093e+001,
3323125000, -4.511757e+001,
3324500000, -4.504901e+001,
3325875000, -4.496357e+001,
3327250000, -4.498867e+001,
3328625000, -4.493748e+001,
3330000000, -4.492078e+001,
3331375000, -4.488010e+001,
3332750000, -4.483064e+001,
3334125000, -4.474739e+001,
3335500000, -4.473108e+001,
3336875000, -4.470554e+001,
3338250000, -4.466082e+001,
3339625000, -4.464986e+001,
3341000000, -4.460662e+001,
3342375000, -4.458902e+001,
3343750000, -4.452617e+001,
3345125000, -4.449586e+001,
3346500000, -4.448126e+001,
3347875000, -4.443142e+001,
3349250000, -4.443224e+001,
3350625000, -4.439540e+001,
3352000000, -4.437255e+001,
3353375000, -4.435473e+001,
3354750000, -4.433876e+001,
3356125000, -4.436238e+001,
3357500000, -4.434296e+001,
3358875000, -4.432813e+001,
3360250000, -4.435045e+001,
3361625000, -4.433949e+001,
3363000000, -4.433578e+001,
3364375000, -4.433277e+001,
3365750000, -4.435638e+001,
3367125000, -4.438535e+001,
3368500000, -4.438573e+001,
3369875000, -4.439440e+001,
3371250000, -4.438396e+001,
3372625000, -4.438203e+001,
3374000000, -4.441214e+001,
3375375000, -4.441696e+001,
3376750000, -4.444952e+001,
3378125000, -4.445732e+001,
3379500000, -4.446550e+001,
3380875000, -4.445282e+001,
3382250000, -4.446743e+001,
3383625000, -4.449690e+001,
3385000000, -4.451537e+001,
3386375000, -4.448723e+001,
3387750000, -4.454066e+001,
3389125000, -4.458525e+001,
3390500000, -4.461770e+001,
3391875000, -4.464624e+001,
3393250000, -4.466333e+001,
3394625000, -4.465347e+001,
3396000000, -4.469239e+001,
3397375000, -4.475642e+001,
3398750000, -4.479905e+001,
3400125000, -4.478436e+001,
3401500000, -4.474599e+001,
3402875000, -4.481819e+001,
3404250000, -4.482927e+001,
3405625000, -4.483867e+001,
3407000000, -4.484078e+001,
3408375000, -4.488021e+001,
3409750000, -4.490111e+001,
3411125000, -4.490376e+001,
3412500000, -4.492481e+001,
3413875000, -4.494204e+001,
3415250000, -4.496813e+001,
3416625000, -4.498001e+001,
3418000000, -4.495925e+001,
3419375000, -4.498506e+001,
3420750000, -4.499109e+001,
3422125000, -4.498028e+001,
3423500000, -4.496741e+001,
3424875000, -4.495258e+001,
3426250000, -4.496418e+001,
3427625000, -4.502346e+001,
3429000000, -4.498196e+001,
3430375000, -4.500085e+001,
3431750000, -4.493821e+001,
3433125000, -4.500409e+001,
3434500000, -4.500451e+001,
3435875000, -4.500393e+001,
3437250000, -4.494297e+001,
3438625000, -4.491828e+001,
3440000000, -4.497079e+001,
3441375000, -4.489744e+001,
3442750000, -4.489348e+001,
3444125000, -4.493934e+001,
3445500000, -4.493247e+001,
3446875000, -4.493864e+001,
3448250000, -4.494308e+001,
3449625000, -4.491508e+001,
3451000000, -4.493193e+001,
3452375000, -4.495174e+001,
3453750000, -4.493324e+001,
3455125000, -4.492414e+001,
3456500000, -4.488675e+001,
3457875000, -4.490095e+001,
3459250000, -4.484626e+001,
3460625000, -4.486454e+001,
3462000000, -4.486360e+001,
3463375000, -4.486792e+001,
3464750000, -4.484511e+001,
3466125000, -4.482798e+001,
3467500000, -4.481170e+001,
3468875000, -4.486526e+001,
3470250000, -4.482063e+001,
3471625000, -4.481134e+001,
3473000000, -4.484558e+001,
3474375000, -4.481454e+001,
3475750000, -4.482570e+001,
3477125000, -4.480030e+001,
3478500000, -4.479342e+001,
3479875000, -4.472624e+001,
3481250000, -4.478505e+001,
3482625000, -4.479950e+001,
3484000000, -4.481425e+001,
3485375000, -4.477170e+001,
3486750000, -4.477365e+001,
3488125000, -4.478714e+001,
3489500000, -4.474710e+001,
3490875000, -4.478182e+001,
3492250000, -4.474529e+001,
3493625000, -4.472803e+001,
3495000000, -4.472180e+001,
3496375000, -4.471381e+001,
3497750000, -4.470941e+001,
3499125000, -4.473547e+001,
3500500000, -4.471847e+001,
3501875000, -4.472377e+001,
3503250000, -4.473283e+001,
3504625000, -4.474450e+001,
3506000000, -4.475742e+001,
3507375000, -4.475784e+001,
3508750000, -4.475788e+001,
3510125000, -4.477995e+001,
3511500000, -4.482692e+001,
3512875000, -4.480092e+001,
3514250000, -4.481596e+001,
3515625000, -4.485448e+001,
3517000000, -4.485862e+001,
3518375000, -4.488748e+001,
3519750000, -4.488245e+001,
3521125000, -4.492941e+001,
3522500000, -4.493823e+001,
3523875000, -4.497385e+001,
3525250000, -4.502980e+001,
3526625000, -4.502085e+001,
3528000000, -4.500017e+001,
3529375000, -4.507446e+001,
3530750000, -4.507519e+001,
3532125000, -4.507902e+001,
3533500000, -4.511605e+001,
3534875000, -4.518990e+001,
3536250000, -4.519612e+001,
3537625000, -4.524649e+001,
3539000000, -4.525263e+001,
3540375000, -4.531328e+001,
3541750000, -4.534295e+001,
3543125000, -4.532922e+001,
3544500000, -4.539360e+001,
3545875000, -4.547530e+001,
3547250000, -4.545840e+001,
3548625000, -4.547052e+001,
3550000000, -4.553569e+001,
3551375000, -4.556539e+001,
3552750000, -4.561857e+001,
3554125000, -4.562339e+001,
3555500000, -4.564543e+001,
3556875000, -4.572731e+001,
3558250000, -4.573216e+001,
3559625000, -4.570955e+001,
3561000000, -4.579845e+001,
3562375000, -4.583841e+001,
3563750000, -4.586757e+001,
3565125000, -4.584903e+001,
3566500000, -4.584563e+001,
3567875000, -4.595364e+001,
3569250000, -4.597161e+001,
3570625000, -4.598396e+001,
3572000000, -4.597206e+001,
3573375000, -4.603766e+001,
3574750000, -4.602042e+001,
3576125000, -4.603807e+001,
3577500000, -4.601823e+001,
3578875000, -4.606960e+001,
3580250000, -4.611166e+001,
3581625000, -4.603804e+001,
3583000000, -4.604189e+001,
3584375000, -4.606819e+001,
3585750000, -4.606228e+001,
3587125000, -4.603231e+001,
3588500000, -4.607246e+001,
3589875000, -4.605306e+001,
3591250000, -4.603062e+001,
3592625000, -4.603864e+001,
3594000000, -4.602269e+001,
3595375000, -4.606973e+001,
3596750000, -4.603049e+001,
3598125000, -4.607110e+001,
3599500000, -4.604571e+001,
3600875000, -4.606080e+001,
3602250000, -4.602163e+001,
3603625000, -4.603119e+001,
3605000000, -4.598988e+001,
3606375000, -4.599299e+001,
3607750000, -4.594364e+001,
3609125000, -4.596706e+001,
3610500000, -4.595367e+001,
3611875000, -4.595429e+001,
3613250000, -4.592244e+001,
3614625000, -4.591970e+001,
3616000000, -4.591867e+001,
3617375000, -4.584892e+001,
3618750000, -4.586678e+001,
3620125000, -4.590322e+001,
3621500000, -4.584999e+001,
3622875000, -4.587050e+001,
3624250000, -4.585493e+001,
3625625000, -4.584720e+001,
3627000000, -4.584214e+001,
3628375000, -4.581933e+001,
3629750000, -4.581958e+001,
3631125000, -4.584000e+001,
3632500000, -4.582347e+001,
3633875000, -4.581995e+001,
3635250000, -4.579990e+001,
3636625000, -4.578281e+001,
3638000000, -4.579970e+001,
3639375000, -4.576005e+001,
3640750000, -4.575177e+001,
3642125000, -4.575356e+001,
3643500000, -4.572332e+001,
3644875000, -4.573382e+001,
3646250000, -4.571976e+001,
3647625000, -4.573268e+001,
3649000000, -4.575225e+001,
3650375000, -4.571552e+001,
3651750000, -4.569540e+001,
3653125000, -4.567765e+001,
3654500000, -4.568131e+001,
3655875000, -4.564475e+001,
3657250000, -4.567241e+001,
3658625000, -4.560811e+001,
3660000000, -4.565761e+001,
3661375000, -4.562644e+001,
3662750000, -4.563082e+001,
3664125000, -4.562271e+001,
3665500000, -4.564508e+001,
3666875000, -4.564150e+001,
3668250000, -4.562412e+001,
3669625000, -4.560130e+001,
3671000000, -4.567163e+001,
3672375000, -4.566709e+001,
3673750000, -4.558352e+001,
3675125000, -4.562793e+001,
3676500000, -4.564803e+001,
3677875000, -4.566172e+001,
3679250000, -4.567545e+001,
3680625000, -4.567400e+001,
3682000000, -4.567970e+001,
3683375000, -4.567594e+001,
3684750000, -4.572616e+001,
3686125000, -4.569056e+001,
3687500000, -4.571732e+001,
3688875000, -4.575506e+001,
3690250000, -4.573398e+001,
3691625000, -4.576597e+001,
3693000000, -4.574776e+001,
3694375000, -4.582207e+001,
3695750000, -4.583698e+001,
3697125000, -4.581801e+001,
3698500000, -4.584153e+001,
3699875000, -4.582206e+001,
3701250000, -4.582490e+001,
3702625000, -4.586009e+001,
3704000000, -4.582808e+001,
3705375000, -4.584241e+001,
3706750000, -4.587957e+001,
3708125000, -4.591706e+001,
3709500000, -4.589291e+001,
3710875000, -4.588504e+001,
3712250000, -4.588280e+001,
3713625000, -4.589551e+001,
3715000000, -4.587220e+001,
3716375000, -4.585559e+001,
3717750000, -4.586864e+001,
3719125000, -4.588322e+001,
3720500000, -4.592274e+001,
3721875000, -4.589544e+001,
3723250000, -4.584342e+001,
3724625000, -4.586280e+001,
3726000000, -4.582703e+001,
3727375000, -4.584328e+001,
3728750000, -4.577698e+001,
3730125000, -4.578109e+001,
3731500000, -4.575482e+001,
3732875000, -4.576833e+001,
3734250000, -4.573629e+001,
3735625000, -4.572725e+001,
3737000000, -4.571923e+001,
3738375000, -4.575235e+001,
3739750000, -4.566980e+001,
3741125000, -4.567035e+001,
3742500000, -4.565521e+001,
3743875000, -4.563470e+001,
3745250000, -4.560473e+001,
3746625000, -4.558019e+001,
3748000000, -4.554165e+001,
3749375000, -4.549686e+001,
3750750000, -4.546768e+001,
3752125000, -4.540237e+001,
3753500000, -4.537627e+001,
3754875000, -4.538634e+001,
3756250000, -4.533875e+001,
3757625000, -4.532967e+001,
3759000000, -4.528045e+001,
3760375000, -4.525237e+001,
3761750000, -4.521344e+001,
3763125000, -4.522391e+001,
3764500000, -4.520620e+001,
3765875000, -4.518060e+001,
3767250000, -4.516898e+001,
3768625000, -4.513370e+001,
3770000000, -4.513161e+001,
3771375000, -4.510938e+001,
3772750000, -4.512611e+001,
3774125000, -4.507109e+001,
3775500000, -4.510037e+001,
3776875000, -4.505650e+001,
3778250000, -4.503954e+001,
3779625000, -4.504301e+001,
3781000000, -4.507508e+001,
3782375000, -4.503077e+001,
3783750000, -4.506665e+001,
3785125000, -4.507761e+001,
3786500000, -4.508518e+001,
3787875000, -4.508365e+001,
3789250000, -4.510337e+001,
3790625000, -4.510306e+001,
3792000000, -4.507268e+001,
3793375000, -4.508533e+001,
3794750000, -4.509326e+001,
3796125000, -4.508870e+001,
3797500000, -4.510393e+001,
3798875000, -4.515510e+001,
3800250000, -4.512118e+001,
3801625000, -4.517796e+001,
3803000000, -4.518631e+001,
3804375000, -4.521362e+001,
3805750000, -4.524022e+001,
3807125000, -4.522486e+001,
3808500000, -4.526398e+001,
3809875000, -4.532898e+001,
3811250000, -4.530461e+001,
3812625000, -4.536012e+001,
3814000000, -4.542618e+001,
3815375000, -4.542716e+001,
3816750000, -4.548870e+001,
3818125000, -4.551408e+001,
3819500000, -4.557650e+001,
3820875000, -4.561473e+001,
3822250000, -4.565207e+001,
3823625000, -4.569087e+001,
3825000000, -4.572548e+001,
3826375000, -4.579152e+001,
3827750000, -4.583565e+001,
3829125000, -4.585976e+001,
3830500000, -4.588517e+001,
3831875000, -4.592590e+001,
3833250000, -4.599960e+001,
3834625000, -4.601145e+001,
3836000000, -4.609240e+001,
3837375000, -4.605928e+001,
3838750000, -4.614983e+001,
3840125000, -4.620141e+001,
3841500000, -4.622079e+001,
3842875000, -4.634447e+001,
3844250000, -4.631220e+001,
3845625000, -4.634171e+001,
3847000000, -4.637411e+001,
3848375000, -4.646999e+001,
3849750000, -4.644128e+001,
3851125000, -4.655278e+001,
3852500000, -4.657906e+001,
3853875000, -4.660964e+001,
3855250000, -4.669130e+001,
3856625000, -4.670577e+001,
3858000000, -4.672467e+001,
3859375000, -4.676923e+001,
3860750000, -4.682465e+001,
3862125000, -4.686616e+001,
3863500000, -4.692058e+001,
3864875000, -4.693005e+001,
3866250000, -4.691492e+001,
3867625000, -4.693541e+001,
3869000000, -4.701449e+001,
3870375000, -4.701955e+001,
3871750000, -4.703420e+001,
3873125000, -4.703386e+001,
3874500000, -4.701926e+001,
3875875000, -4.706926e+001,
3877250000, -4.708252e+001,
3878625000, -4.714481e+001,
3880000000, -4.711757e+001,
3881375000, -4.715709e+001,
3882750000, -4.721243e+001,
3884125000, -4.718437e+001,
3885500000, -4.718634e+001,
3886875000, -4.719921e+001,
3888250000, -4.726321e+001,
3889625000, -4.723827e+001,
3891000000, -4.721559e+001,
3892375000, -4.726506e+001,
3893750000, -4.724020e+001,
3895125000, -4.726933e+001,
3896500000, -4.718744e+001,
3897875000, -4.722371e+001,
3899250000, -4.721497e+001,
3900625000, -4.718918e+001,
3902000000, -4.719359e+001,
3903375000, -4.719219e+001,
3904750000, -4.715629e+001,
3906125000, -4.714686e+001,
3907500000, -4.713239e+001,
3908875000, -4.710960e+001,
3910250000, -4.709222e+001,
3911625000, -4.706499e+001,
3913000000, -4.707992e+001,
3914375000, -4.704532e+001,
3915750000, -4.706016e+001,
3917125000, -4.705547e+001,
3918500000, -4.707635e+001,
3919875000, -4.709090e+001,
3921250000, -4.704230e+001,
3922625000, -4.698971e+001,
3924000000, -4.692023e+001,
3925375000, -4.685645e+001,
3926750000, -4.690099e+001,
3928125000, -4.688060e+001,
3929500000, -4.680114e+001,
3930875000, -4.678879e+001,
3932250000, -4.675483e+001,
3933625000, -4.673778e+001,
3935000000, -4.668706e+001,
3936375000, -4.664232e+001,
3937750000, -4.661337e+001,
3939125000, -4.654279e+001,
3940500000, -4.652571e+001,
3941875000, -4.653276e+001,
3943250000, -4.653977e+001,
3944625000, -4.650823e+001,
3946000000, -4.647222e+001,
3947375000, -4.641433e+001,
3948750000, -4.640369e+001,
3950125000, -4.634169e+001,
3951500000, -4.635049e+001,
3952875000, -4.638759e+001,
3954250000, -4.630240e+001,
3955625000, -4.632509e+001,
3957000000, -4.632880e+001,
3958375000, -4.627746e+001,
3959750000, -4.617173e+001,
3961125000, -4.605111e+001,
3962500000, -4.605829e+001,
3963875000, -4.612346e+001,
3965250000, -4.618002e+001,
3966625000, -4.615259e+001,
3968000000, -4.607005e+001,
3969375000, -4.605849e+001,
3970750000, -4.604076e+001,
3972125000, -4.599033e+001,
3973500000, -4.595525e+001,
3974875000, -4.597198e+001,
3976250000, -4.593338e+001,
3977625000, -4.595028e+001,
3979000000, -4.593683e+001,
3980375000, -4.592669e+001,
3981750000, -4.594534e+001,
3983125000, -4.596279e+001,
3984500000, -4.597699e+001,
3985875000, -4.597339e+001,
3987250000, -4.599711e+001,
3988625000, -4.600117e+001,
3990000000, -4.595109e+001,
3991375000, -4.587163e+001,
3992750000, -4.586907e+001,
3994125000, -4.589581e+001,
3995500000, -4.586809e+001,
3996875000, -4.589392e+001,
3998250000, -4.585873e+001,
3999625000, -4.581791e+001,
4001000000, -4.574770e+001,
4002375000, -4.582854e+001,
4003750000, -4.584576e+001,
4005125000, -4.586658e+001,
4006500000, -4.595948e+001,
4007875000, -4.591186e+001,
4009250000, -4.585587e+001,
4010625000, -4.588537e+001,
4012000000, -4.588725e+001,
4013375000, -4.590520e+001,
4014750000, -4.592854e+001,
4016125000, -4.599392e+001,
4017500000, -4.595343e+001,
4018875000, -4.589953e+001,
4020250000, -4.594773e+001,
4021625000, -4.600094e+001,
4023000000, -4.599795e+001,
4024375000, -4.598064e+001,
4025750000, -4.602489e+001,
4027125000, -4.601929e+001,
4028500000, -4.595517e+001,
4029875000, -4.600316e+001,
4031250000, -4.597125e+001,
4032625000, -4.596789e+001,
4034000000, -4.589597e+001,
4035375000, -4.592348e+001,
4036750000, -4.590819e+001,
4038125000, -4.591455e+001,
4039500000, -4.582128e+001,
4040875000, -4.586062e+001,
4042250000, -4.587847e+001,
4043625000, -4.588952e+001,
4045000000, -4.590009e+001,
4046375000, -4.596251e+001,
4047750000, -4.597316e+001,
4049125000, -4.592219e+001,
4050500000, -4.587194e+001,
4051875000, -4.588754e+001,
4053250000, -4.590008e+001,
4054625000, -4.592529e+001,
4056000000, -4.602901e+001,
4057375000, -4.605761e+001,
4058750000, -4.600583e+001,
4060125000, -4.601469e+001,
4061500000, -4.602682e+001,
4062875000, -4.603491e+001,
4064250000, -4.591777e+001,
4065625000, -4.596886e+001,
4067000000, -4.603256e+001,
4068375000, -4.617191e+001,
4069750000, -4.608030e+001,
4071125000, -4.585097e+001,
4072500000, -4.571950e+001,
4073875000, -4.591063e+001,
4075250000, -4.617119e+001,
4076625000, -4.625034e+001,
4078000000, -4.615101e+001,
4079375000, -4.601083e+001,
4080750000, -4.595207e+001,
4082125000, -4.601197e+001,
4083500000, -4.600975e+001,
4084875000, -4.608159e+001,
4086250000, -4.607828e+001,
4087625000, -4.612804e+001,
4089000000, -4.612939e+001,
4090375000, -4.612260e+001,
4091750000, -4.622162e+001,
4093125000, -4.621450e+001,
4094500000, -4.615004e+001,
4095875000, -4.624002e+001,
4097250000, -4.648027e+001,
4098625000, -4.654583e+001,
4100000000, -4.654925e+001,
4101375000, -4.660521e+001,
4102750000, -4.663692e+001,
4104125000, -4.645063e+001,
4105500000, -4.630721e+001,
4106875000, -4.637005e+001,
4108250000, -4.654115e+001,
4109625000, -4.678686e+001,
4111000000, -4.694181e+001,
4112375000, -4.691362e+001,
4113750000, -4.679821e+001,
4115125000, -4.654686e+001,
4116500000, -4.639706e+001,
4117875000, -4.659076e+001,
4119250000, -4.693936e+001,
4120625000, -4.713197e+001,
4122000000, -4.710968e+001,
4123375000, -4.703253e+001,
4124750000, -4.698194e+001,
4126125000, -4.703374e+001,
4127500000, -4.705333e+001,
4128875000, -4.722770e+001,
4130250000, -4.726905e+001,
4131625000, -4.723890e+001,
4133000000, -4.716472e+001,
4134375000, -4.716383e+001,
4135750000, -4.711195e+001,
4137125000, -4.718150e+001,
4138500000, -4.736074e+001,
4139875000, -4.746508e+001,
4141250000, -4.758398e+001,
4142625000, -4.754705e+001,
4144000000, -4.764351e+001,
4145375000, -4.758765e+001,
4146750000, -4.766529e+001,
4148125000, -4.761693e+001,
4149500000, -4.734263e+001,
4150875000, -4.727333e+001,
4152250000, -4.730509e+001,
4153625000, -4.760904e+001,
4155000000, -4.779174e+001,
4156375000, -4.803262e+001,
4157750000, -4.812131e+001,
4159125000, -4.797583e+001,
4160500000, -4.774159e+001,
4161875000, -4.748882e+001,
4163250000, -4.734982e+001,
4164625000, -4.760312e+001,
4166000000, -4.770200e+001,
4167375000, -4.791936e+001,
4168750000, -4.806127e+001,
4170125000, -4.792929e+001,
4171500000, -4.755816e+001,
4172875000, -4.770966e+001,
4174250000, -4.803357e+001,
4175625000, -4.799181e+001,
4177000000, -4.789296e+001,
4178375000, -4.788095e+001,
4179750000, -4.783011e+001,
4181125000, -4.796106e+001,
4182500000, -4.798672e+001,
4183875000, -4.799645e+001,
4185250000, -4.794771e+001,
4186625000, -4.801408e+001,
4188000000, -4.770893e+001,
4189375000, -4.765868e+001,
4190750000, -4.805746e+001,
4192125000, -4.810458e+001,
4193500000, -4.815460e+001,
4194875000, -4.824562e+001,
4196250000, -4.781075e+001,
4197625000, -4.753583e+001,
4199000000, -4.754411e+001,
4200375000, -4.756012e+001,
4201750000, -4.776643e+001,
4203125000, -4.791807e+001,
4204500000, -4.818258e+001,
4205875000, -4.817806e+001,
4207250000, -4.802279e+001,
4208625000, -4.797420e+001,
4210000000, -4.779808e+001,
4211375000, -4.767371e+001,
4212750000, -4.778563e+001,
4214125000, -4.768607e+001,
4215500000, -4.777133e+001,
4216875000, -4.793996e+001,
4218250000, -4.749445e+001,
4219625000, -4.725839e+001,
4221000000, -4.759785e+001,
4222375000, -4.775871e+001,
4223750000, -4.779608e+001,
4225125000, -4.762686e+001,
4226500000, -4.739448e+001,
4227875000, -4.740723e+001,
4229250000, -4.748595e+001,
4230625000, -4.734195e+001,
4232000000, -4.729137e+001,
4233375000, -4.776495e+001,
4234750000, -4.760913e+001,
4236125000, -4.638033e+001,
4237500000, -4.686921e+001,
4238875000, -4.724884e+001,
4240250000, -4.724556e+001,
4241625000, -4.740279e+001,
4243000000, -4.797080e+001,
4244375000, -4.826938e+001,
4245750000, -4.770601e+001,
4247125000, -4.776441e+001,
4248500000, -4.814994e+001,
4249875000, -4.823814e+001,
4251250000, -4.718827e+001,
4252625000, -4.659438e+001,
4254000000, -4.684547e+001,
4255375000, -4.790960e+001,
4256750000, -4.832098e+001,
4258125000, -4.841063e+001,
4259500000, -4.779742e+001,
4260875000, -4.717743e+001,
4262250000, -4.756445e+001,
4263625000, -4.776085e+001,
4265000000, -4.768359e+001,
4266375000, -4.777409e+001,
4267750000, -4.826340e+001,
4269125000, -4.839592e+001,
4270500000, -4.818368e+001,
4271875000, -4.780076e+001,
4273250000, -4.739980e+001,
4274625000, -4.846445e+001,
4276000000, -4.662747e+001,
4277375000, -4.372586e+001,
4278750000, -4.473388e+001,
4280125000, -4.680342e+001,
4281500000, -4.749412e+001,
4282875000, -4.883887e+001,
4284250000, -5.124834e+001,
4285625000, -4.898470e+001,
4287000000, -4.552523e+001,
4288375000, -4.518526e+001,
4289750000, -4.572832e+001,
4291125000, -4.636841e+001,
4292500000, -4.754472e+001,
4293875000, -4.879121e+001,
4295250000, -4.973559e+001,
4296625000, -4.942801e+001,
4298000000, -4.836131e+001,
4299375000, -4.739482e+001,
4300750000, -4.739715e+001,
4302125000, -4.676571e+001,
4303500000, -4.738905e+001,
4304875000, -4.868969e+001,
4306250000, -4.938085e+001,
4307625000, -4.939366e+001,
4309000000, -5.036377e+001,
4310375000, -5.028569e+001,
4311750000, -5.034475e+001,
4313125000, -4.962664e+001,
4314500000, -4.893858e+001,
4315875000, -4.959567e+001,
4317250000, -5.157404e+001,
4318625000, -5.662548e+001,
4320000000, -5.088985e+001,
4321375000, -4.726226e+001,
4322750000, -4.745492e+001,
4324125000, -4.674507e+001,
4325500000, -4.565285e+001,
4326875000, -4.751561e+001,
4328250000, -4.324688e+001,
4329625000, -3.877248e+001,
4331000000, -3.851946e+001,
4332375000, -3.821296e+001,
4333750000, -4.071915e+001,
4335125000, -4.080431e+001,
4336500000, -4.153037e+001,
4337875000, -4.483167e+001,
4339250000, -4.716762e+001,
4340625000, -4.423389e+001,
4342000000, -4.391934e+001,
4343375000, -4.293578e+001,
4344750000, -4.176490e+001,
4346125000, -4.165904e+001,
4347500000, -4.246811e+001,
4348875000, -4.190884e+001,
4350250000, -4.118351e+001,
4351625000, -4.161042e+001,
4353000000, -4.621189e+001,
4354375000, -5.300420e+001,
4355750000, -5.515131e+001,
4357125000, -5.039717e+001,
4358500000, -4.799696e+001,
4359875000, -4.603152e+001,
4361250000, -4.545706e+001,
4362625000, -4.643245e+001,
4364000000, -4.875220e+001,
4365375000, -4.591377e+001,
4366750000, -4.527367e+001,
4368125000, -4.488239e+001,
4369500000, -4.747326e+001,
4370875000, -4.849879e+001,
4372250000, -4.847803e+001,
4373625000, -4.940071e+001,
4375000000, -4.966523e+001,
4376375000, -4.558831e+001,
4377750000, -4.551426e+001,
4379125000, -4.731732e+001,
4380500000, -4.886424e+001,
4381875000, -5.028258e+001,
4383250000, -5.206467e+001,
4384625000, -6.118232e+001,
4386000000, -4.502563e+001,
4387375000, -4.031630e+001,
4388750000, -4.235326e+001,
4390125000, -4.137931e+001,
4391500000, -3.572088e+001,
4392875000, -3.066875e+001,
4394250000, -2.995279e+001,
4395625000, -2.936860e+001,
4397000000, -2.976277e+001,
4398375000, -3.249062e+001,
4399750000, -3.732709e+001,
4401125000, -3.974422e+001,
4402500000, -3.951024e+001,
4403875000, -3.687467e+001,
4405250000, -3.235415e+001,
4406625000, -3.394576e+001,
4408000000, -3.712054e+001,
4409375000, -3.826244e+001,
4410750000, -3.889257e+001,
4412125000, -3.825339e+001,
4413500000, -3.636922e+001,
4414875000, -3.339120e+001,
4416250000, -3.529160e+001,
4417625000, -3.951154e+001,
4419000000, -4.269960e+001,
4420375000, -4.112352e+001,
4421750000, -4.164273e+001,
4423125000, -4.143309e+001,
4424500000, -4.066756e+001,
4425875000, -4.106809e+001,
4427250000, -4.801123e+001,
4428625000, -4.707928e+001,
4430000000, -4.722412e+001,
4431375000, -4.968844e+001,
4432750000, -5.013261e+001,
4434125000, -4.959471e+001,
4435500000, -4.841187e+001,
4436875000, -4.916643e+001,
4438250000, -4.709167e+001,
4439625000, -4.508352e+001,
4441000000, -4.682828e+001,
4442375000, -4.911774e+001,
4443750000, -5.166018e+001,
4445125000, -5.371157e+001,
4446500000, -4.906543e+001,
4447875000, -4.392877e+001,
4449250000, -4.331199e+001,
4450625000, -4.352410e+001,
4452000000, -4.594083e+001,
4453375000, -4.920438e+001,
4454750000, -5.207837e+001,
4456125000, -5.364213e+001,
4457500000, -5.416267e+001,
4458875000, -5.378267e+001,
4460250000, -5.376593e+001,
4461625000, -5.321012e+001,
4463000000, -4.796915e+001,
4464375000, -4.352144e+001,
4465750000, -3.939637e+001,
4467125000, -3.412298e+001,
4468500000, -3.239370e+001,
4469875000, -3.482582e+001,
4471250000, -3.686017e+001,
4472625000, -3.880307e+001,
4474000000, -3.896584e+001,
4475375000, -3.750410e+001,
4476750000, -3.597536e+001,
4478125000, -3.389894e+001,
4479500000, -3.047290e+001,
4480875000, -2.611699e+001,
4482250000, -2.182285e+001,
4483625000, -2.011822e+001,
4485000000, -2.177005e+001,
4486375000, -2.392262e+001,
4487750000, -2.480357e+001,
4489125000, -2.481377e+001,
4490500000, -2.439285e+001,
4491875000, -2.289795e+001,
4493250000, -2.023107e+001,
4494625000, -1.887146e+001,
4496000000, -1.679019e+001,
4497375000, -1.901948e+001,
4498750000, -2.221981e+001,
4500125000, -2.367194e+001,
4501500000, -2.475308e+001,
4502875000, -2.501321e+001,
4504250000, -2.444794e+001,
4505625000, -2.312132e+001,
4507000000, -2.056802e+001,
4508375000, -1.689644e+001,
4509750000, -1.508038e+001,
4511125000, -1.747950e+001,
4512500000, -2.082247e+001,
4513875000, -2.335015e+001,
4515250000, -2.490231e+001,
4516625000, -2.574546e+001,
4518000000, -2.591664e+001,
4519375000, -2.516933e+001,
4520750000, -2.346213e+001,
4522125000, -2.074494e+001,
4523500000, -1.778138e+001,
4524875000, -1.902058e+001,
4526250000, -2.310809e+001,
4527625000, -2.627814e+001,
4529000000, -2.828401e+001,
4530375000, -2.941933e+001,
4531750000, -2.976955e+001,
4533125000, -2.927903e+001,
4534500000, -2.810982e+001,
4535875000, -2.617217e+001,
4537250000, -2.363145e+001,
4538625000, -2.357333e+001,
4540000000, -2.791105e+001,
4541375000, -3.227626e+001,
4542750000, -3.538255e+001,
4544125000, -3.747332e+001,
4545500000, -3.839285e+001,
4546875000, -3.776413e+001,
4548250000, -3.591840e+001,
4549625000, -3.322758e+001,
4551000000, -2.940823e+001,
4552375000, -2.610421e+001,
4553750000, -2.724885e+001,
4555125000, -2.999732e+001,
4556500000, -3.191474e+001,
4557875000, -3.300159e+001,
4559250000, -3.344717e+001,
4560625000, -3.325834e+001,
4562000000, -3.253870e+001,
4563375000, -3.120404e+001,
4564750000, -2.900426e+001,
4566125000, -2.687198e+001,
4567500000, -2.844781e+001,
4568875000, -3.208616e+001,
4570250000, -3.474547e+001,
4571625000, -3.624678e+001,
4573000000, -3.694127e+001,
4574375000, -3.702689e+001,
4575750000, -3.655686e+001,
4577125000, -3.553643e+001,
4578500000, -3.372763e+001,
4579875000, -3.247229e+001,
4581250000, -3.435789e+001,
4582625000, -3.744607e+001,
4584000000, -3.947113e+001,
4585375000, -4.040427e+001,
4586750000, -4.055132e+001,
4588125000, -3.999419e+001,
4589500000, -3.862149e+001,
4590875000, -3.654647e+001,
4592250000, -3.380559e+001,
4593625000, -3.238922e+001,
4595000000, -3.391029e+001,
4596375000, -3.602208e+001,
4597750000, -3.744434e+001,
4599125000, -3.829090e+001,
4600500000, -3.866973e+001,
4601875000, -3.868905e+001,
4603250000, -3.855660e+001,
4604625000, -3.854441e+001,
4606000000, -3.990942e+001,
4607375000, -4.565289e+001,
4608750000, -5.852864e+001,
4610125000, -5.796875e+001,
4611500000, -5.262108e+001,
4612875000, -5.076242e+001,
4614250000, -4.998160e+001,
4615625000, -4.863453e+001,
4617000000, -4.622858e+001,
4618375000, -4.304182e+001,
4619750000, -4.116303e+001,
4621125000, -4.126318e+001,
4622500000, -4.187529e+001,
4623875000, -4.236684e+001,
4625250000, -4.258702e+001,
4626625000, -4.253946e+001,
4628000000, -4.249195e+001,
4629375000, -4.250122e+001,
4630750000, -4.301950e+001,
4632125000, -4.452412e+001,
4633500000, -4.565965e+001,
4634875000, -4.587064e+001,
4636250000, -4.578466e+001,
4637625000, -4.578839e+001,
4639000000, -4.596222e+001,
4640375000, -4.599467e+001,
4641750000, -4.591758e+001,
4643125000, -4.554410e+001,
4644500000, -4.497430e+001,
4645875000, -4.475222e+001,
4647250000, -4.474938e+001,
4648625000, -4.475531e+001,
4650000000, -4.467857e+001,
4651375000, -4.460384e+001,
4652750000, -4.459977e+001,
4654125000, -4.465456e+001,
4655500000, -4.484688e+001,
4656875000, -4.506167e+001,
4658250000, -4.509162e+001,
4659625000, -4.511048e+001,
4661000000, -4.521708e+001,
4662375000, -4.530891e+001,
4663750000, -4.530587e+001,
4665125000, -4.527031e+001,
4666500000, -4.520851e+001,
4667875000, -4.510170e+001,
4669250000, -4.512188e+001,
4670625000, -4.518916e+001,
4672000000, -4.512407e+001,
4673375000, -4.510009e+001,
4674750000, -4.508157e+001,
4676125000, -4.512470e+001,
4677500000, -4.518317e+001,
4678875000, -4.523343e+001,
4680250000, -4.530746e+001,
4681625000, -4.530373e+001,
4683000000, -4.536596e+001,
4684375000, -4.542807e+001,
4685750000, -4.548297e+001,
4687125000, -4.548653e+001,
4688500000, -4.554114e+001,
4689875000, -4.556058e+001,
4691250000, -4.555598e+001,
4692625000, -4.558077e+001,
4694000000, -4.553519e+001,
4695375000, -4.552357e+001,
4696750000, -4.557006e+001,
4698125000, -4.555951e+001,
4699500000, -4.555422e+001,
4700875000, -4.552988e+001,
4702250000, -4.555401e+001,
4703625000, -4.560975e+001,
4705000000, -4.565187e+001,
4706375000, -4.570941e+001,
4707750000, -4.570856e+001,
4709125000, -4.580014e+001,
4710500000, -4.593108e+001,
4711875000, -4.603236e+001,
4713250000, -4.607086e+001,
4714625000, -4.605872e+001,
4716000000, -4.609842e+001,
4717375000, -4.610220e+001,
4718750000, -4.618220e+001,
4720125000, -4.614788e+001,
4721500000, -4.601972e+001,
4722875000, -4.603179e+001,
4724250000, -4.600010e+001,
4725625000, -4.609705e+001,
4727000000, -4.606564e+001,
4728375000, -4.608692e+001,
4729750000, -4.618224e+001,
4731125000, -4.631715e+001,
4732500000, -4.639395e+001,
4733875000, -4.641760e+001,
4735250000, -4.645555e+001,
4736625000, -4.648797e+001,
4738000000, -4.653069e+001,
4739375000, -4.653640e+001,
4740750000, -4.644144e+001,
4742125000, -4.636822e+001,
4743500000, -4.641359e+001,
4744875000, -4.636929e+001,
4746250000, -4.632309e+001,
4747625000, -4.633014e+001,
4749000000, -4.638648e+001,
4750375000, -4.649817e+001,
4751750000, -4.655461e+001,
4753125000, -4.652370e+001,
4754500000, -4.652168e+001,
4755875000, -4.658319e+001,
4757250000, -4.660897e+001,
4758625000, -4.652971e+001,
4760000000, -4.646512e+001,
4761375000, -4.642613e+001,
4762750000, -4.644541e+001,
4764125000, -4.646075e+001,
4765500000, -4.636227e+001,
4766875000, -4.635286e+001,
4768250000, -4.639445e+001,
4769625000, -4.639500e+001,
4771000000, -4.637063e+001,
4772375000, -4.638946e+001,
4773750000, -4.632615e+001,
4775125000, -4.635532e+001,
4776500000, -4.631426e+001,
4777875000, -4.626094e+001,
4779250000, -4.624888e+001,
4780625000, -4.617333e+001,
4782000000, -4.618055e+001,
4783375000, -4.609867e+001,
4784750000, -4.607283e+001,
4786125000, -4.606598e+001,
4787500000, -4.604112e+001,
4788875000, -4.600523e+001,
4790250000, -4.595716e+001,
4791625000, -4.595736e+001,
4793000000, -4.591658e+001,
4794375000, -4.587644e+001,
4795750000, -4.583733e+001,
4797125000, -4.580128e+001,
4798500000, -4.574737e+001,
4799875000, -4.571738e+001,
4801250000, -4.564676e+001,
4802625000, -4.563509e+001,
4804000000, -4.561297e+001,
4805375000, -4.557668e+001,
4806750000, -4.554189e+001,
4808125000, -4.551136e+001,
4809500000, -4.549716e+001,
4810875000, -4.544752e+001,
4812250000, -4.537885e+001,
4813625000, -4.535299e+001,
4815000000, -4.530130e+001,
4816375000, -4.524870e+001,
4817750000, -4.522762e+001,
4819125000, -4.519890e+001,
4820500000, -4.512781e+001,
4821875000, -4.512719e+001,
4823250000, -4.511736e+001,
4824625000, -4.510798e+001,
4826000000, -4.507823e+001,
4827375000, -4.504852e+001,
4828750000, -4.502917e+001,
4830125000, -4.498175e+001,
4831500000, -4.496473e+001,
4832875000, -4.494032e+001,
4834250000, -4.490591e+001,
4835625000, -4.490535e+001,
4837000000, -4.490113e+001,
4838375000, -4.487775e+001,
4839750000, -4.491423e+001,
4841125000, -4.489534e+001,
4842500000, -4.488186e+001,
4843875000, -4.490197e+001,
4845250000, -4.489426e+001,
4846625000, -4.486368e+001,
4848000000, -4.488525e+001,
4849375000, -4.486166e+001,
4850750000, -4.485322e+001,
4852125000, -4.490368e+001,
4853500000, -4.491910e+001,
4854875000, -4.496812e+001,
4856250000, -4.498012e+001,
4857625000, -4.500035e+001,
4859000000, -4.501344e+001,
4860375000, -4.502818e+001,
4861750000, -4.503599e+001,
4863125000, -4.507073e+001,
4864500000, -4.511208e+001,
4865875000, -4.513658e+001,
4867250000, -4.519502e+001,
4868625000, -4.522083e+001,
4870000000, -4.527996e+001,
4871375000, -4.529103e+001,
4872750000, -4.532528e+001,
4874125000, -4.537849e+001,
4875500000, -4.543386e+001,
4876875000, -4.545408e+001,
4878250000, -4.548926e+001,
4879625000, -4.555281e+001,
4881000000, -4.561443e+001,
4882375000, -4.568473e+001,
4883750000, -4.570808e+001,
4885125000, -4.576875e+001,
4886500000, -4.579930e+001,
4887875000, -4.583780e+001,
4889250000, -4.592039e+001,
4890625000, -4.593415e+001,
4892000000, -4.598758e+001,
4893375000, -4.601212e+001,
4894750000, -4.609232e+001,
4896125000, -4.612909e+001,
4897500000, -4.615629e+001,
4898875000, -4.622223e+001,
4900250000, -4.624846e+001,
4901625000, -4.630978e+001,
4903000000, -4.632308e+001,
4904375000, -4.634994e+001,
4905750000, -4.643727e+001,
4907125000, -4.640501e+001,
4908500000, -4.648956e+001,
4909875000, -4.652888e+001,
4911250000, -4.655724e+001,
4912625000, -4.661744e+001,
4914000000, -4.662026e+001,
4915375000, -4.666054e+001,
4916750000, -4.667419e+001,
4918125000, -4.673529e+001,
4919500000, -4.677621e+001,
4920875000, -4.679515e+001,
4922250000, -4.682124e+001,
4923625000, -4.685671e+001,
4925000000, -4.687008e+001,
4926375000, -4.689864e+001,
4927750000, -4.693430e+001,
4929125000, -4.693328e+001,
4930500000, -4.700446e+001,
4931875000, -4.703012e+001,
4933250000, -4.704551e+001,
4934625000, -4.704301e+001,
4936000000, -4.701676e+001,
4937375000, -4.703577e+001,
4938750000, -4.705807e+001,
4940125000, -4.708059e+001,
4941500000, -4.706923e+001,
4942875000, -4.711553e+001,
4944250000, -4.713451e+001,
4945625000, -4.715093e+001,
4947000000, -4.716653e+001,
4948375000, -4.713232e+001,
4949750000, -4.713473e+001,
4951125000, -4.714326e+001,
4952500000, -4.715113e+001,
4953875000, -4.716928e+001,
4955250000, -4.716925e+001,
4956625000, -4.715839e+001,
4958000000, -4.716876e+001,
4959375000, -4.717634e+001,
4960750000, -4.719461e+001,
4962125000, -4.720348e+001,
4963500000, -4.720688e+001,
4964875000, -4.721951e+001,
4966250000, -4.720622e+001,
4967625000, -4.723534e+001,
4969000000, -4.717686e+001,
4970375000, -4.718211e+001,
4971750000, -4.721407e+001,
4973125000, -4.722192e+001,
4974500000, -4.723457e+001,
4975875000, -4.724570e+001,
4977250000, -4.721255e+001,
4978625000, -4.721529e+001,
4980000000, -4.721294e+001,
4981375000, -4.722396e+001,
4982750000, -4.725148e+001,
4984125000, -4.721814e+001,
4985500000, -4.724623e+001,
4986875000, -4.720934e+001,
4988250000, -4.719968e+001,
4989625000, -4.720921e+001,
4991000000, -4.721987e+001,
4992375000, -4.721445e+001,
4993750000, -4.725980e+001,
4995125000, -4.723056e+001,
4996500000, -4.725233e+001,
4997875000, -4.718490e+001,
4999250000, -4.723516e+001,
5000625000, -4.724166e+001,
5002000000, -4.725098e+001,
5003375000, -4.726519e+001,
5004750000, -4.723353e+001,
5006125000, -4.725307e+001,
5007500000, -4.728849e+001,
5008875000, -4.728560e+001,
5010250000, -4.728074e+001,
5011625000, -4.730943e+001,
5013000000, -4.723085e+001,
5014375000, -4.724940e+001,
5015750000, -4.729193e+001,
5017125000, -4.729317e+001,
5018500000, -4.732653e+001,
5019875000, -4.727465e+001,
5021250000, -4.732827e+001,
5022625000, -4.732576e+001,
5024000000, -4.735917e+001,
5025375000, -4.730751e+001,
5026750000, -4.733382e+001,
5028125000, -4.738347e+001,
5029500000, -4.736770e+001,
5030875000, -4.732811e+001,
5032250000, -4.734136e+001,
5033625000, -4.736668e+001,
5035000000, -4.736744e+001,
5036375000, -4.732360e+001,
5037750000, -4.732502e+001,
5039125000, -4.734636e+001,
5040500000, -4.732930e+001,
5041875000, -4.733373e+001,
5043250000, -4.736003e+001,
5044625000, -4.729781e+001,
5046000000, -4.734101e+001,
5047375000, -4.732648e+001,
5048750000, -4.734703e+001,
5050125000, -4.733273e+001,
5051500000, -4.736374e+001,
5052875000, -4.733967e+001,
5054250000, -4.734640e+001,
5055625000, -4.732682e+001,
5057000000, -4.731966e+001,
5058375000, -4.731182e+001,
5059750000, -4.733901e+001,
5061125000, -4.727418e+001,
5062500000, -4.724075e+001,
5063875000, -4.726289e+001,
5065250000, -4.726812e+001,
5066625000, -4.725673e+001,
5068000000, -4.727376e+001,
5069375000, -4.725037e+001,
5070750000, -4.724856e+001,
5072125000, -4.727459e+001,
5073500000, -4.722299e+001,
5074875000, -4.721502e+001,
5076250000, -4.721323e+001,
5077625000, -4.719397e+001,
5079000000, -4.715924e+001,
5080375000, -4.716350e+001,
5081750000, -4.714647e+001,
5083125000, -4.714383e+001,
5084500000, -4.712508e+001,
5085875000, -4.708275e+001,
5087250000, -4.705067e+001,
5088625000, -4.706175e+001,
5090000000, -4.702515e+001,
5091375000, -4.701737e+001,
5092750000, -4.699848e+001,
5094125000, -4.700718e+001,
5095500000, -4.697830e+001,
5096875000, -4.693047e+001,
5098250000, -4.695398e+001,
5099625000, -4.694995e+001,
5101000000, -4.695394e+001,
5102375000, -4.693828e+001,
5103750000, -4.694309e+001,
5105125000, -4.690625e+001,
5106500000, -4.692532e+001,
5107875000, -4.690678e+001,
5109250000, -4.692072e+001,
5110625000, -4.689928e+001,
5112000000, -4.690229e+001,
5113375000, -4.692017e+001,
5114750000, -4.692266e+001,
5116125000, -4.688828e+001,
5117500000, -4.690691e+001,
5118875000, -4.690113e+001,
5120250000, -4.690016e+001,
5121625000, -4.689612e+001,
5123000000, -4.691460e+001,
5124375000, -4.691475e+001,
5125750000, -4.694237e+001,
5127125000, -4.690856e+001,
5128500000, -4.696406e+001,
5129875000, -4.695090e+001,
5131250000, -4.696212e+001,
5132625000, -4.694481e+001,
5134000000, -4.697822e+001,
5135375000, -4.700254e+001,
5136750000, -4.705369e+001,
5138125000, -4.705602e+001,
5139500000, -4.707623e+001,
5140875000, -4.713046e+001,
5142250000, -4.715222e+001,
5143625000, -4.718569e+001,
5145000000, -4.722019e+001,
5146375000, -4.724218e+001,
5147750000, -4.727915e+001,
5149125000, -4.727980e+001,
5150500000, -4.731576e+001,
5151875000, -4.737986e+001,
5153250000, -4.742998e+001,
5154625000, -4.747076e+001,
5156000000, -4.749811e+001,
5157375000, -4.756031e+001,
5158750000, -4.756813e+001,
5160125000, -4.762057e+001,
5161500000, -4.766745e+001,
5162875000, -4.771197e+001,
5164250000, -4.773172e+001,
5165625000, -4.776447e+001,
5167000000, -4.782993e+001,
5168375000, -4.790364e+001,
5169750000, -4.792861e+001,
5171125000, -4.803360e+001,
5172500000, -4.806357e+001,
5173875000, -4.813040e+001,
5175250000, -4.816000e+001,
5176625000, -4.816130e+001,
5178000000, -4.825397e+001,
5179375000, -4.829015e+001,
5180750000, -4.830407e+001,
5182125000, -4.836691e+001,
5183500000, -4.841578e+001,
5184875000, -4.840248e+001,
5186250000, -4.842242e+001,
5187625000, -4.848379e+001,
5189000000, -4.848888e+001,
5190375000, -4.852893e+001,
5191750000, -4.854013e+001,
5193125000, -4.859517e+001,
5194500000, -4.855656e+001,
5195875000, -4.864534e+001,
5197250000, -4.865065e+001,
5198625000, -4.861522e+001,
5200000000, -4.873263e+001,
