"S21 Log Mag"
"Frequency (Hz)","dB",
3000000000, -4.720295e+001,
3001375000, -4.717095e+001,
3002750000, -4.713501e+001,
3004125000, -4.711745e+001,
3005500000, -4.706171e+001,
3006875000, -4.705473e+001,
3008250000, -4.699720e+001,
3009625000, -4.698117e+001,
3011000000, -4.696073e+001,
3012375000, -4.690075e+001,
3013750000, -4.685831e+001,
3015125000, -4.677353e+001,
3016500000, -4.677993e+001,
3017875000, -4.671094e+001,
3019250000, -4.671529e+001,
3020625000, -4.665412e+001,
3022000000, -4.659437e+001,
3023375000, -4.657486e+001,
3024750000, -4.653545e+001,
3026125000, -4.647012e+001,
3027500000, -4.644710e+001,
3028875000, -4.640248e+001,
3030250000, -4.636704e+001,
3031625000, -4.631144e+001,
3033000000, -4.626686e+001,
3034375000, -4.623146e+001,
3035750000, -4.622110e+001,
3037125000, -4.614562e+001,
3038500000, -4.610676e+001,
3039875000, -4.609707e+001,
3041250000, -4.601939e+001,
3042625000, -4.600256e+001,
3044000000, -4.596217e+001,
3045375000, -4.589272e+001,
3046750000, -4.590255e+001,
3048125000, -4.586275e+001,
3049500000, -4.583105e+001,
3050875000, -4.579420e+001,
3052250000, -4.577906e+001,
3053625000, -4.575985e+001,
3055000000, -4.572846e+001,
3056375000, -4.564729e+001,
3057750000, -4.564018e+001,
3059125000, -4.558926e+001,
3060500000, -4.552527e+001,
3061875000, -4.553363e+001,
3063250000, -4.549165e+001,
3064625000, -4.543516e+001,
3066000000, -4.542215e+001,
3067375000, -4.536542e+001,
3068750000, -4.537156e+001,
3070125000, -4.537777e+001,
3071500000, -4.532000e+001,
3072875000, -4.532438e+001,
3074250000, -4.529598e+001,
3075625000, -4.520716e+001,
3077000000, -4.526125e+001,
3078375000, -4.521975e+001,
3079750000, -4.519429e+001,
3081125000, -4.521535e+001,
3082500000, -4.513985e+001,
3083875000, -4.517936e+001,
3085250000, -4.514679e+001,
3086625000, -4.513409e+001,
3088000000, -4.508817e+001,
3089375000, -4.511549e+001,
3090750000, -4.500010e+001,
3092125000, -4.505516e+001,
3093500000, -4.506879e+001,
3094875000, -4.500177e+001,
3096250000, -4.500944e+001,
3097625000, -4.500440e+001,
3099000000, -4.490950e+001,
3100375000, -4.498590e+001,
3101750000, -4.492092e+001,
3103125000, -4.488101e+001,
3104500000, -4.485011e+001,
3105875000, -4.487931e+001,
3107250000, -4.483627e+001,
3108625000, -4.486950e+001,
3110000000, -4.479707e+001,
3111375000, -4.478709e+001,
3112750000, -4.481994e+001,
3114125000, -4.477785e+001,
3115500000, -4.474736e+001,
3116875000, -4.473660e+001,
3118250000, -4.470481e+001,
3119625000, -4.467047e+001,
3121000000, -4.466813e+001,
3122375000, -4.464122e+001,
3123750000, -4.462627e+001,
3125125000, -4.462214e+001,
3126500000, -4.461163e+001,
3127875000, -4.455212e+001,
3129250000, -4.458829e+001,
3130625000, -4.456769e+001,
3132000000, -4.450289e+001,
3133375000, -4.453955e+001,
3134750000, -4.450469e+001,
3136125000, -4.449132e+001,
3137500000, -4.451744e+001,
3138875000, -4.448088e+001,
3140250000, -4.445074e+001,
3141625000, -4.443147e+001,
3143000000, -4.448566e+001,
3144375000, -4.440578e+001,
3145750000, -4.443016e+001,
3147125000, -4.442639e+001,
3148500000, -4.445649e+001,
3149875000, -4.441457e+001,
3151250000, -4.441608e+001,
3152625000, -4.439650e+001,
3154000000, -4.442490e+001,
3155375000, -4.440942e+001,
3156750000, -4.437487e+001,
3158125000, -4.439936e+001,
3159500000, -4.440348e+001,
3160875000, -4.442725e+001,
3162250000, -4.441644e+001,
3163625000, -4.443019e+001,
3165000000, -4.446286e+001,
3166375000, -4.446322e+001,
3167750000, -4.445472e+001,
3169125000, -4.447826e+001,
3170500000, -4.446581e+001,
3171875000, -4.448771e+001,
3173250000, -4.449596e+001,
3174625000, -4.444922e+001,
3176000000, -4.446407e+001,
3177375000, -4.453733e+001,
3178750000, -4.451451e+001,
3180125000, -4.453066e+001,
3181500000, -4.454763e+001,
3182875000, -4.458699e+001,
3184250000, -4.457238e+001,
3185625000, -4.461265e+001,
3187000000, -4.463928e+001,
3188375000, -4.462655e+001,
3189750000, -4.468500e+001,
3191125000, -4.469725e+001,
3192500000, -4.467871e+001,
3193875000, -4.471175e+001,
3195250000, -4.474480e+001,
3196625000, -4.483278e+001,
3198000000, -4.481057e+001,
3199375000, -4.482087e+001,
3200750000, -4.490770e+001,
3202125000, -4.492721e+001,
3203500000, -4.491242e+001,
3204875000, -4.497156e+001,
3206250000, -4.504186e+001,
3207625000, -4.500577e+001,
3209000000, -4.504987e+001,
3210375000, -4.517182e+001,
3211750000, -4.517508e+001,
3213125000, -4.515391e+001,
3214500000, -4.522354e+001,
3215875000, -4.531123e+001,
3217250000, -4.528889e+001,
3218625000, -4.532739e+001,
3220000000, -4.542926e+001,
3221375000, -4.545402e+001,
3222750000, -4.544408e+001,
3224125000, -4.552836e+001,
3225500000, -4.558482e+001,
3226875000, -4.560237e+001,
3228250000, -4.559881e+001,
3229625000, -4.564666e+001,
3231000000, -4.580980e+001,
3232375000, -4.577387e+001,
3233750000, -4.573722e+001,
3235125000, -4.590373e+001,
3236500000, -4.592674e+001,
3237875000, -4.575042e+001,
3239250000, -4.591971e+001,
3240625000, -4.600737e+001,
3242000000, -4.600222e+001,
3243375000, -4.601432e+001,
3244750000, -4.610911e+001,
3246125000, -4.617348e+001,
3247500000, -4.615722e+001,
3248875000, -4.610705e+001,
3250250000, -4.619178e+001,
3251625000, -4.632281e+001,
3253000000, -4.626558e+001,
3254375000, -4.620249e+001,
3255750000, -4.638262e+001,
3257125000, -4.631318e+001,
3258500000, -4.633121e+001,
3259875000, -4.629888e+001,
3261250000, -4.639363e+001,
3262625000, -4.641500e+001,
3264000000, -4.634460e+001,
3265375000, -4.635579e+001,
3266750000, -4.643402e+001,
3268125000, -4.645352e+001,
3269500000, -4.625047e+001,
3270875000, -4.628704e+001,
3272250000, -4.650394e+001,
3273625000, -4.641409e+001,
3275000000, -4.626363e+001,
3276375000, -4.636147e+001,
3277750000, -4.634291e+001,
3279125000, -4.633354e+001,
3280500000, -4.632493e+001,
3281875000, -4.637075e+001,
3283250000, -4.628434e+001,
3284625000, -4.616607e+001,
3286000000, -4.624189e+001,
3287375000, -4.627621e+001,
3288750000, -4.632577e+001,
3290125000, -4.615557e+001,
3291500000, -4.600827e+001,
3292875000, -4.615083e+001,
3294250000, -4.616104e+001,
3295625000, -4.605222e+001,
3297000000, -4.598068e+001,
3298375000, -4.595443e+001,
3299750000, -4.604919e+001,
3301125000, -4.594442e+001,
3302500000, -4.587652e+001,
3303875000, -4.589923e+001,
3305250000, -4.587862e+001,
3306625000, -4.582680e+001,
3308000000, -4.564869e+001,
3309375000, -4.574702e+001,
3310750000, -4.587846e+001,
3312125000, -4.564640e+001,
3313500000, -4.547066e+001,
3314875000, -4.552459e+001,
3316250000, -4.560398e+001,
3317625000, -4.558318e+001,
3319000000, -4.545551e+001,
3320375000, -4.532224e+001,
3321750000, -4.547413e+001,
3323125000, -4.545487e+001,
3324500000, -4.526717e+001,
3325875000, -4.527860e+001,
3327250000, -4.535278e+001,
3328625000, -4.532375e+001,
3330000000, -4.513244e+001,
3331375000, -4.496059e+001,
3332750000, -4.513627e+001,
3334125000, -4.525236e+001,
3335500000, -4.509620e+001,
3336875000, -4.493370e+001,
3338250000, -4.480157e+001,
3339625000, -4.488862e+001,
3341000000, -4.500678e+001,
3342375000, -4.489724e+001,
3343750000, -4.470650e+001,
3345125000, -4.480978e+001,
3346500000, -4.482090e+001,
3347875000, -4.471853e+001,
3349250000, -4.465607e+001,
3350625000, -4.480569e+001,
3352000000, -4.485439e+001,
3353375000, -4.466508e+001,
3354750000, -4.450126e+001,
3356125000, -4.453751e+001,
3357500000, -4.472829e+001,
3358875000, -4.477664e+001,
3360250000, -4.471946e+001,
3361625000, -4.455025e+001,
3363000000, -4.455200e+001,
3364375000, -4.469358e+001,
3365750000, -4.470493e+001,
3367125000, -4.462784e+001,
3368500000, -4.471910e+001,
3369875000, -4.475489e+001,
3371250000, -4.466416e+001,
3372625000, -4.455555e+001,
3374000000, -4.464091e+001,
3375375000, -4.473613e+001,
3376750000, -4.488357e+001,
3378125000, -4.479382e+001,
3379500000, -4.468794e+001,
3380875000, -4.462622e+001,
3382250000, -4.483483e+001,
3383625000, -4.496253e+001,
3385000000, -4.500282e+001,
3386375000, -4.490108e+001,
3387750000, -4.482685e+001,
3389125000, -4.500190e+001,
3390500000, -4.500315e+001,
3391875000, -4.483559e+001,
3393250000, -4.503124e+001,
3394625000, -4.523629e+001,
3396000000, -4.505887e+001,
3397375000, -4.496571e+001,
3398750000, -4.499328e+001,
3400125000, -4.499789e+001,
3401500000, -4.517803e+001,
3402875000, -4.533883e+001,
3404250000, -4.519805e+001,
3405625000, -4.501746e+001,
3407000000, -4.517105e+001,
3408375000, -4.527966e+001,
3409750000, -4.534944e+001,
3411125000, -4.537084e+001,
3412500000, -4.537267e+001,
3413875000, -4.543270e+001,
3415250000, -4.547541e+001,
3416625000, -4.529846e+001,
3418000000, -4.532652e+001,
3419375000, -4.549216e+001,
3420750000, -4.550412e+001,
3422125000, -4.533237e+001,
3423500000, -4.540025e+001,
3424875000, -4.541697e+001,
3426250000, -4.527273e+001,
3427625000, -4.538156e+001,
3429000000, -4.558256e+001,
3430375000, -4.552854e+001,
3431750000, -4.536185e+001,
3433125000, -4.544567e+001,
3434500000, -4.550003e+001,
3435875000, -4.540027e+001,
3437250000, -4.538066e+001,
3438625000, -4.550436e+001,
3440000000, -4.555855e+001,
3441375000, -4.549536e+001,
3442750000, -4.539228e+001,
3444125000, -4.533428e+001,
3445500000, -4.545287e+001,
3446875000, -4.548206e+001,
3448250000, -4.540962e+001,
3449625000, -4.535188e+001,
3451000000, -4.539066e+001,
3452375000, -4.532077e+001,
3453750000, -4.529240e+001,
3455125000, -4.546162e+001,
3456500000, -4.537282e+001,
3457875000, -4.520484e+001,
3459250000, -4.522612e+001,
3460625000, -4.545434e+001,
3462000000, -4.552847e+001,
3463375000, -4.539091e+001,
3464750000, -4.522451e+001,
3466125000, -4.512428e+001,
3467500000, -4.531036e+001,
3468875000, -4.539105e+001,
3470250000, -4.530087e+001,
3471625000, -4.514754e+001,
3473000000, -4.518104e+001,
3474375000, -4.523281e+001,
3475750000, -4.530643e+001,
3477125000, -4.535343e+001,
3478500000, -4.513679e+001,
3479875000, -4.491856e+001,
3481250000, -4.507256e+001,
3482625000, -4.540612e+001,
3484000000, -4.537164e+001,
3485375000, -4.514194e+001,
3486750000, -4.494540e+001,
3488125000, -4.502913e+001,
3489500000, -4.528942e+001,
3490875000, -4.532385e+001,
3492250000, -4.526913e+001,
3493625000, -4.503775e+001,
3495000000, -4.495906e+001,
3496375000, -4.503361e+001,
3497750000, -4.515790e+001,
3499125000, -4.509999e+001,
3500500000, -4.500438e+001,
3501875000, -4.498579e+001,
3503250000, -4.502802e+001,
3504625000, -4.518787e+001,
3506000000, -4.547356e+001,
3507375000, -4.523685e+001,
3508750000, -4.471882e+001,
3510125000, -4.481256e+001,
3511500000, -4.524170e+001,
3512875000, -4.557735e+001,
3514250000, -4.536756e+001,
3515625000, -4.505656e+001,
3517000000, -4.509106e+001,
3518375000, -4.511978e+001,
3519750000, -4.520604e+001,
3521125000, -4.534680e+001,
3522500000, -4.541961e+001,
3523875000, -4.527449e+001,
3525250000, -4.528753e+001,
3526625000, -4.525639e+001,
3528000000, -4.533254e+001,
3529375000, -4.548073e+001,
3530750000, -4.536230e+001,
3532125000, -4.500535e+001,
3533500000, -4.502747e+001,
3534875000, -4.560333e+001,
3536250000, -4.613346e+001,
3537625000, -4.585277e+001,
3539000000, -4.544342e+001,
3540375000, -4.526489e+001,
3541750000, -4.550018e+001,
3543125000, -4.599800e+001,
3544500000, -4.609685e+001,
3545875000, -4.601905e+001,
3547250000, -4.592911e+001,
3548625000, -4.576771e+001,
3550000000, -4.576907e+001,
3551375000, -4.589568e+001,
3552750000, -4.608753e+001,
3554125000, -4.614023e+001,
3555500000, -4.598167e+001,
3556875000, -4.598066e+001,
3558250000, -4.624699e+001,
3559625000, -4.645642e+001,
3561000000, -4.635687e+001,
3562375000, -4.603563e+001,
3563750000, -4.560873e+001,
3565125000, -4.575769e+001,
3566500000, -4.636171e+001,
3567875000, -4.684034e+001,
3569250000, -4.670674e+001,
3570625000, -4.643932e+001,
3572000000, -4.621214e+001,
3573375000, -4.616575e+001,
3574750000, -4.632063e+001,
3576125000, -4.643856e+001,
3577500000, -4.661345e+001,
3578875000, -4.670815e+001,
3580250000, -4.662362e+001,
3581625000, -4.648552e+001,
3583000000, -4.658682e+001,
3584375000, -4.659308e+001,
3585750000, -4.639472e+001,
3587125000, -4.623026e+001,
3588500000, -4.636706e+001,
3589875000, -4.652695e+001,
3591250000, -4.662485e+001,
3592625000, -4.687993e+001,
3594000000, -4.677225e+001,
3595375000, -4.623430e+001,
3596750000, -4.595828e+001,
3598125000, -4.597793e+001,
3599500000, -4.654194e+001,
3600875000, -4.676635e+001,
3602250000, -4.652027e+001,
3603625000, -4.674063e+001,
3605000000, -4.679721e+001,
3606375000, -4.648420e+001,
3607750000, -4.629526e+001,
3609125000, -4.622838e+001,
3610500000, -4.640743e+001,
3611875000, -4.664330e+001,
3613250000, -4.656221e+001,
3614625000, -4.640052e+001,
3616000000, -4.646174e+001,
3617375000, -4.682281e+001,
3618750000, -4.679943e+001,
3620125000, -4.638388e+001,
3621500000, -4.618296e+001,
3622875000, -4.617812e+001,
3624250000, -4.634693e+001,
3625625000, -4.665237e+001,
3627000000, -4.677007e+001,
3628375000, -4.673860e+001,
3629750000, -4.650453e+001,
3631125000, -4.613358e+001,
3632500000, -4.611282e+001,
3633875000, -4.631618e+001,
3635250000, -4.644232e+001,
3636625000, -4.654975e+001,
3638000000, -4.674899e+001,
3639375000, -4.658084e+001,
3640750000, -4.636393e+001,
3642125000, -4.640942e+001,
3643500000, -4.665661e+001,
3644875000, -4.679061e+001,
3646250000, -4.672684e+001,
3647625000, -4.641565e+001,
3649000000, -4.609285e+001,
3650375000, -4.611715e+001,
3651750000, -4.644468e+001,
3653125000, -4.667677e+001,
3654500000, -4.672818e+001,
3655875000, -4.671614e+001,
3657250000, -4.669597e+001,
3658625000, -4.665426e+001,
3660000000, -4.629854e+001,
3661375000, -4.610739e+001,
3662750000, -4.623915e+001,
3664125000, -4.655593e+001,
3665500000, -4.677573e+001,
3666875000, -4.675052e+001,
3668250000, -4.653284e+001,
3669625000, -4.638638e+001,
3671000000, -4.638667e+001,
3672375000, -4.666144e+001,
3673750000, -4.704582e+001,
3675125000, -4.691558e+001,
3676500000, -4.618514e+001,
3677875000, -4.616769e+001,
3679250000, -4.652517e+001,
3680625000, -4.699229e+001,
3682000000, -4.728774e+001,
3683375000, -4.739039e+001,
3684750000, -4.703138e+001,
3686125000, -4.641863e+001,
3687500000, -4.631396e+001,
3688875000, -4.658196e+001,
3690250000, -4.683712e+001,
3691625000, -4.686835e+001,
3693000000, -4.673419e+001,
3694375000, -4.706963e+001,
3695750000, -4.753928e+001,
3697125000, -4.744502e+001,
3698500000, -4.689691e+001,
3699875000, -4.649223e+001,
3701250000, -4.658858e+001,
3702625000, -4.658706e+001,
3704000000, -4.660479e+001,
3705375000, -4.696833e+001,
3706750000, -4.742525e+001,
3708125000, -4.755983e+001,
3709500000, -4.717130e+001,
3710875000, -4.744155e+001,
3712250000, -4.739426e+001,
3713625000, -4.707454e+001,
3715000000, -4.680086e+001,
3716375000, -4.635197e+001,
3717750000, -4.637460e+001,
3719125000, -4.730381e+001,
3720500000, -4.800122e+001,
3721875000, -4.761081e+001,
3723250000, -4.736838e+001,
3724625000, -4.769304e+001,
3726000000, -4.773037e+001,
3727375000, -4.687597e+001,
3728750000, -4.609340e+001,
3730125000, -4.617927e+001,
3731500000, -4.634639e+001,
3732875000, -4.688623e+001,
3734250000, -4.773406e+001,
3735625000, -4.819033e+001,
3737000000, -4.733333e+001,
3738375000, -4.724997e+001,
3739750000, -4.686645e+001,
3741125000, -4.614553e+001,
3742500000, -4.559095e+001,
3743875000, -4.603732e+001,
3745250000, -4.694802e+001,
3746625000, -4.746320e+001,
3748000000, -4.732363e+001,
3749375000, -4.729531e+001,
3750750000, -4.710414e+001,
3752125000, -4.679446e+001,
3753500000, -4.675279e+001,
3754875000, -4.631858e+001,
3756250000, -4.633916e+001,
3757625000, -4.666236e+001,
3759000000, -4.634222e+001,
3760375000, -4.602760e+001,
3761750000, -4.600914e+001,
3763125000, -4.682803e+001,
3764500000, -4.792180e+001,
3765875000, -4.781815e+001,
3767250000, -4.712771e+001,
3768625000, -4.646302e+001,
3770000000, -4.584476e+001,
3771375000, -4.519390e+001,
3772750000, -4.521037e+001,
3774125000, -4.604808e+001,
3775500000, -4.652939e+001,
3776875000, -4.690194e+001,
3778250000, -4.709096e+001,
3779625000, -4.671725e+001,
3781000000, -4.645602e+001,
3782375000, -4.594951e+001,
3783750000, -4.546309e+001,
3785125000, -4.575843e+001,
3786500000, -4.630867e+001,
3787875000, -4.615326e+001,
3789250000, -4.606304e+001,
3790625000, -4.634523e+001,
3792000000, -4.649909e+001,
3793375000, -4.636095e+001,
3794750000, -4.645407e+001,
3796125000, -4.667639e+001,
3797500000, -4.681183e+001,
3798875000, -4.693875e+001,
3800250000, -4.635273e+001,
3801625000, -4.512551e+001,
3803000000, -4.491693e+001,
3804375000, -4.556721e+001,
3805750000, -4.642473e+001,
3807125000, -4.716417e+001,
3808500000, -4.808836e+001,
3809875000, -4.793389e+001,
3811250000, -4.697414e+001,
3812625000, -4.651773e+001,
3814000000, -4.669209e+001,
3815375000, -4.670551e+001,
3816750000, -4.602462e+001,
3818125000, -4.585056e+001,
3819500000, -4.652835e+001,
3820875000, -4.679317e+001,
3822250000, -4.733154e+001,
3823625000, -4.778055e+001,
3825000000, -4.738213e+001,
3826375000, -4.732165e+001,
3827750000, -4.719319e+001,
3829125000, -4.703208e+001,
3830500000, -4.697654e+001,
3831875000, -4.650130e+001,
3833250000, -4.620037e+001,
3834625000, -4.622353e+001,
3836000000, -4.664853e+001,
3837375000, -4.783999e+001,
3838750000, -4.955676e+001,
3840125000, -4.909499e+001,
3841500000, -4.780728e+001,
3842875000, -4.682910e+001,
3844250000, -4.706338e+001,
3845625000, -4.752340e+001,
3847000000, -4.790659e+001,
3848375000, -4.728344e+001,
3849750000, -4.686537e+001,
3851125000, -4.705413e+001,
3852500000, -4.769419e+001,
3853875000, -4.809075e+001,
3855250000, -4.847248e+001,
3856625000, -5.021235e+001,
3858000000, -5.132698e+001,
3859375000, -4.973444e+001,
3860750000, -4.747244e+001,
3862125000, -4.668186e+001,
3863500000, -4.639104e+001,
3864875000, -4.714853e+001,
3866250000, -4.736337e+001,
3867625000, -4.733627e+001,
3869000000, -4.865493e+001,
3870375000, -5.013931e+001,
3871750000, -5.027712e+001,
3873125000, -5.064010e+001,
3874500000, -5.004012e+001,
3875875000, -4.869821e+001,
3877250000, -4.754523e+001,
3878625000, -4.626031e+001,
3880000000, -4.649459e+001,
3881375000, -4.752507e+001,
3882750000, -4.807065e+001,
3884125000, -4.873557e+001,
3885500000, -4.908987e+001,
3886875000, -4.900051e+001,
3888250000, -4.875801e+001,
3889625000, -4.934423e+001,
3891000000, -4.992273e+001,
3892375000, -5.154973e+001,
3893750000, -5.124940e+001,
3895125000, -4.733004e+001,
3896500000, -4.464465e+001,
3897875000, -4.470468e+001,
3899250000, -4.581676e+001,
3900625000, -4.724919e+001,
3902000000, -4.947561e+001,
3903375000, -5.293526e+001,
3904750000, -5.427411e+001,
3906125000, -5.257443e+001,
3907500000, -5.027961e+001,
3908875000, -4.837702e+001,
3910250000, -4.629737e+001,
3911625000, -4.524846e+001,
3913000000, -4.495280e+001,
3914375000, -4.601753e+001,
3915750000, -4.723774e+001,
3917125000, -4.854321e+001,
3918500000, -5.069639e+001,
3919875000, -5.594259e+001,
3921250000, -5.676496e+001,
3922625000, -4.946717e+001,
3924000000, -4.524245e+001,
3925375000, -4.350170e+001,
3926750000, -4.475875e+001,
3928125000, -4.798196e+001,
3929500000, -4.846156e+001,
3930875000, -4.675527e+001,
3932250000, -4.614211e+001,
3933625000, -4.550254e+001,
3935000000, -4.590170e+001,
3936375000, -4.779684e+001,
3937750000, -5.143737e+001,
3939125000, -5.207857e+001,
3940500000, -5.197061e+001,
3941875000, -5.335958e+001,
3943250000, -5.175268e+001,
3944625000, -4.601942e+001,
3946000000, -4.264933e+001,
3947375000, -4.193435e+001,
3948750000, -4.290724e+001,
3950125000, -4.461596e+001,
3951500000, -4.836145e+001,
3952875000, -5.176417e+001,
3954250000, -5.174027e+001,
3955625000, -5.219021e+001,
3957000000, -5.483829e+001,
3958375000, -5.072869e+001,
3959750000, -4.637432e+001,
3961125000, -4.589990e+001,
3962500000, -4.571215e+001,
3963875000, -4.527831e+001,
3965250000, -4.564060e+001,
3966625000, -4.535636e+001,
3968000000, -4.533789e+001,
3969375000, -4.711877e+001,
3970750000, -5.019500e+001,
3972125000, -5.269355e+001,
3973500000, -6.852267e+001,
3974875000, -5.108260e+001,
3976250000, -4.366434e+001,
3977625000, -4.294148e+001,
3979000000, -4.439265e+001,
3980375000, -4.397747e+001,
3981750000, -4.328465e+001,
3983125000, -4.411609e+001,
3984500000, -4.443075e+001,
3985875000, -4.365321e+001,
3987250000, -4.422463e+001,
3988625000, -4.603846e+001,
3990000000, -4.745177e+001,
3991375000, -5.171461e+001,
3992750000, -5.318733e+001,
3994125000, -4.625982e+001,
3995500000, -4.302949e+001,
3996875000, -4.269581e+001,
3998250000, -4.238866e+001,
3999625000, -4.331005e+001,
4001000000, -4.355446e+001,
4002375000, -4.463348e+001,
4003750000, -4.931477e+001,
4005125000, -4.993042e+001,
4006500000, -5.212451e+001,
4007875000, -5.277297e+001,
4009250000, -4.983107e+001,
4010625000, -5.130245e+001,
4012000000, -5.029544e+001,
4013375000, -4.893849e+001,
4014750000, -4.858963e+001,
4016125000, -4.816680e+001,
4017500000, -4.804859e+001,
4018875000, -4.904962e+001,
4020250000, -4.998146e+001,
4021625000, -4.856764e+001,
4023000000, -4.520810e+001,
4024375000, -4.434750e+001,
4025750000, -4.459716e+001,
4027125000, -4.706814e+001,
4028500000, -5.031260e+001,
4029875000, -6.887930e+001,
4031250000, -5.227135e+001,
4032625000, -4.632926e+001,
4034000000, -4.265846e+001,
4035375000, -3.911053e+001,
4036750000, -3.993100e+001,
4038125000, -4.240513e+001,
4039500000, -4.353057e+001,
4040875000, -4.400975e+001,
4042250000, -4.455913e+001,
4043625000, -4.424743e+001,
4045000000, -4.632286e+001,
4046375000, -5.366850e+001,
4047750000, -5.480405e+001,
4049125000, -5.063068e+001,
4050500000, -4.461530e+001,
4051875000, -3.978516e+001,
4053250000, -3.784338e+001,
4054625000, -3.903863e+001,
4056000000, -4.091026e+001,
4057375000, -4.161849e+001,
4058750000, -4.259693e+001,
4060125000, -5.112141e+001,
4061500000, -4.907716e+001,
4062875000, -4.314614e+001,
4064250000, -4.404184e+001,
4065625000, -4.870382e+001,
4067000000, -6.429864e+001,
4068375000, -4.858607e+001,
4069750000, -4.147047e+001,
4071125000, -3.981412e+001,
4072500000, -4.720971e+001,
4073875000, -4.790610e+001,
4075250000, -4.386175e+001,
4076625000, -4.437862e+001,
4078000000, -4.568057e+001,
4079375000, -4.573626e+001,
4080750000, -4.577065e+001,
4082125000, -4.414174e+001,
4083500000, -4.585868e+001,
4084875000, -5.405030e+001,
4086250000, -5.047202e+001,
4087625000, -4.106858e+001,
4089000000, -3.735574e+001,
4090375000, -3.748764e+001,
4091750000, -3.896561e+001,
4093125000, -3.924316e+001,
4094500000, -4.007117e+001,
4095875000, -3.916092e+001,
4097250000, -3.498368e+001,
4098625000, -3.286640e+001,
4100000000, -3.280889e+001,
4101375000, -3.549936e+001,
4102750000, -4.053551e+001,
4104125000, -5.098802e+001,
4105500000, -4.164394e+001,
4106875000, -3.740625e+001,
4108250000, -3.499244e+001,
4109625000, -3.412745e+001,
4111000000, -3.450149e+001,
4112375000, -3.507352e+001,
4113750000, -3.651121e+001,
4115125000, -3.745587e+001,
4116500000, -3.874538e+001,
4117875000, -4.604580e+001,
4119250000, -4.645828e+001,
4120625000, -4.086162e+001,
4122000000, -3.677361e+001,
4123375000, -3.601200e+001,
4124750000, -3.808062e+001,
4126125000, -3.907882e+001,
4127500000, -3.980720e+001,
4128875000, -4.082308e+001,
4130250000, -3.968737e+001,
4131625000, -4.057198e+001,
4133000000, -4.602611e+001,
4134375000, -4.681209e+001,
4135750000, -4.362748e+001,
4137125000, -3.960376e+001,
4138500000, -3.476979e+001,
4139875000, -2.935757e+001,
4141250000, -2.933713e+001,
4142625000, -3.345906e+001,
4144000000, -3.638488e+001,
4145375000, -3.643542e+001,
4146750000, -3.416231e+001,
4148125000, -3.173997e+001,
4149500000, -2.929705e+001,
4150875000, -2.629540e+001,
4152250000, -2.486882e+001,
4153625000, -2.620037e+001,
4155000000, -2.908277e+001,
4156375000, -3.155094e+001,
4157750000, -3.352801e+001,
4159125000, -3.348248e+001,
4160500000, -3.172425e+001,
4161875000, -2.992408e+001,
4163250000, -2.764791e+001,
4164625000, -2.531983e+001,
4166000000, -2.431598e+001,
4167375000, -2.606193e+001,
4168750000, -2.837285e+001,
4170125000, -2.996638e+001,
4171500000, -3.176220e+001,
4172875000, -3.312546e+001,
4174250000, -3.143030e+001,
4175625000, -2.681539e+001,
4177000000, -2.503891e+001,
4178375000, -2.573327e+001,
4179750000, -2.654044e+001,
4181125000, -2.845967e+001,
4182500000, -3.025672e+001,
4183875000, -3.286299e+001,
4185250000, -3.657794e+001,
4186625000, -3.696608e+001,
4188000000, -3.716415e+001,
4189375000, -3.548554e+001,
4190750000, -3.187403e+001,
4192125000, -2.982894e+001,
4193500000, -2.697081e+001,
4194875000, -2.509005e+001,
4196250000, -2.559424e+001,
4197625000, -2.884875e+001,
4199000000, -3.206013e+001,
4200375000, -3.388761e+001,
4201750000, -3.592266e+001,
4203125000, -3.527597e+001,
4204500000, -3.257752e+001,
4205875000, -2.951015e+001,
4207250000, -2.655268e+001,
4208625000, -2.310019e+001,
4210000000, -2.139614e+001,
4211375000, -2.085921e+001,
4212750000, -1.979856e+001,
4214125000, -1.916105e+001,
4215500000, -2.049668e+001,
4216875000, -2.272835e+001,
4218250000, -2.406260e+001,
4219625000, -2.449458e+001,
4221000000, -2.322320e+001,
4222375000, -2.125267e+001,
4223750000, -1.934383e+001,
4225125000, -1.719799e+001,
4226500000, -1.529452e+001,
4227875000, -1.340436e+001,
4229250000, -1.252628e+001,
4230625000, -1.372535e+001,
4232000000, -1.589460e+001,
4233375000, -1.757184e+001,
4234750000, -1.789347e+001,
4236125000, -1.721364e+001,
4237500000, -1.593143e+001,
4238875000, -1.441620e+001,
4240250000, -1.294694e+001,
4241625000, -1.138469e+001,
4243000000, -9.573508e+000,
4244375000, -8.148476e+000,
4245750000, -8.090868e+000,
4247125000, -9.222182e+000,
4248500000, -1.061850e+001,
4249875000, -1.148310e+001,
4251250000, -1.159317e+001,
4252625000, -1.109868e+001,
4254000000, -1.038517e+001,
4255375000, -9.711990e+000,
4256750000, -8.918726e+000,
4258125000, -7.989112e+000,
4259500000, -7.167734e+000,
4260875000, -6.800445e+000,
4262250000, -7.058695e+000,
4263625000, -7.825887e+000,
4265000000, -8.744406e+000,
4266375000, -9.342971e+000,
4267750000, -9.254342e+000,
4269125000, -8.617308e+000,
4270500000, -7.957831e+000,
4271875000, -7.405276e+000,
4273250000, -6.900135e+000,
4274625000, -6.620166e+000,
4276000000, -6.716066e+000,
4277375000, -7.102312e+000,
4278750000, -7.723034e+000,
4280125000, -8.407407e+000,
4281500000, -8.915050e+000,
4282875000, -8.866064e+000,
4284250000, -8.346789e+000,
4285625000, -7.786764e+000,
4287000000, -7.285020e+000,
4288375000, -6.956273e+000,
4289750000, -7.029698e+000,
4291125000, -7.527784e+000,
4292500000, -8.314360e+000,
4293875000, -9.261514e+000,
4295250000, -1.009926e+001,
4296625000, -1.041533e+001,
4298000000, -1.018147e+001,
4299375000, -9.667515e+000,
4300750000, -9.108526e+000,
4302125000, -8.608477e+000,
4303500000, -8.442439e+000,
4304875000, -8.935976e+000,
4306250000, -9.948176e+000,
4307625000, -1.117429e+001,
4309000000, -1.219601e+001,
4310375000, -1.260339e+001,
4311750000, -1.243268e+001,
4313125000, -1.197985e+001,
4314500000, -1.141506e+001,
4315875000, -1.079864e+001,
4317250000, -1.024830e+001,
4318625000, -1.012578e+001,
4320000000, -1.062917e+001,
4321375000, -1.150337e+001,
4322750000, -1.222265e+001,
4324125000, -1.248368e+001,
4325500000, -1.242915e+001,
4326875000, -1.227381e+001,
4328250000, -1.203528e+001,
4329625000, -1.164487e+001,
4331000000, -1.116343e+001,
4332375000, -1.084866e+001,
4333750000, -1.093695e+001,
4335125000, -1.126276e+001,
4336500000, -1.150998e+001,
4337875000, -1.163695e+001,
4339250000, -1.176789e+001,
4340625000, -1.182401e+001,
4342000000, -1.158653e+001,
4343375000, -1.111402e+001,
4344750000, -1.065709e+001,
4346125000, -1.049660e+001,
4347500000, -1.068190e+001,
4348875000, -1.084190e+001,
4350250000, -1.077036e+001,
4351625000, -1.059166e+001,
4353000000, -1.046556e+001,
4354375000, -1.025695e+001,
4355750000, -9.843043e+000,
4357125000, -9.423331e+000,
4358500000, -9.307548e+000,
4359875000, -9.622658e+000,
4361250000, -1.007211e+001,
4362625000, -1.029598e+001,
4364000000, -1.018707e+001,
4365375000, -9.835296e+000,
4366750000, -9.451972e+000,
4368125000, -9.083348e+000,
4369500000, -8.771980e+000,
4370875000, -8.795652e+000,
4372250000, -9.237851e+000,
4373625000, -9.827114e+000,
4375000000, -1.019348e+001,
4376375000, -1.014517e+001,
4377750000, -9.944327e+000,
4379125000, -9.834077e+000,
4380500000, -9.716880e+000,
4381875000, -9.481105e+000,
4383250000, -9.291038e+000,
4384625000, -9.287723e+000,
4386000000, -9.438354e+000,
4387375000, -9.697972e+000,
4388750000, -9.965078e+000,
4390125000, -1.019450e+001,
4391500000, -1.037795e+001,
4392875000, -1.038085e+001,
4394250000, -1.010631e+001,
4395625000, -9.796268e+000,
4397000000, -9.686169e+000,
4398375000, -9.895833e+000,
4399750000, -1.041955e+001,
4401125000, -1.130983e+001,
4402500000, -1.215161e+001,
4403875000, -1.240650e+001,
4405250000, -1.195655e+001,
4406625000, -1.110733e+001,
4408000000, -1.035688e+001,
4409375000, -1.002228e+001,
4410750000, -1.021602e+001,
4412125000, -1.080132e+001,
4413500000, -1.169637e+001,
4414875000, -1.229739e+001,
4416250000, -1.234713e+001,
4417625000, -1.196913e+001,
4419000000, -1.157059e+001,
4420375000, -1.133449e+001,
4421750000, -1.142729e+001,
4423125000, -1.171875e+001,
4424500000, -1.198850e+001,
4425875000, -1.215232e+001,
4427250000, -1.201744e+001,
4428625000, -1.174069e+001,
4430000000, -1.160218e+001,
4431375000, -1.182885e+001,
4432750000, -1.258371e+001,
4434125000, -1.345669e+001,
4435500000, -1.379556e+001,
4436875000, -1.367363e+001,
4438250000, -1.325236e+001,
4439625000, -1.280954e+001,
4441000000, -1.274131e+001,
4442375000, -1.341579e+001,
4443750000, -1.468925e+001,
4445125000, -1.576099e+001,
4446500000, -1.629645e+001,
4447875000, -1.613263e+001,
4449250000, -1.552836e+001,
4450625000, -1.479836e+001,
4452000000, -1.417925e+001,
4453375000, -1.447614e+001,
4454750000, -1.547770e+001,
4456125000, -1.657246e+001,
4457500000, -1.705491e+001,
4458875000, -1.699353e+001,
4460250000, -1.663448e+001,
4461625000, -1.598938e+001,
4463000000, -1.525491e+001,
4464375000, -1.492349e+001,
4465750000, -1.535199e+001,
4467125000, -1.615451e+001,
4468500000, -1.665848e+001,
4469875000, -1.672128e+001,
4471250000, -1.645973e+001,
4472625000, -1.582129e+001,
4474000000, -1.497045e+001,
4475375000, -1.435091e+001,
4476750000, -1.445093e+001,
4478125000, -1.489538e+001,
4479500000, -1.517398e+001,
4480875000, -1.514203e+001,
4482250000, -1.479402e+001,
4483625000, -1.432623e+001,
4485000000, -1.388744e+001,
4486375000, -1.367576e+001,
4487750000, -1.380944e+001,
4489125000, -1.393873e+001,
4490500000, -1.394413e+001,
4491875000, -1.394122e+001,
4493250000, -1.412212e+001,
4494625000, -1.432918e+001,
4496000000, -1.439939e+001,
4497375000, -1.435644e+001,
4498750000, -1.413764e+001,
4500125000, -1.382811e+001,
4501500000, -1.373123e+001,
4502875000, -1.415147e+001,
4504250000, -1.480134e+001,
4505625000, -1.523202e+001,
4507000000, -1.529880e+001,
4508375000, -1.493689e+001,
4509750000, -1.433336e+001,
4511125000, -1.395851e+001,
4512500000, -1.434783e+001,
4513875000, -1.535018e+001,
4515250000, -1.625737e+001,
4516625000, -1.666221e+001,
4518000000, -1.656534e+001,
4519375000, -1.600965e+001,
4520750000, -1.536393e+001,
4522125000, -1.543425e+001,
4523500000, -1.623355e+001,
4524875000, -1.706364e+001,
4526250000, -1.741200e+001,
4527625000, -1.715545e+001,
4529000000, -1.644712e+001,
4530375000, -1.574997e+001,
4531750000, -1.547673e+001,
4533125000, -1.554711e+001,
4534500000, -1.571558e+001,
4535875000, -1.572055e+001,
4537250000, -1.563328e+001,
4538625000, -1.572448e+001,
4540000000, -1.595450e+001,
4541375000, -1.601363e+001,
4542750000, -1.588840e+001,
4544125000, -1.563574e+001,
4545500000, -1.550556e+001,
4546875000, -1.596154e+001,
4548250000, -1.672412e+001,
4549625000, -1.717717e+001,
4551000000, -1.713577e+001,
4552375000, -1.657573e+001,
4553750000, -1.571062e+001,
4555125000, -1.516560e+001,
4556500000, -1.541534e+001,
4557875000, -1.600500e+001,
4559250000, -1.635522e+001,
4560625000, -1.622303e+001,
4562000000, -1.562629e+001,
4563375000, -1.484600e+001,
4564750000, -1.465181e+001,
4566125000, -1.518776e+001,
4567500000, -1.585690e+001,
4568875000, -1.613297e+001,
4570250000, -1.585244e+001,
4571625000, -1.523752e+001,
4573000000, -1.484208e+001,
4574375000, -1.488080e+001,
4575750000, -1.508270e+001,
4577125000, -1.515971e+001,
4578500000, -1.500829e+001,
4579875000, -1.472820e+001,
4581250000, -1.448286e+001,
4582625000, -1.435378e+001,
4584000000, -1.437435e+001,
4585375000, -1.458398e+001,
4586750000, -1.497075e+001,
4588125000, -1.536607e+001,
4589500000, -1.554778e+001,
4590875000, -1.544695e+001,
4592250000, -1.524041e+001,
4593625000, -1.533622e+001,
4595000000, -1.587572e+001,
4596375000, -1.640534e+001,
4597750000, -1.649836e+001,
4599125000, -1.610472e+001,
4600500000, -1.552601e+001,
4601875000, -1.545316e+001,
4603250000, -1.610150e+001,
4604625000, -1.684380e+001,
4606000000, -1.715182e+001,
4607375000, -1.697744e+001,
4608750000, -1.667557e+001,
4610125000, -1.685131e+001,
4611500000, -1.762747e+001,
4612875000, -1.841022e+001,
4614250000, -1.869292e+001,
4615625000, -1.846678e+001,
4617000000, -1.809491e+001,
4618375000, -1.797290e+001,
4619750000, -1.816893e+001,
4621125000, -1.826824e+001,
4622500000, -1.821334e+001,
4623875000, -1.822172e+001,
4625250000, -1.836849e+001,
4626625000, -1.851446e+001,
4628000000, -1.845475e+001,
4629375000, -1.845028e+001,
4630750000, -1.887306e+001,
4632125000, -1.949385e+001,
4633500000, -1.971837e+001,
4634875000, -1.929486e+001,
4636250000, -1.857479e+001,
4637625000, -1.830723e+001,
4639000000, -1.865838e+001,
4640375000, -1.886122e+001,
4641750000, -1.852163e+001,
4643125000, -1.786581e+001,
4644500000, -1.767811e+001,
4645875000, -1.822399e+001,
4647250000, -1.881010e+001,
4648625000, -1.882101e+001,
4650000000, -1.849578e+001,
4651375000, -1.852005e+001,
4652750000, -1.894130e+001,
4654125000, -1.914657e+001,
4655500000, -1.887449e+001,
4656875000, -1.851710e+001,
4658250000, -1.844704e+001,
4659625000, -1.853630e+001,
4661000000, -1.861512e+001,
4662375000, -1.886766e+001,
4663750000, -1.938329e+001,
4665125000, -1.986810e+001,
4666500000, -2.006223e+001,
4667875000, -2.019945e+001,
4669250000, -2.075572e+001,
4670625000, -2.133164e+001,
4672000000, -2.121297e+001,
4673375000, -2.051710e+001,
4674750000, -2.020922e+001,
4676125000, -2.069247e+001,
4677500000, -2.115147e+001,
4678875000, -2.102082e+001,
4680250000, -2.083047e+001,
4681625000, -2.127431e+001,
4683000000, -2.206589e+001,
4684375000, -2.243296e+001,
4685750000, -2.235437e+001,
4687125000, -2.223225e+001,
4688500000, -2.216859e+001,
4689875000, -2.189694e+001,
4691250000, -2.153437e+001,
4692625000, -2.137870e+001,
4694000000, -2.129370e+001,
4695375000, -2.116684e+001,
4696750000, -2.128019e+001,
4698125000, -2.182197e+001,
4699500000, -2.235524e+001,
4700875000, -2.240117e+001,
4702250000, -2.219920e+001,
4703625000, -2.221636e+001,
4705000000, -2.221362e+001,
4706375000, -2.180764e+001,
4707750000, -2.134492e+001,
4709125000, -2.143126e+001,
4710500000, -2.183881e+001,
4711875000, -2.208919e+001,
4713250000, -2.239583e+001,
4714625000, -2.303045e+001,
4716000000, -2.347772e+001,
4717375000, -2.339494e+001,
4718750000, -2.330142e+001,
4720125000, -2.327620e+001,
4721500000, -2.298227e+001,
4722875000, -2.284967e+001,
4724250000, -2.332484e+001,
4725625000, -2.393562e+001,
4727000000, -2.428002e+001,
4728375000, -2.495811e+001,
4729750000, -2.590399e+001,
4731125000, -2.607530e+001,
4732500000, -2.550810e+001,
4733875000, -2.524690e+001,
4735250000, -2.525987e+001,
4736625000, -2.495718e+001,
4738000000, -2.492751e+001,
4739375000, -2.566997e+001,
4740750000, -2.639987e+001,
4742125000, -2.681150e+001,
4743500000, -2.745881e+001,
4744875000, -2.764674e+001,
4746250000, -2.698787e+001,
4747625000, -2.643278e+001,
4749000000, -2.629364e+001,
4750375000, -2.598286e+001,
4751750000, -2.617064e+001,
4753125000, -2.721107e+001,
4754500000, -2.803247e+001,
4755875000, -2.846428e+001,
4757250000, -2.895349e+001,
4758625000, -2.846629e+001,
4760000000, -2.743170e+001,
4761375000, -2.717381e+001,
4762750000, -2.723377e+001,
4764125000, -2.745954e+001,
4765500000, -2.858829e+001,
4766875000, -2.977452e+001,
4768250000, -3.036311e+001,
4769625000, -3.059571e+001,
4771000000, -3.002107e+001,
4772375000, -2.898267e+001,
4773750000, -2.863290e+001,
4775125000, -2.876588e+001,
4776500000, -2.931278e+001,
4777875000, -3.068810e+001,
4779250000, -3.212287e+001,
4780625000, -3.249949e+001,
4782000000, -3.189667e+001,
4783375000, -3.092750e+001,
4784750000, -3.026870e+001,
4786125000, -3.051632e+001,
4787500000, -3.142583e+001,
4788875000, -3.307369e+001,
4790250000, -3.539139e+001,
4791625000, -3.645415e+001,
4793000000, -3.562339e+001,
4794375000, -3.429565e+001,
4795750000, -3.352505e+001,
4797125000, -3.363138e+001,
4798500000, -3.467554e+001,
4799875000, -3.673801e+001,
4801250000, -4.093136e+001,
4802625000, -4.179356e+001,
4804000000, -3.847719e+001,
4805375000, -3.605180e+001,
4806750000, -3.528704e+001,
4808125000, -3.586943e+001,
4809500000, -3.808897e+001,
4810875000, -4.265895e+001,
4812250000, -4.925953e+001,
4813625000, -4.265502e+001,
4815000000, -3.841944e+001,
4816375000, -3.655424e+001,
4817750000, -3.631850e+001,
4819125000, -3.800696e+001,
4820500000, -4.286285e+001,
4821875000, -5.001864e+001,
4823250000, -4.234460e+001,
4824625000, -3.808399e+001,
4826000000, -3.640986e+001,
4827375000, -3.689619e+001,
4828750000, -3.969640e+001,
4830125000, -4.994928e+001,
4831500000, -4.532682e+001,
4832875000, -3.934867e+001,
4834250000, -3.761563e+001,
4835625000, -3.819556e+001,
4837000000, -4.140467e+001,
4838375000, -5.170513e+001,
4839750000, -4.832473e+001,
4841125000, -4.077618e+001,
4842500000, -3.823289e+001,
4843875000, -3.825833e+001,
4845250000, -4.105280e+001,
4846625000, -4.861202e+001,
4848000000, -4.885637e+001,
4849375000, -4.012162e+001,
4850750000, -3.794841e+001,
4852125000, -3.804124e+001,
4853500000, -4.160290e+001,
4854875000, -5.353486e+001,
4856250000, -4.675779e+001,
4857625000, -3.998847e+001,
4859000000, -3.825546e+001,
4860375000, -3.970886e+001,
4861750000, -4.560839e+001,
4863125000, -5.234045e+001,
4864500000, -4.224466e+001,
4865875000, -3.954876e+001,
4867250000, -4.048382e+001,
4868625000, -4.568816e+001,
4870000000, -5.085990e+001,
4871375000, -4.280767e+001,
4872750000, -4.030165e+001,
4874125000, -4.138200e+001,
4875500000, -4.652384e+001,
4876875000, -4.786632e+001,
4878250000, -4.233246e+001,
4879625000, -4.070671e+001,
4881000000, -4.303481e+001,
4882375000, -4.924501e+001,
4883750000, -4.521984e+001,
4885125000, -4.154596e+001,
4886500000, -4.148260e+001,
4887875000, -4.643716e+001,
4889250000, -4.793108e+001,
4890625000, -4.249515e+001,
4892000000, -4.191851e+001,
4893375000, -4.545939e+001,
4894750000, -4.723957e+001,
4896125000, -4.370879e+001,
4897500000, -4.306158e+001,
4898875000, -4.387822e+001,
4900250000, -4.671878e+001,
4901625000, -4.573439e+001,
4903000000, -4.246818e+001,
4904375000, -4.420146e+001,
4905750000, -4.862648e+001,
4907125000, -4.346912e+001,
4908500000, -4.292654e+001,
4909875000, -4.800303e+001,
4911250000, -4.528335e+001,
4912625000, -4.409526e+001,
4914000000, -4.674538e+001,
4915375000, -4.482676e+001,
4916750000, -4.456296e+001,
4918125000, -4.609969e+001,
4919500000, -4.462091e+001,
4920875000, -4.514803e+001,
4922250000, -4.626229e+001,
4923625000, -4.408859e+001,
4925000000, -4.646539e+001,
4926375000, -4.515760e+001,
4927750000, -4.471489e+001,
4929125000, -4.632345e+001,
4930500000, -4.514661e+001,
4931875000, -4.523335e+001,
4933250000, -4.628223e+001,
4934625000, -4.466303e+001,
4936000000, -4.631398e+001,
4937375000, -4.524280e+001,
4938750000, -4.575007e+001,
4940125000, -4.555837e+001,
4941500000, -4.580415e+001,
4942875000, -4.536441e+001,
4944250000, -4.617768e+001,
4945625000, -4.518824e+001,
4947000000, -4.613789e+001,
4948375000, -4.543715e+001,
4949750000, -4.592127e+001,
4951125000, -4.564936e+001,
4952500000, -4.581702e+001,
4953875000, -4.587405e+001,
4955250000, -4.563001e+001,
4956625000, -4.598914e+001,
4958000000, -4.572914e+001,
4959375000, -4.590711e+001,
4960750000, -4.578873e+001,
4962125000, -4.579138e+001,
4963500000, -4.602045e+001,
4964875000, -4.583178e+001,
4966250000, -4.591171e+001,
4967625000, -4.591118e+001,
4969000000, -4.590054e+001,
4970375000, -4.593727e+001,
4971750000, -4.591899e+001,
4973125000, -4.591011e+001,
4974500000, -4.595750e+001,
4975875000, -4.601675e+001,
4977250000, -4.598715e+001,
4978625000, -4.593286e+001,
4980000000, -4.593929e+001,
4981375000, -4.597253e+001,
4982750000, -4.597349e+001,
4984125000, -4.598398e+001,
4985500000, -4.596502e+001,
4986875000, -4.603366e+001,
4988250000, -4.605749e+001,
4989625000, -4.603033e+001,
4991000000, -4.603351e+001,
4992375000, -4.604100e+001,
4993750000, -4.605014e+001,
4995125000, -4.603057e+001,
4996500000, -4.603307e+001,
4997875000, -4.605439e+001,
4999250000, -4.606277e+001,
5000625000, -4.608077e+001,
5002000000, -4.609072e+001,
5003375000, -4.608393e+001,
5004750000, -4.605830e+001,
5006125000, -4.608266e+001,
5007500000, -4.611466e+001,
5008875000, -4.613303e+001,
5010250000, -4.612176e+001,
5011625000, -4.616270e+001,
5013000000, -4.617274e+001,
5014375000, -4.620641e+001,
5015750000, -4.619715e+001,
5017125000, -4.622446e+001,
5018500000, -4.623645e+001,
5019875000, -4.625116e+001,
5021250000, -4.627271e+001,
5022625000, -4.625314e+001,
5024000000, -4.627549e+001,
5025375000, -4.627307e+001,
5026750000, -4.629163e+001,
5028125000, -4.626761e+001,
5029500000, -4.628457e+001,
5030875000, -4.630715e+001,
5032250000, -4.627475e+001,
5033625000, -4.628774e+001,
5035000000, -4.624903e+001,
5036375000, -4.627511e+001,
5037750000, -4.632833e+001,
5039125000, -4.629457e+001,
5040500000, -4.629021e+001,
5041875000, -4.631162e+001,
5043250000, -4.627590e+001,
5044625000, -4.630980e+001,
5046000000, -4.629408e+001,
5047375000, -4.629118e+001,
5048750000, -4.630433e+001,
5050125000, -4.629517e+001,
5051500000, -4.626968e+001,
5052875000, -4.625316e+001,
5054250000, -4.625111e+001,
5055625000, -4.626476e+001,
5057000000, -4.623589e+001,
5058375000, -4.623655e+001,
5059750000, -4.618476e+001,
5061125000, -4.621149e+001,
5062500000, -4.621116e+001,
5063875000, -4.620700e+001,
5065250000, -4.624274e+001,
5066625000, -4.621106e+001,
5068000000, -4.616279e+001,
5069375000, -4.615706e+001,
5070750000, -4.614357e+001,
5072125000, -4.612149e+001,
5073500000, -4.610077e+001,
5074875000, -4.609078e+001,
5076250000, -4.607718e+001,
5077625000, -4.604781e+001,
5079000000, -4.604536e+001,
5080375000, -4.599078e+001,
5081750000, -4.600678e+001,
5083125000, -4.599707e+001,
5084500000, -4.597566e+001,
5085875000, -4.593741e+001,
5087250000, -4.593219e+001,
5088625000, -4.593858e+001,
5090000000, -4.590580e+001,
5091375000, -4.591752e+001,
5092750000, -4.584987e+001,
5094125000, -4.584457e+001,
5095500000, -4.583748e+001,
5096875000, -4.580253e+001,
5098250000, -4.580343e+001,
5099625000, -4.578485e+001,
5101000000, -4.574840e+001,
5102375000, -4.576645e+001,
5103750000, -4.577510e+001,
5105125000, -4.576223e+001,
5106500000, -4.573808e+001,
5107875000, -4.574658e+001,
5109250000, -4.571402e+001,
5110625000, -4.571320e+001,
5112000000, -4.571956e+001,
5113375000, -4.570057e+001,
5114750000, -4.570448e+001,
5116125000, -4.570535e+001,
5117500000, -4.571947e+001,
5118875000, -4.572229e+001,
5120250000, -4.569533e+001,
5121625000, -4.569845e+001,
5123000000, -4.572072e+001,
5124375000, -4.571426e+001,
5125750000, -4.573933e+001,
5127125000, -4.573528e+001,
5128500000, -4.574993e+001,
5129875000, -4.576433e+001,
5131250000, -4.578289e+001,
5132625000, -4.577130e+001,
5134000000, -4.579882e+001,
5135375000, -4.580468e+001,
5136750000, -4.584962e+001,
5138125000, -4.586209e+001,
5139500000, -4.586240e+001,
5140875000, -4.591293e+001,
5142250000, -4.593864e+001,
5143625000, -4.595794e+001,
5145000000, -4.599419e+001,
5146375000, -4.601146e+001,
5147750000, -4.605804e+001,
5149125000, -4.609121e+001,
5150500000, -4.614447e+001,
5151875000, -4.615278e+001,
5153250000, -4.623376e+001,
5154625000, -4.629206e+001,
5156000000, -4.630561e+001,
5157375000, -4.633377e+001,
5158750000, -4.643430e+001,
5160125000, -4.649488e+001,
5161500000, -4.651757e+001,
5162875000, -4.655001e+001,
5164250000, -4.664647e+001,
5165625000, -4.669640e+001,
5167000000, -4.676067e+001,
5168375000, -4.680415e+001,
5169750000, -4.684064e+001,
5171125000, -4.690764e+001,
5172500000, -4.691341e+001,
5173875000, -4.697813e+001,
5175250000, -4.707045e+001,
5176625000, -4.709671e+001,
5178000000, -4.713707e+001,
5179375000, -4.718903e+001,
5180750000, -4.725492e+001,
5182125000, -4.730742e+001,
5183500000, -4.734288e+001,
5184875000, -4.736459e+001,
5186250000, -4.744679e+001,
5187625000, -4.749353e+001,
5189000000, -4.747719e+001,
5190375000, -4.755206e+001,
5191750000, -4.754909e+001,
5193125000, -4.761421e+001,
5194500000, -4.764858e+001,
5195875000, -4.772808e+001,
5197250000, -4.773662e+001,
5198625000, -4.780423e+001,
5200000000, -4.784306e+001,
