"S21 Log Mag"
"Frequency (Hz)","dB",
3500000000, -5.000770e+001,
3501250000, -4.986894e+001,
3502500000, -5.003231e+001,
3503750000, -5.015717e+001,
3505000000, -4.989720e+001,
3506250000, -4.994323e+001,
3507500000, -5.008010e+001,
3508750000, -4.994428e+001,
3510000000, -4.994789e+001,
3511250000, -5.001083e+001,
3512500000, -4.984491e+001,
3513750000, -4.994116e+001,
3515000000, -5.000630e+001,
3516250000, -5.002531e+001,
3517500000, -4.996666e+001,
3518750000, -4.998542e+001,
3520000000, -4.999851e+001,
3521250000, -5.008988e+001,
3522500000, -5.003751e+001,
3523750000, -4.990923e+001,
3525000000, -5.008363e+001,
3526250000, -5.021806e+001,
3527500000, -5.007554e+001,
3528750000, -5.000501e+001,
3530000000, -5.028330e+001,
3531250000, -5.015448e+001,
3532500000, -5.017263e+001,
3533750000, -5.029004e+001,
3535000000, -5.030540e+001,
3536250000, -5.023490e+001,
3537500000, -5.027735e+001,
3538750000, -5.041817e+001,
3540000000, -5.034310e+001,
3541250000, -5.040623e+001,
3542500000, -5.043003e+001,
3543750000, -5.050982e+001,
3545000000, -5.063718e+001,
3546250000, -5.058832e+001,
3547500000, -5.048393e+001,
3548750000, -5.056879e+001,
3550000000, -5.092487e+001,
3551250000, -5.062008e+001,
3552500000, -5.080432e+001,
3553750000, -5.096262e+001,
3555000000, -5.077724e+001,
3556250000, -5.089960e+001,
3557500000, -5.091165e+001,
3558750000, -5.102733e+001,
3560000000, -5.100218e+001,
3561250000, -5.091397e+001,
3562500000, -5.107554e+001,
3563750000, -5.115110e+001,
3565000000, -5.112622e+001,
3566250000, -5.115335e+001,
3567500000, -5.111761e+001,
3568750000, -5.119930e+001,
3570000000, -5.133906e+001,
3571250000, -5.129575e+001,
3572500000, -5.117475e+001,
3573750000, -5.156628e+001,
3575000000, -5.140051e+001,
3576250000, -5.125114e+001,
3577500000, -5.157944e+001,
3578750000, -5.161225e+001,
3580000000, -5.151198e+001,
3581250000, -5.161924e+001,
3582500000, -5.175347e+001,
3583750000, -5.173729e+001,
3585000000, -5.165759e+001,
3586250000, -5.169544e+001,
3587500000, -5.166558e+001,
3588750000, -5.171789e+001,
3590000000, -5.166875e+001,
3591250000, -5.180973e+001,
3592500000, -5.173737e+001,
3593750000, -5.168987e+001,
3595000000, -5.177938e+001,
3596250000, -5.181982e+001,
3597500000, -5.167880e+001,
3598750000, -5.192321e+001,
3600000000, -5.194712e+001,
3601250000, -5.174901e+001,
3602500000, -5.189768e+001,
3603750000, -5.197726e+001,
3605000000, -5.182410e+001,
3606250000, -5.174713e+001,
3607500000, -5.197246e+001,
3608750000, -5.190614e+001,
3610000000, -5.195216e+001,
3611250000, -5.187860e+001,
3612500000, -5.192057e+001,
3613750000, -5.174518e+001,
3615000000, -5.181000e+001,
3616250000, -5.182552e+001,
3617500000, -5.186269e+001,
3618750000, -5.188369e+001,
3620000000, -5.174500e+001,
3621250000, -5.165120e+001,
3622500000, -5.185682e+001,
3623750000, -5.170251e+001,
3625000000, -5.184833e+001,
3626250000, -5.183058e+001,
3627500000, -5.171049e+001,
3628750000, -5.180591e+001,
3630000000, -5.188992e+001,
3631250000, -5.197172e+001,
3632500000, -5.175124e+001,
3633750000, -5.185147e+001,
3635000000, -5.185636e+001,
3636250000, -5.160703e+001,
3637500000, -5.178418e+001,
3638750000, -5.176766e+001,
3640000000, -5.165443e+001,
3641250000, -5.168965e+001,
3642500000, -5.172567e+001,
3643750000, -5.165311e+001,
3645000000, -5.173948e+001,
3646250000, -5.173796e+001,
3647500000, -5.173189e+001,
3648750000, -5.149451e+001,
3650000000, -5.156053e+001,
3651250000, -5.166645e+001,
3652500000, -5.182813e+001,
3653750000, -5.185473e+001,
3655000000, -5.167926e+001,
3656250000, -5.166960e+001,
3657500000, -5.184258e+001,
3658750000, -5.165529e+001,
3660000000, -5.170811e+001,
3661250000, -5.181033e+001,
3662500000, -5.177369e+001,
3663750000, -5.160075e+001,
3665000000, -5.159607e+001,
3666250000, -5.179067e+001,
3667500000, -5.184378e+001,
3668750000, -5.176756e+001,
3670000000, -5.171372e+001,
3671250000, -5.172377e+001,
3672500000, -5.165974e+001,
3673750000, -5.158607e+001,
3675000000, -5.203347e+001,
3676250000, -5.197783e+001,
3677500000, -5.154050e+001,
3678750000, -5.155320e+001,
3680000000, -5.170344e+001,
3681250000, -5.199547e+001,
3682500000, -5.199752e+001,
3683750000, -5.203291e+001,
3685000000, -5.188864e+001,
3686250000, -5.180502e+001,
3687500000, -5.200771e+001,
3688750000, -5.194823e+001,
3690000000, -5.204870e+001,
3691250000, -5.203179e+001,
3692500000, -5.202472e+001,
3693750000, -5.186822e+001,
3695000000, -5.186549e+001,
3696250000, -5.209088e+001,
3697500000, -5.220095e+001,
3698750000, -5.207155e+001,
3700000000, -5.232952e+001,
3701250000, -5.210482e+001,
3702500000, -5.172032e+001,
3703750000, -5.195393e+001,
3705000000, -5.253015e+001,
3706250000, -5.252949e+001,
3707500000, -5.185270e+001,
3708750000, -5.193806e+001,
3710000000, -5.213759e+001,
3711250000, -5.245258e+001,
3712500000, -5.250274e+001,
3713750000, -5.220064e+001,
3715000000, -5.230093e+001,
3716250000, -5.217314e+001,
3717500000, -5.213280e+001,
3718750000, -5.214261e+001,
3720000000, -5.202790e+001,
3721250000, -5.222061e+001,
3722500000, -5.227564e+001,
3723750000, -5.196462e+001,
3725000000, -5.191982e+001,
3726250000, -5.189255e+001,
3727500000, -5.177156e+001,
3728750000, -5.160287e+001,
3730000000, -5.213659e+001,
3731250000, -5.219077e+001,
3732500000, -5.145827e+001,
3733750000, -5.116915e+001,
3735000000, -5.155013e+001,
3736250000, -5.215131e+001,
3737500000, -5.197328e+001,
3738750000, -5.160707e+001,
3740000000, -5.122072e+001,
3741250000, -5.143134e+001,
3742500000, -5.167123e+001,
3743750000, -5.175066e+001,
3745000000, -5.167317e+001,
3746250000, -5.151628e+001,
3747500000, -5.129218e+001,
3748750000, -5.143013e+001,
3750000000, -5.133069e+001,
3751250000, -5.129611e+001,
3752500000, -5.115747e+001,
3753750000, -5.114580e+001,
3755000000, -5.135937e+001,
3756250000, -5.142298e+001,
3757500000, -5.115901e+001,
3758750000, -5.043472e+001,
3760000000, -5.027821e+001,
3761250000, -5.120713e+001,
3762500000, -5.154994e+001,
3763750000, -5.094758e+001,
3765000000, -5.037852e+001,
3766250000, -5.022452e+001,
3767500000, -5.052370e+001,
3768750000, -5.104289e+001,
3770000000, -5.110727e+001,
3771250000, -5.094801e+001,
3772500000, -5.044419e+001,
3773750000, -5.025533e+001,
3775000000, -5.047593e+001,
3776250000, -5.071814e+001,
3777500000, -5.108866e+001,
3778750000, -5.059300e+001,
3780000000, -5.038464e+001,
3781250000, -5.068360e+001,
3782500000, -5.083883e+001,
3783750000, -5.058620e+001,
3785000000, -5.021702e+001,
3786250000, -5.031771e+001,
3787500000, -5.086481e+001,
3788750000, -5.126540e+001,
3790000000, -5.109583e+001,
3791250000, -5.003646e+001,
3792500000, -4.955428e+001,
3793750000, -5.024297e+001,
3795000000, -5.095304e+001,
3796250000, -5.112497e+001,
3797500000, -5.085828e+001,
3798750000, -5.041685e+001,
3800000000, -5.024627e+001,
3801250000, -5.020048e+001,
3802500000, -5.044029e+001,
3803750000, -5.140836e+001,
3805000000, -5.188323e+001,
3806250000, -5.073957e+001,
3807500000, -5.003969e+001,
3808750000, -5.070293e+001,
3810000000, -5.117244e+001,
3811250000, -5.137371e+001,
3812500000, -5.106666e+001,
3813750000, -5.124038e+001,
3815000000, -5.156656e+001,
3816250000, -5.144212e+001,
3817500000, -5.147630e+001,
3818750000, -5.130829e+001,
3820000000, -5.106575e+001,
3821250000, -5.108120e+001,
3822500000, -5.205938e+001,
3823750000, -5.288955e+001,
3825000000, -5.222761e+001,
3826250000, -5.081318e+001,
3827500000, -5.087814e+001,
3828750000, -5.146032e+001,
3830000000, -5.214335e+001,
3831250000, -5.228329e+001,
3832500000, -5.272827e+001,
3833750000, -5.279006e+001,
3835000000, -5.213571e+001,
3836250000, -5.098509e+001,
3837500000, -5.094154e+001,
3838750000, -5.315734e+001,
3840000000, -5.427674e+001,
3841250000, -5.276345e+001,
3842500000, -5.209531e+001,
3843750000, -5.187219e+001,
3845000000, -5.246286e+001,
3846250000, -5.305423e+001,
3847500000, -5.301110e+001,
3848750000, -5.297887e+001,
3850000000, -5.315440e+001,
3851250000, -5.318000e+001,
3852500000, -5.327022e+001,
3853750000, -5.357677e+001,
3855000000, -5.305785e+001,
3856250000, -5.237360e+001,
3857500000, -5.264737e+001,
3858750000, -5.388067e+001,
3860000000, -5.413010e+001,
3861250000, -5.343138e+001,
3862500000, -5.337891e+001,
3863750000, -5.293073e+001,
3865000000, -5.244390e+001,
3866250000, -5.245201e+001,
3867500000, -5.325957e+001,
3868750000, -5.483945e+001,
3870000000, -5.608236e+001,
3871250000, -5.358950e+001,
3872500000, -5.207758e+001,
3873750000, -5.205754e+001,
3875000000, -5.324792e+001,
3876250000, -5.530820e+001,
3877500000, -5.559491e+001,
3878750000, -5.405874e+001,
3880000000, -5.364539e+001,
3881250000, -5.382721e+001,
3882500000, -5.403989e+001,
3883750000, -5.405917e+001,
3885000000, -5.417375e+001,
3886250000, -5.449399e+001,
3887500000, -5.440051e+001,
3888750000, -5.437122e+001,
3890000000, -5.475215e+001,
3891250000, -5.537936e+001,
3892500000, -5.440026e+001,
3893750000, -5.364701e+001,
3895000000, -5.335458e+001,
3896250000, -5.367799e+001,
3897500000, -5.492920e+001,
3898750000, -5.610987e+001,
3900000000, -5.581892e+001,
3901250000, -5.426908e+001,
3902500000, -5.330755e+001,
3903750000, -5.309918e+001,
3905000000, -5.315974e+001,
3906250000, -5.445010e+001,
3907500000, -5.744253e+001,
3908750000, -5.671189e+001,
3910000000, -5.420772e+001,
3911250000, -5.325571e+001,
3912500000, -5.307033e+001,
3913750000, -5.402616e+001,
3915000000, -5.545971e+001,
3916250000, -5.572896e+001,
3917500000, -5.528175e+001,
3918750000, -5.515854e+001,
3920000000, -5.547117e+001,
3921250000, -5.510048e+001,
3922500000, -5.476804e+001,
3923750000, -5.440532e+001,
3925000000, -5.395107e+001,
3926250000, -5.468079e+001,
3927500000, -5.463819e+001,
3928750000, -5.622790e+001,
3930000000, -5.775291e+001,
3931250000, -5.556843e+001,
3932500000, -5.405152e+001,
3933750000, -5.291785e+001,
3935000000, -5.245351e+001,
3936250000, -5.416036e+001,
3937500000, -5.657607e+001,
3938750000, -5.741554e+001,
3940000000, -5.607236e+001,
3941250000, -5.470752e+001,
3942500000, -5.377054e+001,
3943750000, -5.299150e+001,
3945000000, -5.294619e+001,
3946250000, -5.370755e+001,
3947500000, -5.520929e+001,
3948750000, -5.829288e+001,
3950000000, -5.703228e+001,
3951250000, -5.410308e+001,
3952500000, -5.347853e+001,
3953750000, -5.388532e+001,
3955000000, -5.423512e+001,
3956250000, -5.432813e+001,
3957500000, -5.442519e+001,
3958750000, -5.503898e+001,
3960000000, -5.618874e+001,
3961250000, -5.798756e+001,
3962500000, -5.642808e+001,
3963750000, -5.371744e+001,
3965000000, -5.246075e+001,
3966250000, -5.195203e+001,
3967500000, -5.308112e+001,
3968750000, -5.568157e+001,
3970000000, -5.964593e+001,
3971250000, -5.927449e+001,
3972500000, -5.445824e+001,
3973750000, -5.265061e+001,
3975000000, -5.235942e+001,
3976250000, -5.284475e+001,
3977500000, -5.387477e+001,
3978750000, -5.480138e+001,
3980000000, -5.533149e+001,
3981250000, -5.674722e+001,
3982500000, -5.886186e+001,
3983750000, -5.607872e+001,
3985000000, -5.306496e+001,
3986250000, -5.145643e+001,
3987500000, -5.162991e+001,
3988750000, -5.269717e+001,
3990000000, -5.568467e+001,
3991250000, -6.003375e+001,
3992500000, -5.854902e+001,
3993750000, -5.624972e+001,
3995000000, -5.447488e+001,
3996250000, -5.442126e+001,
3997500000, -5.409686e+001,
3998750000, -5.278407e+001,
4000000000, -5.224109e+001,
4001250000, -5.323250e+001,
4002500000, -5.723108e+001,
4003750000, -6.445892e+001,
4005000000, -5.924591e+001,
4006250000, -5.364770e+001,
4007500000, -5.170715e+001,
4008750000, -5.160211e+001,
4010000000, -5.279521e+001,
4011250000, -5.506244e+001,
4012500000, -5.848409e+001,
4013750000, -6.089236e+001,
4015000000, -5.751889e+001,
4016250000, -5.607884e+001,
4017500000, -5.745376e+001,
4018750000, -5.650761e+001,
4020000000, -5.190408e+001,
4021250000, -5.043222e+001,
4022500000, -5.107633e+001,
4023750000, -5.408314e+001,
4025000000, -6.091055e+001,
4026250000, -6.517540e+001,
4027500000, -5.780989e+001,
4028750000, -5.348201e+001,
4030000000, -5.136721e+001,
4031250000, -5.122918e+001,
4032500000, -5.252229e+001,
4033750000, -5.561782e+001,
4035000000, -5.728556e+001,
4036250000, -5.784350e+001,
4037500000, -6.016644e+001,
4038750000, -6.133760e+001,
4040000000, -5.858894e+001,
4041250000, -5.522260e+001,
4042500000, -5.274773e+001,
4043750000, -5.042924e+001,
4045000000, -5.035810e+001,
4046250000, -5.231563e+001,
4047500000, -5.682472e+001,
4048750000, -6.839637e+001,
4050000000, -6.202832e+001,
4051250000, -5.696230e+001,
4052500000, -5.480505e+001,
4053750000, -5.315125e+001,
4055000000, -5.270371e+001,
4056250000, -5.351173e+001,
4057500000, -5.198506e+001,
4058750000, -5.278271e+001,
4060000000, -5.564137e+001,
4061250000, -6.121646e+001,
4062500000, -5.500628e+001,
4063750000, -5.051867e+001,
4065000000, -4.844738e+001,
4066250000, -4.858586e+001,
4067500000, -4.989782e+001,
4068750000, -5.197531e+001,
4070000000, -5.634372e+001,
4071250000, -6.242901e+001,
4072500000, -6.271037e+001,
4073750000, -5.991720e+001,
4075000000, -5.649701e+001,
4076250000, -5.341060e+001,
4077500000, -5.368983e+001,
4078750000, -5.440636e+001,
4080000000, -5.422745e+001,
4081250000, -5.432811e+001,
4082500000, -5.399067e+001,
4083750000, -5.400138e+001,
4085000000, -5.656961e+001,
4086250000, -6.564590e+001,
4087500000, -5.800795e+001,
4088750000, -5.254037e+001,
4090000000, -5.014728e+001,
4091250000, -4.919262e+001,
4092500000, -4.990170e+001,
4093750000, -5.218365e+001,
4095000000, -5.375214e+001,
4096250000, -5.604383e+001,
4097500000, -6.214695e+001,
4098750000, -6.403527e+001,
4100000000, -5.861266e+001,
4101250000, -5.599811e+001,
4102500000, -5.180959e+001,
4103750000, -4.779399e+001,
4105000000, -4.636586e+001,
4106250000, -4.734129e+001,
4107500000, -5.075434e+001,
4108750000, -5.311985e+001,
4110000000, -5.122403e+001,
4111250000, -4.995135e+001,
4112500000, -5.038166e+001,
4113750000, -5.161497e+001,
4115000000, -5.301826e+001,
4116250000, -5.422636e+001,
4117500000, -5.555261e+001,
4118750000, -5.634661e+001,
4120000000, -5.712028e+001,
4121250000, -5.751808e+001,
4122500000, -5.818989e+001,
4123750000, -6.726959e+001,
4125000000, -6.632119e+001,
4126250000, -5.882126e+001,
4127500000, -5.611288e+001,
4128750000, -5.313361e+001,
4130000000, -5.008279e+001,
4131250000, -4.906350e+001,
4132500000, -4.946015e+001,
4133750000, -5.199687e+001,
4135000000, -5.540989e+001,
4136250000, -5.692033e+001,
4137500000, -5.452367e+001,
4138750000, -5.148591e+001,
4140000000, -4.987211e+001,
4141250000, -4.894669e+001,
4142500000, -4.881227e+001,
4143750000, -4.959410e+001,
4145000000, -5.148167e+001,
4146250000, -5.379770e+001,
4147500000, -5.542380e+001,
4148750000, -5.464637e+001,
4150000000, -5.178157e+001,
4151250000, -4.947843e+001,
4152500000, -4.763075e+001,
4153750000, -4.656982e+001,
4155000000, -4.703340e+001,
4156250000, -4.991631e+001,
4157500000, -5.564784e+001,
4158750000, -6.368252e+001,
4160000000, -6.013605e+001,
4161250000, -5.600317e+001,
4162500000, -5.525647e+001,
4163750000, -5.490491e+001,
4165000000, -5.522839e+001,
4166250000, -5.875538e+001,
4167500000, -6.000670e+001,
4168750000, -5.272816e+001,
4170000000, -4.929036e+001,
4171250000, -4.865008e+001,
4172500000, -5.038725e+001,
4173750000, -5.295606e+001,
4175000000, -5.490038e+001,
4176250000, -5.504126e+001,
4177500000, -5.294070e+001,
4178750000, -4.986329e+001,
4180000000, -4.756403e+001,
4181250000, -4.606132e+001,
4182500000, -4.578255e+001,
4183750000, -4.638659e+001,
4185000000, -4.736556e+001,
4186250000, -4.978381e+001,
4187500000, -5.283530e+001,
4188750000, -5.427238e+001,
4190000000, -5.335284e+001,
4191250000, -5.128292e+001,
4192500000, -4.936374e+001,
4193750000, -4.802756e+001,
4195000000, -4.668795e+001,
4196250000, -4.581756e+001,
4197500000, -4.519516e+001,
4198750000, -4.540483e+001,
4200000000, -4.601296e+001,
4201250000, -4.615822e+001,
4202500000, -4.628065e+001,
4203750000, -4.600510e+001,
4205000000, -4.609295e+001,
4206250000, -4.645679e+001,
4207500000, -4.721088e+001,
4208750000, -4.959807e+001,
4210000000, -5.253436e+001,
4211250000, -5.282526e+001,
4212500000, -5.162261e+001,
4213750000, -5.156834e+001,
4215000000, -5.320022e+001,
4216250000, -5.481494e+001,
4217500000, -5.474595e+001,
4218750000, -5.426220e+001,
4220000000, -5.212204e+001,
4221250000, -4.882501e+001,
4222500000, -4.619634e+001,
4223750000, -4.451113e+001,
4225000000, -4.329958e+001,
4226250000, -4.252266e+001,
4227500000, -4.358176e+001,
4228750000, -4.491896e+001,
4230000000, -4.501727e+001,
4231250000, -4.479162e+001,
4232500000, -4.400429e+001,
4233750000, -4.284210e+001,
4235000000, -4.185136e+001,
4236250000, -4.160790e+001,
4237500000, -4.193317e+001,
4238750000, -4.234529e+001,
4240000000, -4.332522e+001,
4241250000, -4.466130e+001,
4242500000, -4.561650e+001,
4243750000, -4.601969e+001,
4245000000, -4.608636e+001,
4246250000, -4.609375e+001,
4247500000, -4.537219e+001,
4248750000, -4.432653e+001,
4250000000, -4.241402e+001,
4251250000, -4.103564e+001,
4252500000, -4.036686e+001,
4253750000, -3.999306e+001,
4255000000, -3.974788e+001,
4256250000, -4.087830e+001,
4257500000, -4.203216e+001,
4258750000, -4.214275e+001,
4260000000, -4.176216e+001,
4261250000, -4.174068e+001,
4262500000, -4.199669e+001,
4263750000, -4.241953e+001,
4265000000, -4.249909e+001,
4266250000, -4.274318e+001,
4267500000, -4.289984e+001,
4268750000, -4.314764e+001,
4270000000, -4.329978e+001,
4271250000, -4.239124e+001,
4272500000, -4.179139e+001,
4273750000, -4.101817e+001,
4275000000, -4.104874e+001,
4276250000, -4.182690e+001,
4277500000, -4.320369e+001,
4278750000, -4.488942e+001,
4280000000, -4.565705e+001,
4281250000, -4.424995e+001,
4282500000, -4.143352e+001,
4283750000, -3.957734e+001,
4285000000, -3.902853e+001,
4286250000, -3.880001e+001,
4287500000, -3.880313e+001,
4288750000, -3.896341e+001,
4290000000, -3.942771e+001,
4291250000, -3.953033e+001,
4292500000, -3.931737e+001,
4293750000, -3.861715e+001,
4295000000, -3.788999e+001,
4296250000, -3.746709e+001,
4297500000, -3.715950e+001,
4298750000, -3.705437e+001,
4300000000, -3.690762e+001,
4301250000, -3.710783e+001,
4302500000, -3.754187e+001,
4303750000, -3.754156e+001,
4305000000, -3.824848e+001,
4306250000, -3.864708e+001,
4307500000, -3.808556e+001,
4308750000, -3.726271e+001,
4310000000, -3.637634e+001,
4311250000, -3.499549e+001,
4312500000, -3.390556e+001,
4313750000, -3.334287e+001,
4315000000, -3.337510e+001,
4316250000, -3.381300e+001,
4317500000, -3.411737e+001,
4318750000, -3.434824e+001,
4320000000, -3.418458e+001,
4321250000, -3.425941e+001,
4322500000, -3.495906e+001,
4323750000, -3.555612e+001,
4325000000, -3.582131e+001,
4326250000, -3.614902e+001,
4327500000, -3.676274e+001,
4328750000, -3.705413e+001,
4330000000, -3.690263e+001,
4331250000, -3.671069e+001,
4332500000, -3.639992e+001,
4333750000, -3.582464e+001,
4335000000, -3.518305e+001,
4336250000, -3.507543e+001,
4337500000, -3.553640e+001,
4338750000, -3.569164e+001,
4340000000, -3.620952e+001,
4341250000, -3.719982e+001,
4342500000, -3.792649e+001,
4343750000, -3.864499e+001,
4345000000, -3.927269e+001,
4346250000, -3.950869e+001,
4347500000, -3.945326e+001,
4348750000, -3.911671e+001,
4350000000, -3.818185e+001,
4351250000, -3.723083e+001,
4352500000, -3.638280e+001,
4353750000, -3.588356e+001,
4355000000, -3.556822e+001,
4356250000, -3.531109e+001,
4357500000, -3.502995e+001,
4358750000, -3.471509e+001,
4360000000, -3.458883e+001,
4361250000, -3.513171e+001,
4362500000, -3.608087e+001,
4363750000, -3.661570e+001,
4365000000, -3.630008e+001,
4366250000, -3.571207e+001,
4367500000, -3.486935e+001,
4368750000, -3.402078e+001,
4370000000, -3.334950e+001,
4371250000, -3.269731e+001,
4372500000, -3.132534e+001,
4373750000, -2.984852e+001,
4375000000, -2.878103e+001,
4376250000, -2.797440e+001,
4377500000, -2.753636e+001,
4378750000, -2.743650e+001,
4380000000, -2.729179e+001,
4381250000, -2.740822e+001,
4382500000, -2.794749e+001,
4383750000, -2.858646e+001,
4385000000, -2.922766e+001,
4386250000, -2.927733e+001,
4387500000, -2.848380e+001,
4388750000, -2.783446e+001,
4390000000, -2.739095e+001,
4391250000, -2.699574e+001,
4392500000, -2.686405e+001,
4393750000, -2.707501e+001,
4395000000, -2.715214e+001,
4396250000, -2.741141e+001,
4397500000, -2.745407e+001,
4398750000, -2.800630e+001,
4400000000, -2.839559e+001,
4401250000, -2.890103e+001,
4402500000, -2.896753e+001,
4403750000, -2.879146e+001,
4405000000, -2.879010e+001,
4406250000, -2.907422e+001,
4407500000, -2.962340e+001,
4408750000, -3.010452e+001,
4410000000, -3.028754e+001,
4411250000, -3.036129e+001,
4412500000, -3.015212e+001,
4413750000, -2.976570e+001,
4415000000, -2.928013e+001,
4416250000, -2.868194e+001,
4417500000, -2.835121e+001,
4418750000, -2.830762e+001,
4420000000, -2.850588e+001,
4421250000, -2.890646e+001,
4422500000, -2.935705e+001,
4423750000, -2.993265e+001,
4425000000, -3.050312e+001,
4426250000, -3.093282e+001,
4427500000, -3.067787e+001,
4428750000, -3.027204e+001,
4430000000, -3.024363e+001,
4431250000, -3.030370e+001,
4432500000, -3.070662e+001,
4433750000, -3.108005e+001,
4435000000, -3.142124e+001,
4436250000, -3.185481e+001,
4437500000, -3.200801e+001,
4438750000, -3.190803e+001,
4440000000, -3.150364e+001,
4441250000, -3.090706e+001,
4442500000, -3.097923e+001,
4443750000, -3.124187e+001,
4445000000, -3.182995e+001,
4446250000, -3.214048e+001,
4447500000, -3.251459e+001,
4448750000, -3.220424e+001,
4450000000, -3.147388e+001,
4451250000, -3.077872e+001,
4452500000, -3.064299e+001,
4453750000, -3.075974e+001,
4455000000, -3.150128e+001,
4456250000, -3.398653e+001,
4457500000, -3.795457e+001,
4458750000, -3.852638e+001,
4460000000, -3.856435e+001,
4461250000, -4.103336e+001,
4462500000, -4.580387e+001,
4463750000, -6.796634e+001,
4465000000, -4.488507e+001,
4466250000, -4.250300e+001,
4467500000, -4.194304e+001,
4468750000, -4.216235e+001,
4470000000, -3.989301e+001,
4471250000, -3.694568e+001,
4472500000, -3.359322e+001,
4473750000, -3.088104e+001,
4475000000, -2.944301e+001,
4476250000, -2.828576e+001,
4477500000, -2.687333e+001,
4478750000, -2.532694e+001,
4480000000, -2.413923e+001,
4481250000, -2.353398e+001,
4482500000, -2.376195e+001,
4483750000, -2.370845e+001,
4485000000, -2.344639e+001,
4486250000, -2.359834e+001,
4487500000, -2.298417e+001,
4488750000, -2.258112e+001,
4490000000, -2.180840e+001,
4491250000, -2.079389e+001,
4492500000, -2.024462e+001,
4493750000, -1.943595e+001,
4495000000, -1.836162e+001,
4496250000, -1.755482e+001,
4497500000, -1.710465e+001,
4498750000, -1.680041e+001,
4500000000, -1.670676e+001,
4501250000, -1.670220e+001,
4502500000, -1.682328e+001,
4503750000, -1.679861e+001,
4505000000, -1.671770e+001,
4506250000, -1.658389e+001,
4507500000, -1.663492e+001,
4508750000, -1.627098e+001,
4510000000, -1.532272e+001,
4511250000, -1.427516e+001,
4512500000, -1.376866e+001,
4513750000, -1.345398e+001,
4515000000, -1.339982e+001,
4516250000, -1.348593e+001,
4517500000, -1.385039e+001,
4518750000, -1.367540e+001,
4520000000, -1.299757e+001,
4521250000, -1.260739e+001,
4522500000, -1.243726e+001,
4523750000, -1.177917e+001,
4525000000, -1.081467e+001,
4526250000, -1.032173e+001,
4527500000, -1.052119e+001,
4528750000, -1.080487e+001,
4530000000, -1.107335e+001,
4531250000, -1.179328e+001,
4532500000, -1.248415e+001,
4533750000, -1.200307e+001,
4535000000, -1.129899e+001,
4536250000, -1.136937e+001,
4537500000, -1.113807e+001,
4538750000, -1.045963e+001,
4540000000, -1.006103e+001,
4541250000, -1.017949e+001,
4542500000, -1.046035e+001,
4543750000, -1.075031e+001,
4545000000, -1.148719e+001,
4546250000, -1.248898e+001,
4547500000, -1.242118e+001,
4548750000, -1.150396e+001,
4550000000, -1.092764e+001,
4551250000, -1.077218e+001,
4552500000, -1.038940e+001,
4553750000, -1.007496e+001,
4555000000, -1.011071e+001,
4556250000, -1.041354e+001,
4557500000, -1.063608e+001,
4558750000, -1.114444e+001,
4560000000, -1.206832e+001,
4561250000, -1.246105e+001,
4562500000, -1.177952e+001,
4563750000, -1.086961e+001,
4565000000, -1.062882e+001,
4566250000, -1.045846e+001,
4567500000, -1.018310e+001,
4568750000, -1.047630e+001,
4570000000, -1.119346e+001,
4571250000, -1.146323e+001,
4572500000, -1.169772e+001,
4573750000, -1.266877e+001,
4575000000, -1.295565e+001,
4576250000, -1.214517e+001,
4577500000, -1.152669e+001,
4578750000, -1.136066e+001,
4580000000, -1.101222e+001,
4581250000, -1.086550e+001,
4582500000, -1.157147e+001,
4583750000, -1.222193e+001,
4585000000, -1.221958e+001,
4586250000, -1.248175e+001,
4587500000, -1.309856e+001,
4588750000, -1.292960e+001,
4590000000, -1.224732e+001,
4591250000, -1.192983e+001,
4592500000, -1.177639e+001,
4593750000, -1.165432e+001,
4595000000, -1.191488e+001,
4596250000, -1.248483e+001,
4597500000, -1.294013e+001,
4598750000, -1.314556e+001,
4600000000, -1.353483e+001,
4601250000, -1.373863e+001,
4602500000, -1.328085e+001,
4603750000, -1.272370e+001,
4605000000, -1.259660e+001,
4606250000, -1.258723e+001,
4607500000, -1.263093e+001,
4608750000, -1.308620e+001,
4610000000, -1.368961e+001,
4611250000, -1.383373e+001,
4612500000, -1.388890e+001,
4613750000, -1.418642e+001,
4615000000, -1.385460e+001,
4616250000, -1.317791e+001,
4617500000, -1.301452e+001,
4618750000, -1.310031e+001,
4620000000, -1.318988e+001,
4621250000, -1.366925e+001,
4622500000, -1.431885e+001,
4623750000, -1.435119e+001,
4625000000, -1.426949e+001,
4626250000, -1.449943e+001,
4627500000, -1.427712e+001,
4628750000, -1.382589e+001,
4630000000, -1.390509e+001,
4631250000, -1.401913e+001,
4632500000, -1.403102e+001,
4633750000, -1.448366e+001,
4635000000, -1.508432e+001,
4636250000, -1.501919e+001,
4637500000, -1.483777e+001,
4638750000, -1.492654e+001,
4640000000, -1.446548e+001,
4641250000, -1.419164e+001,
4642500000, -1.440895e+001,
4643750000, -1.432250e+001,
4645000000, -1.439357e+001,
4646250000, -1.502574e+001,
4647500000, -1.521528e+001,
4648750000, -1.501907e+001,
4650000000, -1.510226e+001,
4651250000, -1.495328e+001,
4652500000, -1.465625e+001,
4653750000, -1.476277e+001,
4655000000, -1.497445e+001,
4656250000, -1.511191e+001,
4657500000, -1.559318e+001,
4658750000, -1.598622e+001,
4660000000, -1.577811e+001,
4661250000, -1.556582e+001,
4662500000, -1.545076e+001,
4663750000, -1.519573e+001,
4665000000, -1.518912e+001,
4666250000, -1.537310e+001,
4667500000, -1.552673e+001,
4668750000, -1.575323e+001,
4670000000, -1.601801e+001,
4671250000, -1.585586e+001,
4672500000, -1.557054e+001,
4673750000, -1.561610e+001,
4675000000, -1.555048e+001,
4676250000, -1.559945e+001,
4677500000, -1.602582e+001,
4678750000, -1.617802e+001,
4680000000, -1.632565e+001,
4681250000, -1.661651e+001,
4682500000, -1.641033e+001,
4683750000, -1.637495e+001,
4685000000, -1.642429e+001,
4686250000, -1.623376e+001,
4687500000, -1.639931e+001,
4688750000, -1.677961e+001,
4690000000, -1.684755e+001,
4691250000, -1.688661e+001,
4692500000, -1.695645e+001,
4693750000, -1.674438e+001,
4695000000, -1.661984e+001,
4696250000, -1.662549e+001,
4697500000, -1.667107e+001,
4698750000, -1.714351e+001,
4700000000, -1.761801e+001,
4701250000, -1.766316e+001,
4702500000, -1.781324e+001,
4703750000, -1.778211e+001,
4705000000, -1.764985e+001,
4706250000, -1.776110e+001,
4707500000, -1.783910e+001,
4708750000, -1.813708e+001,
4710000000, -1.858752e+001,
4711250000, -1.854219e+001,
4712500000, -1.846575e+001,
4713750000, -1.837948e+001,
4715000000, -1.819728e+001,
4716250000, -1.827683e+001,
4717500000, -1.835662e+001,
4718750000, -1.857931e+001,
4720000000, -1.899550e+001,
4721250000, -1.906526e+001,
4722500000, -1.911387e+001,
4723750000, -1.917755e+001,
4725000000, -1.917978e+001,
4726250000, -1.939358e+001,
4727500000, -1.956538e+001,
4728750000, -1.976374e+001,
4730000000, -2.009665e+001,
4731250000, -2.010300e+001,
4732500000, -2.004642e+001,
4733750000, -1.997820e+001,
4735000000, -1.990700e+001,
4736250000, -1.995301e+001,
4737500000, -1.992979e+001,
4738750000, -2.006932e+001,
4740000000, -2.023552e+001,
4741250000, -2.028258e+001,
4742500000, -2.045352e+001,
4743750000, -2.050213e+001,
4745000000, -2.066416e+001,
4746250000, -2.079988e+001,
4747500000, -2.096125e+001,
4748750000, -2.116980e+001,
4750000000, -2.123531e+001,
4751250000, -2.139378e+001,
4752500000, -2.146533e+001,
4753750000, -2.140479e+001,
4755000000, -2.133552e+001,
4756250000, -2.126630e+001,
4757500000, -2.128061e+001,
4758750000, -2.126802e+001,
4760000000, -2.140401e+001,
4761250000, -2.154497e+001,
4762500000, -2.158969e+001,
4763750000, -2.165824e+001,
4765000000, -2.172555e+001,
4766250000, -2.199557e+001,
4767500000, -2.217207e+001,
4768750000, -2.239582e+001,
4770000000, -2.257696e+001,
4771250000, -2.259420e+001,
4772500000, -2.248863e+001,
4773750000, -2.241899e+001,
4775000000, -2.244202e+001,
4776250000, -2.246902e+001,
4777500000, -2.244188e+001,
4778750000, -2.245966e+001,
4780000000, -2.247732e+001,
4781250000, -2.244530e+001,
4782500000, -2.259789e+001,
4783750000, -2.278878e+001,
4785000000, -2.308247e+001,
4786250000, -2.324375e+001,
4787500000, -2.343250e+001,
4788750000, -2.349432e+001,
4790000000, -2.357539e+001,
4791250000, -2.364437e+001,
4792500000, -2.368447e+001,
4793750000, -2.368364e+001,
4795000000, -2.356830e+001,
4796250000, -2.346106e+001,
4797500000, -2.338218e+001,
4798750000, -2.340750e+001,
4800000000, -2.338824e+001,
4801250000, -2.371550e+001,
4802500000, -2.395858e+001,
4803750000, -2.409768e+001,
4805000000, -2.431044e+001,
4806250000, -2.448787e+001,
4807500000, -2.470084e+001,
4808750000, -2.481690e+001,
4810000000, -2.487679e+001,
4811250000, -2.469950e+001,
4812500000, -2.456214e+001,
4813750000, -2.442652e+001,
4815000000, -2.444261e+001,
4816250000, -2.445142e+001,
4817500000, -2.459080e+001,
4818750000, -2.465786e+001,
4820000000, -2.488010e+001,
4821250000, -2.515126e+001,
4822500000, -2.554387e+001,
4823750000, -2.577736e+001,
4825000000, -2.595604e+001,
4826250000, -2.598618e+001,
4827500000, -2.599789e+001,
4828750000, -2.595486e+001,
4830000000, -2.584496e+001,
4831250000, -2.569684e+001,
4832500000, -2.559263e+001,
4833750000, -2.557600e+001,
4835000000, -2.577728e+001,
4836250000, -2.605035e+001,
4837500000, -2.636946e+001,
4838750000, -2.669091e+001,
4840000000, -2.700656e+001,
4841250000, -2.729519e+001,
4842500000, -2.756097e+001,
4843750000, -2.756604e+001,
4845000000, -2.741771e+001,
4846250000, -2.720521e+001,
4847500000, -2.703251e+001,
4848750000, -2.695989e+001,
4850000000, -2.704861e+001,
4851250000, -2.714643e+001,
4852500000, -2.740623e+001,
4853750000, -2.779160e+001,
4855000000, -2.825526e+001,
4856250000, -2.870830e+001,
4857500000, -2.904350e+001,
4858750000, -2.916403e+001,
4860000000, -2.912768e+001,
4861250000, -2.893199e+001,
4862500000, -2.869041e+001,
4863750000, -2.853714e+001,
4865000000, -2.849529e+001,
4866250000, -2.854997e+001,
4867500000, -2.878105e+001,
4868750000, -2.924491e+001,
4870000000, -2.976934e+001,
4871250000, -3.031590e+001,
4872500000, -3.067186e+001,
4873750000, -3.085408e+001,
4875000000, -3.091824e+001,
4876250000, -3.069509e+001,
4877500000, -3.036709e+001,
4878750000, -3.007232e+001,
4880000000, -2.998548e+001,
4881250000, -3.015388e+001,
4882500000, -3.049539e+001,
4883750000, -3.097148e+001,
4885000000, -3.156004e+001,
4886250000, -3.217555e+001,
4887500000, -3.266729e+001,
4888750000, -3.280285e+001,
4890000000, -3.255458e+001,
4891250000, -3.216339e+001,
4892500000, -3.184627e+001,
4893750000, -3.168593e+001,
4895000000, -3.174147e+001,
4896250000, -3.203095e+001,
4897500000, -3.260139e+001,
4898750000, -3.334328e+001,
4900000000, -3.411846e+001,
4901250000, -3.465091e+001,
4902500000, -3.477435e+001,
4903750000, -3.448036e+001,
4905000000, -3.400417e+001,
4906250000, -3.360731e+001,
4907500000, -3.343564e+001,
4908750000, -3.356631e+001,
4910000000, -3.406165e+001,
4911250000, -3.484512e+001,
4912500000, -3.582379e+001,
4913750000, -3.676820e+001,
4915000000, -3.722408e+001,
4916250000, -3.703539e+001,
4917500000, -3.643979e+001,
4918750000, -3.585822e+001,
4920000000, -3.555431e+001,
4921250000, -3.562025e+001,
4922500000, -3.612565e+001,
4923750000, -3.705434e+001,
4925000000, -3.835310e+001,
4926250000, -3.965087e+001,
4927500000, -4.034857e+001,
4928750000, -4.003001e+001,
4930000000, -3.911825e+001,
4931250000, -3.833519e+001,
4932500000, -3.795085e+001,
4933750000, -3.811677e+001,
4935000000, -3.887197e+001,
4936250000, -4.024649e+001,
4937500000, -4.210426e+001,
4938750000, -4.393165e+001,
4940000000, -4.431487e+001,
4941250000, -4.314452e+001,
4942500000, -4.172268e+001,
4943750000, -4.083052e+001,
4945000000, -4.061600e+001,
4946250000, -4.117075e+001,
4947500000, -4.251049e+001,
4948750000, -4.476453e+001,
4950000000, -4.782566e+001,
4951250000, -4.965148e+001,
4952500000, -4.768349e+001,
4953750000, -4.516644e+001,
4955000000, -4.366230e+001,
4956250000, -4.311034e+001,
4957500000, -4.348267e+001,
4958750000, -4.488980e+001,
4960000000, -4.757462e+001,
4961250000, -5.229608e+001,
4962500000, -5.615090e+001,
4963750000, -5.134923e+001,
4965000000, -4.759103e+001,
4966250000, -4.568510e+001,
4967500000, -4.507608e+001,
4968750000, -4.559614e+001,
4970000000, -4.740253e+001,
4971250000, -5.113854e+001,
4972500000, -5.980466e+001,
4973750000, -5.963861e+001,
4975000000, -5.154373e+001,
4976250000, -4.818988e+001,
4977500000, -4.679704e+001,
4978750000, -4.681805e+001,
4980000000, -4.813096e+001,
4981250000, -5.125769e+001,
4982500000, -5.832208e+001,
4983750000, -6.481232e+001,
4985000000, -5.379279e+001,
4986250000, -4.993496e+001,
4987500000, -4.833010e+001,
4988750000, -4.818870e+001,
4990000000, -4.950797e+001,
4991250000, -5.257975e+001,
4992500000, -5.824369e+001,
4993750000, -5.917468e+001,
4995000000, -5.345871e+001,
4996250000, -5.055344e+001,
4997500000, -4.942686e+001,
4998750000, -4.973391e+001,
5000000000, -5.139073e+001,
5001250000, -5.468842e+001,
5002500000, -5.740413e+001,
5003750000, -5.516231e+001,
5005000000, -5.218337e+001,
5006250000, -5.065810e+001,
5007500000, -5.056808e+001,
5008750000, -5.167860e+001,
5010000000, -5.379717e+001,
5011250000, -5.572080e+001,
5012500000, -5.469323e+001,
5013750000, -5.279859e+001,
5015000000, -5.154496e+001,
5016250000, -5.156665e+001,
5017500000, -5.244814e+001,
5018750000, -5.387314e+001,
5020000000, -5.446883e+001,
5021250000, -5.360905e+001,
5022500000, -5.254384e+001,
5023750000, -5.221415e+001,
5025000000, -5.266973e+001,
5026250000, -5.327211e+001,
5027500000, -5.364017e+001,
5028750000, -5.335556e+001,
5030000000, -5.299361e+001,
5031250000, -5.282066e+001,
5032500000, -5.300407e+001,
5033750000, -5.317077e+001,
5035000000, -5.315855e+001,
5036250000, -5.301719e+001,
5037500000, -5.304012e+001,
5038750000, -5.311652e+001,
5040000000, -5.329441e+001,
5041250000, -5.332505e+001,
5042500000, -5.299775e+001,
5043750000, -5.300762e+001,
5045000000, -5.303262e+001,
5046250000, -5.319644e+001,
5047500000, -5.331803e+001,
5048750000, -5.316683e+001,
5050000000, -5.309077e+001,
5051250000, -5.299170e+001,
5052500000, -5.318666e+001,
5053750000, -5.338019e+001,
5055000000, -5.339710e+001,
5056250000, -5.325914e+001,
5057500000, -5.309475e+001,
5058750000, -5.309430e+001,
5060000000, -5.322573e+001,
5061250000, -5.334678e+001,
5062500000, -5.328750e+001,
5063750000, -5.315724e+001,
5065000000, -5.296611e+001,
5066250000, -5.312504e+001,
5067500000, -5.318445e+001,
5068750000, -5.321851e+001,
5070000000, -5.312020e+001,
5071250000, -5.306033e+001,
5072500000, -5.313706e+001,
5073750000, -5.311425e+001,
5075000000, -5.314461e+001,
5076250000, -5.303069e+001,
5077500000, -5.301492e+001,
5078750000, -5.300616e+001,
5080000000, -5.320727e+001,
5081250000, -5.313821e+001,
5082500000, -5.289856e+001,
5083750000, -5.288590e+001,
5085000000, -5.306164e+001,
5086250000, -5.315076e+001,
5087500000, -5.287642e+001,
5088750000, -5.286641e+001,
5090000000, -5.296566e+001,
5091250000, -5.303415e+001,
5092500000, -5.287238e+001,
5093750000, -5.283123e+001,
5095000000, -5.292917e+001,
5096250000, -5.298413e+001,
5097500000, -5.292916e+001,
5098750000, -5.284251e+001,
5100000000, -5.290799e+001,
5101250000, -5.297272e+001,
5102500000, -5.292583e+001,
5103750000, -5.281462e+001,
5105000000, -5.288049e+001,
5106250000, -5.292199e+001,
5107500000, -5.290719e+001,
5108750000, -5.283225e+001,
5110000000, -5.278373e+001,
5111250000, -5.285374e+001,
5112500000, -5.287941e+001,
5113750000, -5.275730e+001,
5115000000, -5.276771e+001,
5116250000, -5.281032e+001,
5117500000, -5.290058e+001,
5118750000, -5.272783e+001,
5120000000, -5.272149e+001,
5121250000, -5.277839e+001,
5122500000, -5.273492e+001,
5123750000, -5.270253e+001,
5125000000, -5.275692e+001,
5126250000, -5.289747e+001,
5127500000, -5.268153e+001,
5128750000, -5.278431e+001,
5130000000, -5.287371e+001,
5131250000, -5.284908e+001,
5132500000, -5.275088e+001,
5133750000, -5.284398e+001,
5135000000, -5.287231e+001,
5136250000, -5.280985e+001,
5137500000, -5.290024e+001,
5138750000, -5.282685e+001,
5140000000, -5.288261e+001,
5141250000, -5.297500e+001,
5142500000, -5.297004e+001,
5143750000, -5.301403e+001,
5145000000, -5.309161e+001,
5146250000, -5.310457e+001,
5147500000, -5.310886e+001,
5148750000, -5.331477e+001,
5150000000, -5.329696e+001,
5151250000, -5.331698e+001,
5152500000, -5.334945e+001,
5153750000, -5.338926e+001,
5155000000, -5.341372e+001,
5156250000, -5.340026e+001,
5157500000, -5.345323e+001,
5158750000, -5.353322e+001,
5160000000, -5.356228e+001,
5161250000, -5.359143e+001,
5162500000, -5.369806e+001,
5163750000, -5.365791e+001,
5165000000, -5.380654e+001,
5166250000, -5.370748e+001,
5167500000, -5.393343e+001,
5168750000, -5.390997e+001,
5170000000, -5.401469e+001,
5171250000, -5.406929e+001,
5172500000, -5.396599e+001,
5173750000, -5.415726e+001,
5175000000, -5.410044e+001,
5176250000, -5.424337e+001,
5177500000, -5.429640e+001,
5178750000, -5.424638e+001,
5180000000, -5.420233e+001,
5181250000, -5.441744e+001,
5182500000, -5.447448e+001,
5183750000, -5.454516e+001,
5185000000, -5.447989e+001,
5186250000, -5.449562e+001,
5187500000, -5.454732e+001,
5188750000, -5.459064e+001,
5190000000, -5.461830e+001,
5191250000, -5.462503e+001,
5192500000, -5.466206e+001,
5193750000, -5.473653e+001,
5195000000, -5.470058e+001,
5196250000, -5.467455e+001,
5197500000, -5.480455e+001,
5198750000, -5.474232e+001,
5200000000, -5.484576e+001,
5201250000, -5.490566e+001,
5202500000, -5.501310e+001,
5203750000, -5.492931e+001,
5205000000, -5.492619e+001,
5206250000, -5.502373e+001,
5207500000, -5.502442e+001,
5208750000, -5.503650e+001,
5210000000, -5.519830e+001,
5211250000, -5.516005e+001,
5212500000, -5.509880e+001,
5213750000, -5.515127e+001,
5215000000, -5.526371e+001,
5216250000, -5.524192e+001,
5217500000, -5.520509e+001,
5218750000, -5.536318e+001,
5220000000, -5.528126e+001,
5221250000, -5.531974e+001,
5222500000, -5.531408e+001,
5223750000, -5.527721e+001,
5225000000, -5.536039e+001,
5226250000, -5.536725e+001,
5227500000, -5.536389e+001,
5228750000, -5.526802e+001,
5230000000, -5.527272e+001,
5231250000, -5.526751e+001,
5232500000, -5.537992e+001,
5233750000, -5.535358e+001,
5235000000, -5.539092e+001,
5236250000, -5.539728e+001,
5237500000, -5.542605e+001,
5238750000, -5.536885e+001,
5240000000, -5.539746e+001,
5241250000, -5.545195e+001,
5242500000, -5.545244e+001,
5243750000, -5.547847e+001,
5245000000, -5.543488e+001,
5246250000, -5.553174e+001,
5247500000, -5.549156e+001,
5248750000, -5.548790e+001,
5250000000, -5.547535e+001,
5251250000, -5.549171e+001,
5252500000, -5.548934e+001,
5253750000, -5.544395e+001,
5255000000, -5.547013e+001,
5256250000, -5.546789e+001,
5257500000, -5.540096e+001,
5258750000, -5.541211e+001,
5260000000, -5.533611e+001,
5261250000, -5.527076e+001,
5262500000, -5.530851e+001,
5263750000, -5.527203e+001,
5265000000, -5.531189e+001,
5266250000, -5.523683e+001,
5267500000, -5.523662e+001,
5268750000, -5.516401e+001,
5270000000, -5.510797e+001,
5271250000, -5.521187e+001,
5272500000, -5.526596e+001,
5273750000, -5.523980e+001,
5275000000, -5.517742e+001,
5276250000, -5.520949e+001,
5277500000, -5.518165e+001,
5278750000, -5.519878e+001,
5280000000, -5.525576e+001,
5281250000, -5.523905e+001,
5282500000, -5.522260e+001,
5283750000, -5.512357e+001,
5285000000, -5.517372e+001,
5286250000, -5.512466e+001,
5287500000, -5.517581e+001,
5288750000, -5.510624e+001,
5290000000, -5.513489e+001,
5291250000, -5.503058e+001,
5292500000, -5.506676e+001,
5293750000, -5.508439e+001,
5295000000, -5.509672e+001,
5296250000, -5.511319e+001,
5297500000, -5.509123e+001,
5298750000, -5.514854e+001,
5300000000, -5.516468e+001,
5301250000, -5.509032e+001,
5302500000, -5.516284e+001,
5303750000, -5.521387e+001,
5305000000, -5.523175e+001,
5306250000, -5.522725e+001,
5307500000, -5.527877e+001,
5308750000, -5.530025e+001,
5310000000, -5.530656e+001,
5311250000, -5.533756e+001,
5312500000, -5.538040e+001,
5313750000, -5.532979e+001,
5315000000, -5.536911e+001,
5316250000, -5.549189e+001,
5317500000, -5.549272e+001,
5318750000, -5.549363e+001,
5320000000, -5.553564e+001,
5321250000, -5.552364e+001,
5322500000, -5.557664e+001,
5323750000, -5.564562e+001,
5325000000, -5.555033e+001,
5326250000, -5.571391e+001,
5327500000, -5.567079e+001,
5328750000, -5.583343e+001,
5330000000, -5.565509e+001,
5331250000, -5.578371e+001,
5332500000, -5.578367e+001,
5333750000, -5.571033e+001,
5335000000, -5.570460e+001,
5336250000, -5.571326e+001,
5337500000, -5.571660e+001,
5338750000, -5.563561e+001,
5340000000, -5.565324e+001,
5341250000, -5.565630e+001,
5342500000, -5.561736e+001,
5343750000, -5.551057e+001,
5345000000, -5.554499e+001,
5346250000, -5.560788e+001,
5347500000, -5.560123e+001,
5348750000, -5.559243e+001,
5350000000, -5.556704e+001,
5351250000, -5.560603e+001,
5352500000, -5.551445e+001,
5353750000, -5.565311e+001,
5355000000, -5.564381e+001,
5356250000, -5.563354e+001,
5357500000, -5.574431e+001,
5358750000, -5.578854e+001,
5360000000, -5.558107e+001,
5361250000, -5.562417e+001,
5362500000, -5.563588e+001,
5363750000, -5.563899e+001,
5365000000, -5.559742e+001,
5366250000, -5.563123e+001,
5367500000, -5.562814e+001,
5368750000, -5.558944e+001,
5370000000, -5.547216e+001,
5371250000, -5.561328e+001,
5372500000, -5.546383e+001,
5373750000, -5.561007e+001,
5375000000, -5.554986e+001,
5376250000, -5.555392e+001,
5377500000, -5.551635e+001,
5378750000, -5.552609e+001,
5380000000, -5.549578e+001,
5381250000, -5.549038e+001,
5382500000, -5.555267e+001,
5383750000, -5.569061e+001,
5385000000, -5.560502e+001,
5386250000, -5.561660e+001,
5387500000, -5.565897e+001,
5388750000, -5.561089e+001,
5390000000, -5.560075e+001,
5391250000, -5.568454e+001,
5392500000, -5.565090e+001,
5393750000, -5.557700e+001,
5395000000, -5.567760e+001,
5396250000, -5.565499e+001,
5397500000, -5.569108e+001,
5398750000, -5.560630e+001,
5400000000, -5.557701e+001,
5401250000, -5.562138e+001,
5402500000, -5.553815e+001,
5403750000, -5.557938e+001,
5405000000, -5.560529e+001,
5406250000, -5.544378e+001,
5407500000, -5.552986e+001,
5408750000, -5.549927e+001,
5410000000, -5.543145e+001,
5411250000, -5.545456e+001,
5412500000, -5.540071e+001,
5413750000, -5.531921e+001,
5415000000, -5.531993e+001,
5416250000, -5.527506e+001,
5417500000, -5.525381e+001,
5418750000, -5.520170e+001,
5420000000, -5.521941e+001,
5421250000, -5.518679e+001,
5422500000, -5.516945e+001,
5423750000, -5.508233e+001,
5425000000, -5.521397e+001,
5426250000, -5.522269e+001,
5427500000, -5.516875e+001,
5428750000, -5.519853e+001,
5430000000, -5.515213e+001,
5431250000, -5.525922e+001,
5432500000, -5.523240e+001,
5433750000, -5.508881e+001,
5435000000, -5.521222e+001,
5436250000, -5.509545e+001,
5437500000, -5.515195e+001,
5438750000, -5.511718e+001,
5440000000, -5.511401e+001,
5441250000, -5.509103e+001,
5442500000, -5.518429e+001,
5443750000, -5.515390e+001,
5445000000, -5.523813e+001,
5446250000, -5.521940e+001,
5447500000, -5.518792e+001,
5448750000, -5.525411e+001,
5450000000, -5.526075e+001,
5451250000, -5.520723e+001,
5452500000, -5.529866e+001,
5453750000, -5.544776e+001,
5455000000, -5.544978e+001,
5456250000, -5.549836e+001,
5457500000, -5.539602e+001,
5458750000, -5.546488e+001,
5460000000, -5.548911e+001,
5461250000, -5.564374e+001,
5462500000, -5.562463e+001,
5463750000, -5.564709e+001,
5465000000, -5.570926e+001,
5466250000, -5.574710e+001,
5467500000, -5.580437e+001,
5468750000, -5.584478e+001,
5470000000, -5.589877e+001,
5471250000, -5.589994e+001,
5472500000, -5.581173e+001,
5473750000, -5.596089e+001,
5475000000, -5.598382e+001,
5476250000, -5.603012e+001,
5477500000, -5.595857e+001,
5478750000, -5.600634e+001,
5480000000, -5.610692e+001,
5481250000, -5.616159e+001,
5482500000, -5.624324e+001,
5483750000, -5.626401e+001,
5485000000, -5.630885e+001,
5486250000, -5.626976e+001,
5487500000, -5.633237e+001,
5488750000, -5.632547e+001,
5490000000, -5.630802e+001,
5491250000, -5.621917e+001,
5492500000, -5.625203e+001,
5493750000, -5.629055e+001,
5495000000, -5.629903e+001,
5496250000, -5.625657e+001,
5497500000, -5.634641e+001,
5498750000, -5.639180e+001,
5500000000, -5.626361e+001,
