"S21 Log Mag"
"Frequency (Hz)","dB",
3000000000, -5.357815e+001,
3001250000, -5.345710e+001,
3002500000, -5.318580e+001,
3003750000, -5.320866e+001,
3005000000, -5.326845e+001,
3006250000, -5.311924e+001,
3007500000, -5.322015e+001,
3008750000, -5.302833e+001,
3010000000, -5.310994e+001,
3011250000, -5.308024e+001,
3012500000, -5.312170e+001,
3013750000, -5.295513e+001,
3015000000, -5.285628e+001,
3016250000, -5.305678e+001,
3017500000, -5.295275e+001,
3018750000, -5.269550e+001,
3020000000, -5.301083e+001,
3021250000, -5.278086e+001,
3022500000, -5.252132e+001,
3023750000, -5.270571e+001,
3025000000, -5.267371e+001,
3026250000, -5.257405e+001,
3027500000, -5.261964e+001,
3028750000, -5.268685e+001,
3030000000, -5.258435e+001,
3031250000, -5.256119e+001,
3032500000, -5.263346e+001,
3033750000, -5.255590e+001,
3035000000, -5.239522e+001,
3036250000, -5.261259e+001,
3037500000, -5.267808e+001,
3038750000, -5.231932e+001,
3040000000, -5.252199e+001,
3041250000, -5.258176e+001,
3042500000, -5.233463e+001,
3043750000, -5.221671e+001,
3045000000, -5.224863e+001,
3046250000, -5.224165e+001,
3047500000, -5.211989e+001,
3048750000, -5.213218e+001,
3050000000, -5.210011e+001,
3051250000, -5.197611e+001,
3052500000, -5.207599e+001,
3053750000, -5.212223e+001,
3055000000, -5.204216e+001,
3056250000, -5.173332e+001,
3057500000, -5.209916e+001,
3058750000, -5.211546e+001,
3060000000, -5.174651e+001,
3061250000, -5.200228e+001,
3062500000, -5.201631e+001,
3063750000, -5.179277e+001,
3065000000, -5.174119e+001,
3066250000, -5.171358e+001,
3067500000, -5.162767e+001,
3068750000, -5.167588e+001,
3070000000, -5.166605e+001,
3071250000, -5.169505e+001,
3072500000, -5.154088e+001,
3073750000, -5.156384e+001,
3075000000, -5.164037e+001,
3076250000, -5.174806e+001,
3077500000, -5.135590e+001,
3078750000, -5.132596e+001,
3080000000, -5.186863e+001,
3081250000, -5.141287e+001,
3082500000, -5.123840e+001,
3083750000, -5.148687e+001,
3085000000, -5.143619e+001,
3086250000, -5.127083e+001,
3087500000, -5.118982e+001,
3088750000, -5.117719e+001,
3090000000, -5.107823e+001,
3091250000, -5.107166e+001,
3092500000, -5.111409e+001,
3093750000, -5.113546e+001,
3095000000, -5.111316e+001,
3096250000, -5.106293e+001,
3097500000, -5.114444e+001,
3098750000, -5.145113e+001,
3100000000, -5.088643e+001,
3101250000, -5.074605e+001,
3102500000, -5.126551e+001,
3103750000, -5.091111e+001,
3105000000, -5.069711e+001,
3106250000, -5.098109e+001,
3107500000, -5.098584e+001,
3108750000, -5.078216e+001,
3110000000, -5.063068e+001,
3111250000, -5.067081e+001,
3112500000, -5.079599e+001,
3113750000, -5.067599e+001,
3115000000, -5.062606e+001,
3116250000, -5.073978e+001,
3117500000, -5.071386e+001,
3118750000, -5.061224e+001,
3120000000, -5.038628e+001,
3121250000, -5.077291e+001,
3122500000, -5.079959e+001,
3123750000, -5.034061e+001,
3125000000, -5.025127e+001,
3126250000, -5.066675e+001,
3127500000, -5.033956e+001,
3128750000, -5.034608e+001,
3130000000, -5.052565e+001,
3131250000, -5.046069e+001,
3132500000, -5.036567e+001,
3133750000, -5.023655e+001,
3135000000, -5.025443e+001,
3136250000, -5.041678e+001,
3137500000, -5.026131e+001,
3138750000, -5.014181e+001,
3140000000, -5.026157e+001,
3141250000, -5.047240e+001,
3142500000, -5.031442e+001,
3143750000, -5.006099e+001,
3145000000, -5.033056e+001,
3146250000, -5.076768e+001,
3147500000, -5.041173e+001,
3148750000, -5.013435e+001,
3150000000, -5.036459e+001,
3151250000, -5.070039e+001,
3152500000, -5.017433e+001,
3153750000, -5.021745e+001,
3155000000, -5.049711e+001,
3156250000, -5.057469e+001,
3157500000, -5.022385e+001,
3158750000, -5.014354e+001,
3160000000, -5.036796e+001,
3161250000, -5.042395e+001,
3162500000, -5.030984e+001,
3163750000, -5.018808e+001,
3165000000, -5.033913e+001,
3166250000, -5.046636e+001,
3167500000, -5.042132e+001,
3168750000, -5.010381e+001,
3170000000, -5.039871e+001,
3171250000, -5.065868e+001,
3172500000, -5.032610e+001,
3173750000, -5.019056e+001,
3175000000, -5.030816e+001,
3176250000, -5.052160e+001,
3177500000, -5.031923e+001,
3178750000, -5.021472e+001,
3180000000, -5.049493e+001,
3181250000, -5.057238e+001,
3182500000, -5.035503e+001,
3183750000, -5.016140e+001,
3185000000, -5.028048e+001,
3186250000, -5.049677e+001,
3187500000, -5.052428e+001,
3188750000, -5.031028e+001,
3190000000, -5.021212e+001,
3191250000, -5.052135e+001,
3192500000, -5.069376e+001,
3193750000, -5.027714e+001,
3195000000, -5.024498e+001,
3196250000, -5.100943e+001,
3197500000, -5.070642e+001,
3198750000, -5.046371e+001,
3200000000, -5.034838e+001,
3201250000, -5.075932e+001,
3202500000, -5.070946e+001,
3203750000, -5.053638e+001,
3205000000, -5.039777e+001,
3206250000, -5.054659e+001,
3207500000, -5.084595e+001,
3208750000, -5.083137e+001,
3210000000, -5.056732e+001,
3211250000, -5.050761e+001,
3212500000, -5.069576e+001,
3213750000, -5.101577e+001,
3215000000, -5.082900e+001,
3216250000, -5.057745e+001,
3217500000, -5.092049e+001,
3218750000, -5.126423e+001,
3220000000, -5.087496e+001,
3221250000, -5.048920e+001,
3222500000, -5.122119e+001,
3223750000, -5.173268e+001,
3225000000, -5.105354e+001,
3226250000, -5.068296e+001,
3227500000, -5.127825e+001,
3228750000, -5.158954e+001,
3230000000, -5.135975e+001,
3231250000, -5.140396e+001,
3232500000, -5.138284e+001,
3233750000, -5.122537e+001,
3235000000, -5.147999e+001,
3236250000, -5.168662e+001,
3237500000, -5.163254e+001,
3238750000, -5.136930e+001,
3240000000, -5.144778e+001,
3241250000, -5.199824e+001,
3242500000, -5.166573e+001,
3243750000, -5.133632e+001,
3245000000, -5.168293e+001,
3246250000, -5.228344e+001,
3247500000, -5.215253e+001,
3248750000, -5.134240e+001,
3250000000, -5.136411e+001,
3251250000, -5.251414e+001,
3252500000, -5.242474e+001,
3253750000, -5.144566e+001,
3255000000, -5.178685e+001,
3256250000, -5.235060e+001,
3257500000, -5.216874e+001,
3258750000, -5.209668e+001,
3260000000, -5.218256e+001,
3261250000, -5.225354e+001,
3262500000, -5.178108e+001,
3263750000, -5.203329e+001,
3265000000, -5.225974e+001,
3266250000, -5.230384e+001,
3267500000, -5.187963e+001,
3268750000, -5.211561e+001,
3270000000, -5.264254e+001,
3271250000, -5.225887e+001,
3272500000, -5.155114e+001,
3273750000, -5.190520e+001,
3275000000, -5.239710e+001,
3276250000, -5.308871e+001,
3277500000, -5.189705e+001,
3278750000, -5.088558e+001,
3280000000, -5.251764e+001,
3281250000, -5.275418e+001,
3282500000, -5.169038e+001,
3283750000, -5.172925e+001,
3285000000, -5.236414e+001,
3286250000, -5.218112e+001,
3287500000, -5.164517e+001,
3288750000, -5.185567e+001,
3290000000, -5.216587e+001,
3291250000, -5.180019e+001,
3292500000, -5.134857e+001,
3293750000, -5.192852e+001,
3295000000, -5.211963e+001,
3296250000, -5.163643e+001,
3297500000, -5.128829e+001,
3298750000, -5.161589e+001,
3300000000, -5.229169e+001,
3301250000, -5.183010e+001,
3302500000, -5.125578e+001,
3303750000, -5.126656e+001,
3305000000, -5.133653e+001,
3306250000, -5.301629e+001,
3307500000, -5.140131e+001,
3308750000, -5.050914e+001,
3310000000, -5.138369e+001,
3311250000, -5.150873e+001,
3312500000, -5.134426e+001,
3313750000, -5.116903e+001,
3315000000, -5.181100e+001,
3316250000, -5.152580e+001,
3317500000, -5.110918e+001,
3318750000, -5.100786e+001,
3320000000, -5.140041e+001,
3321250000, -5.119787e+001,
3322500000, -5.068026e+001,
3323750000, -5.101741e+001,
3325000000, -5.130809e+001,
3326250000, -5.145552e+001,
3327500000, -5.084869e+001,
3328750000, -5.040866e+001,
3330000000, -5.066520e+001,
3331250000, -5.154861e+001,
3332500000, -5.151744e+001,
3333750000, -5.100402e+001,
3335000000, -5.019155e+001,
3336250000, -5.064392e+001,
3337500000, -5.158446e+001,
3338750000, -5.074210e+001,
3340000000, -5.113335e+001,
3341250000, -5.011304e+001,
3342500000, -5.038261e+001,
3343750000, -5.058074e+001,
3345000000, -5.081581e+001,
3346250000, -5.107492e+001,
3347500000, -5.093898e+001,
3348750000, -5.076372e+001,
3350000000, -5.043811e+001,
3351250000, -5.093753e+001,
3352500000, -5.123544e+001,
3353750000, -5.022617e+001,
3355000000, -5.029575e+001,
3356250000, -5.055420e+001,
3357500000, -5.146373e+001,
3358750000, -5.194197e+001,
3360000000, -5.072502e+001,
3361250000, -4.981622e+001,
3362500000, -5.033054e+001,
3363750000, -5.114971e+001,
3365000000, -5.177860e+001,
3366250000, -5.199608e+001,
3367500000, -5.054843e+001,
3368750000, -5.005783e+001,
3370000000, -5.000510e+001,
3371250000, -5.186572e+001,
3372500000, -5.135030e+001,
3373750000, -5.029028e+001,
3375000000, -5.057424e+001,
3376250000, -5.071476e+001,
3377500000, -5.088796e+001,
3378750000, -5.125380e+001,
3380000000, -5.154722e+001,
3381250000, -5.087255e+001,
3382500000, -5.024023e+001,
3383750000, -5.084656e+001,
3385000000, -5.261261e+001,
3386250000, -5.191955e+001,
3387500000, -5.001957e+001,
3388750000, -4.975534e+001,
3390000000, -5.092517e+001,
3391250000, -5.247490e+001,
3392500000, -5.307951e+001,
3393750000, -5.131839e+001,
3395000000, -5.030965e+001,
3396250000, -5.047136e+001,
3397500000, -5.096564e+001,
3398750000, -5.290299e+001,
3400000000, -5.242434e+001,
3401250000, -5.165910e+001,
3402500000, -5.065641e+001,
3403750000, -4.979389e+001,
3405000000, -5.199564e+001,
3406250000, -5.249333e+001,
3407500000, -5.025271e+001,
3408750000, -5.085699e+001,
3410000000, -5.177457e+001,
3411250000, -5.185333e+001,
3412500000, -5.183650e+001,
3413750000, -5.191354e+001,
3415000000, -5.134181e+001,
3416250000, -4.985363e+001,
3417500000, -5.035494e+001,
3418750000, -5.234869e+001,
3420000000, -5.456020e+001,
3421250000, -5.254427e+001,
3422500000, -4.929527e+001,
3423750000, -4.932738e+001,
3425000000, -5.096236e+001,
3426250000, -5.286298e+001,
3427500000, -5.381763e+001,
3428750000, -5.241157e+001,
3430000000, -5.135038e+001,
3431250000, -4.995183e+001,
3432500000, -5.031351e+001,
3433750000, -5.177469e+001,
3435000000, -5.275126e+001,
3436250000, -5.164096e+001,
3437500000, -5.002155e+001,
3438750000, -5.046767e+001,
3440000000, -5.301906e+001,
3441250000, -5.263574e+001,
3442500000, -4.915358e+001,
3443750000, -4.971309e+001,
3445000000, -5.185308e+001,
3446250000, -5.206361e+001,
3447500000, -5.161018e+001,
3448750000, -5.234763e+001,
3450000000, -5.201857e+001,
3451250000, -5.019852e+001,
3452500000, -4.875295e+001,
3453750000, -4.926969e+001,
3455000000, -5.221663e+001,
3456250000, -5.604601e+001,
3457500000, -5.282191e+001,
3458750000, -4.940082e+001,
3460000000, -4.845784e+001,
3461250000, -4.925891e+001,
3462500000, -5.094777e+001,
3463750000, -5.246738e+001,
3465000000, -5.495950e+001,
3466250000, -5.283065e+001,
3467500000, -4.975877e+001,
3468750000, -4.966832e+001,
3470000000, -5.071281e+001,
3471250000, -5.127279e+001,
3472500000, -4.920451e+001,
3473750000, -4.931871e+001,
3475000000, -5.105616e+001,
3476250000, -5.364918e+001,
3477500000, -5.401981e+001,
3478750000, -4.922216e+001,
3480000000, -4.901750e+001,
3481250000, -4.974576e+001,
3482500000, -5.011110e+001,
3483750000, -5.055124e+001,
3485000000, -5.301937e+001,
3486250000, -5.437413e+001,
3487500000, -5.167434e+001,
3488750000, -4.871939e+001,
3490000000, -4.742838e+001,
3491250000, -4.758700e+001,
3492500000, -5.080624e+001,
3493750000, -5.584683e+001,
3495000000, -5.454235e+001,
3496250000, -5.149895e+001,
3497500000, -4.917605e+001,
3498750000, -4.834767e+001,
3500000000, -4.810313e+001,
3501250000, -4.925497e+001,
3502500000, -5.280141e+001,
3503750000, -5.697145e+001,
3505000000, -5.019627e+001,
3506250000, -5.045128e+001,
3507500000, -5.171502e+001,
3508750000, -5.095486e+001,
3510000000, -4.843149e+001,
3511250000, -4.726412e+001,
3512500000, -4.730531e+001,
3513750000, -4.911842e+001,
3515000000, -5.602771e+001,
3516250000, -5.663936e+001,
3517500000, -4.928712e+001,
3518750000, -4.803869e+001,
3520000000, -4.813570e+001,
3521250000, -4.839618e+001,
3522500000, -4.887360e+001,
3523750000, -5.085094e+001,
3525000000, -5.717199e+001,
3526250000, -5.668179e+001,
3527500000, -4.896604e+001,
3528750000, -4.674042e+001,
3530000000, -4.636794e+001,
3531250000, -4.746019e+001,
3532500000, -5.021747e+001,
3533750000, -5.481472e+001,
3535000000, -5.686618e+001,
3536250000, -5.539781e+001,
3537500000, -5.071295e+001,
3538750000, -4.852837e+001,
3540000000, -4.761730e+001,
3541250000, -4.888917e+001,
3542500000, -5.350101e+001,
3543750000, -5.182448e+001,
3545000000, -5.031561e+001,
3546250000, -5.523521e+001,
3547500000, -5.507674e+001,
3548750000, -5.143730e+001,
3550000000, -4.973559e+001,
3551250000, -4.769057e+001,
3552500000, -4.639793e+001,
3553750000, -4.751752e+001,
3555000000, -5.231289e+001,
3556250000, -6.037537e+001,
3557500000, -5.884193e+001,
3558750000, -5.452186e+001,
3560000000, -4.871938e+001,
3561250000, -4.641143e+001,
3562500000, -4.549645e+001,
3563750000, -4.561991e+001,
3565000000, -4.768373e+001,
3566250000, -5.440574e+001,
3567500000, -5.628123e+001,
3568750000, -5.023350e+001,
3570000000, -4.783915e+001,
3571250000, -4.715556e+001,
3572500000, -4.694068e+001,
3573750000, -4.783445e+001,
3575000000, -4.920049e+001,
3576250000, -5.314477e+001,
3577500000, -6.458095e+001,
3578750000, -5.896825e+001,
3580000000, -5.069717e+001,
3581250000, -4.888608e+001,
3582500000, -5.039342e+001,
3583750000, -5.226953e+001,
3585000000, -4.748981e+001,
3586250000, -4.713078e+001,
3587500000, -5.285817e+001,
3588750000, -6.480271e+001,
3590000000, -5.805195e+001,
3591250000, -5.352439e+001,
3592500000, -4.819866e+001,
3593750000, -4.588375e+001,
3595000000, -4.773937e+001,
3596250000, -4.723308e+001,
3597500000, -4.651043e+001,
3598750000, -4.799858e+001,
3600000000, -5.146342e+001,
3601250000, -5.018105e+001,
3602500000, -4.638780e+001,
3603750000, -4.432740e+001,
3605000000, -4.294510e+001,
3606250000, -4.261412e+001,
3607500000, -4.444899e+001,
3608750000, -4.847453e+001,
3610000000, -5.474105e+001,
3611250000, -5.905221e+001,
3612500000, -5.351135e+001,
3613750000, -4.967720e+001,
3615000000, -4.729578e+001,
3616250000, -4.674697e+001,
3617500000, -4.684938e+001,
3618750000, -4.789954e+001,
3620000000, -4.940748e+001,
3621250000, -5.383204e+001,
3622500000, -5.687021e+001,
3623750000, -5.167374e+001,
3625000000, -4.862755e+001,
3626250000, -4.833735e+001,
3627500000, -4.614140e+001,
3628750000, -4.492290e+001,
3630000000, -4.491696e+001,
3631250000, -4.584606e+001,
3632500000, -5.169492e+001,
3633750000, -6.013067e+001,
3635000000, -6.994136e+001,
3636250000, -5.448856e+001,
3637500000, -4.690421e+001,
3638750000, -4.290438e+001,
3640000000, -4.058069e+001,
3641250000, -3.990023e+001,
3642500000, -3.990377e+001,
3643750000, -4.194159e+001,
3645000000, -4.487181e+001,
3646250000, -4.634839e+001,
3647500000, -4.453404e+001,
3648750000, -4.350211e+001,
3650000000, -4.334326e+001,
3651250000, -4.354618e+001,
3652500000, -4.438871e+001,
3653750000, -4.730158e+001,
3655000000, -5.236718e+001,
3656250000, -6.205811e+001,
3657500000, -5.680346e+001,
3658750000, -5.017960e+001,
3660000000, -4.645876e+001,
3661250000, -4.550907e+001,
3662500000, -4.551408e+001,
3663750000, -4.525175e+001,
3665000000, -4.523159e+001,
3666250000, -4.662502e+001,
3667500000, -4.680329e+001,
3668750000, -4.786525e+001,
3670000000, -4.850668e+001,
3671250000, -4.665155e+001,
3672500000, -4.639116e+001,
3673750000, -4.376066e+001,
3675000000, -4.143414e+001,
3676250000, -4.211274e+001,
3677500000, -4.100948e+001,
3678750000, -3.990063e+001,
3680000000, -3.865095e+001,
3681250000, -3.858623e+001,
3682500000, -3.980739e+001,
3683750000, -4.095543e+001,
3685000000, -4.069820e+001,
3686250000, -4.000902e+001,
3687500000, -3.987445e+001,
3688750000, -4.067775e+001,
3690000000, -4.276194e+001,
3691250000, -4.663993e+001,
3692500000, -5.140012e+001,
3693750000, -4.973608e+001,
3695000000, -4.608227e+001,
3696250000, -4.373785e+001,
3697500000, -4.197252e+001,
3698750000, -4.135007e+001,
3700000000, -4.193039e+001,
3701250000, -4.301638e+001,
3702500000, -4.414803e+001,
3703750000, -4.536542e+001,
3705000000, -4.534869e+001,
3706250000, -4.432816e+001,
3707500000, -4.389847e+001,
3708750000, -4.293255e+001,
3710000000, -4.099389e+001,
3711250000, -4.008866e+001,
3712500000, -4.032587e+001,
3713750000, -4.119749e+001,
3715000000, -4.107154e+001,
3716250000, -4.143239e+001,
3717500000, -4.445413e+001,
3718750000, -4.109387e+001,
3720000000, -3.921143e+001,
3721250000, -3.943064e+001,
3722500000, -4.034244e+001,
3723750000, -3.879189e+001,
3725000000, -3.579063e+001,
3726250000, -3.487250e+001,
3727500000, -3.546507e+001,
3728750000, -3.745531e+001,
3730000000, -4.120931e+001,
3731250000, -4.445431e+001,
3732500000, -4.386599e+001,
3733750000, -4.180620e+001,
3735000000, -3.989767e+001,
3736250000, -3.915965e+001,
3737500000, -3.902166e+001,
3738750000, -3.940171e+001,
3740000000, -3.996885e+001,
3741250000, -4.078483e+001,
3742500000, -4.260082e+001,
3743750000, -4.209874e+001,
3745000000, -3.839744e+001,
3746250000, -3.642168e+001,
3747500000, -3.569898e+001,
3748750000, -3.506401e+001,
3750000000, -3.494933e+001,
3751250000, -3.548599e+001,
3752500000, -3.560592e+001,
3753750000, -3.565273e+001,
3755000000, -3.607111e+001,
3756250000, -3.666967e+001,
3757500000, -3.711349e+001,
3758750000, -3.725483e+001,
3760000000, -3.688435e+001,
3761250000, -3.666734e+001,
3762500000, -3.721223e+001,
3763750000, -3.650921e+001,
3765000000, -3.588368e+001,
3766250000, -3.492912e+001,
3767500000, -3.306779e+001,
3768750000, -3.240137e+001,
3770000000, -3.475594e+001,
3771250000, -3.824096e+001,
3772500000, -4.432505e+001,
3773750000, -5.258535e+001,
3775000000, -4.984823e+001,
3776250000, -4.049160e+001,
3777500000, -3.728999e+001,
3778750000, -3.614148e+001,
3780000000, -3.474481e+001,
3781250000, -3.428906e+001,
3782500000, -3.410806e+001,
3783750000, -3.417001e+001,
3785000000, -3.404679e+001,
3786250000, -3.266762e+001,
3787500000, -3.122246e+001,
3788750000, -3.045699e+001,
3790000000, -3.135200e+001,
3791250000, -3.162340e+001,
3792500000, -3.134643e+001,
3793750000, -3.219842e+001,
3795000000, -3.285788e+001,
3796250000, -3.321624e+001,
3797500000, -3.269841e+001,
3798750000, -3.230007e+001,
3800000000, -3.226411e+001,
3801250000, -3.224847e+001,
3802500000, -3.236142e+001,
3803750000, -3.254428e+001,
3805000000, -3.251686e+001,
3806250000, -3.267274e+001,
3807500000, -3.297656e+001,
3808750000, -3.358890e+001,
3810000000, -3.362945e+001,
3811250000, -3.335373e+001,
3812500000, -3.318063e+001,
3813750000, -3.390963e+001,
3815000000, -3.498150e+001,
3816250000, -3.515064e+001,
3817500000, -3.532172e+001,
3818750000, -3.619242e+001,
3820000000, -3.704007e+001,
3821250000, -3.837027e+001,
3822500000, -3.871682e+001,
3823750000, -3.648990e+001,
3825000000, -3.575174e+001,
3826250000, -3.506011e+001,
3827500000, -3.373932e+001,
3828750000, -3.155742e+001,
3830000000, -2.929414e+001,
3831250000, -2.955295e+001,
3832500000, -2.970571e+001,
3833750000, -2.926322e+001,
3835000000, -2.891271e+001,
3836250000, -2.900758e+001,
3837500000, -2.896040e+001,
3838750000, -2.931273e+001,
3840000000, -2.923955e+001,
3841250000, -2.935270e+001,
3842500000, -2.992278e+001,
3843750000, -3.046218e+001,
3845000000, -3.027179e+001,
3846250000, -2.986747e+001,
3847500000, -2.958498e+001,
3848750000, -2.966212e+001,
3850000000, -3.009756e+001,
3851250000, -3.059353e+001,
3852500000, -3.042543e+001,
3853750000, -3.039008e+001,
3855000000, -3.049759e+001,
3856250000, -2.998337e+001,
3857500000, -2.970169e+001,
3858750000, -3.007946e+001,
3860000000, -3.195530e+001,
3861250000, -3.380792e+001,
3862500000, -3.403604e+001,
3863750000, -3.392342e+001,
3865000000, -3.311001e+001,
3866250000, -3.287924e+001,
3867500000, -3.319458e+001,
3868750000, -3.364401e+001,
3870000000, -3.441542e+001,
3871250000, -3.490719e+001,
3872500000, -3.506526e+001,
3873750000, -3.558864e+001,
3875000000, -3.584222e+001,
3876250000, -3.750905e+001,
3877500000, -4.399588e+001,
3878750000, -3.802689e+001,
3880000000, -3.323333e+001,
3881250000, -3.056398e+001,
3882500000, -2.926650e+001,
3883750000, -2.875866e+001,
3885000000, -2.799134e+001,
3886250000, -2.755445e+001,
3887500000, -2.730602e+001,
3888750000, -2.733368e+001,
3890000000, -2.698382e+001,
3891250000, -2.637229e+001,
3892500000, -2.597885e+001,
3893750000, -2.576885e+001,
3895000000, -2.517494e+001,
3896250000, -2.454786e+001,
3897500000, -2.519090e+001,
3898750000, -2.627975e+001,
3900000000, -2.768476e+001,
3901250000, -2.762173e+001,
3902500000, -2.710088e+001,
3903750000, -2.616314e+001,
3905000000, -2.506770e+001,
3906250000, -2.463765e+001,
3907500000, -2.506058e+001,
3908750000, -2.591388e+001,
3910000000, -2.688625e+001,
3911250000, -2.689709e+001,
3912500000, -2.646254e+001,
3913750000, -2.645289e+001,
3915000000, -2.630951e+001,
3916250000, -2.582348e+001,
3917500000, -2.577776e+001,
3918750000, -2.632346e+001,
3920000000, -2.637015e+001,
3921250000, -2.653876e+001,
3922500000, -2.772766e+001,
3923750000, -2.873818e+001,
3925000000, -2.942266e+001,
3926250000, -2.873455e+001,
3927500000, -2.749314e+001,
3928750000, -2.595499e+001,
3930000000, -2.511009e+001,
3931250000, -2.506628e+001,
3932500000, -2.542210e+001,
3933750000, -2.621758e+001,
3935000000, -2.703250e+001,
3936250000, -2.778971e+001,
3937500000, -2.838032e+001,
3938750000, -2.837665e+001,
3940000000, -2.805938e+001,
3941250000, -2.733777e+001,
3942500000, -2.726473e+001,
3943750000, -2.721472e+001,
3945000000, -2.718092e+001,
3946250000, -2.704236e+001,
3947500000, -2.865981e+001,
3948750000, -3.152039e+001,
3950000000, -3.168180e+001,
3951250000, -2.997975e+001,
3952500000, -2.887400e+001,
3953750000, -2.891141e+001,
3955000000, -3.001362e+001,
3956250000, -3.012614e+001,
3957500000, -2.954219e+001,
3958750000, -3.066256e+001,
3960000000, -3.354972e+001,
3961250000, -3.917653e+001,
3962500000, -3.961974e+001,
3963750000, -3.749782e+001,
3965000000, -3.592788e+001,
3966250000, -3.779847e+001,
3967500000, -3.534937e+001,
3968750000, -3.320848e+001,
3970000000, -3.126218e+001,
3971250000, -3.373469e+001,
3972500000, -3.533047e+001,
3973750000, -3.437120e+001,
3975000000, -2.912821e+001,
3976250000, -2.752306e+001,
3977500000, -2.688198e+001,
3978750000, -2.504240e+001,
3980000000, -2.261002e+001,
3981250000, -2.070446e+001,
3982500000, -2.029714e+001,
3983750000, -2.062741e+001,
3985000000, -2.126089e+001,
3986250000, -2.114462e+001,
3987500000, -2.164904e+001,
3988750000, -2.185769e+001,
3990000000, -2.167753e+001,
3991250000, -2.148826e+001,
3992500000, -1.972694e+001,
3993750000, -1.826280e+001,
3995000000, -1.767497e+001,
3996250000, -1.662254e+001,
3997500000, -1.557773e+001,
3998750000, -1.482132e+001,
4000000000, -1.452039e+001,
4001250000, -1.452105e+001,
4002500000, -1.478228e+001,
4003750000, -1.521316e+001,
4005000000, -1.565401e+001,
4006250000, -1.633312e+001,
4007500000, -1.630004e+001,
4008750000, -1.519934e+001,
4010000000, -1.411115e+001,
4011250000, -1.322669e+001,
4012500000, -1.278926e+001,
4013750000, -1.250933e+001,
4015000000, -1.222081e+001,
4016250000, -1.206846e+001,
4017500000, -1.237548e+001,
4018750000, -1.283990e+001,
4020000000, -1.302114e+001,
4021250000, -1.308570e+001,
4022500000, -1.309157e+001,
4023750000, -1.271143e+001,
4025000000, -1.219177e+001,
4026250000, -1.155808e+001,
4027500000, -1.123442e+001,
4028750000, -1.123901e+001,
4030000000, -1.118055e+001,
4031250000, -1.101913e+001,
4032500000, -1.105853e+001,
4033750000, -1.129179e+001,
4035000000, -1.142367e+001,
4036250000, -1.149408e+001,
4037500000, -1.158945e+001,
4038750000, -1.150279e+001,
4040000000, -1.113642e+001,
4041250000, -1.073678e+001,
4042500000, -1.038376e+001,
4043750000, -1.017882e+001,
4045000000, -1.010058e+001,
4046250000, -1.019274e+001,
4047500000, -1.033806e+001,
4048750000, -1.049924e+001,
4050000000, -1.069115e+001,
4051250000, -1.084389e+001,
4052500000, -1.082554e+001,
4053750000, -1.062376e+001,
4055000000, -1.038136e+001,
4056250000, -1.021039e+001,
4057500000, -1.003698e+001,
4058750000, -9.971512e+000,
4060000000, -1.006306e+001,
4061250000, -1.031874e+001,
4062500000, -1.058655e+001,
4063750000, -1.072272e+001,
4065000000, -1.077299e+001,
4066250000, -1.071203e+001,
4067500000, -1.054423e+001,
4068750000, -1.032371e+001,
4070000000, -1.011419e+001,
4071250000, -9.954605e+000,
4072500000, -9.879793e+000,
4073750000, -9.918110e+000,
4075000000, -1.007517e+001,
4076250000, -1.043913e+001,
4077500000, -1.086451e+001,
4078750000, -1.102267e+001,
4080000000, -1.094811e+001,
4081250000, -1.077558e+001,
4082500000, -1.058957e+001,
4083750000, -1.037847e+001,
4085000000, -1.021455e+001,
4086250000, -1.019414e+001,
4087500000, -1.025513e+001,
4088750000, -1.039455e+001,
4090000000, -1.068903e+001,
4091250000, -1.109414e+001,
4092500000, -1.139425e+001,
4093750000, -1.151553e+001,
4095000000, -1.149512e+001,
4096250000, -1.122244e+001,
4097500000, -1.085853e+001,
4098750000, -1.071446e+001,
4100000000, -1.074636e+001,
4101250000, -1.072993e+001,
4102500000, -1.071603e+001,
4103750000, -1.094653e+001,
4105000000, -1.130676e+001,
4106250000, -1.154842e+001,
4107500000, -1.180887e+001,
4108750000, -1.207100e+001,
4110000000, -1.194081e+001,
4111250000, -1.153219e+001,
4112500000, -1.130964e+001,
4113750000, -1.127264e+001,
4115000000, -1.121160e+001,
4116250000, -1.126501e+001,
4117500000, -1.149370e+001,
4118750000, -1.178803e+001,
4120000000, -1.207836e+001,
4121250000, -1.241189e+001,
4122500000, -1.276990e+001,
4123750000, -1.276029e+001,
4125000000, -1.238235e+001,
4126250000, -1.205857e+001,
4127500000, -1.195679e+001,
4128750000, -1.190127e+001,
4130000000, -1.195391e+001,
4131250000, -1.218400e+001,
4132500000, -1.246381e+001,
4133750000, -1.266733e+001,
4135000000, -1.295566e+001,
4136250000, -1.327943e+001,
4137500000, -1.320925e+001,
4138750000, -1.286868e+001,
4140000000, -1.258458e+001,
4141250000, -1.235040e+001,
4142500000, -1.234201e+001,
4143750000, -1.259609e+001,
4145000000, -1.290084e+001,
4146250000, -1.321507e+001,
4147500000, -1.347546e+001,
4148750000, -1.364493e+001,
4150000000, -1.377289e+001,
4151250000, -1.367560e+001,
4152500000, -1.338223e+001,
4153750000, -1.316679e+001,
4155000000, -1.304511e+001,
4156250000, -1.303396e+001,
4157500000, -1.335052e+001,
4158750000, -1.379597e+001,
4160000000, -1.403309e+001,
4161250000, -1.410560e+001,
4162500000, -1.417803e+001,
4163750000, -1.412880e+001,
4165000000, -1.395151e+001,
4166250000, -1.372955e+001,
4167500000, -1.356049e+001,
4168750000, -1.354588e+001,
4170000000, -1.367401e+001,
4171250000, -1.392158e+001,
4172500000, -1.429257e+001,
4173750000, -1.451994e+001,
4175000000, -1.453881e+001,
4176250000, -1.450975e+001,
4177500000, -1.439771e+001,
4178750000, -1.421920e+001,
4180000000, -1.406186e+001,
4181250000, -1.396252e+001,
4182500000, -1.397647e+001,
4183750000, -1.415821e+001,
4185000000, -1.458448e+001,
4186250000, -1.495381e+001,
4187500000, -1.499797e+001,
4188750000, -1.484113e+001,
4190000000, -1.461187e+001,
4191250000, -1.436611e+001,
4192500000, -1.420389e+001,
4193750000, -1.413439e+001,
4195000000, -1.414256e+001,
4196250000, -1.430329e+001,
4197500000, -1.466548e+001,
4198750000, -1.500976e+001,
4200000000, -1.510213e+001,
4201250000, -1.497800e+001,
4202500000, -1.475542e+001,
4203750000, -1.461640e+001,
4205000000, -1.456264e+001,
4206250000, -1.451538e+001,
4207500000, -1.455471e+001,
4208750000, -1.468550e+001,
4210000000, -1.493497e+001,
4211250000, -1.522817e+001,
4212500000, -1.527623e+001,
4213750000, -1.508155e+001,
4215000000, -1.482820e+001,
4216250000, -1.466241e+001,
4217500000, -1.463762e+001,
4218750000, -1.463222e+001,
4220000000, -1.461813e+001,
4221250000, -1.472371e+001,
4222500000, -1.499663e+001,
4223750000, -1.520792e+001,
4225000000, -1.512528e+001,
4226250000, -1.487427e+001,
4227500000, -1.470530e+001,
4228750000, -1.468960e+001,
4230000000, -1.474754e+001,
4231250000, -1.484174e+001,
4232500000, -1.490673e+001,
4233750000, -1.501320e+001,
4235000000, -1.518223e+001,
4236250000, -1.521038e+001,
4237500000, -1.507370e+001,
4238750000, -1.500003e+001,
4240000000, -1.505083e+001,
4241250000, -1.510767e+001,
4242500000, -1.507814e+001,
4243750000, -1.503093e+001,
4245000000, -1.504713e+001,
4246250000, -1.507061e+001,
4247500000, -1.502551e+001,
4248750000, -1.495388e+001,
4250000000, -1.493296e+001,
4251250000, -1.497166e+001,
4252500000, -1.506797e+001,
4253750000, -1.512735e+001,
4255000000, -1.516061e+001,
4256250000, -1.520294e+001,
4257500000, -1.525771e+001,
4258750000, -1.529577e+001,
4260000000, -1.530116e+001,
4261250000, -1.539162e+001,
4262500000, -1.548617e+001,
4263750000, -1.544665e+001,
4265000000, -1.544119e+001,
4266250000, -1.548650e+001,
4267500000, -1.542446e+001,
4268750000, -1.539598e+001,
4270000000, -1.540129e+001,
4271250000, -1.542573e+001,
4272500000, -1.552484e+001,
4273750000, -1.555289e+001,
4275000000, -1.553161e+001,
4276250000, -1.560322e+001,
4277500000, -1.569624e+001,
4278750000, -1.573399e+001,
4280000000, -1.576700e+001,
4281250000, -1.576498e+001,
4282500000, -1.577713e+001,
4283750000, -1.582283e+001,
4285000000, -1.583587e+001,
4286250000, -1.594222e+001,
4287500000, -1.605434e+001,
4288750000, -1.607618e+001,
4290000000, -1.601417e+001,
4291250000, -1.590496e+001,
4292500000, -1.584149e+001,
4293750000, -1.580607e+001,
4295000000, -1.576742e+001,
4296250000, -1.581665e+001,
4297500000, -1.600450e+001,
4298750000, -1.612062e+001,
4300000000, -1.609278e+001,
4301250000, -1.605147e+001,
4302500000, -1.606675e+001,
4303750000, -1.609395e+001,
4305000000, -1.616156e+001,
4306250000, -1.631300e+001,
4307500000, -1.645173e+001,
4308750000, -1.644105e+001,
4310000000, -1.631181e+001,
4311250000, -1.619738e+001,
4312500000, -1.610012e+001,
4313750000, -1.602084e+001,
4315000000, -1.596930e+001,
4316250000, -1.598375e+001,
4317500000, -1.605054e+001,
4318750000, -1.614895e+001,
4320000000, -1.621303e+001,
4321250000, -1.620690e+001,
4322500000, -1.619194e+001,
4323750000, -1.618247e+001,
4325000000, -1.621626e+001,
4326250000, -1.626333e+001,
4327500000, -1.631191e+001,
4328750000, -1.637863e+001,
4330000000, -1.644104e+001,
4331250000, -1.639016e+001,
4332500000, -1.628409e+001,
4333750000, -1.617440e+001,
4335000000, -1.611294e+001,
4336250000, -1.610494e+001,
4337500000, -1.615104e+001,
4338750000, -1.621873e+001,
4340000000, -1.626965e+001,
4341250000, -1.627594e+001,
4342500000, -1.626414e+001,
4343750000, -1.629525e+001,
4345000000, -1.634274e+001,
4346250000, -1.638661e+001,
4347500000, -1.647950e+001,
4348750000, -1.657225e+001,
4350000000, -1.657315e+001,
4351250000, -1.648088e+001,
4352500000, -1.637207e+001,
4353750000, -1.629100e+001,
4355000000, -1.623676e+001,
4356250000, -1.626464e+001,
4357500000, -1.637241e+001,
4358750000, -1.649120e+001,
4360000000, -1.654403e+001,
4361250000, -1.656244e+001,
4362500000, -1.662331e+001,
4363750000, -1.670900e+001,
4365000000, -1.682375e+001,
4366250000, -1.691701e+001,
4367500000, -1.693972e+001,
4368750000, -1.693137e+001,
4370000000, -1.690447e+001,
4371250000, -1.686695e+001,
4372500000, -1.683824e+001,
4373750000, -1.685793e+001,
4375000000, -1.693001e+001,
4376250000, -1.700528e+001,
4377500000, -1.707372e+001,
4378750000, -1.716881e+001,
4380000000, -1.725462e+001,
4381250000, -1.736549e+001,
4382500000, -1.749518e+001,
4383750000, -1.763491e+001,
4385000000, -1.774429e+001,
4386250000, -1.783269e+001,
4387500000, -1.784369e+001,
4388750000, -1.780309e+001,
4390000000, -1.776343e+001,
4391250000, -1.777308e+001,
4392500000, -1.784217e+001,
4393750000, -1.793623e+001,
4395000000, -1.806604e+001,
4396250000, -1.824141e+001,
4397500000, -1.838286e+001,
4398750000, -1.854197e+001,
4400000000, -1.875155e+001,
4401250000, -1.890714e+001,
4402500000, -1.900269e+001,
4403750000, -1.907135e+001,
4405000000, -1.908406e+001,
4406250000, -1.907228e+001,
4407500000, -1.906268e+001,
4408750000, -1.913401e+001,
4410000000, -1.925548e+001,
4411250000, -1.947857e+001,
4412500000, -1.966112e+001,
4413750000, -1.980379e+001,
4415000000, -1.998515e+001,
4416250000, -2.016587e+001,
4417500000, -2.035901e+001,
4418750000, -2.055916e+001,
4420000000, -2.068132e+001,
4421250000, -2.067861e+001,
4422500000, -2.065742e+001,
4423750000, -2.066967e+001,
4425000000, -2.074201e+001,
4426250000, -2.092432e+001,
4427500000, -2.110107e+001,
4428750000, -2.129347e+001,
4430000000, -2.152245e+001,
4431250000, -2.177322e+001,
4432500000, -2.201317e+001,
4433750000, -2.225140e+001,
4435000000, -2.238018e+001,
4436250000, -2.242567e+001,
4437500000, -2.243317e+001,
4438750000, -2.242659e+001,
4440000000, -2.245597e+001,
4441250000, -2.256141e+001,
4442500000, -2.274838e+001,
4443750000, -2.299922e+001,
4445000000, -2.327682e+001,
4446250000, -2.355004e+001,
4447500000, -2.381299e+001,
4448750000, -2.402798e+001,
4450000000, -2.418814e+001,
4451250000, -2.423365e+001,
4452500000, -2.418466e+001,
4453750000, -2.412841e+001,
4455000000, -2.417306e+001,
4456250000, -2.429411e+001,
4457500000, -2.443651e+001,
4458750000, -2.467253e+001,
4460000000, -2.497266e+001,
4461250000, -2.530774e+001,
4462500000, -2.559907e+001,
4463750000, -2.577471e+001,
4465000000, -2.584029e+001,
4466250000, -2.578887e+001,
4467500000, -2.568051e+001,
4468750000, -2.562831e+001,
4470000000, -2.565144e+001,
4471250000, -2.581135e+001,
4472500000, -2.606298e+001,
4473750000, -2.638435e+001,
4475000000, -2.673222e+001,
4476250000, -2.706059e+001,
4477500000, -2.727185e+001,
4478750000, -2.729547e+001,
4480000000, -2.718236e+001,
4481250000, -2.702743e+001,
4482500000, -2.694334e+001,
4483750000, -2.696692e+001,
4485000000, -2.709897e+001,
4486250000, -2.737914e+001,
4487500000, -2.779867e+001,
4488750000, -2.821159e+001,
4490000000, -2.851800e+001,
4491250000, -2.863440e+001,
4492500000, -2.857034e+001,
4493750000, -2.836445e+001,
4495000000, -2.814535e+001,
4496250000, -2.804231e+001,
4497500000, -2.813800e+001,
4498750000, -2.841048e+001,
4500000000, -2.869304e+001,
4501250000, -2.928403e+001,
4502500000, -2.969545e+001,
4503750000, -2.987038e+001,
4505000000, -2.975116e+001,
4506250000, -2.946592e+001,
4507500000, -2.918548e+001,
4508750000, -2.904927e+001,
4510000000, -2.909446e+001,
4511250000, -2.942187e+001,
4512500000, -2.995156e+001,
4513750000, -3.053080e+001,
4515000000, -3.095643e+001,
4516250000, -3.102522e+001,
4517500000, -3.077768e+001,
4518750000, -3.036744e+001,
4520000000, -3.003788e+001,
4521250000, -2.996016e+001,
4522500000, -3.020385e+001,
4523750000, -3.072417e+001,
4525000000, -3.142655e+001,
4526250000, -3.206841e+001,
4527500000, -3.229750e+001,
4528750000, -3.203365e+001,
4530000000, -3.154681e+001,
4531250000, -3.114473e+001,
4532500000, -3.102989e+001,
4533750000, -3.130042e+001,
4535000000, -3.198177e+001,
4536250000, -3.289301e+001,
4537500000, -3.365890e+001,
4538750000, -3.387135e+001,
4540000000, -3.345492e+001,
4541250000, -3.278991e+001,
4542500000, -3.233833e+001,
4543750000, -3.234797e+001,
4545000000, -3.288829e+001,
4546250000, -3.389013e+001,
4547500000, -3.512056e+001,
4548750000, -3.591909e+001,
4550000000, -3.567120e+001,
4551250000, -3.484805e+001,
4552500000, -3.418166e+001,
4553750000, -3.400141e+001,
4555000000, -3.449965e+001,
4556250000, -3.569638e+001,
4557500000, -3.734572e+001,
4558750000, -3.861137e+001,
4560000000, -3.836429e+001,
4561250000, -3.713478e+001,
4562500000, -3.619081e+001,
4563750000, -3.596436e+001,
4565000000, -3.663231e+001,
4566250000, -3.823256e+001,
4567500000, -4.057789e+001,
4568750000, -4.209182e+001,
4570000000, -4.097209e+001,
4571250000, -3.915491e+001,
4572500000, -3.816622e+001,
4573750000, -3.830496e+001,
4575000000, -3.966576e+001,
4576250000, -4.242250e+001,
4577500000, -4.612201e+001,
4578750000, -4.592076e+001,
4580000000, -4.280271e+001,
4581250000, -4.089409e+001,
4582500000, -4.053297e+001,
4583750000, -4.173680e+001,
4585000000, -4.494207e+001,
4586250000, -5.130146e+001,
4587500000, -5.180527e+001,
4588750000, -4.605020e+001,
4590000000, -4.355763e+001,
4591250000, -4.315641e+001,
4592500000, -4.466222e+001,
4593750000, -4.882379e+001,
4595000000, -6.162419e+001,
4596250000, -5.420694e+001,
4597500000, -4.786450e+001,
4598750000, -4.587049e+001,
4600000000, -4.606625e+001,
4601250000, -4.837340e+001,
4602500000, -5.330415e+001,
4603750000, -5.596957e+001,
4605000000, -5.091269e+001,
4606250000, -4.836892e+001,
4607500000, -4.814587e+001,
4608750000, -4.965129e+001,
4610000000, -5.225480e+001,
4611250000, -5.242105e+001,
4612500000, -5.030822e+001,
4613750000, -4.932934e+001,
4615000000, -4.995926e+001,
4616250000, -5.170611e+001,
4617500000, -5.207391e+001,
4618750000, -5.037648e+001,
4620000000, -4.914943e+001,
4621250000, -4.954008e+001,
4622500000, -5.156646e+001,
4623750000, -5.343200e+001,
4625000000, -5.137514e+001,
4626250000, -4.909342e+001,
4627500000, -4.866986e+001,
4628750000, -5.017335e+001,
4630000000, -5.340967e+001,
4631250000, -5.339596e+001,
4632500000, -5.009518e+001,
4633750000, -4.848246e+001,
4635000000, -4.903293e+001,
4636250000, -5.195169e+001,
4637500000, -5.460368e+001,
4638750000, -5.146298e+001,
4640000000, -4.891866e+001,
4641250000, -4.866241e+001,
4642500000, -5.095669e+001,
4643750000, -5.437751e+001,
4645000000, -5.241599e+001,
4646250000, -4.948288e+001,
4647500000, -4.881654e+001,
4648750000, -5.065004e+001,
4650000000, -5.388268e+001,
4651250000, -5.253616e+001,
4652500000, -4.979529e+001,
4653750000, -4.921618e+001,
4655000000, -5.089228e+001,
4656250000, -5.361890e+001,
4657500000, -5.227902e+001,
4658750000, -4.981925e+001,
4660000000, -4.963014e+001,
4661250000, -5.177233e+001,
4662500000, -5.352317e+001,
4663750000, -5.121823e+001,
4665000000, -4.981462e+001,
4666250000, -5.068439e+001,
4667500000, -5.283516e+001,
4668750000, -5.223459e+001,
4670000000, -5.056215e+001,
4671250000, -5.048589e+001,
4672500000, -5.193827e+001,
4673750000, -5.237432e+001,
4675000000, -5.118470e+001,
4676250000, -5.066465e+001,
4677500000, -5.173030e+001,
4678750000, -5.243759e+001,
4680000000, -5.147473e+001,
4681250000, -5.094239e+001,
4682500000, -5.174733e+001,
4683750000, -5.223658e+001,
4685000000, -5.148432e+001,
4686250000, -5.135548e+001,
4687500000, -5.208890e+001,
4688750000, -5.196000e+001,
4690000000, -5.161238e+001,
4691250000, -5.182663e+001,
4692500000, -5.206910e+001,
4693750000, -5.179339e+001,
4695000000, -5.192019e+001,
4696250000, -5.208175e+001,
4697500000, -5.198239e+001,
4698750000, -5.197295e+001,
4700000000, -5.220117e+001,
4701250000, -5.209671e+001,
4702500000, -5.198475e+001,
4703750000, -5.229478e+001,
4705000000, -5.230059e+001,
4706250000, -5.210158e+001,
4707500000, -5.234246e+001,
4708750000, -5.242127e+001,
4710000000, -5.220385e+001,
4711250000, -5.250987e+001,
4712500000, -5.254306e+001,
4713750000, -5.233647e+001,
4715000000, -5.251740e+001,
4716250000, -5.256618e+001,
4717500000, -5.243499e+001,
4718750000, -5.268388e+001,
4720000000, -5.270562e+001,
4721250000, -5.256202e+001,
4722500000, -5.278161e+001,
4723750000, -5.267986e+001,
4725000000, -5.261053e+001,
4726250000, -5.274928e+001,
4727500000, -5.264418e+001,
4728750000, -5.284317e+001,
4730000000, -5.283767e+001,
4731250000, -5.288189e+001,
4732500000, -5.287043e+001,
4733750000, -5.286209e+001,
4735000000, -5.299300e+001,
4736250000, -5.292966e+001,
4737500000, -5.293003e+001,
4738750000, -5.300144e+001,
4740000000, -5.296328e+001,
4741250000, -5.293712e+001,
4742500000, -5.301955e+001,
4743750000, -5.301976e+001,
4745000000, -5.299965e+001,
4746250000, -5.301063e+001,
4747500000, -5.304287e+001,
4748750000, -5.306134e+001,
4750000000, -5.306853e+001,
4751250000, -5.306602e+001,
4752500000, -5.314029e+001,
4753750000, -5.309620e+001,
4755000000, -5.310827e+001,
4756250000, -5.307740e+001,
4757500000, -5.306146e+001,
4758750000, -5.308972e+001,
4760000000, -5.308840e+001,
4761250000, -5.308336e+001,
4762500000, -5.300595e+001,
4763750000, -5.306243e+001,
4765000000, -5.300793e+001,
4766250000, -5.304908e+001,
4767500000, -5.309048e+001,
4768750000, -5.304582e+001,
4770000000, -5.293254e+001,
4771250000, -5.293340e+001,
4772500000, -5.293148e+001,
4773750000, -5.287438e+001,
4775000000, -5.295279e+001,
4776250000, -5.278415e+001,
4777500000, -5.277015e+001,
4778750000, -5.282256e+001,
4780000000, -5.275684e+001,
4781250000, -5.273129e+001,
4782500000, -5.271800e+001,
4783750000, -5.269944e+001,
4785000000, -5.264287e+001,
4786250000, -5.263773e+001,
4787500000, -5.264191e+001,
4788750000, -5.255564e+001,
4790000000, -5.257439e+001,
4791250000, -5.248870e+001,
4792500000, -5.253534e+001,
4793750000, -5.237841e+001,
4795000000, -5.235921e+001,
4796250000, -5.240499e+001,
4797500000, -5.236300e+001,
4798750000, -5.227727e+001,
4800000000, -5.222733e+001,
4801250000, -5.222487e+001,
4802500000, -5.216837e+001,
4803750000, -5.216184e+001,
4805000000, -5.209822e+001,
4806250000, -5.207819e+001,
4807500000, -5.201735e+001,
4808750000, -5.201504e+001,
4810000000, -5.198494e+001,
4811250000, -5.197256e+001,
4812500000, -5.192128e+001,
4813750000, -5.183096e+001,
4815000000, -5.185112e+001,
4816250000, -5.180524e+001,
4817500000, -5.186130e+001,
4818750000, -5.174816e+001,
4820000000, -5.170533e+001,
4821250000, -5.171516e+001,
4822500000, -5.168272e+001,
4823750000, -5.167546e+001,
4825000000, -5.162692e+001,
4826250000, -5.162746e+001,
4827500000, -5.158039e+001,
4828750000, -5.155988e+001,
4830000000, -5.150255e+001,
4831250000, -5.151720e+001,
4832500000, -5.150225e+001,
4833750000, -5.145366e+001,
4835000000, -5.151723e+001,
4836250000, -5.153593e+001,
4837500000, -5.150825e+001,
4838750000, -5.147326e+001,
4840000000, -5.143786e+001,
4841250000, -5.147639e+001,
4842500000, -5.143197e+001,
4843750000, -5.146518e+001,
4845000000, -5.147643e+001,
4846250000, -5.152020e+001,
4847500000, -5.150546e+001,
4848750000, -5.152856e+001,
4850000000, -5.151548e+001,
4851250000, -5.155882e+001,
4852500000, -5.155919e+001,
4853750000, -5.155699e+001,
4855000000, -5.162444e+001,
4856250000, -5.161433e+001,
4857500000, -5.165602e+001,
4858750000, -5.172523e+001,
4860000000, -5.175039e+001,
4861250000, -5.173682e+001,
4862500000, -5.173161e+001,
4863750000, -5.180140e+001,
4865000000, -5.184300e+001,
4866250000, -5.186515e+001,
4867500000, -5.189901e+001,
4868750000, -5.200244e+001,
4870000000, -5.196341e+001,
4871250000, -5.203112e+001,
4872500000, -5.208417e+001,
4873750000, -5.210350e+001,
4875000000, -5.217496e+001,
4876250000, -5.216786e+001,
4877500000, -5.232809e+001,
4878750000, -5.226169e+001,
4880000000, -5.240576e+001,
4881250000, -5.236502e+001,
4882500000, -5.244058e+001,
4883750000, -5.251891e+001,
4885000000, -5.256906e+001,
4886250000, -5.252729e+001,
4887500000, -5.262568e+001,
4888750000, -5.260323e+001,
4890000000, -5.273216e+001,
4891250000, -5.282019e+001,
4892500000, -5.282572e+001,
4893750000, -5.283104e+001,
4895000000, -5.287868e+001,
4896250000, -5.293979e+001,
4897500000, -5.300515e+001,
4898750000, -5.299316e+001,
4900000000, -5.308666e+001,
4901250000, -5.309890e+001,
4902500000, -5.317366e+001,
4903750000, -5.312480e+001,
4905000000, -5.318118e+001,
4906250000, -5.324671e+001,
4907500000, -5.327250e+001,
4908750000, -5.338070e+001,
4910000000, -5.341148e+001,
4911250000, -5.340634e+001,
4912500000, -5.340704e+001,
4913750000, -5.340882e+001,
4915000000, -5.356844e+001,
4916250000, -5.354204e+001,
4917500000, -5.354516e+001,
4918750000, -5.359057e+001,
4920000000, -5.358234e+001,
4921250000, -5.357022e+001,
4922500000, -5.364436e+001,
4923750000, -5.369257e+001,
4925000000, -5.372599e+001,
4926250000, -5.381602e+001,
4927500000, -5.376360e+001,
4928750000, -5.377518e+001,
4930000000, -5.384591e+001,
4931250000, -5.383380e+001,
4932500000, -5.378888e+001,
4933750000, -5.381105e+001,
4935000000, -5.383177e+001,
4936250000, -5.385126e+001,
4937500000, -5.389318e+001,
4938750000, -5.391111e+001,
4940000000, -5.395795e+001,
4941250000, -5.393372e+001,
4942500000, -5.396995e+001,
4943750000, -5.393557e+001,
4945000000, -5.397834e+001,
4946250000, -5.399059e+001,
4947500000, -5.393324e+001,
4948750000, -5.398949e+001,
4950000000, -5.397601e+001,
4951250000, -5.402240e+001,
4952500000, -5.406508e+001,
4953750000, -5.405198e+001,
4955000000, -5.408121e+001,
4956250000, -5.409904e+001,
4957500000, -5.409319e+001,
4958750000, -5.405631e+001,
4960000000, -5.414436e+001,
4961250000, -5.408108e+001,
4962500000, -5.409953e+001,
4963750000, -5.416748e+001,
4965000000, -5.411056e+001,
4966250000, -5.413218e+001,
4967500000, -5.416055e+001,
4968750000, -5.408567e+001,
4970000000, -5.409209e+001,
4971250000, -5.418996e+001,
4972500000, -5.416257e+001,
4973750000, -5.418375e+001,
4975000000, -5.422923e+001,
4976250000, -5.412170e+001,
4977500000, -5.412836e+001,
4978750000, -5.408928e+001,
4980000000, -5.413321e+001,
4981250000, -5.408334e+001,
4982500000, -5.411113e+001,
4983750000, -5.416486e+001,
4985000000, -5.412913e+001,
4986250000, -5.414783e+001,
4987500000, -5.416590e+001,
4988750000, -5.418419e+001,
4990000000, -5.416397e+001,
4991250000, -5.417126e+001,
4992500000, -5.426428e+001,
4993750000, -5.419360e+001,
4995000000, -5.417998e+001,
4996250000, -5.417878e+001,
4997500000, -5.418383e+001,
4998750000, -5.427333e+001,
5000000000, -5.415847e+001,
