"S21 Log Mag"
"Frequency (Hz)","dB",
3500000000, -4.978400e+001,
3501250000, -4.985822e+001,
3502500000, -4.978042e+001,
3503750000, -4.976850e+001,
3505000000, -4.974443e+001,
3506250000, -4.979774e+001,
3507500000, -4.969478e+001,
3508750000, -4.974781e+001,
3510000000, -4.973119e+001,
3511250000, -4.971535e+001,
3512500000, -4.973704e+001,
3513750000, -4.973268e+001,
3515000000, -4.980718e+001,
3516250000, -4.980252e+001,
3517500000, -4.972754e+001,
3518750000, -4.974889e+001,
3520000000, -4.983316e+001,
3521250000, -4.989691e+001,
3522500000, -4.989733e+001,
3523750000, -4.986669e+001,
3525000000, -4.989470e+001,
3526250000, -4.997832e+001,
3527500000, -5.001608e+001,
3528750000, -4.997205e+001,
3530000000, -4.998814e+001,
3531250000, -5.006313e+001,
3532500000, -5.007753e+001,
3533750000, -5.009728e+001,
3535000000, -5.016774e+001,
3536250000, -5.023306e+001,
3537500000, -5.028313e+001,
3538750000, -5.024299e+001,
3540000000, -5.032605e+001,
3541250000, -5.030051e+001,
3542500000, -5.032204e+001,
3543750000, -5.036032e+001,
3545000000, -5.033757e+001,
3546250000, -5.046441e+001,
3547500000, -5.048851e+001,
3548750000, -5.049424e+001,
3550000000, -5.053573e+001,
3551250000, -5.068883e+001,
3552500000, -5.067159e+001,
3553750000, -5.065820e+001,
3555000000, -5.078944e+001,
3556250000, -5.081483e+001,
3557500000, -5.078782e+001,
3558750000, -5.078907e+001,
3560000000, -5.092255e+001,
3561250000, -5.091627e+001,
3562500000, -5.100962e+001,
3563750000, -5.102216e+001,
3565000000, -5.109518e+001,
3566250000, -5.106016e+001,
3567500000, -5.110457e+001,
3568750000, -5.104986e+001,
3570000000, -5.113261e+001,
3571250000, -5.129708e+001,
3572500000, -5.125224e+001,
3573750000, -5.127073e+001,
3575000000, -5.133746e+001,
3576250000, -5.129868e+001,
3577500000, -5.131760e+001,
3578750000, -5.134628e+001,
3580000000, -5.140434e+001,
3581250000, -5.142214e+001,
3582500000, -5.148375e+001,
3583750000, -5.145108e+001,
3585000000, -5.142144e+001,
3586250000, -5.153955e+001,
3587500000, -5.148483e+001,
3588750000, -5.147017e+001,
3590000000, -5.153927e+001,
3591250000, -5.154068e+001,
3592500000, -5.151209e+001,
3593750000, -5.160356e+001,
3595000000, -5.159095e+001,
3596250000, -5.155508e+001,
3597500000, -5.146951e+001,
3598750000, -5.160729e+001,
3600000000, -5.158473e+001,
3601250000, -5.158810e+001,
3602500000, -5.157433e+001,
3603750000, -5.156575e+001,
3605000000, -5.163982e+001,
3606250000, -5.163498e+001,
3607500000, -5.158547e+001,
3608750000, -5.165772e+001,
3610000000, -5.156484e+001,
3611250000, -5.152065e+001,
3612500000, -5.156303e+001,
3613750000, -5.163347e+001,
3615000000, -5.151738e+001,
3616250000, -5.159588e+001,
3617500000, -5.153755e+001,
3618750000, -5.154180e+001,
3620000000, -5.150465e+001,
3621250000, -5.144276e+001,
3622500000, -5.146677e+001,
3623750000, -5.142910e+001,
3625000000, -5.149338e+001,
3626250000, -5.143349e+001,
3627500000, -5.154096e+001,
3628750000, -5.143444e+001,
3630000000, -5.142979e+001,
3631250000, -5.143240e+001,
3632500000, -5.150636e+001,
3633750000, -5.150248e+001,
3635000000, -5.137597e+001,
3636250000, -5.145810e+001,
3637500000, -5.147725e+001,
3638750000, -5.146244e+001,
3640000000, -5.152596e+001,
3641250000, -5.152883e+001,
3642500000, -5.155934e+001,
3643750000, -5.146151e+001,
3645000000, -5.148581e+001,
3646250000, -5.143876e+001,
3647500000, -5.152135e+001,
3648750000, -5.151659e+001,
3650000000, -5.141607e+001,
3651250000, -5.149078e+001,
3652500000, -5.149636e+001,
3653750000, -5.148808e+001,
3655000000, -5.147813e+001,
3656250000, -5.156333e+001,
3657500000, -5.149086e+001,
3658750000, -5.143932e+001,
3660000000, -5.149587e+001,
3661250000, -5.148089e+001,
3662500000, -5.158321e+001,
3663750000, -5.156459e+001,
3665000000, -5.162506e+001,
3666250000, -5.171899e+001,
3667500000, -5.162197e+001,
3668750000, -5.163873e+001,
3670000000, -5.166829e+001,
3671250000, -5.167977e+001,
3672500000, -5.173873e+001,
3673750000, -5.151593e+001,
3675000000, -5.169275e+001,
3676250000, -5.169490e+001,
3677500000, -5.174802e+001,
3678750000, -5.164638e+001,
3680000000, -5.159663e+001,
3681250000, -5.166132e+001,
3682500000, -5.169393e+001,
3683750000, -5.163015e+001,
3685000000, -5.169421e+001,
3686250000, -5.174568e+001,
3687500000, -5.176567e+001,
3688750000, -5.186051e+001,
3690000000, -5.183516e+001,
3691250000, -5.197562e+001,
3692500000, -5.189850e+001,
3693750000, -5.174278e+001,
3695000000, -5.175085e+001,
3696250000, -5.195823e+001,
3697500000, -5.205395e+001,
3698750000, -5.180844e+001,
3700000000, -5.198170e+001,
3701250000, -5.206183e+001,
3702500000, -5.204399e+001,
3703750000, -5.196592e+001,
3705000000, -5.193805e+001,
3706250000, -5.203965e+001,
3707500000, -5.194200e+001,
3708750000, -5.204785e+001,
3710000000, -5.191103e+001,
3711250000, -5.201294e+001,
3712500000, -5.210756e+001,
3713750000, -5.206915e+001,
3715000000, -5.212782e+001,
3716250000, -5.201603e+001,
3717500000, -5.211290e+001,
3718750000, -5.210315e+001,
3720000000, -5.180742e+001,
3721250000, -5.174682e+001,
3722500000, -5.206187e+001,
3723750000, -5.188975e+001,
3725000000, -5.178303e+001,
3726250000, -5.182003e+001,
3727500000, -5.173750e+001,
3728750000, -5.160920e+001,
3730000000, -5.161663e+001,
3731250000, -5.162024e+001,
3732500000, -5.159596e+001,
3733750000, -5.157936e+001,
3735000000, -5.169004e+001,
3736250000, -5.150307e+001,
3737500000, -5.150626e+001,
3738750000, -5.147658e+001,
3740000000, -5.148275e+001,
3741250000, -5.159139e+001,
3742500000, -5.127375e+001,
3743750000, -5.136913e+001,
3745000000, -5.150009e+001,
3746250000, -5.126546e+001,
3747500000, -5.088573e+001,
3748750000, -5.109244e+001,
3750000000, -5.127549e+001,
3751250000, -5.090340e+001,
3752500000, -5.101365e+001,
3753750000, -5.122354e+001,
3755000000, -5.081548e+001,
3756250000, -5.089970e+001,
3757500000, -5.087938e+001,
3758750000, -5.087039e+001,
3760000000, -5.084991e+001,
3761250000, -5.069070e+001,
3762500000, -5.066410e+001,
3763750000, -5.069686e+001,
3765000000, -5.059854e+001,
3766250000, -5.056310e+001,
3767500000, -5.051213e+001,
3768750000, -5.072925e+001,
3770000000, -5.056219e+001,
3771250000, -5.033420e+001,
3772500000, -5.060384e+001,
3773750000, -5.066161e+001,
3775000000, -5.012794e+001,
3776250000, -5.015984e+001,
3777500000, -5.064321e+001,
3778750000, -5.034264e+001,
3780000000, -5.016195e+001,
3781250000, -5.054271e+001,
3782500000, -5.038444e+001,
3783750000, -5.033008e+001,
3785000000, -5.020581e+001,
3786250000, -5.027109e+001,
3787500000, -5.044132e+001,
3788750000, -5.040554e+001,
3790000000, -5.026900e+001,
3791250000, -5.026552e+001,
3792500000, -5.037752e+001,
3793750000, -5.052883e+001,
3795000000, -5.024037e+001,
3796250000, -5.023349e+001,
3797500000, -5.060104e+001,
3798750000, -5.059821e+001,
3800000000, -5.036152e+001,
3801250000, -5.050417e+001,
3802500000, -5.079086e+001,
3803750000, -5.028378e+001,
3805000000, -5.011478e+001,
3806250000, -5.076497e+001,
3807500000, -5.082766e+001,
3808750000, -5.041845e+001,
3810000000, -5.043629e+001,
3811250000, -5.093356e+001,
3812500000, -5.106400e+001,
3813750000, -5.084159e+001,
3815000000, -5.078200e+001,
3816250000, -5.078441e+001,
3817500000, -5.130716e+001,
3818750000, -5.145707e+001,
3820000000, -5.121885e+001,
3821250000, -5.102827e+001,
3822500000, -5.120414e+001,
3823750000, -5.171370e+001,
3825000000, -5.140425e+001,
3826250000, -5.118465e+001,
3827500000, -5.157690e+001,
3828750000, -5.199619e+001,
3830000000, -5.157717e+001,
3831250000, -5.173951e+001,
3832500000, -5.214301e+001,
3833750000, -5.180977e+001,
3835000000, -5.117656e+001,
3836250000, -5.188345e+001,
3837500000, -5.251815e+001,
3838750000, -5.215526e+001,
3840000000, -5.164996e+001,
3841250000, -5.184038e+001,
3842500000, -5.230316e+001,
3843750000, -5.255331e+001,
3845000000, -5.232152e+001,
3846250000, -5.194546e+001,
3847500000, -5.199659e+001,
3848750000, -5.279725e+001,
3850000000, -5.307420e+001,
3851250000, -5.248692e+001,
3852500000, -5.187889e+001,
3853750000, -5.267292e+001,
3855000000, -5.348726e+001,
3856250000, -5.285970e+001,
3857500000, -5.226065e+001,
3858750000, -5.292461e+001,
3860000000, -5.341803e+001,
3861250000, -5.286288e+001,
3862500000, -5.284188e+001,
3863750000, -5.328802e+001,
3865000000, -5.352347e+001,
3866250000, -5.264909e+001,
3867500000, -5.274479e+001,
3868750000, -5.341760e+001,
3870000000, -5.366117e+001,
3871250000, -5.351714e+001,
3872500000, -5.315124e+001,
3873750000, -5.260290e+001,
3875000000, -5.337888e+001,
3876250000, -5.455498e+001,
3877500000, -5.357006e+001,
3878750000, -5.286025e+001,
3880000000, -5.336203e+001,
3881250000, -5.406676e+001,
3882500000, -5.470690e+001,
3883750000, -5.366701e+001,
3885000000, -5.275501e+001,
3886250000, -5.423082e+001,
3887500000, -5.486119e+001,
3888750000, -5.371342e+001,
3890000000, -5.338216e+001,
3891250000, -5.418889e+001,
3892500000, -5.461273e+001,
3893750000, -5.390195e+001,
3895000000, -5.361040e+001,
3896250000, -5.416781e+001,
3897500000, -5.456073e+001,
3898750000, -5.403860e+001,
3900000000, -5.368283e+001,
3901250000, -5.359267e+001,
3902500000, -5.376125e+001,
3903750000, -5.537902e+001,
3905000000, -5.490800e+001,
3906250000, -5.293003e+001,
3907500000, -5.302393e+001,
3908750000, -5.490292e+001,
3910000000, -5.514306e+001,
3911250000, -5.396508e+001,
3912500000, -5.386324e+001,
3913750000, -5.406015e+001,
3915000000, -5.455412e+001,
3916250000, -5.533217e+001,
3917500000, -5.367264e+001,
3918750000, -5.384349e+001,
3920000000, -5.465212e+001,
3921250000, -5.495839e+001,
3922500000, -5.458004e+001,
3923750000, -5.391727e+001,
3925000000, -5.407238e+001,
3926250000, -5.548412e+001,
3927500000, -5.458228e+001,
3928750000, -5.367047e+001,
3930000000, -5.418951e+001,
3931250000, -5.448772e+001,
3932500000, -5.514613e+001,
3933750000, -5.474509e+001,
3935000000, -5.317815e+001,
3936250000, -5.254960e+001,
3937500000, -5.486973e+001,
3938750000, -5.672155e+001,
3940000000, -5.421261e+001,
3941250000, -5.302319e+001,
3942500000, -5.373878e+001,
3943750000, -5.455587e+001,
3945000000, -5.458487e+001,
3946250000, -5.451367e+001,
3947500000, -5.452747e+001,
3948750000, -5.425326e+001,
3950000000, -5.465083e+001,
3951250000, -5.404564e+001,
3952500000, -5.382701e+001,
3953750000, -5.458219e+001,
3955000000, -5.459238e+001,
3956250000, -5.491878e+001,
3957500000, -5.499365e+001,
3958750000, -5.380730e+001,
3960000000, -5.398005e+001,
3961250000, -5.590314e+001,
3962500000, -5.521721e+001,
3963750000, -5.360904e+001,
3965000000, -5.339614e+001,
3966250000, -5.377209e+001,
3967500000, -5.523750e+001,
3968750000, -5.704621e+001,
3970000000, -5.389651e+001,
3971250000, -5.148794e+001,
3972500000, -5.260262e+001,
3973750000, -5.675317e+001,
3975000000, -5.662474e+001,
3976250000, -5.416069e+001,
3977500000, -5.397612e+001,
3978750000, -5.385720e+001,
3980000000, -5.416193e+001,
3981250000, -5.494492e+001,
3982500000, -5.487555e+001,
3983750000, -5.526786e+001,
3985000000, -5.509547e+001,
3986250000, -5.411791e+001,
3987500000, -5.360235e+001,
3988750000, -5.503632e+001,
3990000000, -5.578973e+001,
3991250000, -5.499950e+001,
3992500000, -5.509006e+001,
3993750000, -5.603455e+001,
3995000000, -5.471949e+001,
3996250000, -5.391635e+001,
3997500000, -5.606142e+001,
3998750000, -5.780213e+001,
4000000000, -5.531006e+001,
4001250000, -5.275599e+001,
4002500000, -5.251072e+001,
4003750000, -5.475636e+001,
4005000000, -5.894600e+001,
4006250000, -5.776918e+001,
4007500000, -5.338297e+001,
4008750000, -5.189284e+001,
4010000000, -5.310515e+001,
4011250000, -5.706242e+001,
4012500000, -5.830785e+001,
4013750000, -5.672977e+001,
4015000000, -5.538629e+001,
4016250000, -5.418976e+001,
4017500000, -5.427013e+001,
4018750000, -5.513827e+001,
4020000000, -5.563349e+001,
4021250000, -5.784431e+001,
4022500000, -5.632272e+001,
4023750000, -5.479793e+001,
4025000000, -5.461338e+001,
4026250000, -5.536606e+001,
4027500000, -5.656240e+001,
4028750000, -5.596461e+001,
4030000000, -5.642360e+001,
4031250000, -5.827082e+001,
4032500000, -5.581088e+001,
4033750000, -5.416644e+001,
4035000000, -5.459614e+001,
4036250000, -5.841628e+001,
4037500000, -6.167493e+001,
4038750000, -5.365162e+001,
4040000000, -5.096723e+001,
4041250000, -5.248741e+001,
4042500000, -5.593748e+001,
4043750000, -6.097151e+001,
4045000000, -6.105664e+001,
4046250000, -5.431092e+001,
4047500000, -5.159843e+001,
4048750000, -5.233863e+001,
4050000000, -5.441969e+001,
4051250000, -5.752782e+001,
4052500000, -6.505119e+001,
4053750000, -5.719521e+001,
4055000000, -5.408061e+001,
4056250000, -5.294848e+001,
4057500000, -5.315005e+001,
4058750000, -5.680018e+001,
4060000000, -5.929396e+001,
4061250000, -5.611681e+001,
4062500000, -5.546191e+001,
4063750000, -5.599854e+001,
4065000000, -5.740521e+001,
4066250000, -5.738963e+001,
4067500000, -5.544591e+001,
4068750000, -5.562185e+001,
4070000000, -5.914734e+001,
4071250000, -5.843864e+001,
4072500000, -5.533271e+001,
4073750000, -5.419456e+001,
4075000000, -5.434258e+001,
4076250000, -5.842736e+001,
4077500000, -6.951195e+001,
4078750000, -5.493858e+001,
4080000000, -5.119984e+001,
4081250000, -4.991383e+001,
4082500000, -5.031888e+001,
4083750000, -5.487353e+001,
4085000000, -7.061806e+001,
4086250000, -5.905483e+001,
4087500000, -5.377567e+001,
4088750000, -5.236475e+001,
4090000000, -5.236974e+001,
4091250000, -5.271842e+001,
4092500000, -5.613207e+001,
4093750000, -7.449415e+001,
4095000000, -5.885540e+001,
4096250000, -5.316235e+001,
4097500000, -5.083059e+001,
4098750000, -5.364465e+001,
4100000000, -6.607635e+001,
4101250000, -5.925517e+001,
4102500000, -5.570478e+001,
4103750000, -5.479363e+001,
4105000000, -5.560107e+001,
4106250000, -5.841396e+001,
4107500000, -6.192693e+001,
4108750000, -5.864121e+001,
4110000000, -5.713203e+001,
4111250000, -6.240646e+001,
4112500000, -6.255065e+001,
4113750000, -5.458940e+001,
4115000000, -5.202342e+001,
4116250000, -5.152754e+001,
4117500000, -5.279485e+001,
4118750000, -5.668872e+001,
4120000000, -5.904287e+001,
4121250000, -5.298127e+001,
4122500000, -4.878916e+001,
4123750000, -4.799793e+001,
4125000000, -4.986940e+001,
4126250000, -5.318531e+001,
4127500000, -5.995802e+001,
4128750000, -6.611964e+001,
4130000000, -5.848391e+001,
4131250000, -5.547764e+001,
4132500000, -5.322507e+001,
4133750000, -5.302017e+001,
4135000000, -5.885687e+001,
4136250000, -6.349199e+001,
4137500000, -6.289339e+001,
4138750000, -5.650247e+001,
4140000000, -5.377925e+001,
4141250000, -5.395643e+001,
4142500000, -5.771640e+001,
4143750000, -7.705268e+001,
4145000000, -5.974702e+001,
4146250000, -5.709891e+001,
4147500000, -5.612337e+001,
4148750000, -5.522420e+001,
4150000000, -5.671282e+001,
4151250000, -5.631343e+001,
4152500000, -5.616918e+001,
4153750000, -5.969147e+001,
4155000000, -6.514809e+001,
4156250000, -5.624920e+001,
4157500000, -5.189954e+001,
4158750000, -5.064880e+001,
4160000000, -4.870990e+001,
4161250000, -4.792445e+001,
4162500000, -5.000768e+001,
4163750000, -5.318506e+001,
4165000000, -5.319851e+001,
4166250000, -5.079183e+001,
4167500000, -4.999082e+001,
4168750000, -5.133574e+001,
4170000000, -5.232198e+001,
4171250000, -5.381051e+001,
4172500000, -5.765676e+001,
4173750000, -7.092226e+001,
4175000000, -6.008043e+001,
4176250000, -5.601771e+001,
4177500000, -5.638576e+001,
4178750000, -6.178890e+001,
4180000000, -5.624833e+001,
4181250000, -5.520210e+001,
4182500000, -6.476245e+001,
4183750000, -5.927300e+001,
4185000000, -5.236593e+001,
4186250000, -4.884073e+001,
4187500000, -4.877788e+001,
4188750000, -5.149355e+001,
4190000000, -5.718600e+001,
4191250000, -5.916073e+001,
4192500000, -5.720507e+001,
4193750000, -5.402224e+001,
4195000000, -5.173658e+001,
4196250000, -4.943294e+001,
4197500000, -4.919758e+001,
4198750000, -5.200877e+001,
4200000000, -5.448100e+001,
4201250000, -5.603752e+001,
4202500000, -5.312071e+001,
4203750000, -4.959645e+001,
4205000000, -4.699665e+001,
4206250000, -4.577977e+001,
4207500000, -4.672961e+001,
4208750000, -4.872648e+001,
4210000000, -5.156701e+001,
4211250000, -5.535039e+001,
4212500000, -5.783608e+001,
4213750000, -5.729944e+001,
4215000000, -5.606499e+001,
4216250000, -5.146892e+001,
4217500000, -5.079641e+001,
4218750000, -5.283984e+001,
4220000000, -6.037041e+001,
4221250000, -5.745620e+001,
4222500000, -5.421844e+001,
4223750000, -6.033881e+001,
4225000000, -5.559175e+001,
4226250000, -4.960764e+001,
4227500000, -4.980479e+001,
4228750000, -5.153111e+001,
4230000000, -4.974314e+001,
4231250000, -4.542770e+001,
4232500000, -4.289349e+001,
4233750000, -4.171352e+001,
4235000000, -4.183315e+001,
4236250000, -4.345432e+001,
4237500000, -4.622730e+001,
4238750000, -4.887733e+001,
4240000000, -4.984763e+001,
4241250000, -4.848928e+001,
4242500000, -4.635941e+001,
4243750000, -4.556181e+001,
4245000000, -4.623418e+001,
4246250000, -4.708445e+001,
4247500000, -4.940046e+001,
4248750000, -4.904474e+001,
4250000000, -4.890053e+001,
4251250000, -4.936081e+001,
4252500000, -4.769796e+001,
4253750000, -4.744010e+001,
4255000000, -4.943145e+001,
4256250000, -4.898680e+001,
4257500000, -4.685170e+001,
4258750000, -4.629514e+001,
4260000000, -4.733408e+001,
4261250000, -5.113353e+001,
4262500000, -6.010079e+001,
4263750000, -6.447762e+001,
4265000000, -6.218531e+001,
4266250000, -6.262840e+001,
4267500000, -5.409974e+001,
4268750000, -5.594600e+001,
4270000000, -5.618304e+001,
4271250000, -4.770256e+001,
4272500000, -4.527998e+001,
4273750000, -4.275050e+001,
4275000000, -4.204353e+001,
4276250000, -4.071377e+001,
4277500000, -3.997438e+001,
4278750000, -3.994403e+001,
4280000000, -3.958508e+001,
4281250000, -3.905690e+001,
4282500000, -3.831094e+001,
4283750000, -3.787590e+001,
4285000000, -3.775128e+001,
4286250000, -3.900866e+001,
4287500000, -4.047179e+001,
4288750000, -4.286411e+001,
4290000000, -4.658717e+001,
4291250000, -4.656820e+001,
4292500000, -4.642916e+001,
4293750000, -4.645550e+001,
4295000000, -4.760562e+001,
4296250000, -4.445330e+001,
4297500000, -4.289974e+001,
4298750000, -4.203485e+001,
4300000000, -4.216227e+001,
4301250000, -4.358213e+001,
4302500000, -4.711807e+001,
4303750000, -5.382294e+001,
4305000000, -5.879566e+001,
4306250000, -5.587126e+001,
4307500000, -5.217244e+001,
4308750000, -5.104478e+001,
4310000000, -5.045853e+001,
4311250000, -5.372813e+001,
4312500000, -5.508867e+001,
4313750000, -4.514596e+001,
4315000000, -4.380796e+001,
4316250000, -4.380597e+001,
4317500000, -4.211037e+001,
4318750000, -3.991794e+001,
4320000000, -3.902338e+001,
4321250000, -3.737128e+001,
4322500000, -3.594272e+001,
4323750000, -3.584240e+001,
4325000000, -3.526410e+001,
4326250000, -3.458121e+001,
4327500000, -3.523476e+001,
4328750000, -3.550980e+001,
4330000000, -3.582842e+001,
4331250000, -3.661757e+001,
4332500000, -3.680973e+001,
4333750000, -3.640962e+001,
4335000000, -3.617055e+001,
4336250000, -3.643415e+001,
4337500000, -3.698590e+001,
4338750000, -3.841708e+001,
4340000000, -3.956398e+001,
4341250000, -4.124979e+001,
4342500000, -4.145457e+001,
4343750000, -3.997389e+001,
4345000000, -4.042201e+001,
4346250000, -4.166557e+001,
4347500000, -4.130616e+001,
4348750000, -4.020837e+001,
4350000000, -3.915231e+001,
4351250000, -3.801001e+001,
4352500000, -3.711252e+001,
4353750000, -3.664659e+001,
4355000000, -3.716872e+001,
4356250000, -3.878816e+001,
4357500000, -4.162867e+001,
4358750000, -4.329920e+001,
4360000000, -4.437708e+001,
4361250000, -4.683540e+001,
4362500000, -5.079387e+001,
4363750000, -4.603640e+001,
4365000000, -4.100385e+001,
4366250000, -3.711552e+001,
4367500000, -3.529081e+001,
4368750000, -3.465174e+001,
4370000000, -3.245987e+001,
4371250000, -3.166838e+001,
4372500000, -3.129743e+001,
4373750000, -3.123198e+001,
4375000000, -3.201218e+001,
4376250000, -3.206175e+001,
4377500000, -3.168773e+001,
4378750000, -3.174531e+001,
4380000000, -3.216968e+001,
4381250000, -3.218217e+001,
4382500000, -3.191751e+001,
4383750000, -3.282983e+001,
4385000000, -3.383125e+001,
4386250000, -3.430725e+001,
4387500000, -3.547070e+001,
4388750000, -3.577972e+001,
4390000000, -3.502161e+001,
4391250000, -3.624603e+001,
4392500000, -3.942387e+001,
4393750000, -4.134374e+001,
4395000000, -4.050256e+001,
4396250000, -3.787526e+001,
4397500000, -3.615195e+001,
4398750000, -3.521369e+001,
4400000000, -3.459727e+001,
4401250000, -3.413018e+001,
4402500000, -3.410032e+001,
4403750000, -3.431102e+001,
4405000000, -3.472796e+001,
4406250000, -3.605428e+001,
4407500000, -3.731422e+001,
4408750000, -3.849450e+001,
4410000000, -3.860067e+001,
4411250000, -3.656654e+001,
4412500000, -3.527025e+001,
4413750000, -3.519843e+001,
4415000000, -3.479332e+001,
4416250000, -3.505525e+001,
4417500000, -3.588472e+001,
4418750000, -3.706517e+001,
4420000000, -3.735165e+001,
4421250000, -3.579765e+001,
4422500000, -3.343354e+001,
4423750000, -3.153525e+001,
4425000000, -3.145653e+001,
4426250000, -3.077454e+001,
4427500000, -3.032292e+001,
4428750000, -3.022430e+001,
4430000000, -2.978262e+001,
4431250000, -3.024269e+001,
4432500000, -3.093645e+001,
4433750000, -3.074517e+001,
4435000000, -3.142948e+001,
4436250000, -3.338364e+001,
4437500000, -3.416476e+001,
4438750000, -3.342468e+001,
4440000000, -3.229648e+001,
4441250000, -3.239363e+001,
4442500000, -3.210961e+001,
4443750000, -3.167943e+001,
4445000000, -3.102887e+001,
4446250000, -3.111991e+001,
4447500000, -3.139314e+001,
4448750000, -3.119692e+001,
4450000000, -3.113122e+001,
4451250000, -3.213093e+001,
4452500000, -3.373011e+001,
4453750000, -3.426347e+001,
4455000000, -3.388428e+001,
4456250000, -3.324044e+001,
4457500000, -3.210672e+001,
4458750000, -3.145135e+001,
4460000000, -3.078994e+001,
4461250000, -3.048827e+001,
4462500000, -3.028711e+001,
4463750000, -3.006316e+001,
4465000000, -2.982448e+001,
4466250000, -3.034336e+001,
4467500000, -3.107476e+001,
4468750000, -3.107219e+001,
4470000000, -3.094570e+001,
4471250000, -3.196614e+001,
4472500000, -3.308198e+001,
4473750000, -3.390546e+001,
4475000000, -3.440133e+001,
4476250000, -3.410649e+001,
4477500000, -3.329786e+001,
4478750000, -3.332582e+001,
4480000000, -3.351830e+001,
4481250000, -3.336328e+001,
4482500000, -3.296095e+001,
4483750000, -3.241803e+001,
4485000000, -3.149538e+001,
4486250000, -3.030640e+001,
4487500000, -2.921995e+001,
4488750000, -2.778580e+001,
4490000000, -2.707652e+001,
4491250000, -2.724577e+001,
4492500000, -2.775907e+001,
4493750000, -2.816048e+001,
4495000000, -2.920563e+001,
4496250000, -3.004031e+001,
4497500000, -2.997898e+001,
4498750000, -2.965859e+001,
4500000000, -2.901246e+001,
4501250000, -2.837432e+001,
4502500000, -2.782697e+001,
4503750000, -2.749531e+001,
4505000000, -2.754770e+001,
4506250000, -2.679786e+001,
4507500000, -2.612393e+001,
4508750000, -2.578665e+001,
4510000000, -2.562192e+001,
4511250000, -2.563190e+001,
4512500000, -2.539099e+001,
4513750000, -2.506041e+001,
4515000000, -2.594780e+001,
4516250000, -2.734789e+001,
4517500000, -2.704661e+001,
4518750000, -2.530090e+001,
4520000000, -2.420023e+001,
4521250000, -2.389628e+001,
4522500000, -2.398521e+001,
4523750000, -2.438411e+001,
4525000000, -2.402296e+001,
4526250000, -2.333652e+001,
4527500000, -2.223235e+001,
4528750000, -2.177840e+001,
4530000000, -2.217436e+001,
4531250000, -2.272141e+001,
4532500000, -2.307492e+001,
4533750000, -2.321570e+001,
4535000000, -2.313437e+001,
4536250000, -2.281390e+001,
4537500000, -2.222136e+001,
4538750000, -2.159890e+001,
4540000000, -2.141541e+001,
4541250000, -2.184070e+001,
4542500000, -2.241341e+001,
4543750000, -2.264918e+001,
4545000000, -2.261014e+001,
4546250000, -2.276801e+001,
4547500000, -2.313540e+001,
4548750000, -2.428639e+001,
4550000000, -2.518708e+001,
4551250000, -2.533668e+001,
4552500000, -2.481212e+001,
4553750000, -2.482886e+001,
4555000000, -2.525159e+001,
4556250000, -2.509731e+001,
4557500000, -2.448944e+001,
4558750000, -2.405682e+001,
4560000000, -2.370265e+001,
4561250000, -2.360162e+001,
4562500000, -2.481006e+001,
4563750000, -2.744586e+001,
4565000000, -3.066020e+001,
4566250000, -3.029110e+001,
4567500000, -2.771141e+001,
4568750000, -2.645351e+001,
4570000000, -2.671410e+001,
4571250000, -2.713796e+001,
4572500000, -2.723847e+001,
4573750000, -2.696086e+001,
4575000000, -2.714267e+001,
4576250000, -2.705433e+001,
4577500000, -2.752512e+001,
4578750000, -2.916071e+001,
4580000000, -3.107288e+001,
4581250000, -3.008477e+001,
4582500000, -2.785762e+001,
4583750000, -2.642071e+001,
4585000000, -2.562060e+001,
4586250000, -2.407785e+001,
4587500000, -2.309387e+001,
4588750000, -2.261205e+001,
4590000000, -2.146387e+001,
4591250000, -2.104815e+001,
4592500000, -2.077717e+001,
4593750000, -2.049448e+001,
4595000000, -1.980068e+001,
4596250000, -1.957007e+001,
4597500000, -1.977128e+001,
4598750000, -1.955416e+001,
4600000000, -1.948206e+001,
4601250000, -1.893730e+001,
4602500000, -1.866701e+001,
4603750000, -1.831173e+001,
4605000000, -1.869353e+001,
4606250000, -1.835639e+001,
4607500000, -1.724477e+001,
4608750000, -1.642834e+001,
4610000000, -1.592010e+001,
4611250000, -1.563251e+001,
4612500000, -1.547170e+001,
4613750000, -1.611128e+001,
4615000000, -1.650070e+001,
4616250000, -1.584616e+001,
4617500000, -1.493756e+001,
4618750000, -1.422984e+001,
4620000000, -1.354351e+001,
4621250000, -1.274597e+001,
4622500000, -1.196705e+001,
4623750000, -1.146327e+001,
4625000000, -1.133229e+001,
4626250000, -1.119808e+001,
4627500000, -1.105385e+001,
4628750000, -1.111520e+001,
4630000000, -1.118065e+001,
4631250000, -1.107085e+001,
4632500000, -1.095939e+001,
4633750000, -1.075545e+001,
4635000000, -1.034464e+001,
4636250000, -9.944338e+000,
4637500000, -9.832620e+000,
4638750000, -9.852026e+000,
4640000000, -9.835805e+000,
4641250000, -9.772880e+000,
4642500000, -9.662101e+000,
4643750000, -9.606709e+000,
4645000000, -9.620013e+000,
4646250000, -9.476997e+000,
4647500000, -9.135649e+000,
4648750000, -8.812042e+000,
4650000000, -8.717869e+000,
4651250000, -8.818448e+000,
4652500000, -8.955324e+000,
4653750000, -9.192210e+000,
4655000000, -9.151597e+000,
4656250000, -8.786138e+000,
4657500000, -8.691581e+000,
4658750000, -8.793817e+000,
4660000000, -8.652756e+000,
4661250000, -8.486264e+000,
4662500000, -8.426551e+000,
4663750000, -8.418787e+000,
4665000000, -8.607425e+000,
4666250000, -8.909028e+000,
4667500000, -9.011221e+000,
4668750000, -8.789744e+000,
4670000000, -8.539275e+000,
4671250000, -8.415838e+000,
4672500000, -8.438350e+000,
4673750000, -8.436757e+000,
4675000000, -8.376902e+000,
4676250000, -8.351252e+000,
4677500000, -8.460985e+000,
4678750000, -8.830538e+000,
4680000000, -9.202073e+000,
4681250000, -9.133193e+000,
4682500000, -8.706560e+000,
4683750000, -8.367947e+000,
4685000000, -8.225193e+000,
4686250000, -8.308912e+000,
4687500000, -8.479088e+000,
4688750000, -8.539042e+000,
4690000000, -8.643167e+000,
4691250000, -8.999400e+000,
4692500000, -9.398894e+000,
4693750000, -9.446385e+000,
4695000000, -9.061118e+000,
4696250000, -8.663478e+000,
4697500000, -8.480042e+000,
4698750000, -8.704392e+000,
4700000000, -9.107947e+000,
4701250000, -9.315098e+000,
4702500000, -9.395603e+000,
4703750000, -9.475936e+000,
4705000000, -9.605881e+000,
4706250000, -9.555951e+000,
4707500000, -9.274888e+000,
4708750000, -9.022485e+000,
4710000000, -8.935296e+000,
4711250000, -9.136435e+000,
4712500000, -9.469014e+000,
4713750000, -9.776481e+000,
4715000000, -9.985832e+000,
4716250000, -9.973047e+000,
4717500000, -9.922871e+000,
4718750000, -9.909073e+000,
4720000000, -9.807159e+000,
4721250000, -9.641447e+000,
4722500000, -9.634408e+000,
4723750000, -9.938876e+000,
4725000000, -1.038911e+001,
4726250000, -1.070294e+001,
4727500000, -1.075800e+001,
4728750000, -1.059470e+001,
4730000000, -1.039049e+001,
4731250000, -1.022805e+001,
4732500000, -1.012509e+001,
4733750000, -1.010018e+001,
4735000000, -1.025930e+001,
4736250000, -1.057065e+001,
4737500000, -1.093134e+001,
4738750000, -1.120740e+001,
4740000000, -1.122314e+001,
4741250000, -1.094359e+001,
4742500000, -1.073111e+001,
4743750000, -1.069827e+001,
4745000000, -1.070680e+001,
4746250000, -1.077568e+001,
4747500000, -1.107642e+001,
4748750000, -1.147121e+001,
4750000000, -1.168659e+001,
4751250000, -1.167306e+001,
4752500000, -1.150687e+001,
4753750000, -1.120473e+001,
4755000000, -1.104240e+001,
4756250000, -1.118571e+001,
4757500000, -1.138842e+001,
4758750000, -1.154747e+001,
4760000000, -1.176379e+001,
4761250000, -1.196479e+001,
4762500000, -1.193561e+001,
4763750000, -1.172608e+001,
4765000000, -1.147144e+001,
4766250000, -1.134806e+001,
4767500000, -1.149450e+001,
4768750000, -1.175459e+001,
4770000000, -1.203720e+001,
4771250000, -1.236421e+001,
4772500000, -1.250103e+001,
4773750000, -1.238559e+001,
4775000000, -1.229141e+001,
4776250000, -1.213705e+001,
4777500000, -1.201512e+001,
4778750000, -1.216116e+001,
4780000000, -1.252821e+001,
4781250000, -1.288006e+001,
4782500000, -1.305590e+001,
4783750000, -1.295517e+001,
4785000000, -1.277862e+001,
4786250000, -1.260620e+001,
4787500000, -1.239191e+001,
4788750000, -1.238851e+001,
4790000000, -1.260175e+001,
4791250000, -1.298161e+001,
4792500000, -1.349051e+001,
4793750000, -1.363519e+001,
4795000000, -1.337164e+001,
4796250000, -1.326631e+001,
4797500000, -1.322656e+001,
4798750000, -1.318295e+001,
4800000000, -1.333650e+001,
4801250000, -1.386071e+001,
4802500000, -1.430128e+001,
4803750000, -1.433664e+001,
4805000000, -1.398362e+001,
4806250000, -1.362716e+001,
4807500000, -1.346896e+001,
4808750000, -1.361639e+001,
4810000000, -1.379086e+001,
4811250000, -1.405557e+001,
4812500000, -1.448963e+001,
4813750000, -1.457730e+001,
4815000000, -1.425139e+001,
4816250000, -1.387790e+001,
4817500000, -1.387901e+001,
4818750000, -1.420842e+001,
4820000000, -1.437320e+001,
4821250000, -1.465845e+001,
4822500000, -1.485793e+001,
4823750000, -1.470347e+001,
4825000000, -1.448757e+001,
4826250000, -1.417017e+001,
4827500000, -1.424705e+001,
4828750000, -1.459861e+001,
4830000000, -1.466612e+001,
4831250000, -1.469181e+001,
4832500000, -1.463729e+001,
4833750000, -1.449452e+001,
4835000000, -1.428873e+001,
4836250000, -1.415792e+001,
4837500000, -1.433921e+001,
4838750000, -1.447648e+001,
4840000000, -1.470395e+001,
4841250000, -1.474246e+001,
4842500000, -1.464510e+001,
4843750000, -1.460225e+001,
4845000000, -1.440234e+001,
4846250000, -1.440185e+001,
4847500000, -1.457268e+001,
4848750000, -1.493934e+001,
4850000000, -1.503325e+001,
4851250000, -1.482921e+001,
4852500000, -1.460520e+001,
4853750000, -1.434761e+001,
4855000000, -1.427336e+001,
4856250000, -1.432277e+001,
4857500000, -1.464080e+001,
4858750000, -1.483714e+001,
4860000000, -1.476585e+001,
4861250000, -1.460471e+001,
4862500000, -1.459077e+001,
4863750000, -1.468278e+001,
4865000000, -1.480572e+001,
4866250000, -1.502844e+001,
4867500000, -1.504249e+001,
4868750000, -1.495490e+001,
4870000000, -1.487423e+001,
4871250000, -1.486144e+001,
4872500000, -1.493426e+001,
4873750000, -1.491338e+001,
4875000000, -1.494760e+001,
4876250000, -1.494953e+001,
4877500000, -1.499518e+001,
4878750000, -1.504052e+001,
4880000000, -1.508662e+001,
4881250000, -1.514491e+001,
4882500000, -1.527844e+001,
4883750000, -1.539184e+001,
4885000000, -1.553347e+001,
4886250000, -1.560345e+001,
4887500000, -1.558660e+001,
4888750000, -1.562342e+001,
4890000000, -1.575174e+001,
4891250000, -1.579216e+001,
4892500000, -1.573917e+001,
4893750000, -1.569245e+001,
4895000000, -1.567057e+001,
4896250000, -1.571630e+001,
4897500000, -1.586787e+001,
4898750000, -1.599876e+001,
4900000000, -1.604815e+001,
4901250000, -1.609424e+001,
4902500000, -1.618384e+001,
4903750000, -1.634218e+001,
4905000000, -1.650618e+001,
4906250000, -1.658851e+001,
4907500000, -1.659820e+001,
4908750000, -1.657981e+001,
4910000000, -1.656177e+001,
4911250000, -1.651641e+001,
4912500000, -1.650915e+001,
4913750000, -1.653711e+001,
4915000000, -1.667077e+001,
4916250000, -1.681277e+001,
4917500000, -1.688762e+001,
4918750000, -1.696574e+001,
4920000000, -1.708466e+001,
4921250000, -1.722232e+001,
4922500000, -1.739308e+001,
4923750000, -1.749471e+001,
4925000000, -1.749043e+001,
4926250000, -1.751146e+001,
4927500000, -1.751223e+001,
4928750000, -1.747256e+001,
4930000000, -1.745093e+001,
4931250000, -1.746012e+001,
4932500000, -1.746309e+001,
4933750000, -1.758816e+001,
4935000000, -1.778314e+001,
4936250000, -1.789346e+001,
4937500000, -1.799395e+001,
4938750000, -1.808523e+001,
4940000000, -1.814485e+001,
4941250000, -1.827580e+001,
4942500000, -1.845112e+001,
4943750000, -1.845128e+001,
4945000000, -1.835831e+001,
4946250000, -1.830422e+001,
4947500000, -1.831979e+001,
4948750000, -1.844644e+001,
4950000000, -1.856736e+001,
4951250000, -1.862390e+001,
4952500000, -1.873011e+001,
4953750000, -1.890244e+001,
4955000000, -1.907389e+001,
4956250000, -1.931538e+001,
4957500000, -1.946641e+001,
4958750000, -1.945056e+001,
4960000000, -1.944841e+001,
4961250000, -1.943083e+001,
4962500000, -1.942684e+001,
4963750000, -1.948472e+001,
4965000000, -1.956390e+001,
4966250000, -1.969521e+001,
4967500000, -1.992951e+001,
4968750000, -2.013070e+001,
4970000000, -2.035121e+001,
4971250000, -2.058050e+001,
4972500000, -2.071616e+001,
4973750000, -2.084174e+001,
4975000000, -2.088034e+001,
4976250000, -2.085235e+001,
4977500000, -2.084723e+001,
4978750000, -2.088888e+001,
4980000000, -2.104511e+001,
4981250000, -2.127642e+001,
4982500000, -2.143897e+001,
4983750000, -2.165296e+001,
4985000000, -2.191342e+001,
4986250000, -2.218100e+001,
4987500000, -2.238906e+001,
4988750000, -2.247637e+001,
4990000000, -2.247872e+001,
4991250000, -2.246318e+001,
4992500000, -2.245901e+001,
4993750000, -2.253972e+001,
4995000000, -2.267623e+001,
4996250000, -2.286991e+001,
4997500000, -2.317325e+001,
4998750000, -2.345327e+001,
5000000000, -2.378183e+001,
5001250000, -2.402122e+001,
5002500000, -2.413132e+001,
5003750000, -2.414651e+001,
5005000000, -2.405996e+001,
5006250000, -2.400202e+001,
5007500000, -2.399567e+001,
5008750000, -2.410985e+001,
5010000000, -2.430488e+001,
5011250000, -2.456199e+001,
5012500000, -2.491720e+001,
5013750000, -2.522300e+001,
5015000000, -2.545605e+001,
5016250000, -2.552705e+001,
5017500000, -2.546421e+001,
5018750000, -2.536846e+001,
5020000000, -2.527260e+001,
5021250000, -2.529157e+001,
5022500000, -2.542164e+001,
5023750000, -2.564908e+001,
5025000000, -2.599094e+001,
5026250000, -2.636908e+001,
5027500000, -2.666445e+001,
5028750000, -2.679013e+001,
5030000000, -2.676628e+001,
5031250000, -2.659641e+001,
5032500000, -2.641854e+001,
5033750000, -2.635190e+001,
5035000000, -2.644231e+001,
5036250000, -2.668031e+001,
5037500000, -2.702307e+001,
5038750000, -2.742724e+001,
5040000000, -2.772609e+001,
5041250000, -2.782929e+001,
5042500000, -2.771317e+001,
5043750000, -2.748755e+001,
5045000000, -2.728485e+001,
5046250000, -2.723563e+001,
5047500000, -2.736213e+001,
5048750000, -2.765314e+001,
5050000000, -2.808652e+001,
5051250000, -2.852148e+001,
5052500000, -2.875849e+001,
5053750000, -2.873509e+001,
5055000000, -2.853630e+001,
5056250000, -2.829721e+001,
5057500000, -2.819108e+001,
5058750000, -2.832787e+001,
5060000000, -2.870149e+001,
5061250000, -2.924451e+001,
5062500000, -2.981583e+001,
5063750000, -3.017238e+001,
5065000000, -3.016384e+001,
5066250000, -2.992456e+001,
5067500000, -2.968958e+001,
5068750000, -2.965812e+001,
5070000000, -2.994995e+001,
5071250000, -3.055045e+001,
5072500000, -3.134736e+001,
5073750000, -3.205656e+001,
5075000000, -3.235625e+001,
5076250000, -3.219236e+001,
5077500000, -3.183741e+001,
5078750000, -3.163846e+001,
5080000000, -3.181219e+001,
5081250000, -3.242305e+001,
5082500000, -3.338987e+001,
5083750000, -3.443406e+001,
5085000000, -3.503118e+001,
5086250000, -3.486651e+001,
5087500000, -3.429429e+001,
5088750000, -3.389179e+001,
5090000000, -3.397101e+001,
5091250000, -3.461219e+001,
5092500000, -3.583918e+001,
5093750000, -3.725080e+001,
5095000000, -3.801193e+001,
5096250000, -3.758392e+001,
5097500000, -3.667442e+001,
5098750000, -3.606420e+001,
5100000000, -3.613405e+001,
5101250000, -3.705273e+001,
5102500000, -3.865261e+001,
5103750000, -4.051194e+001,
5105000000, -4.099970e+001,
5106250000, -3.974146e+001,
5107500000, -3.845744e+001,
5108750000, -3.796470e+001,
5110000000, -3.845926e+001,
5111250000, -4.008077e+001,
5112500000, -4.264691e+001,
5113750000, -4.437135e+001,
5115000000, -4.292990e+001,
5116250000, -4.088465e+001,
5117500000, -3.991278e+001,
5118750000, -4.020572e+001,
5120000000, -4.196149e+001,
5121250000, -4.532635e+001,
5122500000, -4.830210e+001,
5123750000, -4.568340e+001,
5125000000, -4.288659e+001,
5126250000, -4.179780e+001,
5127500000, -4.242288e+001,
5128750000, -4.506404e+001,
5130000000, -5.078632e+001,
5131250000, -5.309862e+001,
5132500000, -4.715377e+001,
5133750000, -4.445945e+001,
5135000000, -4.414085e+001,
5136250000, -4.596082e+001,
5137500000, -5.103471e+001,
5138750000, -7.118621e+001,
5140000000, -5.198119e+001,
5141250000, -4.744189e+001,
5142500000, -4.630609e+001,
5143750000, -4.759724e+001,
5145000000, -5.182544e+001,
5146250000, -6.049180e+001,
5147500000, -5.408261e+001,
5148750000, -4.948169e+001,
5150000000, -4.837440e+001,
5151250000, -4.974610e+001,
5152500000, -5.356984e+001,
5153750000, -5.579540e+001,
5155000000, -5.214499e+001,
5156250000, -5.022604e+001,
5157500000, -5.053646e+001,
5158750000, -5.265641e+001,
5160000000, -5.407829e+001,
5161250000, -5.235544e+001,
5162500000, -5.100837e+001,
5163750000, -5.152589e+001,
5165000000, -5.334829e+001,
5166250000, -5.392608e+001,
5167500000, -5.215535e+001,
5168750000, -5.101371e+001,
5170000000, -5.169646e+001,
5171250000, -5.392211e+001,
5172500000, -5.450805e+001,
5173750000, -5.226550e+001,
5175000000, -5.111861e+001,
5176250000, -5.188955e+001,
5177500000, -5.408656e+001,
5178750000, -5.465615e+001,
5180000000, -5.264280e+001,
5181250000, -5.142970e+001,
5182500000, -5.215930e+001,
5183750000, -5.431086e+001,
5185000000, -5.480448e+001,
5186250000, -5.272306e+001,
5187500000, -5.168805e+001,
5188750000, -5.256646e+001,
5190000000, -5.468349e+001,
5191250000, -5.456995e+001,
5192500000, -5.255479e+001,
5193750000, -5.208139e+001,
5195000000, -5.352917e+001,
5196250000, -5.518237e+001,
5197500000, -5.382006e+001,
5198750000, -5.230457e+001,
5200000000, -5.282989e+001,
5201250000, -5.479069e+001,
5202500000, -5.448359e+001,
5203750000, -5.298959e+001,
5205000000, -5.283116e+001,
5206250000, -5.434509e+001,
5207500000, -5.490331e+001,
5208750000, -5.348050e+001,
5210000000, -5.308416e+001,
5211250000, -5.434280e+001,
5212500000, -5.500715e+001,
5213750000, -5.371478e+001,
5215000000, -5.342067e+001,
5216250000, -5.462883e+001,
5217500000, -5.471264e+001,
5218750000, -5.377501e+001,
5220000000, -5.401946e+001,
5221250000, -5.478515e+001,
5222500000, -5.441249e+001,
5223750000, -5.406711e+001,
5225000000, -5.432167e+001,
5226250000, -5.463814e+001,
5227500000, -5.432769e+001,
5228750000, -5.435731e+001,
5230000000, -5.466397e+001,
5231250000, -5.457800e+001,
5232500000, -5.446953e+001,
5233750000, -5.465995e+001,
5235000000, -5.459462e+001,
5236250000, -5.451950e+001,
5237500000, -5.470256e+001,
5238750000, -5.464907e+001,
5240000000, -5.460705e+001,
5241250000, -5.472587e+001,
5242500000, -5.474599e+001,
5243750000, -5.467334e+001,
5245000000, -5.488744e+001,
5246250000, -5.484339e+001,
5247500000, -5.472072e+001,
5248750000, -5.500137e+001,
5250000000, -5.485988e+001,
5251250000, -5.489901e+001,
5252500000, -5.498252e+001,
5253750000, -5.489144e+001,
5255000000, -5.503032e+001,
5256250000, -5.497282e+001,
5257500000, -5.498402e+001,
5258750000, -5.509149e+001,
5260000000, -5.485085e+001,
5261250000, -5.510717e+001,
5262500000, -5.496386e+001,
5263750000, -5.495821e+001,
5265000000, -5.499330e+001,
5266250000, -5.493929e+001,
5267500000, -5.499279e+001,
5268750000, -5.493808e+001,
5270000000, -5.507952e+001,
5271250000, -5.508349e+001,
5272500000, -5.500393e+001,
5273750000, -5.515763e+001,
5275000000, -5.507236e+001,
5276250000, -5.519721e+001,
5277500000, -5.508318e+001,
5278750000, -5.515958e+001,
5280000000, -5.512475e+001,
5281250000, -5.516805e+001,
5282500000, -5.512727e+001,
5283750000, -5.515360e+001,
5285000000, -5.518140e+001,
5286250000, -5.519692e+001,
5287500000, -5.520192e+001,
5288750000, -5.520485e+001,
5290000000, -5.525231e+001,
5291250000, -5.523374e+001,
5292500000, -5.525675e+001,
5293750000, -5.522766e+001,
5295000000, -5.532228e+001,
5296250000, -5.541143e+001,
5297500000, -5.552164e+001,
5298750000, -5.550058e+001,
5300000000, -5.550824e+001,
5301250000, -5.559459e+001,
5302500000, -5.557383e+001,
5303750000, -5.568689e+001,
5305000000, -5.568223e+001,
5306250000, -5.565669e+001,
5307500000, -5.565385e+001,
5308750000, -5.579777e+001,
5310000000, -5.585716e+001,
5311250000, -5.580608e+001,
5312500000, -5.591415e+001,
5313750000, -5.597019e+001,
5315000000, -5.590460e+001,
5316250000, -5.594350e+001,
5317500000, -5.598626e+001,
5318750000, -5.600247e+001,
5320000000, -5.594453e+001,
5321250000, -5.608107e+001,
5322500000, -5.615268e+001,
5323750000, -5.605868e+001,
5325000000, -5.623969e+001,
5326250000, -5.620682e+001,
5327500000, -5.623217e+001,
5328750000, -5.626590e+001,
5330000000, -5.619518e+001,
5331250000, -5.628959e+001,
5332500000, -5.633086e+001,
5333750000, -5.622490e+001,
5335000000, -5.625876e+001,
5336250000, -5.636006e+001,
5337500000, -5.623773e+001,
5338750000, -5.619754e+001,
5340000000, -5.616903e+001,
5341250000, -5.613026e+001,
5342500000, -5.624608e+001,
5343750000, -5.612200e+001,
5345000000, -5.628430e+001,
5346250000, -5.628710e+001,
5347500000, -5.604799e+001,
5348750000, -5.611553e+001,
5350000000, -5.615184e+001,
5351250000, -5.612194e+001,
5352500000, -5.628212e+001,
5353750000, -5.625527e+001,
5355000000, -5.629047e+001,
5356250000, -5.613594e+001,
5357500000, -5.622161e+001,
5358750000, -5.616352e+001,
5360000000, -5.630563e+001,
5361250000, -5.623713e+001,
5362500000, -5.618096e+001,
5363750000, -5.630434e+001,
5365000000, -5.616121e+001,
5366250000, -5.617192e+001,
5367500000, -5.619862e+001,
5368750000, -5.620578e+001,
5370000000, -5.601778e+001,
5371250000, -5.611324e+001,
5372500000, -5.607092e+001,
5373750000, -5.597556e+001,
5375000000, -5.605482e+001,
5376250000, -5.597727e+001,
5377500000, -5.601119e+001,
5378750000, -5.600807e+001,
5380000000, -5.604362e+001,
5381250000, -5.620340e+001,
5382500000, -5.597616e+001,
5383750000, -5.605976e+001,
5385000000, -5.602660e+001,
5386250000, -5.616087e+001,
5387500000, -5.612717e+001,
5388750000, -5.615731e+001,
5390000000, -5.615869e+001,
5391250000, -5.619025e+001,
5392500000, -5.616602e+001,
5393750000, -5.615847e+001,
5395000000, -5.613587e+001,
5396250000, -5.611925e+001,
5397500000, -5.607592e+001,
5398750000, -5.609050e+001,
5400000000, -5.597810e+001,
5401250000, -5.589425e+001,
5402500000, -5.589956e+001,
5403750000, -5.586143e+001,
5405000000, -5.575723e+001,
5406250000, -5.571296e+001,
5407500000, -5.566845e+001,
5408750000, -5.564805e+001,
5410000000, -5.567440e+001,
5411250000, -5.560666e+001,
5412500000, -5.560314e+001,
5413750000, -5.547730e+001,
5415000000, -5.546454e+001,
5416250000, -5.542501e+001,
5417500000, -5.541915e+001,
5418750000, -5.530452e+001,
5420000000, -5.535723e+001,
5421250000, -5.529614e+001,
5422500000, -5.536545e+001,
5423750000, -5.533303e+001,
5425000000, -5.532662e+001,
5426250000, -5.538255e+001,
5427500000, -5.538641e+001,
5428750000, -5.529316e+001,
5430000000, -5.530394e+001,
5431250000, -5.535163e+001,
5432500000, -5.533811e+001,
5433750000, -5.526670e+001,
5435000000, -5.532181e+001,
5436250000, -5.520403e+001,
5437500000, -5.522216e+001,
5438750000, -5.517769e+001,
5440000000, -5.512156e+001,
5441250000, -5.512178e+001,
5442500000, -5.512516e+001,
5443750000, -5.505813e+001,
5445000000, -5.510793e+001,
5446250000, -5.496536e+001,
5447500000, -5.506755e+001,
5448750000, -5.499483e+001,
5450000000, -5.503012e+001,
5451250000, -5.508663e+001,
5452500000, -5.498099e+001,
5453750000, -5.517323e+001,
5455000000, -5.517038e+001,
5456250000, -5.510526e+001,
5457500000, -5.510405e+001,
5458750000, -5.519363e+001,
5460000000, -5.524754e+001,
5461250000, -5.518170e+001,
5462500000, -5.517002e+001,
5463750000, -5.517188e+001,
5465000000, -5.521718e+001,
5466250000, -5.530271e+001,
5467500000, -5.532922e+001,
5468750000, -5.522492e+001,
5470000000, -5.539519e+001,
5471250000, -5.528348e+001,
5472500000, -5.525317e+001,
5473750000, -5.533808e+001,
5475000000, -5.520699e+001,
5476250000, -5.532836e+001,
5477500000, -5.523397e+001,
5478750000, -5.527282e+001,
5480000000, -5.521308e+001,
5481250000, -5.527198e+001,
5482500000, -5.526678e+001,
5483750000, -5.537389e+001,
5485000000, -5.533796e+001,
5486250000, -5.526090e+001,
5487500000, -5.531717e+001,
5488750000, -5.526170e+001,
5490000000, -5.522383e+001,
5491250000, -5.533344e+001,
5492500000, -5.531463e+001,
5493750000, -5.521372e+001,
5495000000, -5.518819e+001,
5496250000, -5.533337e+001,
5497500000, -5.518687e+001,
5498750000, -5.512761e+001,
5500000000, -5.515609e+001,
