"S21 Phase"
"Frequency (Hz)","Deg",
3000000000, 1.520171e+002,
3001562500, 1.502286e+002,
3003125000, 1.484510e+002,
3004687500, 1.471636e+002,
3006250000, 1.454800e+002,
3007812500, 1.433338e+002,
3009375000, 1.415273e+002,
3010937500, 1.401453e+002,
3012500000, 1.381933e+002,
3014062500, 1.366022e+002,
3015625000, 1.345710e+002,
3017187500, 1.329456e+002,
3018750000, 1.311127e+002,
3020312500, 1.295018e+002,
3021875000, 1.273548e+002,
3023437500, 1.253041e+002,
3025000000, 1.238013e+002,
3026562500, 1.216322e+002,
3028125000, 1.199332e+002,
3029687500, 1.177394e+002,
3031250000, 1.158941e+002,
3032812500, 1.141315e+002,
3034375000, 1.117329e+002,
3035937500, 1.098319e+002,
3037500000, 1.082715e+002,
3039062500, 1.058270e+002,
3040625000, 1.036550e+002,
3042187500, 1.015195e+002,
3043750000, 9.953738e+001,
3045312500, 9.726473e+001,
3046875000, 9.560640e+001,
3048437500, 9.344995e+001,
3050000000, 9.113121e+001,
3051562500, 8.903109e+001,
3053125000, 8.698801e+001,
3054687500, 8.499498e+001,
3056250000, 8.263744e+001,
3057812500, 7.992644e+001,
3059375000, 7.819612e+001,
3060937500, 7.572458e+001,
3062500000, 7.355655e+001,
3064062500, 7.145644e+001,
3065625000, 6.893589e+001,
3067187500, 6.684505e+001,
3068750000, 6.463809e+001,
3070312500, 6.235528e+001,
3071875000, 5.989842e+001,
3073437500, 5.744562e+001,
3075000000, 5.542236e+001,
3076562500, 5.340147e+001,
3078125000, 5.104411e+001,
3079687500, 4.898264e+001,
3081250000, 4.680853e+001,
3082812500, 4.431455e+001,
3084375000, 4.216868e+001,
3085937500, 4.001154e+001,
3087500000, 3.773019e+001,
3089062500, 3.573012e+001,
3090625000, 3.377573e+001,
3092187500, 3.168393e+001,
3093750000, 2.944567e+001,
3095312500, 2.767712e+001,
3096875000, 2.593530e+001,
3098437500, 2.336728e+001,
3100000000, 2.145270e+001,
3101562500, 1.899170e+001,
3103125000, 1.673191e+001,
3104687500, 1.472089e+001,
3106250000, 1.259841e+001,
3107812500, 1.058466e+001,
3109375000, 8.406219e+000,
3110937500, 5.980251e+000,
3112500000, 4.134128e+000,
3114062500, 1.628458e+000,
3115625000, -1.502878e-001,
3117187500, -2.945930e+000,
3118750000, -5.005304e+000,
3120312500, -7.270864e+000,
3121875000, -9.038192e+000,
3123437500, -1.096009e+001,
3125000000, -1.328010e+001,
3126562500, -1.535069e+001,
3128125000, -1.761509e+001,
3129687500, -1.918684e+001,
3131250000, -2.141378e+001,
3132812500, -2.369079e+001,
3134375000, -2.596648e+001,
3135937500, -2.817874e+001,
3137500000, -3.015398e+001,
3139062500, -3.282289e+001,
3140625000, -3.492430e+001,
3142187500, -3.687641e+001,
3143750000, -3.863781e+001,
3145312500, -4.133019e+001,
3146875000, -4.335596e+001,
3148437500, -4.598589e+001,
3150000000, -4.750982e+001,
3151562500, -5.013950e+001,
3153125000, -5.185299e+001,
3154687500, -5.463685e+001,
3156250000, -5.644005e+001,
3157812500, -5.888462e+001,
3159375000, -6.095270e+001,
3160937500, -6.360100e+001,
3162500000, -6.532053e+001,
3164062500, -6.812907e+001,
3165625000, -6.979357e+001,
3167187500, -7.270193e+001,
3168750000, -7.431984e+001,
3170312500, -7.748591e+001,
3171875000, -7.918658e+001,
3173437500, -8.144389e+001,
3175000000, -8.373209e+001,
3176562500, -8.626373e+001,
3178125000, -8.840390e+001,
3179687500, -9.086533e+001,
3181250000, -9.248590e+001,
3182812500, -9.528797e+001,
3184375000, -9.737849e+001,
3185937500, -9.950544e+001,
3187500000, -1.019079e+002,
3189062500, -1.039844e+002,
3190625000, -1.067985e+002,
3192187500, -1.081250e+002,
3193750000, -1.109570e+002,
3195312500, -1.125147e+002,
3196875000, -1.152640e+002,
3198437500, -1.168348e+002,
3200000000, -1.192700e+002,
3201562500, -1.215437e+002,
3203125000, -1.236294e+002,
3204687500, -1.257836e+002,
3206250000, -1.276735e+002,
3207812500, -1.304479e+002,
3209375000, -1.319372e+002,
3210937500, -1.344735e+002,
3212500000, -1.359047e+002,
3214062500, -1.379756e+002,
3215625000, -1.400073e+002,
3217187500, -1.415219e+002,
3218750000, -1.440166e+002,
3220312500, -1.453486e+002,
3221875000, -1.479137e+002,
3223437500, -1.493078e+002,
3225000000, -1.511925e+002,
3226562500, -1.536036e+002,
3228125000, -1.545675e+002,
3229687500, -1.573357e+002,
3231250000, -1.588278e+002,
3232812500, -1.606979e+002,
3234375000, -1.627323e+002,
3235937500, -1.635439e+002,
3237500000, -1.660080e+002,
3239062500, -1.669954e+002,
3240625000, -1.693140e+002,
3242187500, -1.711420e+002,
3243750000, -1.721767e+002,
3245312500, -1.750783e+002,
3246875000, -1.760962e+002,
3248437500, -1.773412e+002,
3250000000, 1.798747e+002,
3251562500, 1.790454e+002,
3253125000, 1.764666e+002,
3254687500, 1.750649e+002,
3256250000, 1.740542e+002,
3257812500, 1.711401e+002,
3259375000, 1.702572e+002,
3260937500, 1.684797e+002,
3262500000, 1.661164e+002,
3264062500, 1.655844e+002,
3265625000, 1.625921e+002,
3267187500, 1.610564e+002,
3268750000, 1.601551e+002,
3270312500, 1.571964e+002,
3271875000, 1.563725e+002,
3273437500, 1.544477e+002,
3275000000, 1.519256e+002,
3276562500, 1.511880e+002,
3278125000, 1.485041e+002,
3279687500, 1.463477e+002,
3281250000, 1.456953e+002,
3282812500, 1.425696e+002,
3284375000, 1.415089e+002,
3285937500, 1.402525e+002,
3287500000, 1.369434e+002,
3289062500, 1.362302e+002,
3290625000, 1.337458e+002,
3292187500, 1.313034e+002,
3293750000, 1.304807e+002,
3295312500, 1.281997e+002,
3296875000, 1.255624e+002,
3298437500, 1.253334e+002,
3300000000, 1.220882e+002,
3301562500, 1.198184e+002,
3303125000, 1.189566e+002,
3304687500, 1.159835e+002,
3306250000, 1.130759e+002,
3307812500, 1.132723e+002,
3309375000, 1.094105e+002,
3310937500, 1.071750e+002,
3312500000, 1.068844e+002,
3314062500, 1.029697e+002,
3315625000, 1.011403e+002,
3317187500, 1.003010e+002,
3318750000, 9.716136e+001,
3320312500, 9.416819e+001,
3321875000, 9.444019e+001,
3323437500, 9.025169e+001,
3325000000, 8.847986e+001,
3326562500, 8.787126e+001,
3328125000, 8.405949e+001,
3329687500, 8.193300e+001,
3331250000, 8.133912e+001,
3332812500, 7.851970e+001,
3334375000, 7.463053e+001,
3335937500, 7.499441e+001,
3337500000, 7.197597e+001,
3339062500, 6.867093e+001,
3340625000, 6.844901e+001,
3342187500, 6.608843e+001,
3343750000, 6.188709e+001,
3345312500, 6.146155e+001,
3346875000, 5.954375e+001,
3348437500, 5.499384e+001,
3350000000, 5.398160e+001,
3351562500, 5.299852e+001,
3353125000, 4.865155e+001,
3354687500, 4.627966e+001,
3356250000, 4.650149e+001,
3357812500, 4.210384e+001,
3359375000, 3.909566e+001,
3360937500, 3.852797e+001,
3362500000, 3.669496e+001,
3364062500, 3.178788e+001,
3365625000, 3.144951e+001,
3367187500, 3.042985e+001,
3368750000, 2.617241e+001,
3370312500, 2.347261e+001,
3371875000, 2.448010e+001,
3373437500, 2.016072e+001,
3375000000, 1.662715e+001,
3376562500, 1.639737e+001,
3378125000, 1.501267e+001,
3379687500, 9.786274e+000,
3381250000, 8.470136e+000,
3382812500, 8.650125e+000,
3384375000, 4.828223e+000,
3385937500, 9.770907e-001,
3387500000, 1.743348e+000,
3389062500, -8.780961e-001,
3390625000, -5.668221e+000,
3392187500, -6.648262e+000,
3393750000, -6.538739e+000,
3395312500, -1.026396e+001,
3396875000, -1.436587e+001,
3398437500, -1.371117e+001,
3400000000, -1.493242e+001,
3401562500, -2.017680e+001,
3403125000, -2.218269e+001,
3404687500, -2.111460e+001,
3406250000, -2.533861e+001,
3407812500, -2.887435e+001,
3409375000, -3.023625e+001,
3410937500, -2.973004e+001,
3412500000, -3.447384e+001,
3414062500, -3.808127e+001,
3415625000, -3.729046e+001,
3417187500, -3.809594e+001,
3418750000, -4.430422e+001,
3420312500, -4.489818e+001,
3421875000, -4.411054e+001,
3423437500, -4.783607e+001,
3425000000, -5.112150e+001,
3426562500, -5.339567e+001,
3428125000, -5.162056e+001,
3429687500, -5.569203e+001,
3431250000, -6.030052e+001,
3432812500, -5.982440e+001,
3434375000, -5.973898e+001,
3435937500, -6.480937e+001,
3437500000, -6.833880e+001,
3439062500, -6.668680e+001,
3440625000, -6.840241e+001,
3442187500, -7.199396e+001,
3443750000, -7.652939e+001,
3445312500, -7.551420e+001,
3446875000, -7.536097e+001,
3448437500, -8.132462e+001,
3450000000, -8.361954e+001,
3451562500, -8.291778e+001,
3453125000, -8.358050e+001,
3454687500, -8.904457e+001,
3456250000, -9.091130e+001,
3457812500, -9.007469e+001,
3459375000, -9.202047e+001,
3460937500, -9.632757e+001,
3462500000, -1.009690e+002,
3464062500, -9.820764e+001,
3465625000, -9.960732e+001,
3467187500, -1.047663e+002,
3468750000, -1.080160e+002,
3470312500, -1.075183e+002,
3471875000, -1.069809e+002,
3473437500, -1.127621e+002,
3475000000, -1.168612e+002,
3476562500, -1.160029e+002,
3478125000, -1.160068e+002,
3479687500, -1.208367e+002,
3481250000, -1.266901e+002,
3482812500, -1.251111e+002,
3484375000, -1.252353e+002,
3485937500, -1.286131e+002,
3487500000, -1.336540e+002,
3489062500, -1.362200e+002,
3490625000, -1.340524e+002,
3492187500, -1.363387e+002,
3493750000, -1.432132e+002,
3495312500, -1.448984e+002,
3496875000, -1.438345e+002,
3498437500, -1.453680e+002,
3500000000, -1.509854e+002,
3501562500, -1.552387e+002,
3503125000, -1.550318e+002,
3504687500, -1.550213e+002,
3506250000, -1.581494e+002,
3507812500, -1.641554e+002,
3509375000, -1.661283e+002,
3510937500, -1.631098e+002,
3512500000, -1.668478e+002,
3514062500, -1.722414e+002,
3515625000, -1.743763e+002,
3517187500, -1.746839e+002,
3518750000, -1.744561e+002,
3520312500, -1.795101e+002,
3521875000, 1.748672e+002,
3523437500, 1.751820e+002,
3525000000, 1.760233e+002,
3526562500, 1.748891e+002,
3528125000, 1.678316e+002,
3529687500, 1.639541e+002,
3531250000, 1.675767e+002,
3532812500, 1.654540e+002,
3534375000, 1.610249e+002,
3535937500, 1.571166e+002,
3537500000, 1.546458e+002,
3539062500, 1.565522e+002,
3540625000, 1.566774e+002,
3542187500, 1.494417e+002,
3543750000, 1.449191e+002,
3545312500, 1.459963e+002,
3546875000, 1.485976e+002,
3548437500, 1.439973e+002,
3550000000, 1.379041e+002,
3551562500, 1.375555e+002,
3553125000, 1.391103e+002,
3554687500, 1.373579e+002,
3556250000, 1.360760e+002,
3557812500, 1.297849e+002,
3559375000, 1.265529e+002,
3560937500, 1.311285e+002,
3562500000, 1.316179e+002,
3564062500, 1.238010e+002,
3565625000, 1.197022e+002,
3567187500, 1.210917e+002,
3568750000, 1.230905e+002,
3570312500, 1.209592e+002,
3571875000, 1.160268e+002,
3573437500, 1.124119e+002,
3575000000, 1.123506e+002,
3576562500, 1.122141e+002,
3578125000, 1.137921e+002,
3579687500, 1.061087e+002,
3581250000, 1.010483e+002,
3582812500, 1.037118e+002,
3584375000, 1.054640e+002,
3585937500, 1.020202e+002,
3587500000, 9.734169e+001,
3589062500, 9.302201e+001,
3590625000, 9.405424e+001,
3592187500, 9.557105e+001,
3593750000, 9.376497e+001,
3595312500, 8.851424e+001,
3596875000, 8.461485e+001,
3598437500, 8.483523e+001,
3600000000, 8.636119e+001,
3601562500, 8.493406e+001,
3603125000, 7.904150e+001,
3604687500, 7.490989e+001,
3606250000, 7.424701e+001,
3607812500, 7.604782e+001,
3609375000, 7.532684e+001,
3610937500, 7.100885e+001,
3612500000, 6.517636e+001,
3614062500, 6.365616e+001,
3615625000, 6.672285e+001,
3617187500, 6.625107e+001,
3618750000, 6.080387e+001,
3620312500, 5.640724e+001,
3621875000, 5.485999e+001,
3623437500, 5.525221e+001,
3625000000, 5.510985e+001,
3626562500, 5.052357e+001,
3628125000, 4.694026e+001,
3629687500, 4.392776e+001,
3631250000, 4.072535e+001,
3632812500, 4.474764e+001,
3634375000, 4.390540e+001,
3635937500, 3.577534e+001,
3637500000, 3.069139e+001,
3639062500, 3.273520e+001,
3640625000, 3.452220e+001,
3642187500, 3.042931e+001,
3643750000, 2.696372e+001,
3645312500, 2.515466e+001,
3646875000, 2.073878e+001,
3648437500, 1.998456e+001,
3650000000, 2.222447e+001,
3651562500, 1.841332e+001,
3653125000, 1.544300e+001,
3654687500, 9.229053e+000,
3656250000, 9.477926e+000,
3657812500, 1.190567e+001,
3659375000, 1.059109e+001,
3660937500, 4.016926e+000,
3662500000, 4.913395e-001,
3664062500, 4.852976e-001,
3665625000, -8.936430e-001,
3667187500, -3.291941e-001,
3668750000, -3.175586e+000,
3670312500, -5.689343e+000,
3671875000, -1.300642e+001,
3673437500, -1.251215e+001,
3675000000, -9.880246e+000,
3676562500, -1.431706e+001,
3678125000, -1.705911e+001,
3679687500, -2.041937e+001,
3681250000, -2.477011e+001,
3682812500, -2.368792e+001,
3684375000, -2.224087e+001,
3685937500, -2.550910e+001,
3687500000, -3.005762e+001,
3689062500, -3.486492e+001,
3690625000, -3.411795e+001,
3692187500, -3.569257e+001,
3693750000, -3.495351e+001,
3695312500, -3.792151e+001,
3696875000, -4.331442e+001,
3698437500, -4.974052e+001,
3700000000, -4.791948e+001,
3701562500, -4.632291e+001,
3703125000, -5.118961e+001,
3704687500, -4.901671e+001,
3706250000, -5.587386e+001,
3707812500, -6.271640e+001,
3709375000, -6.323903e+001,
3710937500, -5.716413e+001,
3712500000, -5.891008e+001,
3714062500, -6.467128e+001,
3715625000, -6.965687e+001,
3717187500, -7.182908e+001,
3718750000, -7.283706e+001,
3720312500, -7.331268e+001,
3721875000, -6.980350e+001,
3723437500, -7.433981e+001,
3725000000, -8.288083e+001,
3726562500, -8.891987e+001,
3728125000, -8.351198e+001,
3729687500, -8.680267e+001,
3731250000, -8.658358e+001,
3732812500, -8.602931e+001,
3734375000, -9.623075e+001,
3735937500, -1.008800e+002,
3737500000, -1.017446e+002,
3739062500, -9.776565e+001,
3740625000, -9.486922e+001,
3742187500, -1.007666e+002,
3743750000, -1.058686e+002,
3745312500, -1.123773e+002,
3746875000, -1.181419e+002,
3748437500, -1.080260e+002,
3750000000, -1.016876e+002,
3751562500, -1.099130e+002,
3753125000, -1.213912e+002,
3754687500, -1.321302e+002,
3756250000, -1.179168e+002,
3757812500, -1.282793e+002,
3759375000, -1.213228e+002,
3760937500, -1.216492e+002,
3762500000, -1.287349e+002,
3764062500, -1.370349e+002,
3765625000, -1.399095e+002,
3767187500, -1.459235e+002,
3768750000, -1.311601e+002,
3770312500, -1.268753e+002,
3771875000, -1.355312e+002,
3773437500, -1.436240e+002,
3775000000, -1.551544e+002,
3776562500, -1.614279e+002,
3778125000, -1.479563e+002,
3779687500, -1.308298e+002,
3781250000, -1.436895e+002,
3782812500, -1.603346e+002,
3784375000, -1.661355e+002,
3785937500, -1.644352e+002,
3787500000, -1.692830e+002,
3789062500, -1.546498e+002,
3790625000, -1.546282e+002,
3792187500, -1.647953e+002,
3793750000, -1.680105e+002,
3795312500, 1.784212e+002,
3796875000, 1.722826e+002,
3798437500, -1.787114e+002,
3800000000, -1.659255e+002,
3801562500, -1.653926e+002,
3803125000, -1.708834e+002,
3804687500, 1.740488e+002,
3806250000, 1.599086e+002,
3807812500, 1.518703e+002,
3809375000, -1.790877e+002,
3810937500, -1.668278e+002,
3812500000, 1.758400e+002,
3814062500, 1.731408e+002,
3815625000, 1.516694e+002,
3817187500, 1.346425e+002,
3818750000, 1.500302e+002,
3820312500, 1.733205e+002,
3821875000, 1.748506e+002,
3823437500, 1.641667e+002,
3825000000, 1.522830e+002,
3826562500, 1.391773e+002,
3828125000, 1.306181e+002,
3829687500, 1.316386e+002,
3831250000, 1.540256e+002,
3832812500, 1.723166e+002,
3834375000, 1.601895e+002,
3835937500, 1.413700e+002,
3837500000, 1.307464e+002,
3839062500, 1.171176e+002,
3840625000, 1.209159e+002,
3842187500, 1.422151e+002,
3843750000, 1.514147e+002,
3845312500, 1.555555e+002,
3846875000, 1.341170e+002,
3848437500, 1.089279e+002,
3850000000, 9.560968e+001,
3851562500, 1.168351e+002,
3853125000, 1.370531e+002,
3854687500, 1.496329e+002,
3856250000, 1.434414e+002,
3857812500, 1.266370e+002,
3859375000, 1.053527e+002,
3860937500, 8.806182e+001,
3862500000, 8.350710e+001,
3864062500, 1.467168e+002,
3865625000, 1.507116e+002,
3867187500, 1.288296e+002,
3868750000, 1.090958e+002,
3870312500, 1.027768e+002,
3871875000, 9.466286e+001,
3873437500, 8.951128e+001,
3875000000, 8.148821e+001,
3876562500, 1.290974e+002,
3878125000, 1.319438e+002,
3879687500, 1.145677e+002,
3881250000, 1.002249e+002,
3882812500, 8.408077e+001,
3884375000, 6.100208e+001,
3885937500, 5.032044e+001,
3887500000, 1.439964e+002,
3889062500, 1.424771e+002,
3890625000, 1.181791e+002,
3892187500, 9.117090e+001,
3893750000, 6.931271e+001,
3895312500, 4.711878e+001,
3896875000, 2.762784e+001,
3898437500, 1.372184e+002,
3900000000, 1.193985e+002,
3901562500, 1.007540e+002,
3903125000, 8.317937e+001,
3904687500, 7.947408e+001,
3906250000, 7.076121e+001,
3907812500, 5.358051e+001,
3909375000, 3.574079e+001,
3910937500, 8.429899e+001,
3912500000, 9.003474e+001,
3914062500, 9.430304e+001,
3915625000, 8.493970e+001,
3917187500, 6.844257e+001,
3918750000, 4.168680e+001,
3920312500, 1.992901e+001,
3921875000, -1.480720e+000,
3923437500, 1.435649e+002,
3925000000, 1.122182e+002,
3926562500, 8.302735e+001,
3928125000, 5.262908e+001,
3929687500, 2.724575e+001,
3931250000, -1.468819e-001,
3932812500, -1.534627e+000,
3934375000, 9.360909e+001,
3935937500, 9.363831e+001,
3937500000, 7.291840e+001,
3939062500, 4.919058e+001,
3940625000, 3.082708e+001,
3942187500, 1.289814e+001,
3943750000, 1.929450e+000,
3945312500, 2.299105e+001,
3946875000, 2.893360e+001,
3948437500, 2.146519e+001,
3950000000, 7.780335e+001,
3951562500, 6.168651e+001,
3953125000, 3.083192e+001,
3954687500, 7.631198e+000,
3956250000, -1.792647e+001,
3957812500, -4.564526e+001,
3959375000, -1.305986e+002,
3960937500, 1.029647e+002,
3962500000, 6.980796e+001,
3964062500, 3.862350e+001,
3965625000, 3.006129e+000,
3967187500, -2.295191e+001,
3968750000, -5.189316e+001,
3970312500, -5.009373e+001,
3971875000, 5.817739e+001,
3973437500, 6.411253e+001,
3975000000, 4.167612e+001,
3976562500, 1.519996e+001,
3978125000, -1.177279e+001,
3979687500, -3.247929e+001,
3981250000, -3.537374e+001,
3982812500, -6.145848e+001,
3984375000, -6.843958e+001,
3985937500, 6.473949e+001,
3987500000, 3.411209e+001,
3989062500, 6.109304e+000,
3990625000, -1.347435e+001,
3992187500, -2.509358e+001,
3993750000, -4.917267e+001,
3995312500, -7.361044e+001,
3996875000, -1.068291e+002,
3998437500, 8.554072e+001,
4000000000, 4.726344e+001,
4001562500, 1.497974e+001,
4003125000, -1.176215e+001,
4004687500, -3.806478e+001,
4006250000, -6.155120e+001,
4007812500, -8.374520e+001,
4009375000, -1.173826e+002,
4010937500, 1.247809e+002,
4012500000, 4.479957e+001,
4014062500, 3.484082e+000,
4015625000, -3.646666e+001,
4017187500, -5.168064e+001,
4018750000, -5.373162e+001,
4020312500, -8.793953e+001,
4021875000, -1.223480e+002,
4023437500, 1.775405e+002,
4025000000, 5.172319e+001,
4026562500, 1.131040e+001,
4028125000, -2.601868e+001,
4029687500, -5.077792e+001,
4031250000, -7.109577e+001,
4032812500, -9.632834e+001,
4034375000, -1.081168e+002,
4035937500, -1.207599e+002,
4037500000, -1.010263e+002,
4039062500, -3.203135e+001,
4040625000, -1.443684e+001,
4042187500, -3.140977e+001,
4043750000, -4.646716e+001,
4045312500, -7.083448e+001,
4046875000, -9.439226e+001,
4048437500, -1.254408e+002,
4050000000, -1.655622e+002,
4051562500, 1.326604e+002,
4053125000, 1.629879e+001,
4054687500, -1.991814e+000,
4056250000, -4.035987e+001,
4057812500, -7.565880e+001,
4059375000, -1.101141e+002,
4060937500, -1.418572e+002,
4062500000, -1.693711e+002,
4064062500, 1.294820e+002,
4065625000, 9.618637e+000,
4067187500, -4.348375e+001,
4068750000, -5.617981e+001,
4070312500, -8.307543e+001,
4071875000, -1.143548e+002,
4073437500, -1.211709e+002,
4075000000, -1.339810e+002,
4076562500, -1.608553e+002,
4078125000, -1.772853e+002,
4079687500, -1.362263e+002,
4081250000, -6.564270e+001,
4082812500, -6.540881e+001,
4084375000, -7.340182e+001,
4085937500, -9.561813e+001,
4087500000, -1.226382e+002,
4089062500, -1.464113e+002,
4090625000, -1.627660e+002,
4092187500, 1.666687e+002,
4093750000, 1.071027e+002,
4095312500, 4.759373e+001,
4096875000, -2.496398e+001,
4098437500, -7.008672e+001,
4100000000, -1.171421e+002,
4101562500, -1.555403e+002,
4103125000, -1.766797e+002,
4104687500, 1.390592e+002,
4106250000, 1.089913e+002,
4107812500, 4.705757e+001,
4109375000, -6.165991e+001,
4110937500, -1.058241e+002,
4112500000, -1.201346e+002,
4114062500, -1.412028e+002,
4115625000, -1.771217e+002,
4117187500, 1.640906e+002,
4118750000, 1.744779e+002,
4120312500, 1.596538e+002,
4121875000, 1.703558e+002,
4123437500, 1.486039e+002,
4125000000, 1.112385e+002,
4126562500, -9.249101e+001,
4128125000, -1.289126e+002,
4129687500, -1.450891e+002,
4131250000, -1.670803e+002,
4132812500, 1.635546e+002,
4134375000, 1.513261e+002,
4135937500, 1.300878e+002,
4137500000, 7.305210e+001,
4139062500, -6.124407e-001,
4140625000, -1.010687e+002,
4142187500, -1.075348e+002,
4143750000, -1.443907e+002,
4145312500, -1.790853e+002,
4146875000, 1.563115e+002,
4148437500, 1.310547e+002,
4150000000, 1.048101e+002,
4151562500, 7.631594e+001,
4153125000, -5.846976e+000,
4154687500, -1.439509e+002,
4156250000, -1.501307e+002,
4157812500, -1.674117e+002,
4159375000, 1.620235e+002,
4160937500, 1.227086e+002,
4162500000, 1.110924e+002,
4164062500, 1.499333e+002,
4165625000, 1.322384e+002,
4167187500, 9.414632e+001,
4168750000, 9.408650e+001,
4170312500, 1.228409e+002,
4171875000, 9.230379e+001,
4173437500, -1.697378e+002,
4175000000, 1.632833e+002,
4176562500, 1.361012e+002,
4178125000, 1.216051e+002,
4179687500, 1.080163e+002,
4181250000, 6.444399e+001,
4182812500, 4.386568e+001,
4184375000, 3.095349e+001,
4185937500, 1.295962e+002,
4187500000, 1.305301e+002,
4189062500, 9.416925e+001,
4190625000, 1.647259e+002,
4192187500, 1.630528e+002,
4193750000, 1.377018e+002,
4195312500, 1.052292e+002,
4196875000, 8.845787e+001,
4198437500, 5.734934e+001,
4200000000, 1.024802e+001,
4201562500, -4.590576e+001,
4203125000, -1.662119e+002,
4204687500, 1.454801e+002,
4206250000, 1.287713e+002,
4207812500, 1.247652e+002,
4209375000, 1.057082e+002,
4210937500, 5.444656e+001,
4212500000, 9.913466e+001,
4214062500, 7.780901e+001,
4215625000, 5.606595e+001,
4217187500, 1.429776e+001,
4218750000, -6.668096e+001,
4220312500, 1.636665e+002,
4221875000, 1.199181e+002,
4223437500, 1.289429e+002,
4225000000, 1.095270e+002,
4226562500, 7.013313e+001,
4228125000, 1.923731e+001,
4229687500, -2.344124e+001,
4231250000, -5.407648e+001,
4232812500, -1.271861e+002,
4234375000, 1.301667e+002,
4235937500, 8.388853e+001,
4237500000, 3.083640e+001,
4239062500, -3.291198e+001,
4240625000, -1.385329e+002,
4242187500, 1.345850e+002,
4243750000, 8.865883e+001,
4245312500, 5.016531e+001,
4246875000, 1.561177e+001,
4248437500, -5.815678e+000,
4250000000, -3.049504e+001,
4251562500, -6.665696e+001,
4253125000, -1.293000e+002,
4254687500, 1.192953e+002,
4256250000, 3.719995e+001,
4257812500, -7.649578e+001,
4259375000, 1.425869e+002,
4260937500, 9.023804e+001,
4262500000, 3.913764e+001,
4264062500, -2.398623e+000,
4265625000, -2.020539e+001,
4267187500, -3.499054e+001,
4268750000, -6.348813e+001,
4270312500, -1.030032e+002,
4271875000, -1.653758e+002,
4273437500, 1.228299e+002,
4275000000, 7.000797e+001,
4276562500, 4.092635e+001,
4278125000, 9.124314e+000,
4279687500, -3.733913e+001,
4281250000, -5.145684e+001,
4282812500, -1.185290e+002,
4284375000, 8.443006e+001,
4285937500, -1.449761e+001,
4287500000, -3.977007e+001,
4289062500, -5.701261e+001,
4290625000, -6.384019e+001,
4292187500, -1.275454e+002,
4293750000, -1.775988e+002,
4295312500, 1.553028e+002,
4296875000, 1.061426e+002,
4298437500, 6.136409e+001,
4300000000, 9.689679e+001,
4301562500, 3.865445e+001,
4303125000, 1.150041e+000,
4304687500, -3.145312e+001,
4306250000, -5.446773e+001,
4307812500, -9.250009e+001,
4309375000, -1.358298e+002,
4310937500, 1.663854e+002,
4312500000, 1.077850e+002,
4314062500, -1.208344e+002,
4315625000, 9.870734e+001,
4317187500, 4.554306e+001,
4318750000, 1.472028e+000,
4320312500, -5.018697e+001,
4321875000, -9.021560e+001,
4323437500, -1.283567e+002,
4325000000, -1.249565e+002,
4326562500, -1.404695e+002,
4328125000, 1.755096e+002,
4329687500, 1.278052e+002,
4331250000, 9.102076e+001,
4332812500, 5.320255e+001,
4334375000, -6.566130e+000,
4335937500, -6.747344e+000,
4337500000, -4.258941e+001,
4339062500, -9.589245e+001,
4340625000, -1.784240e+002,
4342187500, 1.046951e+001,
4343750000, -7.600318e+001,
4345312500, -1.354232e+002,
4346875000, -1.538988e+002,
4348437500, -6.329698e+001,
4350000000, -9.614449e+001,
4351562500, -1.504592e+002,
4353125000, 1.573998e+002,
4354687500, 1.172635e+002,
4356250000, 9.030858e+001,
4357812500, 1.613753e+002,
4359375000, 1.302579e+002,
4360937500, 8.900407e+001,
4362500000, 4.615310e+001,
4364062500, 1.864689e+001,
4365625000, -3.317347e-001,
4367187500, -2.880584e+001,
4368750000, -4.381862e+001,
4370312500, -7.118748e+001,
4371875000, -1.097045e+002,
4373437500, -1.469918e+002,
4375000000, 1.714493e+002,
4376562500, -8.367592e+001,
4378125000, -5.968094e+001,
4379687500, -1.273906e+002,
4381250000, 1.727157e+002,
4382812500, 1.285795e+002,
4384375000, -7.492784e+001,
4385937500, -1.217225e+002,
4387500000, -1.522332e+002,
4389062500, 1.714727e+002,
4390625000, 1.240249e+002,
4392187500, 8.956991e+001,
4393750000, 8.879568e+001,
4395312500, 1.005178e+002,
4396875000, 5.740752e+001,
4398437500, 9.900439e+000,
4400000000, -3.643374e+001,
4401562500, 6.310547e+000,
4403125000, -4.000338e+001,
4404687500, -8.237790e+001,
4406250000, -1.241453e+002,
4407812500, 1.714879e+002,
4409375000, 8.417173e+001,
4410937500, -4.863073e+000,
4412500000, -8.688708e+001,
4414062500, -1.606196e+002,
4415625000, 1.255179e+002,
4417187500, 2.032251e+001,
4418750000, -7.268041e+001,
4420312500, -1.128462e+002,
4421875000, -1.358683e+002,
4423437500, -1.646592e+002,
4425000000, 1.512789e+002,
4426562500, 1.018869e+002,
4428125000, 6.894370e+001,
4429687500, 6.423682e+001,
4431250000, 5.149418e+001,
4432812500, 6.983908e+001,
4434375000, 9.459175e+001,
4435937500, 7.987998e+001,
4437500000, 3.969655e+001,
4439062500, 4.800666e+000,
4440625000, -1.609425e+001,
4442187500, -5.633850e+001,
4443750000, -8.776340e+001,
4445312500, -9.627138e+001,
4446875000, -8.814004e+001,
4448437500, -6.726223e+001,
4450000000, -1.012409e+002,
4451562500, -1.151953e+002,
4453125000, -1.212664e+002,
4454687500, -1.524107e+002,
4456250000, 1.730751e+002,
4457812500, 1.557017e+002,
4459375000, 1.690246e+002,
4460937500, 1.560332e+002,
4462500000, 1.217182e+002,
4464062500, 1.007761e+002,
4465625000, 7.945155e+001,
4467187500, 9.047745e+001,
4468750000, 8.776743e+001,
4470312500, 5.948945e+001,
4471875000, 3.214397e+001,
4473437500, 2.501690e+000,
4475000000, -1.363751e+001,
4476562500, -7.740180e+000,
4478125000, -3.987121e+001,
4479687500, -7.190012e+001,
4481250000, -1.120151e+002,
4482812500, -1.117864e+002,
4484375000, -8.594676e+001,
4485937500, -9.921801e+001,
4487500000, -1.167520e+002,
4489062500, -1.233788e+002,
4490625000, -1.325631e+002,
4492187500, -1.454604e+002,
4493750000, -1.428858e+002,
4495312500, -1.711978e+002,
4496875000, 1.794300e+002,
4498437500, 1.606896e+002,
4500000000, 1.280204e+002,
4501562500, 1.149013e+002,
4503125000, 1.049706e+002,
4504687500, 1.008124e+002,
4506250000, 1.042643e+002,
4507812500, 9.709492e+001,
4509375000, 8.395916e+001,
4510937500, 7.301816e+001,
4512500000, 6.170407e+001,
4514062500, 5.181550e+001,
4515625000, 5.158050e+001,
4517187500, 8.303217e+000,
4518750000, -3.243582e+001,
4520312500, -4.452103e+001,
4521875000, -5.612851e+001,
4523437500, -6.497638e+001,
4525000000, -6.913382e+001,
4526562500, -7.783769e+001,
4528125000, -1.006002e+002,
4529687500, -1.173695e+002,
4531250000, -1.274032e+002,
4532812500, -1.373519e+002,
4534375000, -1.525165e+002,
4535937500, -1.674630e+002,
4537500000, 1.737254e+002,
4539062500, 1.572056e+002,
4540625000, 1.465647e+002,
4542187500, 1.355617e+002,
4543750000, 1.252454e+002,
4545312500, 1.083822e+002,
4546875000, 7.609200e+001,
4548437500, 4.705240e+001,
4550000000, 5.647648e+001,
4551562500, 5.470473e+001,
4553125000, 2.517181e+001,
4554687500, -6.105359e+000,
4556250000, -2.550697e+001,
4557812500, -3.301737e+001,
4559375000, -4.060976e+001,
4560937500, -5.458883e+001,
4562500000, -8.098434e+001,
4564062500, -1.101202e+002,
4565625000, -1.171981e+002,
4567187500, -1.069861e+002,
4568750000, -1.176062e+002,
4570312500, -1.511096e+002,
4571875000, 1.795889e+002,
4573437500, 1.638710e+002,
4575000000, 1.518729e+002,
4576562500, 1.393695e+002,
4578125000, 1.228767e+002,
4579687500, 1.003070e+002,
4581250000, 7.954395e+001,
4582812500, 8.248425e+001,
4584375000, 9.407664e+001,
4585937500, 6.933115e+001,
4587500000, 3.385641e+001,
4589062500, 5.353297e+000,
4590625000, -9.150320e+000,
4592187500, -1.936838e+001,
4593750000, -3.460467e+001,
4595312500, -5.107282e+001,
4596875000, -7.043346e+001,
4598437500, -7.214743e+001,
4600000000, -6.214228e+001,
4601562500, -7.481784e+001,
4603125000, -9.931057e+001,
4604687500, -1.294415e+002,
4606250000, -1.522221e+002,
4607812500, -1.656798e+002,
4609375000, -1.799746e+002,
4610937500, 1.655091e+002,
4612500000, 1.501293e+002,
4614062500, 1.408806e+002,
4615625000, 1.367535e+002,
4617187500, 1.287722e+002,
4618750000, 1.175616e+002,
4620312500, 9.332987e+001,
4621875000, 6.260792e+001,
4623437500, 4.112029e+001,
4625000000, 2.714583e+001,
4626562500, 1.424377e+001,
4628125000, -9.404578e-001,
4629687500, -1.757874e+001,
4631250000, -2.185912e+001,
4632812500, -2.869249e+001,
4634375000, -4.030648e+001,
4635937500, -6.340966e+001,
4637500000, -9.594334e+001,
4639062500, -1.205250e+002,
4640625000, -1.368231e+002,
4642187500, -1.512375e+002,
4643750000, -1.638653e+002,
4645312500, -1.723486e+002,
4646875000, 1.754901e+002,
4648437500, 1.631300e+002,
4650000000, 1.467888e+002,
4651562500, 1.180953e+002,
4653125000, 8.540406e+001,
4654687500, 6.434387e+001,
4656250000, 5.162044e+001,
4657812500, 4.087701e+001,
4659375000, 2.798659e+001,
4660937500, 1.228717e+001,
4662500000, -2.848061e+000,
4664062500, -1.901015e+001,
4665625000, -4.086670e+001,
4667187500, -7.191230e+001,
4668750000, -1.003894e+002,
4670312500, -1.181460e+002,
4671875000, -1.266051e+002,
4673437500, -1.381081e+002,
4675000000, -1.526522e+002,
4676562500, -1.664631e+002,
4678125000, 1.756050e+002,
4679687500, 1.511643e+002,
4681250000, 1.178228e+002,
4682812500, 8.802919e+001,
4684375000, 7.449650e+001,
4685937500, 6.718558e+001,
4687500000, 5.684722e+001,
4689062500, 4.241564e+001,
4690625000, 2.426142e+001,
4692187500, 5.621047e+000,
4693750000, -1.976450e+001,
4695312500, -5.511890e+001,
4696875000, -7.793940e+001,
4698437500, -8.511495e+001,
4700000000, -9.439959e+001,
4701562500, -1.119046e+002,
4703125000, -1.313274e+002,
4704687500, -1.461557e+002,
4706250000, -1.596369e+002,
4707812500, 1.714192e+002,
4709375000, 1.411519e+002,
4710937500, 1.266069e+002,
4712500000, 1.124462e+002,
4714062500, 9.351577e+001,
4715625000, 7.536726e+001,
4717187500, 6.643772e+001,
4718750000, 5.588255e+001,
4720312500, 3.661390e+001,
4721875000, 5.301732e+000,
4723437500, -2.070253e+001,
4725000000, -3.968634e+001,
4726562500, -5.770760e+001,
4728125000, -7.381643e+001,
4729687500, -8.812737e+001,
4731250000, -9.965067e+001,
4732812500, -1.173770e+002,
4734375000, -1.454078e+002,
4735937500, -1.694778e+002,
4737500000, 1.704454e+002,
4739062500, 1.504762e+002,
4740625000, 1.323347e+002,
4742187500, 1.171036e+002,
4743750000, 9.987552e+001,
4745312500, 8.029570e+001,
4746875000, 6.480977e+001,
4748437500, 4.452906e+001,
4750000000, 1.905855e+001,
4751562500, -3.002561e+000,
4753125000, -2.116007e+001,
4754687500, -3.680885e+001,
4756250000, -5.181689e+001,
4757812500, -6.492263e+001,
4759375000, -8.604825e+001,
4760937500, -1.160188e+002,
4762500000, -1.428850e+002,
4764062500, -1.596528e+002,
4765625000, -1.748359e+002,
4767187500, 1.678611e+002,
4768750000, 1.468076e+002,
4770312500, 1.250570e+002,
4771875000, 1.004982e+002,
4773437500, 7.505021e+001,
4775000000, 5.769391e+001,
4776562500, 3.743038e+001,
4778125000, 1.653543e+001,
4779687500, -5.115935e+000,
4781250000, -2.737780e+001,
4782812500, -5.204928e+001,
4784375000, -7.852903e+001,
4785937500, -9.923499e+001,
4787500000, -1.171173e+002,
4789062500, -1.380780e+002,
4790625000, -1.623721e+002,
4792187500, 1.703987e+002,
4793750000, 1.448775e+002,
4795312500, 1.268347e+002,
4796875000, 1.131511e+002,
4798437500, 9.722106e+001,
4800000000, 8.328449e+001,
4801562500, 5.921689e+001,
4803125000, 2.426089e+001,
4804687500, -2.053861e+000,
4806250000, -2.417115e+001,
4807812500, -4.696477e+001,
4809375000, -7.060184e+001,
4810937500, -9.595203e+001,
4812500000, -1.222766e+002,
4814062500, -1.540217e+002,
4815625000, 1.711054e+002,
4817187500, 1.705192e+002,
4818750000, 1.749052e+002,
4820312500, 1.328479e+002,
4821875000, 1.010473e+002,
4823437500, 7.202569e+001,
4825000000, 4.305100e+001,
4826562500, 1.377327e+001,
4828125000, -1.215501e+001,
4829687500, -3.549065e+001,
4831250000, -6.352786e+001,
4832812500, -9.385484e+001,
4834375000, -8.582349e+001,
4835937500, -1.092228e+002,
4837500000, -1.410244e+002,
4839062500, -1.693537e+002,
4840625000, 1.682320e+002,
4842187500, 1.453773e+002,
4843750000, 1.244815e+002,
4845312500, 1.022515e+002,
4846875000, 7.664609e+001,
4848437500, 4.902315e+001,
4850000000, 2.298968e+001,
4851562500, -5.955423e-001,
4853125000, -2.349537e+001,
4854687500, -4.526175e+001,
4856250000, -7.055413e+001,
4857812500, -9.821274e+001,
4859375000, -1.252719e+002,
4860937500, -1.510697e+002,
4862500000, -1.757262e+002,
4864062500, 1.586307e+002,
4865625000, 1.340532e+002,
4867187500, 1.019132e+002,
4868750000, 7.248424e+001,
4870312500, 4.464463e+001,
4871875000, 1.815725e+001,
4873437500, -9.150667e+000,
4875000000, -3.891701e+001,
4876562500, -6.940443e+001,
4878125000, -9.834270e+001,
4879687500, -1.225439e+002,
4881250000, -1.419724e+002,
4882812500, -1.730969e+002,
4884375000, 1.546868e+002,
4885937500, 1.230224e+002,
4887500000, 9.317753e+001,
4889062500, 6.654136e+001,
4890625000, 4.240960e+001,
4892187500, 1.506919e+001,
4893750000, -1.637557e+001,
4895312500, -4.690650e+001,
4896875000, -7.391263e+001,
4898437500, -9.930751e+001,
4900000000, -1.269717e+002,
4901562500, -1.562088e+002,
4903125000, 1.742310e+002,
4904687500, 1.445580e+002,
4906250000, 1.136944e+002,
4907812500, 8.476941e+001,
4909375000, 5.693736e+001,
4910937500, 2.879935e+001,
4912500000, -6.660057e-001,
4914062500, -3.205049e+001,
4915625000, -6.353023e+001,
4917187500, -9.319895e+001,
4918750000, -1.214506e+002,
4920312500, -1.505970e+002,
4921875000, 1.767381e+002,
4923437500, 1.435578e+002,
4925000000, 1.133708e+002,
4926562500, 8.276651e+001,
4928125000, 5.000891e+001,
4929687500, 1.659536e+001,
4931250000, -1.581672e+001,
4932812500, -4.767166e+001,
4934375000, -8.034708e+001,
4935937500, -1.141258e+002,
4937500000, -1.481649e+002,
4939062500, 1.793491e+002,
4940625000, 1.487626e+002,
4942187500, 1.152080e+002,
4943750000, 7.929831e+001,
4945312500, 4.620454e+001,
4946875000, 1.303588e+001,
4948437500, -2.291951e+001,
4950000000, -5.920586e+001,
4951562500, -9.475407e+001,
4953125000, -1.321342e+002,
4954687500, -1.693930e+002,
4956250000, 1.569003e+002,
4957812500, 1.238298e+002,
4959375000, 8.695731e+001,
4960937500, 5.081374e+001,
4962500000, 1.694990e+001,
4964062500, -1.773712e+001,
4965625000, -5.315137e+001,
4967187500, -8.990306e+001,
4968750000, -1.284518e+002,
4970312500, -1.650934e+002,
4971875000, 1.584689e+002,
4973437500, 1.200464e+002,
4975000000, 8.413962e+001,
4976562500, 4.924811e+001,
4978125000, 1.315792e+001,
4979687500, -2.325895e+001,
4981250000, -5.946848e+001,
4982812500, -9.536912e+001,
4984375000, -1.298220e+002,
4985937500, -1.679167e+002,
4987500000, 1.535068e+002,
4989062500, 1.252999e+002,
4990625000, 9.543026e+001,
4992187500, 5.530212e+001,
4993750000, 2.157098e+001,
4995312500, -1.321095e+001,
4996875000, -5.564622e+001,
4998437500, -9.836886e+001,
5000000000, -1.361495e+002,
5001562500, -1.753936e+002,
5003125000, 1.439271e+002,
5004687500, 1.047798e+002,
5006250000, 6.648316e+001,
5007812500, 2.568965e+001,
5009375000, -1.769957e+001,
5010937500, -5.980733e+001,
5012500000, -1.025403e+002,
5014062500, -1.457604e+002,
5015625000, 1.731794e+002,
5017187500, 1.339958e+002,
5018750000, 9.463121e+001,
5020312500, 5.316088e+001,
5021875000, 1.130651e+001,
5023437500, -3.431629e+001,
5025000000, -8.205108e+001,
5026562500, -1.301599e+002,
5028125000, -1.778013e+002,
5029687500, 1.339880e+002,
5031250000, 9.036434e+001,
5032812500, 5.082231e+001,
5034375000, 1.266831e+001,
5035937500, -2.660614e+001,
5037500000, -5.722951e+001,
5039062500, -8.648501e+001,
5040625000, -1.252398e+002,
5042187500, -1.712868e+002,
5043750000, 1.389705e+002,
5045312500, 8.631172e+001,
5046875000, 3.531788e+001,
5048437500, -1.285854e+001,
5050000000, -6.172376e+001,
5051562500, -1.121387e+002,
5053125000, -1.655427e+002,
5054687500, 1.385560e+002,
5056250000, 8.330881e+001,
5057812500, 3.056049e+001,
5059375000, -2.104222e+001,
5060937500, -7.261147e+001,
5062500000, -1.225721e+002,
5064062500, -1.724158e+002,
5065625000, 1.344588e+002,
5067187500, 7.811382e+001,
5068750000, 2.065774e+001,
5070312500, -3.593125e+001,
5071875000, -9.425158e+001,
5073437500, -1.543077e+002,
5075000000, 1.482743e+002,
5076562500, 9.531722e+001,
5078125000, 4.637136e+001,
5079687500, -2.691880e+000,
5081250000, -5.532617e+001,
5082812500, -1.097423e+002,
5084375000, -1.705144e+002,
5085937500, 1.229515e+002,
5087500000, 5.626371e+001,
5089062500, -7.914412e+000,
5090625000, -7.222931e+001,
5092187500, -1.384668e+002,
5093750000, 1.546162e+002,
5095312500, 8.613012e+001,
5096875000, 1.638356e+001,
5098437500, -5.136138e+001,
5100000000, -1.165475e+002,
5101562500, 1.760027e+002,
5103125000, 1.055979e+002,
5104687500, 3.481308e+001,
5106250000, -3.320896e+001,
5107812500, -9.793407e+001,
5109375000, -1.703312e+002,
5110937500, 1.169670e+002,
5112500000, 5.495108e+001,
5114062500, -9.353854e+000,
5115625000, -8.082992e+001,
5117187500, -1.585942e+002,
5118750000, 1.204914e+002,
5120312500, 4.244720e+001,
5121875000, -3.369664e+001,
5123437500, -1.061169e+002,
5125000000, 1.725393e+002,
5126562500, 7.727289e+001,
5128125000, -4.581715e+001,
5129687500, 9.169325e+001,
5131250000, -3.674789e+001,
5132812500, -1.224813e+002,
5134375000, 1.437484e+002,
5135937500, 4.959540e+001,
5137500000, -4.000498e+001,
5139062500, -1.183408e+002,
5140625000, -1.719717e+002,
5142187500, 1.075582e+002,
5143750000, 5.049030e+000,
5145312500, -8.918181e+001,
5146875000, 1.773652e+002,
5148437500, 7.654532e+001,
5150000000, -3.079303e+001,
5151562500, -1.276900e+002,
5153125000, 1.303632e+002,
5154687500, 2.181530e+001,
5156250000, -8.167863e+001,
5157812500, -1.746167e+002,
5159375000, 8.310245e+001,
5160937500, -2.842622e+001,
5162500000, -1.489140e+002,
5164062500, 9.567160e+001,
5165625000, -1.409986e+001,
5167187500, -1.196551e+002,
5168750000, 1.376961e+002,
5170312500, 2.718472e+000,
5171875000, -1.249278e+002,
5173437500, -1.313241e+002,
5175000000, 1.603196e+002,
5176562500, 2.073394e+001,
5178125000, -1.332175e+002,
5179687500, 9.668420e+001,
5181250000, -3.294981e+001,
5182812500, -1.760715e+002,
5184375000, 3.840987e+001,
5185937500, -1.091477e+002,
5187500000, 1.064796e+002,
5189062500, -3.931846e+001,
5190625000, 1.554944e+002,
5192187500, -1.034344e+001,
5193750000, -1.659326e+002,
5195312500, 1.488676e+002,
5196875000, 1.082345e+001,
5198437500, -1.789959e+002,
5200000000, 1.169807e+001,
5201562500, -1.739167e+002,
5203125000, -1.379927e+000,
5204687500, 1.536435e+002,
5206250000, -5.251912e+001,
5207812500, 1.215737e+002,
5209375000, 4.673263e+001,
5210937500, -1.768397e+002,
5212500000, -3.479059e+001,
5214062500, 8.372744e+001,
5215625000, -1.678429e+002,
5217187500, -2.433116e+001,
5218750000, 1.580728e+002,
5220312500, -8.560254e+001,
5221875000, 6.145705e+000,
5223437500, 7.994212e+001,
5225000000, 1.755479e+002,
5226562500, -7.325417e+001,
5228125000, -1.170717e+001,
5229687500, 5.239285e+001,
5231250000, 8.116202e+001,
5232812500, 9.542509e+001,
5234375000, 8.486970e+001,
5235937500, 9.603273e+001,
5237500000, 6.733741e+001,
5239062500, 4.875064e+001,
5240625000, 6.024428e+001,
5242187500, 6.585580e+001,
5243750000, 8.181199e+001,
5245312500, 5.367728e+001,
5246875000, 6.742621e+001,
5248437500, 7.229050e+001,
5250000000, 6.553519e+001,
5251562500, 5.971120e+001,
5253125000, 5.672572e+001,
5254687500, 5.420215e+001,
5256250000, 5.263462e+001,
5257812500, 5.070027e+001,
5259375000, 4.746112e+001,
5260937500, 4.485781e+001,
5262500000, 4.274201e+001,
5264062500, 4.127375e+001,
5265625000, 3.847449e+001,
5267187500, 3.632419e+001,
5268750000, 3.614322e+001,
5270312500, 3.339634e+001,
5271875000, 3.036197e+001,
5273437500, 2.739495e+001,
5275000000, 2.439737e+001,
5276562500, 2.176079e+001,
5278125000, 1.891654e+001,
5279687500, 1.662724e+001,
5281250000, 1.388887e+001,
5282812500, 1.038801e+001,
5284375000, 8.151898e+000,
5285937500, 6.147183e+000,
5287500000, 4.379342e+000,
5289062500, 3.254933e+000,
5290625000, 8.946008e-001,
5292187500, 2.421786e-002,
5293750000, -2.326565e+000,
5295312500, -4.146913e+000,
5296875000, -6.733160e+000,
5298437500, -8.440577e+000,
5300000000, -1.028865e+001,
5301562500, -1.272106e+001,
5303125000, -1.497973e+001,
5304687500, -1.770240e+001,
5306250000, -1.961355e+001,
5307812500, -2.197313e+001,
5309375000, -2.465321e+001,
5310937500, -2.576558e+001,
5312500000, -2.872410e+001,
5314062500, -2.901964e+001,
5315625000, -3.196651e+001,
5317187500, -3.412584e+001,
5318750000, -3.488884e+001,
5320312500, -3.672868e+001,
5321875000, -3.871584e+001,
5323437500, -4.118744e+001,
5325000000, -4.318778e+001,
5326562500, -4.371726e+001,
5328125000, -4.543157e+001,
5329687500, -4.728521e+001,
5331250000, -4.900357e+001,
5332812500, -5.146157e+001,
5334375000, -5.276547e+001,
5335937500, -5.421506e+001,
5337500000, -5.702184e+001,
5339062500, -5.829964e+001,
5340625000, -6.078444e+001,
5342187500, -6.199286e+001,
5343750000, -6.445708e+001,
5345312500, -6.489049e+001,
5346875000, -6.682483e+001,
5348437500, -6.944615e+001,
5350000000, -7.029937e+001,
5351562500, -7.290195e+001,
5353125000, -7.485997e+001,
5354687500, -7.664229e+001,
5356250000, -7.940596e+001,
5357812500, -8.170805e+001,
5359375000, -8.267414e+001,
5360937500, -8.452407e+001,
5362500000, -8.654670e+001,
5364062500, -8.839207e+001,
5365625000, -8.926805e+001,
5367187500, -9.212020e+001,
5368750000, -9.423467e+001,
5370312500, -9.597441e+001,
5371875000, -9.872729e+001,
5373437500, -9.956753e+001,
5375000000, -1.007407e+002,
5376562500, -1.039016e+002,
5378125000, -1.052880e+002,
5379687500, -1.066409e+002,
5381250000, -1.087289e+002,
5382812500, -1.109800e+002,
5384375000, -1.131743e+002,
5385937500, -1.147244e+002,
5387500000, -1.169464e+002,
5389062500, -1.195706e+002,
5390625000, -1.218900e+002,
5392187500, -1.236249e+002,
5393750000, -1.259956e+002,
5395312500, -1.282366e+002,
5396875000, -1.297501e+002,
5398437500, -1.325583e+002,
5400000000, -1.340356e+002,
5401562500, -1.368997e+002,
5403125000, -1.385033e+002,
5404687500, -1.408491e+002,
5406250000, -1.426887e+002,
5407812500, -1.444781e+002,
5409375000, -1.472356e+002,
5410937500, -1.498616e+002,
5412500000, -1.515470e+002,
5414062500, -1.539841e+002,
5415625000, -1.562179e+002,
5417187500, -1.584112e+002,
5418750000, -1.602373e+002,
5420312500, -1.628852e+002,
5421875000, -1.648675e+002,
5423437500, -1.677027e+002,
5425000000, -1.696310e+002,
5426562500, -1.723699e+002,
5428125000, -1.737130e+002,
5429687500, -1.769361e+002,
5431250000, -1.792117e+002,
5432812500, 1.786065e+002,
5434375000, 1.765473e+002,
5435937500, 1.740355e+002,
5437500000, 1.720909e+002,
5439062500, 1.702023e+002,
5440625000, 1.670710e+002,
5442187500, 1.650628e+002,
5443750000, 1.627580e+002,
5445312500, 1.601502e+002,
5446875000, 1.581502e+002,
5448437500, 1.558262e+002,
5450000000, 1.535069e+002,
5451562500, 1.512108e+002,
5453125000, 1.486421e+002,
5454687500, 1.469268e+002,
5456250000, 1.444798e+002,
5457812500, 1.427983e+002,
5459375000, 1.399517e+002,
5460937500, 1.378395e+002,
5462500000, 1.364250e+002,
5464062500, 1.341066e+002,
5465625000, 1.324911e+002,
5467187500, 1.301130e+002,
5468750000, 1.276454e+002,
5470312500, 1.252917e+002,
5471875000, 1.239776e+002,
5473437500, 1.216349e+002,
5475000000, 1.193977e+002,
5476562500, 1.172079e+002,
5478125000, 1.148173e+002,
5479687500, 1.128510e+002,
5481250000, 1.104555e+002,
5482812500, 1.085948e+002,
5484375000, 1.059908e+002,
5485937500, 1.035988e+002,
5487500000, 1.016287e+002,
5489062500, 9.908761e+001,
5490625000, 9.692799e+001,
5492187500, 9.556812e+001,
5493750000, 9.298319e+001,
5495312500, 9.124853e+001,
5496875000, 8.932161e+001,
5498437500, 8.754622e+001,
5500000000, 8.498005e+001,
