"S21 Phase"
"Frequency (Hz)","Deg",
3000000000, 1.512980e+002,
3001562500, 1.499401e+002,
3003125000, 1.474639e+002,
3004687500, 1.461201e+002,
3006250000, 1.439543e+002,
3007812500, 1.427907e+002,
3009375000, 1.407148e+002,
3010937500, 1.391271e+002,
3012500000, 1.372035e+002,
3014062500, 1.351803e+002,
3015625000, 1.335404e+002,
3017187500, 1.315566e+002,
3018750000, 1.298459e+002,
3020312500, 1.277791e+002,
3021875000, 1.263663e+002,
3023437500, 1.244696e+002,
3025000000, 1.223999e+002,
3026562500, 1.204119e+002,
3028125000, 1.185955e+002,
3029687500, 1.163688e+002,
3031250000, 1.144491e+002,
3032812500, 1.122975e+002,
3034375000, 1.109392e+002,
3035937500, 1.088978e+002,
3037500000, 1.064541e+002,
3039062500, 1.046546e+002,
3040625000, 1.022852e+002,
3042187500, 9.998033e+001,
3043750000, 9.825749e+001,
3045312500, 9.564682e+001,
3046875000, 9.382192e+001,
3048437500, 9.147660e+001,
3050000000, 8.954396e+001,
3051562500, 8.767203e+001,
3053125000, 8.575985e+001,
3054687500, 8.283860e+001,
3056250000, 8.107395e+001,
3057812500, 7.862169e+001,
3059375000, 7.655050e+001,
3060937500, 7.442257e+001,
3062500000, 7.217370e+001,
3064062500, 6.972634e+001,
3065625000, 6.788358e+001,
3067187500, 6.556308e+001,
3068750000, 6.362366e+001,
3070312500, 6.130046e+001,
3071875000, 5.868661e+001,
3073437500, 5.659554e+001,
3075000000, 5.487125e+001,
3076562500, 5.210221e+001,
3078125000, 4.995806e+001,
3079687500, 4.821894e+001,
3081250000, 4.546301e+001,
3082812500, 4.320342e+001,
3084375000, 4.215590e+001,
3085937500, 3.873934e+001,
3087500000, 3.679528e+001,
3089062500, 3.543158e+001,
3090625000, 3.296357e+001,
3092187500, 3.033816e+001,
3093750000, 2.907549e+001,
3095312500, 2.633198e+001,
3096875000, 2.439629e+001,
3098437500, 2.252117e+001,
3100000000, 2.044648e+001,
3101562500, 1.814915e+001,
3103125000, 1.589611e+001,
3104687500, 1.438381e+001,
3106250000, 1.198971e+001,
3107812500, 9.653691e+000,
3109375000, 7.962021e+000,
3110937500, 5.963425e+000,
3112500000, 2.978264e+000,
3114062500, 1.556356e+000,
3115625000, -7.075790e-001,
3117187500, -2.953209e+000,
3118750000, -5.028510e+000,
3120312500, -7.180875e+000,
3121875000, -9.700735e+000,
3123437500, -1.163426e+001,
3125000000, -1.356782e+001,
3126562500, -1.575728e+001,
3128125000, -1.796167e+001,
3129687500, -1.991578e+001,
3131250000, -2.186187e+001,
3132812500, -2.463002e+001,
3134375000, -2.613655e+001,
3135937500, -2.838637e+001,
3137500000, -3.031867e+001,
3139062500, -3.313922e+001,
3140625000, -3.479950e+001,
3142187500, -3.689532e+001,
3143750000, -3.942446e+001,
3145312500, -4.148471e+001,
3146875000, -4.393491e+001,
3148437500, -4.584540e+001,
3150000000, -4.877557e+001,
3151562500, -5.052602e+001,
3153125000, -5.306682e+001,
3154687500, -5.528970e+001,
3156250000, -5.770229e+001,
3157812500, -5.949342e+001,
3159375000, -6.195064e+001,
3160937500, -6.465716e+001,
3162500000, -6.683800e+001,
3164062500, -6.893351e+001,
3165625000, -7.106049e+001,
3167187500, -7.368788e+001,
3168750000, -7.561595e+001,
3170312500, -7.809310e+001,
3171875000, -8.040316e+001,
3173437500, -8.240278e+001,
3175000000, -8.484290e+001,
3176562500, -8.729855e+001,
3178125000, -8.922920e+001,
3179687500, -9.186887e+001,
3181250000, -9.381295e+001,
3182812500, -9.606677e+001,
3184375000, -9.840622e+001,
3185937500, -1.008346e+002,
3187500000, -1.029432e+002,
3189062500, -1.056978e+002,
3190625000, -1.075705e+002,
3192187500, -1.098016e+002,
3193750000, -1.122443e+002,
3195312500, -1.139346e+002,
3196875000, -1.167889e+002,
3198437500, -1.185278e+002,
3200000000, -1.214133e+002,
3201562500, -1.223233e+002,
3203125000, -1.255828e+002,
3204687500, -1.270740e+002,
3206250000, -1.295445e+002,
3207812500, -1.308843e+002,
3209375000, -1.334294e+002,
3210937500, -1.353837e+002,
3212500000, -1.374084e+002,
3214062500, -1.394812e+002,
3215625000, -1.415718e+002,
3217187500, -1.435467e+002,
3218750000, -1.453490e+002,
3220312500, -1.471819e+002,
3221875000, -1.490931e+002,
3223437500, -1.511317e+002,
3225000000, -1.527562e+002,
3226562500, -1.545719e+002,
3228125000, -1.562639e+002,
3229687500, -1.580629e+002,
3231250000, -1.603026e+002,
3232812500, -1.620570e+002,
3234375000, -1.635114e+002,
3235937500, -1.655726e+002,
3237500000, -1.668576e+002,
3239062500, -1.687677e+002,
3240625000, -1.704784e+002,
3242187500, -1.730437e+002,
3243750000, -1.740274e+002,
3245312500, -1.766825e+002,
3246875000, -1.778140e+002,
3248437500, -1.793335e+002,
3250000000, 1.788594e+002,
3251562500, 1.771974e+002,
3253125000, 1.748869e+002,
3254687500, 1.735332e+002,
3256250000, 1.719227e+002,
3257812500, 1.705420e+002,
3259375000, 1.677552e+002,
3260937500, 1.666652e+002,
3262500000, 1.645205e+002,
3264062500, 1.631595e+002,
3265625000, 1.611109e+002,
3267187500, 1.599515e+002,
3268750000, 1.573809e+002,
3270312500, 1.565168e+002,
3271875000, 1.539275e+002,
3273437500, 1.531779e+002,
3275000000, 1.497095e+002,
3276562500, 1.490689e+002,
3278125000, 1.473537e+002,
3279687500, 1.452136e+002,
3281250000, 1.436980e+002,
3282812500, 1.416203e+002,
3284375000, 1.390838e+002,
3285937500, 1.380353e+002,
3287500000, 1.355791e+002,
3289062500, 1.345425e+002,
3290625000, 1.319718e+002,
3292187500, 1.296305e+002,
3293750000, 1.283957e+002,
3295312500, 1.259722e+002,
3296875000, 1.243297e+002,
3298437500, 1.229598e+002,
3300000000, 1.200197e+002,
3301562500, 1.189182e+002,
3303125000, 1.163952e+002,
3304687500, 1.147139e+002,
3306250000, 1.132872e+002,
3307812500, 1.095965e+002,
3309375000, 1.082015e+002,
3310937500, 1.061759e+002,
3312500000, 1.037993e+002,
3314062500, 1.021898e+002,
3315625000, 1.001543e+002,
3317187500, 9.777796e+001,
3318750000, 9.615570e+001,
3320312500, 9.408798e+001,
3321875000, 9.212668e+001,
3323437500, 8.998393e+001,
3325000000, 8.724698e+001,
3326562500, 8.549916e+001,
3328125000, 8.343335e+001,
3329687500, 8.120680e+001,
3331250000, 7.954555e+001,
3332812500, 7.737315e+001,
3334375000, 7.458566e+001,
3335937500, 7.310630e+001,
3337500000, 7.044878e+001,
3339062500, 6.910805e+001,
3340625000, 6.666236e+001,
3342187500, 6.334742e+001,
3343750000, 6.231081e+001,
3345312500, 5.901682e+001,
3346875000, 5.686850e+001,
3348437500, 5.567534e+001,
3350000000, 5.349418e+001,
3351562500, 5.027623e+001,
3353125000, 4.803155e+001,
3354687500, 4.588155e+001,
3356250000, 4.343425e+001,
3357812500, 4.229861e+001,
3359375000, 3.826258e+001,
3360937500, 3.668605e+001,
3362500000, 3.479056e+001,
3364062500, 3.135461e+001,
3365625000, 2.934000e+001,
3367187500, 2.830025e+001,
3368750000, 2.614808e+001,
3370312500, 2.213540e+001,
3371875000, 2.094859e+001,
3373437500, 1.875036e+001,
3375000000, 1.617022e+001,
3376562500, 1.470495e+001,
3378125000, 1.146885e+001,
3379687500, 9.180941e+000,
3381250000, 7.896049e+000,
3382812500, 4.977329e+000,
3384375000, 2.785427e+000,
3385937500, 1.070070e+000,
3387500000, -1.411293e-001,
3389062500, -4.237253e+000,
3390625000, -6.337727e+000,
3392187500, -8.054752e+000,
3393750000, -1.022653e+001,
3395312500, -1.168962e+001,
3396875000, -1.400066e+001,
3398437500, -1.775093e+001,
3400000000, -1.818262e+001,
3401562500, -2.132030e+001,
3403125000, -2.434025e+001,
3404687500, -2.498653e+001,
3406250000, -2.712531e+001,
3407812500, -2.911473e+001,
3409375000, -3.161625e+001,
3410937500, -3.403104e+001,
3412500000, -3.554778e+001,
3414062500, -3.698715e+001,
3415625000, -3.900597e+001,
3417187500, -4.172091e+001,
3418750000, -4.531999e+001,
3420312500, -4.473641e+001,
3421875000, -4.832711e+001,
3423437500, -5.141115e+001,
3425000000, -5.128652e+001,
3426562500, -5.349256e+001,
3428125000, -5.570975e+001,
3429687500, -5.812779e+001,
3431250000, -5.995190e+001,
3432812500, -6.247604e+001,
3434375000, -6.472901e+001,
3435937500, -6.510885e+001,
3437500000, -6.678793e+001,
3439062500, -7.144648e+001,
3440625000, -7.209370e+001,
3442187500, -7.349294e+001,
3443750000, -7.714143e+001,
3445312500, -7.944993e+001,
3446875000, -7.896152e+001,
3448437500, -8.223262e+001,
3450000000, -8.397829e+001,
3451562500, -8.701121e+001,
3453125000, -8.804411e+001,
3454687500, -9.045825e+001,
3456250000, -9.282767e+001,
3457812500, -9.266867e+001,
3459375000, -9.487534e+001,
3460937500, -9.896749e+001,
3462500000, -9.931956e+001,
3464062500, -1.009469e+002,
3465625000, -1.054953e+002,
3467187500, -1.074534e+002,
3468750000, -1.066256e+002,
3470312500, -1.100462e+002,
3471875000, -1.123953e+002,
3473437500, -1.146668e+002,
3475000000, -1.164125e+002,
3476562500, -1.182946e+002,
3478125000, -1.210194e+002,
3479687500, -1.232892e+002,
3481250000, -1.237972e+002,
3482812500, -1.270416e+002,
3484375000, -1.282634e+002,
3485937500, -1.304677e+002,
3487500000, -1.340198e+002,
3489062500, -1.377150e+002,
3490625000, -1.377335e+002,
3492187500, -1.388443e+002,
3493750000, -1.422113e+002,
3495312500, -1.452530e+002,
3496875000, -1.479842e+002,
3498437500, -1.498227e+002,
3500000000, -1.503756e+002,
3501562500, -1.530376e+002,
3503125000, -1.565868e+002,
3504687500, -1.587407e+002,
3506250000, -1.616717e+002,
3507812500, -1.609163e+002,
3509375000, -1.639639e+002,
3510937500, -1.680636e+002,
3512500000, -1.723288e+002,
3514062500, -1.728829e+002,
3515625000, -1.741120e+002,
3517187500, -1.751277e+002,
3518750000, -1.777070e+002,
3520312500, 1.770728e+002,
3521875000, 1.744854e+002,
3523437500, 1.744326e+002,
3525000000, 1.747832e+002,
3526562500, 1.707078e+002,
3528125000, 1.670931e+002,
3529687500, 1.634868e+002,
3531250000, 1.643634e+002,
3532812500, 1.648083e+002,
3534375000, 1.622735e+002,
3535937500, 1.561440e+002,
3537500000, 1.520723e+002,
3539062500, 1.493261e+002,
3540625000, 1.501368e+002,
3542187500, 1.528396e+002,
3543750000, 1.486320e+002,
3545312500, 1.419986e+002,
3546875000, 1.374436e+002,
3548437500, 1.385742e+002,
3550000000, 1.418638e+002,
3551562500, 1.411286e+002,
3553125000, 1.344629e+002,
3554687500, 1.271574e+002,
3556250000, 1.270386e+002,
3557812500, 1.306721e+002,
3559375000, 1.321567e+002,
3560937500, 1.282077e+002,
3562500000, 1.213222e+002,
3564062500, 1.169453e+002,
3565625000, 1.141427e+002,
3567187500, 1.205796e+002,
3568750000, 1.251993e+002,
3570312500, 1.156096e+002,
3571875000, 1.070833e+002,
3573437500, 1.032180e+002,
3575000000, 1.057477e+002,
3576562500, 1.131579e+002,
3578125000, 1.130837e+002,
3579687500, 1.016590e+002,
3581250000, 9.413134e+001,
3582812500, 9.322947e+001,
3584375000, 9.615029e+001,
3585937500, 1.027901e+002,
3587500000, 9.977052e+001,
3589062500, 9.239274e+001,
3590625000, 8.260542e+001,
3592187500, 7.665654e+001,
3593750000, 8.244618e+001,
3595312500, 9.504820e+001,
3596875000, 9.073132e+001,
3598437500, 7.817029e+001,
3600000000, 6.836615e+001,
3601562500, 6.564769e+001,
3603125000, 7.277681e+001,
3604687500, 8.636148e+001,
3606250000, 7.897332e+001,
3607812500, 6.560692e+001,
3609375000, 5.783808e+001,
3610937500, 5.388823e+001,
3612500000, 5.842428e+001,
3614062500, 7.188625e+001,
3615625000, 6.842414e+001,
3617187500, 5.970367e+001,
3618750000, 4.500941e+001,
3620312500, 3.500092e+001,
3621875000, 4.411516e+001,
3623437500, 6.016666e+001,
3625000000, 5.811514e+001,
3626562500, 4.681626e+001,
3628125000, 3.239747e+001,
3629687500, 2.095381e+001,
3631250000, 2.575477e+001,
3632812500, 4.739741e+001,
3634375000, 4.704816e+001,
3635937500, 3.465501e+001,
3637500000, 2.188174e+001,
3639062500, 1.118791e+001,
3640625000, 6.235082e+000,
3642187500, 2.193805e+001,
3643750000, 3.586352e+001,
3645312500, 3.133515e+001,
3646875000, 1.356912e+001,
3648437500, -3.492147e+000,
3650000000, -1.132225e+001,
3651562500, 1.924569e+000,
3653125000, 1.762153e+001,
3654687500, 2.226007e+001,
3656250000, 9.562600e+000,
3657812500, -1.164775e+001,
3659375000, -2.907400e+001,
3660937500, -2.429276e+001,
3662500000, 5.730672e+000,
3664062500, 1.121518e+001,
3665625000, -3.012383e-001,
3667187500, -1.614621e+001,
3668750000, -3.147528e+001,
3670312500, -4.416916e+001,
3671875000, -3.337896e+001,
3673437500, -4.637460e+000,
3675000000, -5.609022e+000,
3676562500, -1.827500e+001,
3678125000, -3.683091e+001,
3679687500, -5.239455e+001,
3681250000, -6.192371e+001,
3682812500, -4.522149e+001,
3684375000, -1.091252e+001,
3685937500, -1.747460e+001,
3687500000, -3.816865e+001,
3689062500, -5.960076e+001,
3690625000, -7.974106e+001,
3692187500, -7.264774e+001,
3693750000, -3.417671e+001,
3695312500, -3.024660e+001,
3696875000, -4.165845e+001,
3698437500, -5.844666e+001,
3700000000, -7.834250e+001,
3701562500, -9.205012e+001,
3703125000, -9.103015e+001,
3704687500, -5.712582e+001,
3706250000, -4.958390e+001,
3707812500, -5.446974e+001,
3709375000, -7.040785e+001,
3710937500, -9.153423e+001,
3712500000, -1.140289e+002,
3714062500, -1.256449e+002,
3715625000, -5.555869e+001,
3717187500, -5.190694e+001,
3718750000, -7.205732e+001,
3720312500, -9.135129e+001,
3721875000, -1.149601e+002,
3723437500, -1.395116e+002,
3725000000, -1.316296e+002,
3726562500, -7.090173e+001,
3728125000, -7.446894e+001,
3729687500, -9.016077e+001,
3731250000, -1.089778e+002,
3732812500, -1.294003e+002,
3734375000, -1.413230e+002,
3735937500, -1.541311e+002,
3737500000, -1.277569e+002,
3739062500, -9.213509e+001,
3740625000, -9.016876e+001,
3742187500, -1.130932e+002,
3743750000, -1.339849e+002,
3745312500, -1.631521e+002,
3746875000, 1.596395e+002,
3748437500, 1.174351e+002,
3750000000, -7.268204e+001,
3751562500, -9.763896e+001,
3753125000, -1.253595e+002,
3754687500, -1.554551e+002,
3756250000, 1.722250e+002,
3757812500, 1.474014e+002,
3759375000, 1.666354e+002,
3760937500, -7.992076e+001,
3762500000, -1.133485e+002,
3764062500, -1.470571e+002,
3765625000, -1.664341e+002,
3767187500, -1.779802e+002,
3768750000, 1.597370e+002,
3770312500, 1.300888e+002,
3771875000, 1.469214e+002,
3773437500, -1.021132e+002,
3775000000, -1.282617e+002,
3776562500, -1.525551e+002,
3778125000, -1.769946e+002,
3779687500, 1.462044e+002,
3781250000, 1.000899e+002,
3782812500, 3.473495e+001,
3784375000, -6.926070e+001,
3785937500, -1.245742e+002,
3787500000, -1.536873e+002,
3789062500, 1.749047e+002,
3790625000, 1.359634e+002,
3792187500, 9.429592e+001,
3793750000, 4.235940e+001,
3795312500, -6.588730e+001,
3796875000, -1.370918e+002,
3798437500, -1.766609e+002,
3800000000, 1.644624e+002,
3801562500, 1.339585e+002,
3803125000, 1.159884e+002,
3804687500, 1.002500e+002,
3806250000, 7.805102e+001,
3807812500, 2.748626e+001,
3809375000, -1.240651e+002,
3810937500, -1.546584e+002,
3812500000, 1.790722e+002,
3814062500, 1.418083e+002,
3815625000, 9.502400e+001,
3817187500, 4.177116e+001,
3818750000, -2.270883e+001,
3820312500, -9.508562e+001,
3821875000, -1.518232e+002,
3823437500, 1.661038e+002,
3825000000, 1.271750e+002,
3826562500, 8.827861e+001,
3828125000, 5.274306e+001,
3829687500, 1.072467e+001,
3831250000, -6.755622e+001,
3832812500, -1.457752e+002,
3834375000, 1.605285e+002,
3835937500, 1.229456e+002,
3837500000, 8.162611e+001,
3839062500, 8.209679e+001,
3840625000, 9.417554e+001,
3842187500, 7.648959e+001,
3843750000, 1.992565e+001,
3845312500, -6.117076e+001,
3846875000, -1.248184e+002,
3848437500, 1.777605e+002,
3850000000, 1.338358e+002,
3851562500, 9.812231e+001,
3853125000, 5.103077e+001,
3854687500, -1.023679e+001,
3856250000, -7.131679e+001,
3857812500, -1.312117e+002,
3859375000, 1.794195e+002,
3860937500, 1.293167e+002,
3862500000, 9.845216e+001,
3864062500, 6.416828e+001,
3865625000, 1.120145e+001,
3867187500, -5.260189e+001,
3868750000, -1.146352e+002,
3870312500, -1.652312e+002,
3871875000, 1.406195e+002,
3873437500, 9.676449e+001,
3875000000, 7.516244e+001,
3876562500, 5.354303e+001,
3878125000, 1.283813e+002,
3879687500, 7.725471e+001,
3881250000, 1.521444e+001,
3882812500, -5.633340e+001,
3884375000, -1.198625e+002,
3885937500, -1.717191e+002,
3887500000, 1.408588e+002,
3889062500, 1.087281e+002,
3890625000, 6.818760e+001,
3892187500, 7.598911e+000,
3893750000, -6.215850e+001,
3895312500, -1.257580e+002,
3896875000, -1.683512e+002,
3898437500, 1.452262e+002,
3900000000, 9.738183e+001,
3901562500, 4.369336e+001,
3903125000, 1.765146e+001,
3904687500, -6.112290e+000,
3906250000, -6.563462e+001,
3907812500, -1.295480e+002,
3909375000, 1.728365e+002,
3910937500, 1.231187e+002,
3912500000, 7.344206e+001,
3914062500, 1.413520e+001,
3915625000, 1.314760e+002,
3917187500, 9.740652e+001,
3918750000, 5.479884e+001,
3920312500, 3.410320e+001,
3921875000, -5.239124e+001,
3923437500, -1.468806e+002,
3925000000, 1.555850e+002,
3926562500, 1.222123e+002,
3928125000, 7.823452e+001,
3929687500, 5.717453e+001,
3931250000, 2.352920e+001,
3932812500, -3.187782e+001,
3934375000, -9.090491e+001,
3935937500, -1.515947e+002,
3937500000, 1.406047e+002,
3939062500, 9.031270e+001,
3940625000, 6.515890e+001,
3942187500, 2.895273e+001,
3943750000, -2.325073e+001,
3945312500, -8.940567e+001,
3946875000, -1.570404e+002,
3948437500, 1.774215e+002,
3950000000, 1.346092e+002,
3951562500, 9.572744e+001,
3953125000, 5.194458e+001,
3954687500, -1.096268e+001,
3956250000, -9.274285e+001,
3957812500, 1.357185e+002,
3959375000, 6.770128e+001,
3960937500, 1.156954e+001,
3962500000, -5.993897e+001,
3964062500, -1.337560e+002,
3965625000, 1.545592e+002,
3967187500, 1.225638e+002,
3968750000, 8.200695e+001,
3970312500, 3.174162e+001,
3971875000, -3.930294e+000,
3973437500, -5.288682e+001,
3975000000, -1.202108e+002,
3976562500, -1.685073e+002,
3978125000, 1.689160e+002,
3979687500, 1.139073e+002,
3981250000, 5.557612e+001,
3982812500, 2.054301e+000,
3984375000, -3.415571e+001,
3985937500, -6.056018e+001,
3987500000, -1.166969e+002,
3989062500, 1.660426e+002,
3990625000, 1.162947e+002,
3992187500, 9.455417e+001,
3993750000, 6.679243e+001,
3995312500, 1.658875e+001,
3996875000, -3.249353e+001,
3998437500, -7.432279e+001,
4000000000, 4.835746e+000,
4001562500, 9.578617e+001,
4003125000, 4.975269e+001,
4004687500, 6.215708e-001,
4006250000, -7.199866e+001,
4007812500, -1.549366e+002,
4009375000, 1.142600e+002,
4010937500, 5.931819e+001,
4012500000, 2.497334e+001,
4014062500, -1.081703e+001,
4015625000, -3.237557e+001,
4017187500, -6.979325e+001,
4018750000, -1.352746e+002,
4020312500, 1.638158e+002,
4021875000, 1.030839e+002,
4023437500, 5.279748e+001,
4025000000, 2.486763e+001,
4026562500, -7.305265e+000,
4028125000, -5.894276e+001,
4029687500, -1.076974e+002,
4031250000, -1.621748e+002,
4032812500, 1.309308e+002,
4034375000, 8.551721e+001,
4035937500, 4.192216e+001,
4037500000, 8.463129e+000,
4039062500, 4.009949e+001,
4040625000, -6.511697e+000,
4042187500, -6.227426e+001,
4043750000, -1.159763e+002,
4045312500, -1.792993e+002,
4046875000, 2.161825e+001,
4048437500, -5.720209e+001,
4050000000, -1.517921e+001,
4051562500, -6.960417e+001,
4053125000, 1.647004e+002,
4054687500, 4.982757e+001,
4056250000, 6.268983e-001,
4057812500, 1.719810e+001,
4059375000, -3.013394e+001,
4060937500, -6.939777e+001,
4062500000, -1.178198e+002,
4064062500, -1.618964e+002,
4065625000, -1.610802e+002,
4067187500, 1.397628e+002,
4068750000, 7.388819e+001,
4070312500, 1.896437e+001,
4071875000, -3.235479e+001,
4073437500, -6.950328e+001,
4075000000, -1.042087e+002,
4076562500, -1.466727e+002,
4078125000, 1.635012e+002,
4079687500, 1.250854e+002,
4081250000, 1.188120e+002,
4082812500, 5.736792e+001,
4084375000, -7.104250e+000,
4085937500, -5.998556e+001,
4087500000, -6.749316e+001,
4089062500, -6.762326e+001,
4090625000, -7.978279e+001,
4092187500, -1.288549e+002,
4093750000, -1.630794e+002,
4095312500, -1.488640e+002,
4096875000, -8.726540e+001,
4098437500, -1.080841e+002,
4100000000, -1.490988e+002,
4101562500, 1.441873e+002,
4103125000, 4.896964e+001,
4104687500, -2.061600e+001,
4106250000, -7.119676e+001,
4107812500, -1.099206e+002,
4109375000, -9.064685e+001,
4110937500, -1.392404e+002,
4112500000, -1.698101e+002,
4114062500, 1.667701e+002,
4115625000, 1.255407e+002,
4117187500, 8.010705e+001,
4118750000, 1.721556e+001,
4120312500, -4.431840e+001,
4121875000, -9.065440e+001,
4123437500, -1.247987e+002,
4125000000, -1.415730e+002,
4126562500, -1.517992e+002,
4128125000, 1.547762e+002,
4129687500, 8.061418e+001,
4131250000, 1.177439e+001,
4132812500, -1.268399e+002,
4134375000, 1.112740e+002,
4135937500, 8.207196e+000,
4137500000, -4.629423e+001,
4139062500, -8.225428e+001,
4140625000, -1.312971e+002,
4142187500, -1.752056e+002,
4143750000, 1.784845e+002,
4145312500, -1.544780e+002,
4146875000, 1.578184e+002,
4148437500, 1.710150e+002,
4150000000, 1.641233e+002,
4151562500, 1.143392e+002,
4153125000, 7.333067e+001,
4154687500, 4.745286e+001,
4156250000, 1.779020e+001,
4157812500, -5.752148e+001,
4159375000, -9.959877e+001,
4160937500, -1.318619e+002,
4162500000, -1.753864e+002,
4164062500, 1.300473e+002,
4165625000, 5.598583e+001,
4167187500, -1.630542e+002,
4168750000, 1.245273e+002,
4170312500, 6.071512e+001,
4171875000, -7.124547e+000,
4173437500, -3.499677e+001,
4175000000, -7.154162e+001,
4176562500, -1.126421e+002,
4178125000, -1.659641e+002,
4179687500, 1.543572e+002,
4181250000, 1.361682e+002,
4182812500, 1.506521e+002,
4184375000, 1.160200e+002,
4185937500, 5.042476e+001,
4187500000, 2.591797e-001,
4189062500, -4.277692e+001,
4190625000, -9.964253e+001,
4192187500, 1.418208e+002,
4193750000, 2.000057e+001,
4195312500, -8.119094e+001,
4196875000, -1.578562e+002,
4198437500, 1.477649e+002,
4200000000, 1.201716e+002,
4201562500, 1.445380e+002,
4203125000, 1.403514e+002,
4204687500, 1.019956e+002,
4206250000, 6.615501e+001,
4207812500, 7.349969e+001,
4209375000, 3.375481e+001,
4210937500, 4.950348e+000,
4212500000, -1.852093e+001,
4214062500, -6.264593e+001,
4215625000, -1.030852e+002,
4217187500, -1.257306e+002,
4218750000, -1.522261e+002,
4220312500, 1.744661e+002,
4221875000, 1.440281e+002,
4223437500, 9.972077e+001,
4225000000, 7.638367e+001,
4226562500, 2.370873e+001,
4228125000, 1.230326e+002,
4229687500, 5.482580e+001,
4231250000, -2.338799e+001,
4232812500, -1.113537e+002,
4234375000, 5.290661e+001,
4235937500, -1.236956e+001,
4237500000, -9.370893e+001,
4239062500, 1.770607e+002,
4240625000, 9.938601e+001,
4242187500, 5.902779e+001,
4243750000, 2.790129e+001,
4245312500, -9.998342e+000,
4246875000, 1.422534e+002,
4248437500, 6.002460e+001,
4250000000, -1.807944e+001,
4251562500, -6.399128e+001,
4253125000, -8.754165e+001,
4254687500, -1.390276e+002,
4256250000, 1.445235e+002,
4257812500, 4.390237e+001,
4259375000, -9.090648e+001,
4260937500, -1.690698e+002,
4262500000, 1.302886e+002,
4264062500, 7.456229e+001,
4265625000, 5.923992e+001,
4267187500, 5.363310e+001,
4268750000, 5.564277e+001,
4270312500, 4.273078e+001,
4271875000, 1.180122e+001,
4273437500, -4.019717e+001,
4275000000, -5.099927e+001,
4276562500, -4.556779e+001,
4278125000, -6.431071e+001,
4279687500, -8.907209e+001,
4281250000, -1.088695e+002,
4282812500, -1.384078e+002,
4284375000, -1.679890e+002,
4285937500, 1.769679e+002,
4287500000, 1.618025e+002,
4289062500, 1.458740e+002,
4290625000, 1.210165e+002,
4292187500, 1.019950e+002,
4293750000, 5.259863e+001,
4295312500, -4.987019e+000,
4296875000, -2.753389e+001,
4298437500, -9.566811e+001,
4300000000, 8.549159e+001,
4301562500, 2.119429e+001,
4303125000, -4.462500e+001,
4304687500, -1.107469e+002,
4306250000, -1.365517e+002,
4307812500, -7.909685e+001,
4309375000, -9.481162e+001,
4310937500, -1.275852e+002,
4312500000, -1.560442e+002,
4314062500, 1.552716e+002,
4315625000, 7.860490e+001,
4317187500, 1.594572e+001,
4318750000, -7.567309e+000,
4320312500, -3.701745e+000,
4321875000, -1.442189e+001,
4323437500, 1.488533e+001,
4325000000, -1.923750e+000,
4326562500, -4.495507e+001,
4328125000, -9.912677e+001,
4329687500, -1.446470e+002,
4331250000, -1.777820e+002,
4332812500, 1.742833e+002,
4334375000, -1.782566e+002,
4335937500, 1.530053e+002,
4337500000, 1.032425e+002,
4339062500, 1.228550e+002,
4340625000, 1.495105e+002,
4342187500, 1.057064e+002,
4343750000, 5.386778e+001,
4345312500, 1.070677e+001,
4346875000, -1.620463e+001,
4348437500, -5.660052e+001,
4350000000, -6.143639e+001,
4351562500, -3.867370e+001,
4353125000, -5.124566e+001,
4354687500, -7.020602e+001,
4356250000, -8.504124e+001,
4357812500, -1.085613e+002,
4359375000, -1.348331e+002,
4360937500, -1.648047e+002,
4362500000, 1.497312e+002,
4364062500, 7.430542e+001,
4365625000, 2.373408e+001,
4367187500, -9.863909e+000,
4368750000, 1.631240e+002,
4370312500, 1.194863e+002,
4371875000, 7.947517e+001,
4373437500, 3.111813e+001,
4375000000, -1.242773e+001,
4376562500, -3.668768e+001,
4378125000, -6.143205e+001,
4379687500, -1.224191e+002,
4381250000, 1.799021e+002,
4382812500, 1.033934e+002,
4384375000, 3.302571e+001,
4385937500, -2.825291e+001,
4387500000, -9.853074e+001,
4389062500, -4.593194e+001,
4390625000, -1.086312e+002,
4392187500, 1.057093e+002,
4393750000, 4.488377e+001,
4395312500, -1.349018e+001,
4396875000, -5.126359e+001,
4398437500, -7.753111e+001,
4400000000, -1.017857e+002,
4401562500, -1.238882e+002,
4403125000, -1.401048e+002,
4404687500, -1.566527e+002,
4406250000, 1.790038e+002,
4407812500, 1.534606e+002,
4409375000, 1.342104e+002,
4410937500, 1.331511e+002,
4412500000, 1.402510e+002,
4414062500, 1.632787e+002,
4415625000, 1.727989e+002,
4417187500, 1.471118e+002,
4418750000, 1.295795e+002,
4420312500, 1.164977e+002,
4421875000, 8.460311e+001,
4423437500, 5.189492e+001,
4425000000, 3.305110e+001,
4426562500, 1.985536e+001,
4428125000, 1.568394e+001,
4429687500, 8.754917e+000,
4431250000, 8.416308e+000,
4432812500, 6.482160e+000,
4434375000, -5.523112e-001,
4435937500, -3.329803e+000,
4437500000, -1.627426e+001,
4439062500, -3.705782e+001,
4440625000, -7.592475e+001,
4442187500, -1.058052e+002,
4443750000, -1.100905e+002,
4445312500, -1.166755e+002,
4446875000, -1.306689e+002,
4448437500, -1.417901e+002,
4450000000, -1.519971e+002,
4451562500, -1.596494e+002,
4453125000, -1.665712e+002,
4454687500, -1.754411e+002,
4456250000, 1.748725e+002,
4457812500, 1.618245e+002,
4459375000, 1.408112e+002,
4460937500, 1.053936e+002,
4462500000, 7.174212e+001,
4464062500, 5.150376e+001,
4465625000, 3.587410e+001,
4467187500, 2.324874e+001,
4468750000, 1.330931e+001,
4470312500, 6.843560e+000,
4471875000, 9.383844e-001,
4473437500, 9.236654e-001,
4475000000, -3.047485e+000,
4476562500, -2.156292e+001,
4478125000, -5.816558e+001,
4479687500, -9.846704e+001,
4481250000, -1.289801e+002,
4482812500, -1.541222e+002,
4484375000, -1.709243e+002,
4485937500, -1.734109e+002,
4487500000, -1.700137e+002,
4489062500, -1.715095e+002,
4490625000, -1.658016e+002,
4492187500, -1.672079e+002,
4493750000, 1.775830e+002,
4495312500, 1.558878e+002,
4496875000, 1.156022e+002,
4498437500, 7.633187e+001,
4500000000, 5.520774e+001,
4501562500, 4.937537e+001,
4503125000, 4.328546e+001,
4504687500, 3.747890e+001,
4506250000, 3.440667e+001,
4507812500, 4.220190e+001,
4509375000, 4.507329e+001,
4510937500, 2.903115e+001,
4512500000, 1.289251e+000,
4514062500, -3.245457e+001,
4515625000, -7.031082e+001,
4517187500, -9.699114e+001,
4518750000, -1.125777e+002,
4520312500, -1.210410e+002,
4521875000, -1.262272e+002,
4523437500, -1.230581e+002,
4525000000, -1.190719e+002,
4526562500, -1.252786e+002,
4528125000, -1.399552e+002,
4529687500, -1.627027e+002,
4531250000, 1.666480e+002,
4532812500, 1.290058e+002,
4534375000, 1.045237e+002,
4535937500, 8.857193e+001,
4537500000, 7.823722e+001,
4539062500, 7.991241e+001,
4540625000, 8.321637e+001,
4542187500, 7.894107e+001,
4543750000, 6.391447e+001,
4545312500, 4.259926e+001,
4546875000, 2.599418e+001,
4548437500, 7.668078e+000,
4550000000, -2.613823e+001,
4551562500, -5.058553e+001,
4553125000, -6.530744e+001,
4554687500, -7.485387e+001,
4556250000, -8.087618e+001,
4557812500, -9.036345e+001,
4559375000, -1.080282e+002,
4560937500, -1.253636e+002,
4562500000, -1.441373e+002,
4564062500, -1.561416e+002,
4565625000, 1.797337e+002,
4567187500, 1.522349e+002,
4568750000, 1.327179e+002,
4570312500, 1.180807e+002,
4571875000, 1.045558e+002,
4573437500, 9.305892e+001,
4575000000, 7.971829e+001,
4576562500, 6.110053e+001,
4578125000, 4.577475e+001,
4579687500, 2.959362e+001,
4581250000, 2.774385e+000,
4582812500, -2.316222e+001,
4584375000, -4.399807e+001,
4585937500, -6.105908e+001,
4587500000, -7.253205e+001,
4589062500, -8.307699e+001,
4590625000, -9.965794e+001,
4592187500, -1.150761e+002,
4593750000, -1.337007e+002,
4595312500, -1.609055e+002,
4596875000, 1.718143e+002,
4598437500, 1.477783e+002,
4600000000, 1.302262e+002,
4601562500, 1.169039e+002,
4603125000, 1.052687e+002,
4604687500, 9.510392e+001,
4606250000, 7.908830e+001,
4607812500, 5.286781e+001,
4609375000, 2.402325e+001,
4610937500, 1.094255e+000,
4612500000, -1.955827e+001,
4614062500, -3.417762e+001,
4615625000, -4.878359e+001,
4617187500, -6.560061e+001,
4618750000, -7.241686e+001,
4620312500, -8.670687e+001,
4621875000, -1.154290e+002,
4623437500, -1.439605e+002,
4625000000, -1.616699e+002,
4626562500, 1.787755e+002,
4628125000, 1.518262e+002,
4629687500, 1.340925e+002,
4631250000, 1.338567e+002,
4632812500, 1.249608e+002,
4634375000, 1.055972e+002,
4635937500, 7.964217e+001,
4637500000, 5.598583e+001,
4639062500, 3.517331e+001,
4640625000, 5.564615e+000,
4642187500, -1.761859e+001,
4643750000, -1.776414e+001,
4645312500, -1.731437e+001,
4646875000, -3.075942e+001,
4648437500, -5.506508e+001,
4650000000, -7.957404e+001,
4651562500, -1.064523e+002,
4653125000, -1.367198e+002,
4654687500, -1.526112e+002,
4656250000, -1.512723e+002,
4657812500, -1.586965e+002,
4659375000, -1.785914e+002,
4660937500, 1.588114e+002,
4662500000, 1.384475e+002,
4664062500, 1.125886e+002,
4665625000, 8.697835e+001,
4667187500, 7.568242e+001,
4668750000, 6.071296e+001,
4670312500, 4.214826e+001,
4671875000, 1.915963e+001,
4673437500, -3.930564e+000,
4675000000, -2.871067e+001,
4676562500, -5.335117e+001,
4678125000, -7.332453e+001,
4679687500, -8.098575e+001,
4681250000, -9.902699e+001,
4682812500, -1.245057e+002,
4684375000, -1.509444e+002,
4685937500, -1.753543e+002,
4687500000, 1.633537e+002,
4689062500, 1.395236e+002,
4690625000, 1.127954e+002,
4692187500, 9.008329e+001,
4693750000, 6.447386e+001,
4695312500, 4.012150e+001,
4696875000, 2.698702e+001,
4698437500, 1.653158e+001,
4700000000, -1.332812e+001,
4701562500, -4.944095e+001,
4703125000, -7.467716e+001,
4704687500, -9.477588e+001,
4706250000, -1.078306e+002,
4707812500, -1.157752e+002,
4709375000, -1.366678e+002,
4710937500, -1.712916e+002,
4712500000, 1.535052e+002,
4714062500, 1.309582e+002,
4715625000, 1.154383e+002,
4717187500, 1.032404e+002,
4718750000, 9.069243e+001,
4720312500, 6.629712e+001,
4721875000, 3.156387e+001,
4723437500, 4.488714e+000,
4725000000, -1.750022e+001,
4726562500, -3.936245e+001,
4728125000, -4.502028e+001,
4729687500, -6.617648e+001,
4731250000, -9.551403e+001,
4732812500, -1.205445e+002,
4734375000, -1.424318e+002,
4735937500, -1.646097e+002,
4737500000, 1.756449e+002,
4739062500, 1.525096e+002,
4740625000, 1.266028e+002,
4742187500, 1.046840e+002,
4743750000, 8.384400e+001,
4745312500, 6.122236e+001,
4746875000, 3.924404e+001,
4748437500, 1.493388e+001,
4750000000, -9.464235e+000,
4751562500, -3.341105e+001,
4753125000, -6.070445e+001,
4754687500, -8.492115e+001,
4756250000, -1.037783e+002,
4757812500, -1.265627e+002,
4759375000, -1.511240e+002,
4760937500, -1.771009e+002,
4762500000, 1.606454e+002,
4764062500, 1.414879e+002,
4765625000, 1.167387e+002,
4767187500, 8.896973e+001,
4768750000, 6.446967e+001,
4770312500, 3.701484e+001,
4771875000, 8.350817e+000,
4773437500, -1.924420e+001,
4775000000, -4.739932e+001,
4776562500, -7.659242e+001,
4778125000, -1.025966e+002,
4779687500, -1.285981e+002,
4781250000, -1.560153e+002,
4782812500, -1.787632e+002,
4784375000, 1.575226e+002,
4785937500, 1.325592e+002,
4787500000, 1.067245e+002,
4789062500, 7.900565e+001,
4790625000, 5.141882e+001,
4792187500, 2.477950e+001,
4793750000, 1.825627e+000,
4795312500, -2.395885e+001,
4796875000, -5.705055e+001,
4798437500, -9.164104e+001,
4800000000, -1.244220e+002,
4801562500, -1.501832e+002,
4803125000, -1.702550e+002,
4804687500, 1.690235e+002,
4806250000, 1.427912e+002,
4807812500, 1.164657e+002,
4809375000, 1.026683e+002,
4810937500, 9.973916e+001,
4812500000, 8.366403e+001,
4814062500, 6.321661e+001,
4815625000, 3.785514e+001,
4817187500, 6.195268e+000,
4818750000, -2.105869e+001,
4820312500, -4.104613e+001,
4821875000, -6.755886e+001,
4823437500, -1.022970e+002,
4825000000, -1.385986e+002,
4826562500, -1.712784e+002,
4828125000, 1.625209e+002,
4829687500, 1.310737e+002,
4831250000, 9.302922e+001,
4832812500, 5.755178e+001,
4834375000, 2.712795e+001,
4835937500, -2.798886e+000,
4837500000, -3.521660e+001,
4839062500, -6.707912e+001,
4840625000, -9.789840e+001,
4842187500, -1.286752e+002,
4843750000, -1.591267e+002,
4845312500, 1.693402e+002,
4846875000, 1.404432e+002,
4848437500, 1.113248e+002,
4850000000, 7.820347e+001,
4851562500, 4.479436e+001,
4853125000, 1.468124e+001,
4854687500, -1.681243e+001,
4856250000, -4.639070e+001,
4857812500, -7.659705e+001,
4859375000, -1.092124e+002,
4860937500, -1.419562e+002,
4862500000, -1.725571e+002,
4864062500, 1.566572e+002,
4865625000, 1.232920e+002,
4867187500, 8.907036e+001,
4868750000, 5.627531e+001,
4870312500, 2.205771e+001,
4871875000, -9.895620e+000,
4873437500, -4.247601e+001,
4875000000, -7.849766e+001,
4876562500, -1.131381e+002,
4878125000, -1.444893e+002,
4879687500, -1.773872e+002,
4881250000, 1.464174e+002,
4882812500, 1.108676e+002,
4884375000, 7.702285e+001,
4885937500, 3.981472e+001,
4887500000, 9.848884e-001,
4889062500, -3.267244e+001,
4890625000, -6.508596e+001,
4892187500, -1.019361e+002,
4893750000, -1.391131e+002,
4895312500, -1.726523e+002,
4896875000, 1.515528e+002,
4898437500, 1.125108e+002,
4900000000, 7.330072e+001,
4901562500, 3.562503e+001,
4903125000, -2.846721e+000,
4904687500, -4.105446e+001,
4906250000, -8.003883e+001,
4907812500, -1.205282e+002,
4909375000, -1.625976e+002,
4910937500, 1.610326e+002,
4912500000, 1.240920e+002,
4914062500, 8.066102e+001,
4915625000, 3.623465e+001,
4917187500, -9.828828e-001,
4918750000, -3.665947e+001,
4920312500, -7.667361e+001,
4921875000, -1.123964e+002,
4923437500, -1.489946e+002,
4925000000, 1.719110e+002,
4926562500, 1.304806e+002,
4928125000, 9.845195e+001,
4929687500, 6.402858e+001,
4931250000, 2.358756e+001,
4932812500, -1.976380e+001,
4934375000, -6.485528e+001,
4935937500, -1.063274e+002,
4937500000, -1.482457e+002,
4939062500, 1.721467e+002,
4940625000, 1.351805e+002,
4942187500, 9.439798e+001,
4943750000, 5.247929e+001,
4945312500, 6.710544e+000,
4946875000, -4.087293e+001,
4948437500, -8.941896e+001,
4950000000, -1.338506e+002,
4951562500, -1.734623e+002,
4953125000, 1.485027e+002,
4954687500, 1.115924e+002,
4956250000, 6.990266e+001,
4957812500, 2.037858e+001,
4959375000, -3.034525e+001,
4960937500, -8.189545e+001,
4962500000, -1.327027e+002,
4964062500, 1.768532e+002,
4965625000, 1.241748e+002,
4967187500, 7.273837e+001,
4968750000, 1.961480e+001,
4970312500, -3.263780e+001,
4971875000, -8.129652e+001,
4973437500, -1.296951e+002,
4975000000, 1.798163e+002,
4976562500, 1.308458e+002,
4978125000, 8.411245e+001,
4979687500, 4.297189e+001,
4981250000, 4.099564e+000,
4982812500, -4.617116e+001,
4984375000, -1.003720e+002,
4985937500, -1.515799e+002,
4987500000, 1.626346e+002,
4989062500, 1.117389e+002,
4990625000, 5.889964e+001,
4992187500, 7.126102e+000,
4993750000, -4.859175e+001,
4995312500, -1.077692e+002,
4996875000, -1.658529e+002,
4998437500, 1.480543e+002,
5000000000, 1.037450e+002,
5001562500, 5.160891e+001,
5003125000, -5.239056e+000,
5004687500, -6.127697e+001,
5006250000, -1.176358e+002,
5007812500, -1.795925e+002,
5009375000, 1.131802e+002,
5010937500, 4.729376e+001,
5012500000, -1.742660e+001,
5014062500, -7.957020e+001,
5015625000, -1.404019e+002,
5017187500, 1.559381e+002,
5018750000, 9.017457e+001,
5020312500, 2.141498e+001,
5021875000, -4.670394e+001,
5023437500, -1.115033e+002,
5025000000, -1.757779e+002,
5026562500, 1.279481e+002,
5028125000, 6.626746e+001,
5029687500, 2.448812e+000,
5031250000, -6.862791e+001,
5032812500, -1.438170e+002,
5034375000, 1.448314e+002,
5035937500, 7.293389e+001,
5037500000, -3.656036e+000,
5039062500, -8.075937e+001,
5040625000, -1.528813e+002,
5042187500, 1.351794e+002,
5043750000, 6.271326e+001,
5045312500, -2.286374e+000,
5046875000, -7.357196e+001,
5048437500, -1.512954e+002,
5050000000, 1.296369e+002,
5051562500, 6.757303e+001,
5053125000, 2.734923e+000,
5054687500, -7.770436e+001,
5056250000, -1.610433e+002,
5057812500, 1.364371e+002,
5059375000, 5.909657e+001,
5060937500, -2.833988e+001,
5062500000, -1.199588e+002,
5064062500, 1.446504e+002,
5065625000, 5.455573e+001,
5067187500, -2.871756e+001,
5068750000, -9.845311e+001,
5070312500, 1.760782e+002,
5071875000, 7.582356e+001,
5073437500, -1.662031e+001,
5075000000, -1.112429e+002,
5076562500, 1.468602e+002,
5078125000, 4.275949e+001,
5079687500, -6.330486e+001,
5081250000, -1.642695e+002,
5082812500, 9.697790e+001,
5084375000, -7.763638e+000,
5085937500, -8.954578e+001,
5087500000, 1.716546e+002,
5089062500, 6.293517e+001,
5090625000, -5.013123e+001,
5092187500, -1.647306e+002,
5093750000, 8.477136e+001,
5095312500, -2.859302e+001,
5096875000, -1.391258e+002,
5098437500, 1.054662e+002,
5100000000, -2.574558e+001,
5101562500, -1.600549e+002,
5103125000, 7.244388e+001,
5104687500, -4.941275e+001,
5106250000, -1.761279e+002,
5107812500, 5.545522e+001,
5109375000, -7.084655e+001,
5110937500, 1.512995e+002,
5112500000, 1.504524e+001,
5114062500, -1.348445e+002,
5115625000, 6.429677e+001,
5117187500, -9.138458e+001,
5118750000, 1.180644e+002,
5120312500, -3.864532e+001,
5121875000, 1.652708e+002,
5123437500, 2.552445e+001,
5125000000, -1.318283e+002,
5126562500, 4.652427e+001,
5128125000, -1.380272e+002,
5129687500, 3.397851e+001,
5131250000, -1.580944e+002,
5132812500, 3.018178e+001,
5134375000, -1.712040e+002,
5135937500, -1.609286e+001,
5137500000, 1.271358e+002,
5139062500, -8.592323e+001,
5140625000, 6.939585e+001,
5142187500, -1.666599e+002,
5143750000, -5.732663e+001,
5145312500, 6.047333e+001,
5146875000, 1.675505e+002,
5148437500, -1.052908e+002,
5150000000, -1.807847e+001,
5151562500, 6.039651e+001,
5153125000, 1.166949e+002,
5154687500, 1.548329e+002,
5156250000, -1.776019e+002,
5157812500, -1.704644e+002,
5159375000, -1.747418e+002,
5160937500, 1.628696e+002,
5162500000, 1.382488e+002,
5164062500, 1.177096e+002,
5165625000, 1.215797e+002,
5167187500, 1.214641e+002,
5168750000, 1.407388e+002,
5170312500, 1.727450e+002,
5171875000, 8.779100e+001,
5173437500, 9.904532e+001,
5175000000, 1.093897e+002,
5176562500, 1.192528e+002,
5178125000, 1.123854e+002,
5179687500, 1.137213e+002,
5181250000, 1.120219e+002,
5182812500, 1.091081e+002,
5184375000, 1.067039e+002,
5185937500, 1.046975e+002,
5187500000, 1.012393e+002,
5189062500, 9.976722e+001,
5190625000, 9.849989e+001,
5192187500, 9.442107e+001,
5193750000, 9.182687e+001,
5195312500, 8.990864e+001,
5196875000, 8.789641e+001,
5198437500, 8.582073e+001,
5200000000, 8.418983e+001,
5201562500, 8.048931e+001,
5203125000, 7.775265e+001,
5204687500, 7.659166e+001,
5206250000, 7.362005e+001,
5207812500, 7.070133e+001,
5209375000, 7.047928e+001,
5210937500, 6.820684e+001,
5212500000, 6.384453e+001,
5214062500, 6.165125e+001,
5215625000, 6.125773e+001,
5217187500, 5.809374e+001,
5218750000, 5.763488e+001,
5220312500, 5.445751e+001,
5221875000, 5.072608e+001,
5223437500, 4.996881e+001,
5225000000, 4.809969e+001,
5226562500, 4.637523e+001,
5228125000, 4.386610e+001,
5229687500, 4.213973e+001,
5231250000, 4.133708e+001,
5232812500, 3.813574e+001,
5234375000, 3.584616e+001,
5235937500, 3.458525e+001,
5237500000, 3.227174e+001,
5239062500, 3.034744e+001,
5240625000, 2.774399e+001,
5242187500, 2.609013e+001,
5243750000, 2.342732e+001,
5245312500, 2.333001e+001,
5246875000, 1.913107e+001,
5248437500, 1.851213e+001,
5250000000, 1.606229e+001,
5251562500, 1.322442e+001,
5253125000, 1.250364e+001,
5254687500, 1.062411e+001,
5256250000, 8.731899e+000,
5257812500, 5.902590e+000,
5259375000, 4.206472e+000,
5260937500, 2.970062e+000,
5262500000, 1.260696e+000,
5264062500, -2.111875e+000,
5265625000, -3.755685e+000,
5267187500, -5.807552e+000,
5268750000, -7.964694e+000,
5270312500, -1.124539e+001,
5271875000, -1.153573e+001,
5273437500, -1.421570e+001,
5275000000, -1.549563e+001,
5276562500, -1.934735e+001,
5278125000, -2.066352e+001,
5279687500, -2.205743e+001,
5281250000, -2.484490e+001,
5282812500, -2.662545e+001,
5284375000, -2.911611e+001,
5285937500, -3.121341e+001,
5287500000, -3.300483e+001,
5289062500, -3.583715e+001,
5290625000, -3.676882e+001,
5292187500, -3.970568e+001,
5293750000, -4.032629e+001,
5295312500, -4.237617e+001,
5296875000, -4.615348e+001,
5298437500, -4.653183e+001,
5300000000, -4.939014e+001,
5301562500, -5.168312e+001,
5303125000, -5.469117e+001,
5304687500, -5.579214e+001,
5306250000, -5.897226e+001,
5307812500, -5.921146e+001,
5309375000, -6.159189e+001,
5310937500, -6.446270e+001,
5312500000, -6.566399e+001,
5314062500, -6.812270e+001,
5315625000, -6.918239e+001,
5317187500, -7.184780e+001,
5318750000, -7.298227e+001,
5320312500, -7.395149e+001,
5321875000, -7.649202e+001,
5323437500, -7.923529e+001,
5325000000, -7.937075e+001,
5326562500, -8.021522e+001,
5328125000, -8.392852e+001,
5329687500, -8.525288e+001,
5331250000, -8.627794e+001,
5332812500, -8.846829e+001,
5334375000, -8.924000e+001,
5335937500, -9.051098e+001,
5337500000, -9.300023e+001,
5339062500, -9.392989e+001,
5340625000, -9.461598e+001,
5342187500, -9.734716e+001,
5343750000, -9.845287e+001,
5345312500, -1.005883e+002,
5346875000, -1.018987e+002,
5348437500, -1.040178e+002,
5350000000, -1.043722e+002,
5351562500, -1.061116e+002,
5353125000, -1.076838e+002,
5354687500, -1.096594e+002,
5356250000, -1.114161e+002,
5357812500, -1.120361e+002,
5359375000, -1.144554e+002,
5360937500, -1.153297e+002,
5362500000, -1.171622e+002,
5364062500, -1.186133e+002,
5365625000, -1.191415e+002,
5367187500, -1.208259e+002,
5368750000, -1.234176e+002,
5370312500, -1.260735e+002,
5371875000, -1.271757e+002,
5373437500, -1.292541e+002,
5375000000, -1.308417e+002,
5376562500, -1.339186e+002,
5378125000, -1.346028e+002,
5379687500, -1.379802e+002,
5381250000, -1.393454e+002,
5382812500, -1.410837e+002,
5384375000, -1.427531e+002,
5385937500, -1.429241e+002,
5387500000, -1.463248e+002,
5389062500, -1.476858e+002,
5390625000, -1.496982e+002,
5392187500, -1.524015e+002,
5393750000, -1.544863e+002,
5395312500, -1.559800e+002,
5396875000, -1.576224e+002,
5398437500, -1.599411e+002,
5400000000, -1.617338e+002,
5401562500, -1.638413e+002,
5403125000, -1.661279e+002,
5404687500, -1.684037e+002,
5406250000, -1.706195e+002,
5407812500, -1.731099e+002,
5409375000, -1.752917e+002,
5410937500, -1.774897e+002,
5412500000, -1.797156e+002,
5414062500, 1.779290e+002,
5415625000, 1.756572e+002,
5417187500, 1.733235e+002,
5418750000, 1.712218e+002,
5420312500, 1.688647e+002,
5421875000, 1.665302e+002,
5423437500, 1.647093e+002,
5425000000, 1.623262e+002,
5426562500, 1.607701e+002,
5428125000, 1.583344e+002,
5429687500, 1.559378e+002,
5431250000, 1.538873e+002,
5432812500, 1.512903e+002,
5434375000, 1.493331e+002,
5435937500, 1.473646e+002,
5437500000, 1.457871e+002,
5439062500, 1.432122e+002,
5440625000, 1.400589e+002,
5442187500, 1.385032e+002,
5443750000, 1.365168e+002,
5445312500, 1.337314e+002,
5446875000, 1.316793e+002,
5448437500, 1.294715e+002,
5450000000, 1.269285e+002,
5451562500, 1.246546e+002,
5453125000, 1.221631e+002,
5454687500, 1.205632e+002,
5456250000, 1.187365e+002,
5457812500, 1.170835e+002,
5459375000, 1.146141e+002,
5460937500, 1.127740e+002,
5462500000, 1.108260e+002,
5464062500, 1.086780e+002,
5465625000, 1.070785e+002,
5467187500, 1.053538e+002,
5468750000, 1.027438e+002,
5470312500, 1.009625e+002,
5471875000, 9.879171e+001,
5473437500, 9.733864e+001,
5475000000, 9.506490e+001,
5476562500, 9.400679e+001,
5478125000, 9.158294e+001,
5479687500, 8.992943e+001,
5481250000, 8.765780e+001,
5482812500, 8.569088e+001,
5484375000, 8.464902e+001,
5485937500, 8.256031e+001,
5487500000, 7.965979e+001,
5489062500, 7.795709e+001,
5490625000, 7.694300e+001,
5492187500, 7.414773e+001,
5493750000, 7.308711e+001,
5495312500, 7.076802e+001,
5496875000, 6.912297e+001,
5498437500, 6.767685e+001,
5500000000, 6.461162e+001,
