"S21 Log Mag"
"Frequency (Hz)","dB",
3000000000, -4.992510e+001,
3001562500, -4.981055e+001,
3003125000, -4.985144e+001,
3004687500, -4.974305e+001,
3006250000, -4.970393e+001,
3007812500, -4.968989e+001,
3009375000, -4.962113e+001,
3010937500, -4.961231e+001,
3012500000, -4.957473e+001,
3014062500, -4.952422e+001,
3015625000, -4.945184e+001,
3017187500, -4.946404e+001,
3018750000, -4.934426e+001,
3020312500, -4.928875e+001,
3021875000, -4.927371e+001,
3023437500, -4.920718e+001,
3025000000, -4.917730e+001,
3026562500, -4.910548e+001,
3028125000, -4.907666e+001,
3029687500, -4.896946e+001,
3031250000, -4.896214e+001,
3032812500, -4.889464e+001,
3034375000, -4.887717e+001,
3035937500, -4.873344e+001,
3037500000, -4.876048e+001,
3039062500, -4.867900e+001,
3040625000, -4.867610e+001,
3042187500, -4.864292e+001,
3043750000, -4.855107e+001,
3045312500, -4.853102e+001,
3046875000, -4.848904e+001,
3048437500, -4.847944e+001,
3050000000, -4.841184e+001,
3051562500, -4.836876e+001,
3053125000, -4.833276e+001,
3054687500, -4.832961e+001,
3056250000, -4.819396e+001,
3057812500, -4.820735e+001,
3059375000, -4.817397e+001,
3060937500, -4.818239e+001,
3062500000, -4.802553e+001,
3064062500, -4.811155e+001,
3065625000, -4.804766e+001,
3067187500, -4.801189e+001,
3068750000, -4.800857e+001,
3070312500, -4.789137e+001,
3071875000, -4.793515e+001,
3073437500, -4.800910e+001,
3075000000, -4.785961e+001,
3076562500, -4.786741e+001,
3078125000, -4.790616e+001,
3079687500, -4.786456e+001,
3081250000, -4.783791e+001,
3082812500, -4.791513e+001,
3084375000, -4.783713e+001,
3085937500, -4.782406e+001,
3087500000, -4.784641e+001,
3089062500, -4.787575e+001,
3090625000, -4.775953e+001,
3092187500, -4.779964e+001,
3093750000, -4.774809e+001,
3095312500, -4.776929e+001,
3096875000, -4.785288e+001,
3098437500, -4.779876e+001,
3100000000, -4.771144e+001,
3101562500, -4.772724e+001,
3103125000, -4.782231e+001,
3104687500, -4.768922e+001,
3106250000, -4.772068e+001,
3107812500, -4.778784e+001,
3109375000, -4.765270e+001,
3110937500, -4.764151e+001,
3112500000, -4.771809e+001,
3114062500, -4.775253e+001,
3115625000, -4.764070e+001,
3117187500, -4.771306e+001,
3118750000, -4.776294e+001,
3120312500, -4.766512e+001,
3121875000, -4.766420e+001,
3123437500, -4.770103e+001,
3125000000, -4.770031e+001,
3126562500, -4.766523e+001,
3128125000, -4.765928e+001,
3129687500, -4.772583e+001,
3131250000, -4.765023e+001,
3132812500, -4.768332e+001,
3134375000, -4.768542e+001,
3135937500, -4.770227e+001,
3137500000, -4.755783e+001,
3139062500, -4.771767e+001,
3140625000, -4.769659e+001,
3142187500, -4.763244e+001,
3143750000, -4.761281e+001,
3145312500, -4.766818e+001,
3146875000, -4.761317e+001,
3148437500, -4.761020e+001,
3150000000, -4.755661e+001,
3151562500, -4.762633e+001,
3153125000, -4.761184e+001,
3154687500, -4.755861e+001,
3156250000, -4.763126e+001,
3157812500, -4.752407e+001,
3159375000, -4.766356e+001,
3160937500, -4.759788e+001,
3162500000, -4.762478e+001,
3164062500, -4.762087e+001,
3165625000, -4.761909e+001,
3167187500, -4.766378e+001,
3168750000, -4.772112e+001,
3170312500, -4.770918e+001,
3171875000, -4.775652e+001,
3173437500, -4.774931e+001,
3175000000, -4.773091e+001,
3176562500, -4.781165e+001,
3178125000, -4.777756e+001,
3179687500, -4.783160e+001,
3181250000, -4.790488e+001,
3182812500, -4.788971e+001,
3184375000, -4.795432e+001,
3185937500, -4.791533e+001,
3187500000, -4.797128e+001,
3189062500, -4.798654e+001,
3190625000, -4.808921e+001,
3192187500, -4.806979e+001,
3193750000, -4.815406e+001,
3195312500, -4.810284e+001,
3196875000, -4.819653e+001,
3198437500, -4.819893e+001,
3200000000, -4.830638e+001,
3201562500, -4.828420e+001,
3203125000, -4.846711e+001,
3204687500, -4.841659e+001,
3206250000, -4.852436e+001,
3207812500, -4.852851e+001,
3209375000, -4.856735e+001,
3210937500, -4.866220e+001,
3212500000, -4.855781e+001,
3214062500, -4.877180e+001,
3215625000, -4.865224e+001,
3217187500, -4.879366e+001,
3218750000, -4.880613e+001,
3220312500, -4.889256e+001,
3221875000, -4.887329e+001,
3223437500, -4.887700e+001,
3225000000, -4.894150e+001,
3226562500, -4.888353e+001,
3228125000, -4.895759e+001,
3229687500, -4.897262e+001,
3231250000, -4.903698e+001,
3232812500, -4.913636e+001,
3234375000, -4.906337e+001,
3235937500, -4.908812e+001,
3237500000, -4.905357e+001,
3239062500, -4.914830e+001,
3240625000, -4.912526e+001,
3242187500, -4.924039e+001,
3243750000, -4.902776e+001,
3245312500, -4.924142e+001,
3246875000, -4.920596e+001,
3248437500, -4.924144e+001,
3250000000, -4.922208e+001,
3251562500, -4.919648e+001,
3253125000, -4.925098e+001,
3254687500, -4.913806e+001,
3256250000, -4.923226e+001,
3257812500, -4.917312e+001,
3259375000, -4.914952e+001,
3260937500, -4.933243e+001,
3262500000, -4.923069e+001,
3264062500, -4.921259e+001,
3265625000, -4.917745e+001,
3267187500, -4.917081e+001,
3268750000, -4.924054e+001,
3270312500, -4.918386e+001,
3271875000, -4.919368e+001,
3273437500, -4.898022e+001,
3275000000, -4.904957e+001,
3276562500, -4.906214e+001,
3278125000, -4.897359e+001,
3279687500, -4.904770e+001,
3281250000, -4.895274e+001,
3282812500, -4.890651e+001,
3284375000, -4.893899e+001,
3285937500, -4.882935e+001,
3287500000, -4.886674e+001,
3289062500, -4.878698e+001,
3290625000, -4.866802e+001,
3292187500, -4.889754e+001,
3293750000, -4.871413e+001,
3295312500, -4.867799e+001,
3296875000, -4.868500e+001,
3298437500, -4.851044e+001,
3300000000, -4.859648e+001,
3301562500, -4.850799e+001,
3303125000, -4.853361e+001,
3304687500, -4.856591e+001,
3306250000, -4.827892e+001,
3307812500, -4.839907e+001,
3309375000, -4.840046e+001,
3310937500, -4.834205e+001,
3312500000, -4.829290e+001,
3314062500, -4.831137e+001,
3315625000, -4.814933e+001,
3317187500, -4.828033e+001,
3318750000, -4.817405e+001,
3320312500, -4.815619e+001,
3321875000, -4.813147e+001,
3323437500, -4.787376e+001,
3325000000, -4.806185e+001,
3326562500, -4.799955e+001,
3328125000, -4.804364e+001,
3329687500, -4.794008e+001,
3331250000, -4.791586e+001,
3332812500, -4.788427e+001,
3334375000, -4.789172e+001,
3335937500, -4.777501e+001,
3337500000, -4.780709e+001,
3339062500, -4.785916e+001,
3340625000, -4.759449e+001,
3342187500, -4.781995e+001,
3343750000, -4.768171e+001,
3345312500, -4.767018e+001,
3346875000, -4.770285e+001,
3348437500, -4.767841e+001,
3350000000, -4.752151e+001,
3351562500, -4.760357e+001,
3353125000, -4.758787e+001,
3354687500, -4.754106e+001,
3356250000, -4.769163e+001,
3357812500, -4.750964e+001,
3359375000, -4.752075e+001,
3360937500, -4.767136e+001,
3362500000, -4.749687e+001,
3364062500, -4.767139e+001,
3365625000, -4.775880e+001,
3367187500, -4.767271e+001,
3368750000, -4.749514e+001,
3370312500, -4.772045e+001,
3371875000, -4.774252e+001,
3373437500, -4.764099e+001,
3375000000, -4.783327e+001,
3376562500, -4.769237e+001,
3378125000, -4.770880e+001,
3379687500, -4.785813e+001,
3381250000, -4.776587e+001,
3382812500, -4.787120e+001,
3384375000, -4.804880e+001,
3385937500, -4.799973e+001,
3387500000, -4.782670e+001,
3389062500, -4.795870e+001,
3390625000, -4.808021e+001,
3392187500, -4.805059e+001,
3393750000, -4.812636e+001,
3395312500, -4.819664e+001,
3396875000, -4.798397e+001,
3398437500, -4.835225e+001,
3400000000, -4.820164e+001,
3401562500, -4.809347e+001,
3403125000, -4.844907e+001,
3404687500, -4.853504e+001,
3406250000, -4.856556e+001,
3407812500, -4.837344e+001,
3409375000, -4.853680e+001,
3410937500, -4.865448e+001,
3412500000, -4.874584e+001,
3414062500, -4.879978e+001,
3415625000, -4.876294e+001,
3417187500, -4.871307e+001,
3418750000, -4.907690e+001,
3420312500, -4.888543e+001,
3421875000, -4.881240e+001,
3423437500, -4.913084e+001,
3425000000, -4.930079e+001,
3426562500, -4.909392e+001,
3428125000, -4.913872e+001,
3429687500, -4.914344e+001,
3431250000, -4.912980e+001,
3432812500, -4.913488e+001,
3434375000, -4.941105e+001,
3435937500, -4.941226e+001,
3437500000, -4.906424e+001,
3439062500, -4.927073e+001,
3440625000, -4.942129e+001,
3442187500, -4.917428e+001,
3443750000, -4.923474e+001,
3445312500, -4.963444e+001,
3446875000, -4.940614e+001,
3448437500, -4.948338e+001,
3450000000, -4.935738e+001,
3451562500, -4.953115e+001,
3453125000, -4.940903e+001,
3454687500, -4.948788e+001,
3456250000, -4.970850e+001,
3457812500, -4.959922e+001,
3459375000, -4.916953e+001,
3460937500, -4.950291e+001,
3462500000, -4.954030e+001,
3464062500, -4.924461e+001,
3465625000, -4.934772e+001,
3467187500, -4.972211e+001,
3468750000, -4.946981e+001,
3470312500, -4.937347e+001,
3471875000, -4.943596e+001,
3473437500, -4.946583e+001,
3475000000, -4.948123e+001,
3476562500, -4.943071e+001,
3478125000, -4.939648e+001,
3479687500, -4.966919e+001,
3481250000, -4.932058e+001,
3482812500, -4.947123e+001,
3484375000, -4.941730e+001,
3485937500, -4.912707e+001,
3487500000, -4.910285e+001,
3489062500, -4.955343e+001,
3490625000, -4.964102e+001,
3492187500, -4.926943e+001,
3493750000, -4.926088e+001,
3495312500, -4.925263e+001,
3496875000, -4.937720e+001,
3498437500, -4.954998e+001,
3500000000, -4.935096e+001,
3501562500, -4.920355e+001,
3503125000, -4.938279e+001,
3504687500, -4.933061e+001,
3506250000, -4.970755e+001,
3507812500, -4.936604e+001,
3509375000, -4.905971e+001,
3510937500, -4.905597e+001,
3512500000, -4.955319e+001,
3514062500, -4.972688e+001,
3515625000, -4.965657e+001,
3517187500, -4.937120e+001,
3518750000, -4.918325e+001,
3520312500, -4.953889e+001,
3521875000, -4.983776e+001,
3523437500, -5.012480e+001,
3525000000, -4.956061e+001,
3526562500, -4.951461e+001,
3528125000, -4.954565e+001,
3529687500, -5.009511e+001,
3531250000, -5.024873e+001,
3532812500, -4.986608e+001,
3534375000, -4.936655e+001,
3535937500, -4.948685e+001,
3537500000, -4.983236e+001,
3539062500, -5.022527e+001,
3540625000, -5.065271e+001,
3542187500, -4.985595e+001,
3543750000, -4.949973e+001,
3545312500, -4.970774e+001,
3546875000, -5.051743e+001,
3548437500, -5.105707e+001,
3550000000, -5.051289e+001,
3551562500, -4.983684e+001,
3553125000, -4.963694e+001,
3554687500, -5.066239e+001,
3556250000, -5.118246e+001,
3557812500, -5.101683e+001,
3559375000, -5.042503e+001,
3560937500, -4.978732e+001,
3562500000, -5.009038e+001,
3564062500, -5.049107e+001,
3565625000, -5.164404e+001,
3567187500, -5.150321e+001,
3568750000, -5.010630e+001,
3570312500, -4.956370e+001,
3571875000, -5.024618e+001,
3573437500, -5.130696e+001,
3575000000, -5.192352e+001,
3576562500, -5.125173e+001,
3578125000, -4.975259e+001,
3579687500, -4.967953e+001,
3581250000, -5.080576e+001,
3582812500, -5.146155e+001,
3584375000, -5.183677e+001,
3585937500, -5.106803e+001,
3587500000, -4.988346e+001,
3589062500, -4.971500e+001,
3590625000, -5.001208e+001,
3592187500, -5.157761e+001,
3593750000, -5.259592e+001,
3595312500, -5.095067e+001,
3596875000, -4.945473e+001,
3598437500, -4.937272e+001,
3600000000, -5.050217e+001,
3601562500, -5.186213e+001,
3603125000, -5.287690e+001,
3604687500, -5.073504e+001,
3606250000, -4.916802e+001,
3607812500, -4.945465e+001,
3609375000, -5.036217e+001,
3610937500, -5.149286e+001,
3612500000, -5.277555e+001,
3614062500, -5.109663e+001,
3615625000, -4.961388e+001,
3617187500, -4.873261e+001,
3618750000, -4.936112e+001,
3620312500, -5.149001e+001,
3621875000, -5.336668e+001,
3623437500, -5.145933e+001,
3625000000, -4.947659e+001,
3626562500, -4.861243e+001,
3628125000, -4.919850e+001,
3629687500, -5.110812e+001,
3631250000, -5.382422e+001,
3632812500, -5.210875e+001,
3634375000, -4.967316e+001,
3635937500, -4.877483e+001,
3637500000, -4.913568e+001,
3639062500, -5.043612e+001,
3640625000, -5.291580e+001,
3642187500, -5.366156e+001,
3643750000, -5.141726e+001,
3645312500, -4.889574e+001,
3646875000, -4.827068e+001,
3648437500, -4.982750e+001,
3650000000, -5.277930e+001,
3651562500, -5.419011e+001,
3653125000, -5.298559e+001,
3654687500, -5.021655e+001,
3656250000, -4.829745e+001,
3657812500, -4.867505e+001,
3659375000, -5.159933e+001,
3660937500, -5.577317e+001,
3662500000, -5.425293e+001,
3664062500, -5.076073e+001,
3665625000, -4.909984e+001,
3667187500, -4.886061e+001,
3668750000, -4.972363e+001,
3670312500, -5.272937e+001,
3671875000, -5.632556e+001,
3673437500, -5.327397e+001,
3675000000, -5.074681e+001,
3676562500, -4.883316e+001,
3678125000, -4.904285e+001,
3679687500, -5.068537e+001,
3681250000, -5.395942e+001,
3682812500, -5.801864e+001,
3684375000, -5.308450e+001,
3685937500, -4.956675e+001,
3687500000, -4.823392e+001,
3689062500, -4.900365e+001,
3690625000, -5.271255e+001,
3692187500, -5.747625e+001,
3693750000, -5.549745e+001,
3695312500, -5.168436e+001,
3696875000, -4.967714e+001,
3698437500, -4.885965e+001,
3700000000, -4.983104e+001,
3701562500, -5.296648e+001,
3703125000, -5.729380e+001,
3704687500, -5.637715e+001,
3706250000, -5.310549e+001,
3707812500, -5.045628e+001,
3709375000, -4.905573e+001,
3710937500, -4.942614e+001,
3712500000, -5.217553e+001,
3714062500, -6.075965e+001,
3715625000, -5.837094e+001,
3717187500, -5.170285e+001,
3718750000, -4.973009e+001,
3720312500, -4.880300e+001,
3721875000, -4.994785e+001,
3723437500, -5.441346e+001,
3725000000, -6.322546e+001,
3726562500, -5.669196e+001,
3728125000, -5.233418e+001,
3729687500, -5.034560e+001,
3731250000, -4.978918e+001,
3732812500, -5.128687e+001,
3734375000, -5.311200e+001,
3735937500, -5.809150e+001,
3737500000, -6.192779e+001,
3739062500, -5.714358e+001,
3740625000, -5.177274e+001,
3742187500, -4.997486e+001,
3743750000, -4.959489e+001,
3745312500, -5.073494e+001,
3746875000, -5.720594e+001,
3748437500, -7.007015e+001,
3750000000, -5.597163e+001,
3751562500, -5.117367e+001,
3753125000, -4.932740e+001,
3754687500, -4.955171e+001,
3756250000, -5.244212e+001,
3757812500, -6.052838e+001,
3759375000, -8.254681e+001,
3760937500, -5.735421e+001,
3762500000, -5.187885e+001,
3764062500, -5.182455e+001,
3765625000, -5.305812e+001,
3767187500, -5.317924e+001,
3768750000, -5.488510e+001,
3770312500, -6.175481e+001,
3771875000, -7.235561e+001,
3773437500, -5.773710e+001,
3775000000, -5.348028e+001,
3776562500, -5.202726e+001,
3778125000, -5.059818e+001,
3779687500, -5.154616e+001,
3781250000, -5.605319e+001,
3782812500, -5.888821e+001,
3784375000, -5.434856e+001,
3785937500, -5.210931e+001,
3787500000, -5.064143e+001,
3789062500, -4.948415e+001,
3790625000, -5.103558e+001,
3792187500, -5.518221e+001,
3793750000, -5.887983e+001,
3795312500, -5.491946e+001,
3796875000, -5.271594e+001,
3798437500, -5.326240e+001,
3800000000, -5.250057e+001,
3801562500, -5.456444e+001,
3803125000, -5.778456e+001,
3804687500, -6.125388e+001,
3806250000, -7.157453e+001,
3807812500, -6.932494e+001,
3809375000, -5.890925e+001,
3810937500, -5.471423e+001,
3812500000, -5.155243e+001,
3814062500, -5.025613e+001,
3815625000, -5.128565e+001,
3817187500, -5.389244e+001,
3818750000, -5.504558e+001,
3820312500, -5.241271e+001,
3821875000, -5.074324e+001,
3823437500, -4.997766e+001,
3825000000, -5.035770e+001,
3826562500, -5.272180e+001,
3828125000, -5.609646e+001,
3829687500, -5.774589e+001,
3831250000, -5.555860e+001,
3832812500, -5.325282e+001,
3834375000, -5.331156e+001,
3835937500, -5.402247e+001,
3837500000, -5.888139e+001,
3839062500, -6.241582e+001,
3840625000, -6.168427e+001,
3842187500, -6.104485e+001,
3843750000, -6.612576e+001,
3845312500, -6.541399e+001,
3846875000, -5.715156e+001,
3848437500, -5.326596e+001,
3850000000, -5.268501e+001,
3851562500, -5.178832e+001,
3853125000, -5.158537e+001,
3854687500, -5.313494e+001,
3856250000, -5.322465e+001,
3857812500, -5.184572e+001,
3859375000, -5.041681e+001,
3860937500, -5.134782e+001,
3862500000, -5.227298e+001,
3864062500, -5.221017e+001,
3865625000, -5.382567e+001,
3867187500, -5.689162e+001,
3868750000, -5.793815e+001,
3870312500, -5.537221e+001,
3871875000, -5.516885e+001,
3873437500, -5.770835e+001,
3875000000, -6.090816e+001,
3876562500, -6.500937e+001,
3878125000, -6.519804e+001,
3879687500, -6.228851e+001,
3881250000, -6.595293e+001,
3882812500, -6.753204e+001,
3884375000, -6.010405e+001,
3885937500, -5.546596e+001,
3887500000, -5.356907e+001,
3889062500, -5.245339e+001,
3890625000, -5.028250e+001,
3892187500, -5.002567e+001,
3893750000, -5.090981e+001,
3895312500, -5.213404e+001,
3896875000, -5.035559e+001,
3898437500, -4.904349e+001,
3900000000, -4.898600e+001,
3901562500, -5.285960e+001,
3903125000, -5.727286e+001,
3904687500, -5.717385e+001,
3906250000, -5.785987e+001,
3907812500, -5.634235e+001,
3909375000, -5.436583e+001,
3910937500, -5.348629e+001,
3912500000, -5.530156e+001,
3914062500, -6.618457e+001,
3915625000, -6.392413e+001,
3917187500, -5.929259e+001,
3918750000, -6.085827e+001,
3920312500, -6.009109e+001,
3921875000, -5.928849e+001,
3923437500, -5.647050e+001,
3925000000, -5.470861e+001,
3926562500, -5.213514e+001,
3928125000, -5.258736e+001,
3929687500, -5.255767e+001,
3931250000, -5.083108e+001,
3932812500, -5.066982e+001,
3934375000, -5.046148e+001,
3935937500, -4.794632e+001,
3937500000, -4.764854e+001,
3939062500, -5.001070e+001,
3940625000, -4.992508e+001,
3942187500, -4.979072e+001,
3943750000, -5.141731e+001,
3945312500, -5.627533e+001,
3946875000, -6.188361e+001,
3948437500, -5.866380e+001,
3950000000, -5.498418e+001,
3951562500, -5.283592e+001,
3953125000, -5.203257e+001,
3954687500, -5.631009e+001,
3956250000, -6.558794e+001,
3957812500, -5.738404e+001,
3959375000, -5.411389e+001,
3960937500, -5.446820e+001,
3962500000, -5.840138e+001,
3964062500, -5.843907e+001,
3965625000, -5.526023e+001,
3967187500, -5.195527e+001,
3968750000, -4.778216e+001,
3970312500, -4.831108e+001,
3971875000, -4.814696e+001,
3973437500, -4.824910e+001,
3975000000, -5.120615e+001,
3976562500, -5.400988e+001,
3978125000, -4.931749e+001,
3979687500, -4.566997e+001,
3981250000, -4.505129e+001,
3982812500, -4.758087e+001,
3984375000, -5.139332e+001,
3985937500, -5.241355e+001,
3987500000, -5.305975e+001,
3989062500, -5.536892e+001,
3990625000, -5.579644e+001,
3992187500, -5.392174e+001,
3993750000, -4.925546e+001,
3995312500, -4.954073e+001,
3996875000, -5.335603e+001,
3998437500, -6.092813e+001,
4000000000, -8.371519e+001,
4001562500, -6.065434e+001,
4003125000, -5.414799e+001,
4004687500, -5.217457e+001,
4006250000, -5.494387e+001,
4007812500, -5.439417e+001,
4009375000, -5.025098e+001,
4010937500, -4.945131e+001,
4012500000, -4.793396e+001,
4014062500, -4.863584e+001,
4015625000, -4.768781e+001,
4017187500, -4.531106e+001,
4018750000, -4.589782e+001,
4020312500, -4.616957e+001,
4021875000, -4.571543e+001,
4023437500, -4.637618e+001,
4025000000, -4.585577e+001,
4026562500, -4.368151e+001,
4028125000, -4.405976e+001,
4029687500, -4.622289e+001,
4031250000, -4.812687e+001,
4032812500, -5.148037e+001,
4034375000, -5.223907e+001,
4035937500, -5.196143e+001,
4037500000, -5.636441e+001,
4039062500, -4.910569e+001,
4040625000, -4.547902e+001,
4042187500, -4.681126e+001,
4043750000, -5.253110e+001,
4045312500, -6.280900e+001,
4046875000, -5.562442e+001,
4048437500, -5.814694e+001,
4050000000, -5.900511e+001,
4051562500, -5.470869e+001,
4053125000, -5.978883e+001,
4054687500, -5.341815e+001,
4056250000, -5.618199e+001,
4057812500, -4.680932e+001,
4059375000, -4.451613e+001,
4060937500, -4.338363e+001,
4062500000, -4.453135e+001,
4064062500, -5.067912e+001,
4065625000, -4.768221e+001,
4067187500, -4.393294e+001,
4068750000, -4.231210e+001,
4070312500, -4.076712e+001,
4071875000, -4.122654e+001,
4073437500, -4.191602e+001,
4075000000, -4.239775e+001,
4076562500, -4.415540e+001,
4078125000, -4.866233e+001,
4079687500, -5.656628e+001,
4081250000, -5.198545e+001,
4082812500, -4.731771e+001,
4084375000, -4.557713e+001,
4085937500, -4.885167e+001,
4087500000, -5.067027e+001,
4089062500, -5.003048e+001,
4090625000, -4.536291e+001,
4092187500, -4.719313e+001,
4093750000, -5.523026e+001,
4095312500, -5.847527e+001,
4096875000, -5.672879e+001,
4098437500, -5.067369e+001,
4100000000, -4.921905e+001,
4101562500, -4.824633e+001,
4103125000, -4.797942e+001,
4104687500, -4.585561e+001,
4106250000, -4.524472e+001,
4107812500, -4.993225e+001,
4109375000, -4.371495e+001,
4110937500, -4.280735e+001,
4112500000, -4.500388e+001,
4114062500, -4.377589e+001,
4115625000, -4.381461e+001,
4117187500, -4.194994e+001,
4118750000, -4.032414e+001,
4120312500, -4.057156e+001,
4121875000, -4.132736e+001,
4123437500, -4.319008e+001,
4125000000, -4.421840e+001,
4126562500, -4.061550e+001,
4128125000, -3.933126e+001,
4129687500, -4.489900e+001,
4131250000, -5.423301e+001,
4132812500, -5.338682e+001,
4134375000, -4.822382e+001,
4135937500, -4.726869e+001,
4137500000, -4.637549e+001,
4139062500, -4.317876e+001,
4140625000, -4.268760e+001,
4142187500, -4.692333e+001,
4143750000, -5.285210e+001,
4145312500, -4.593841e+001,
4146875000, -4.791996e+001,
4148437500, -5.147173e+001,
4150000000, -4.535316e+001,
4151562500, -4.633437e+001,
4153125000, -4.983288e+001,
4154687500, -5.261843e+001,
4156250000, -4.606976e+001,
4157812500, -4.429126e+001,
4159375000, -4.338556e+001,
4160937500, -4.019468e+001,
4162500000, -3.871495e+001,
4164062500, -3.955278e+001,
4165625000, -5.088702e+001,
4167187500, -4.531602e+001,
4168750000, -4.069223e+001,
4170312500, -4.036554e+001,
4171875000, -4.485189e+001,
4173437500, -4.588340e+001,
4175000000, -4.375342e+001,
4176562500, -4.058177e+001,
4178125000, -4.111655e+001,
4179687500, -4.357787e+001,
4181250000, -4.856105e+001,
4182812500, -4.308666e+001,
4184375000, -3.983549e+001,
4185937500, -4.219683e+001,
4187500000, -4.840138e+001,
4189062500, -5.548854e+001,
4190625000, -5.866800e+001,
4192187500, -5.143747e+001,
4193750000, -4.152148e+001,
4195312500, -3.716441e+001,
4196875000, -3.770403e+001,
4198437500, -4.091687e+001,
4200000000, -4.771449e+001,
4201562500, -4.609566e+001,
4203125000, -4.117455e+001,
4204687500, -4.021077e+001,
4206250000, -4.529589e+001,
4207812500, -4.132705e+001,
4209375000, -4.176843e+001,
4210937500, -4.340351e+001,
4212500000, -4.278390e+001,
4214062500, -4.258570e+001,
4215625000, -4.503468e+001,
4217187500, -4.303137e+001,
4218750000, -4.160660e+001,
4220312500, -3.960382e+001,
4221875000, -3.801315e+001,
4223437500, -3.945197e+001,
4225000000, -3.973307e+001,
4226562500, -4.603964e+001,
4228125000, -4.416750e+001,
4229687500, -3.850781e+001,
4231250000, -4.200499e+001,
4232812500, -5.737752e+001,
4234375000, -5.187006e+001,
4235937500, -4.676896e+001,
4237500000, -4.288712e+001,
4239062500, -3.983448e+001,
4240625000, -4.172950e+001,
4242187500, -4.450278e+001,
4243750000, -4.685655e+001,
4245312500, -5.410449e+001,
4246875000, -4.744146e+001,
4248437500, -3.912605e+001,
4250000000, -3.966389e+001,
4251562500, -4.313234e+001,
4253125000, -4.134511e+001,
4254687500, -3.937443e+001,
4256250000, -4.193628e+001,
4257812500, -4.732417e+001,
4259375000, -3.808493e+001,
4260937500, -3.323700e+001,
4262500000, -3.216207e+001,
4264062500, -3.534753e+001,
4265625000, -3.887019e+001,
4267187500, -3.960183e+001,
4268750000, -3.781750e+001,
4270312500, -3.475338e+001,
4271875000, -3.246462e+001,
4273437500, -3.444434e+001,
4275000000, -4.118462e+001,
4276562500, -3.874996e+001,
4278125000, -3.792522e+001,
4279687500, -3.814984e+001,
4281250000, -3.807758e+001,
4282812500, -3.778289e+001,
4284375000, -3.997619e+001,
4285937500, -4.084066e+001,
4287500000, -4.022744e+001,
4289062500, -3.836187e+001,
4290625000, -3.724787e+001,
4292187500, -3.357299e+001,
4293750000, -3.225171e+001,
4295312500, -3.714104e+001,
4296875000, -4.184453e+001,
4298437500, -4.999527e+001,
4300000000, -3.585818e+001,
4301562500, -3.132972e+001,
4303125000, -3.082276e+001,
4304687500, -3.727566e+001,
4306250000, -4.894443e+001,
4307812500, -4.474866e+001,
4309375000, -3.974638e+001,
4310937500, -3.822401e+001,
4312500000, -3.395694e+001,
4314062500, -2.964515e+001,
4315625000, -2.932029e+001,
4317187500, -3.483363e+001,
4318750000, -3.970815e+001,
4320312500, -4.096662e+001,
4321875000, -4.134587e+001,
4323437500, -3.825091e+001,
4325000000, -3.104491e+001,
4326562500, -2.735996e+001,
4328125000, -2.712472e+001,
4329687500, -2.951288e+001,
4331250000, -3.348806e+001,
4332812500, -3.661422e+001,
4334375000, -3.362257e+001,
4335937500, -3.130701e+001,
4337500000, -3.359376e+001,
4339062500, -4.099279e+001,
4340625000, -2.953072e+001,
4342187500, -2.502559e+001,
4343750000, -2.423704e+001,
4345312500, -2.608147e+001,
4346875000, -2.708350e+001,
4348437500, -3.062280e+001,
4350000000, -3.742820e+001,
4351562500, -3.354531e+001,
4353125000, -3.165039e+001,
4354687500, -3.091041e+001,
4356250000, -2.927522e+001,
4357812500, -2.808022e+001,
4359375000, -2.709196e+001,
4360937500, -2.549903e+001,
4362500000, -2.406922e+001,
4364062500, -2.908821e+001,
4365625000, -3.922206e+001,
4367187500, -5.706884e+001,
4368750000, -4.590007e+001,
4370312500, -3.920386e+001,
4371875000, -3.548775e+001,
4373437500, -3.480626e+001,
4375000000, -3.662942e+001,
4376562500, -3.732758e+001,
4378125000, -3.391787e+001,
4379687500, -3.464640e+001,
4381250000, -3.620586e+001,
4382812500, -3.940462e+001,
4384375000, -4.163424e+001,
4385937500, -4.314375e+001,
4387500000, -5.405700e+001,
4389062500, -5.566956e+001,
4390625000, -5.212877e+001,
4392187500, -3.942410e+001,
4393750000, -3.196023e+001,
4395312500, -2.966132e+001,
4396875000, -2.970396e+001,
4398437500, -2.933962e+001,
4400000000, -2.912766e+001,
4401562500, -2.949295e+001,
4403125000, -2.954045e+001,
4404687500, -2.882636e+001,
4406250000, -2.934976e+001,
4407812500, -3.078970e+001,
4409375000, -3.426659e+001,
4410937500, -3.733760e+001,
4412500000, -3.875122e+001,
4414062500, -3.825456e+001,
4415625000, -3.100185e+001,
4417187500, -2.957806e+001,
4418750000, -2.846833e+001,
4420312500, -2.575603e+001,
4421875000, -2.444548e+001,
4423437500, -2.612983e+001,
4425000000, -2.774617e+001,
4426562500, -2.960396e+001,
4428125000, -3.012415e+001,
4429687500, -3.095434e+001,
4431250000, -3.030438e+001,
4432812500, -2.917107e+001,
4434375000, -2.783481e+001,
4435937500, -2.577384e+001,
4437500000, -2.255736e+001,
4439062500, -1.960584e+001,
4440625000, -1.955370e+001,
4442187500, -2.259009e+001,
4443750000, -2.338306e+001,
4445312500, -2.263363e+001,
4446875000, -2.248497e+001,
4448437500, -2.246504e+001,
4450000000, -2.253406e+001,
4451562500, -2.211979e+001,
4453125000, -2.118556e+001,
4454687500, -1.995526e+001,
4456250000, -1.826408e+001,
4457812500, -1.594289e+001,
4459375000, -1.322146e+001,
4460937500, -1.237493e+001,
4462500000, -1.415780e+001,
4464062500, -1.585142e+001,
4465625000, -1.728796e+001,
4467187500, -1.841888e+001,
4468750000, -1.952900e+001,
4470312500, -1.992122e+001,
4471875000, -2.016755e+001,
4473437500, -1.894046e+001,
4475000000, -1.589025e+001,
4476562500, -1.222971e+001,
4478125000, -1.047203e+001,
4479687500, -1.154889e+001,
4481250000, -1.361447e+001,
4482812500, -1.630219e+001,
4484375000, -1.973600e+001,
4485937500, -2.225110e+001,
4487500000, -2.270658e+001,
4489062500, -2.307150e+001,
4490625000, -2.187939e+001,
4492187500, -1.874269e+001,
4493750000, -1.601643e+001,
4495312500, -1.294462e+001,
4496875000, -1.230787e+001,
4498437500, -1.509775e+001,
4500000000, -1.854354e+001,
4501562500, -2.031590e+001,
4503125000, -2.149633e+001,
4504687500, -2.237685e+001,
4506250000, -2.347494e+001,
4507812500, -2.251780e+001,
4509375000, -1.895125e+001,
4510937500, -1.549239e+001,
4512500000, -1.332134e+001,
4514062500, -1.239015e+001,
4515625000, -1.397077e+001,
4517187500, -1.669532e+001,
4518750000, -1.923197e+001,
4520312500, -2.110015e+001,
4521875000, -2.268632e+001,
4523437500, -2.305598e+001,
4525000000, -2.123021e+001,
4526562500, -1.872583e+001,
4528125000, -1.619138e+001,
4529687500, -1.400661e+001,
4531250000, -1.270552e+001,
4532812500, -1.414243e+001,
4534375000, -1.652250e+001,
4535937500, -1.863011e+001,
4537500000, -2.097751e+001,
4539062500, -2.185780e+001,
4540625000, -2.073920e+001,
4542187500, -1.856775e+001,
4543750000, -1.657342e+001,
4545312500, -1.579185e+001,
4546875000, -1.510432e+001,
4548437500, -1.308728e+001,
4550000000, -1.358603e+001,
4551562500, -1.537313e+001,
4553125000, -1.685578e+001,
4554687500, -1.765983e+001,
4556250000, -1.740896e+001,
4557812500, -1.608850e+001,
4559375000, -1.536158e+001,
4560937500, -1.480093e+001,
4562500000, -1.479500e+001,
4564062500, -1.351656e+001,
4565625000, -1.241615e+001,
4567187500, -1.319696e+001,
4568750000, -1.420433e+001,
4570312500, -1.474285e+001,
4571875000, -1.500459e+001,
4573437500, -1.475621e+001,
4575000000, -1.386341e+001,
4576562500, -1.349123e+001,
4578125000, -1.307522e+001,
4579687500, -1.153238e+001,
4581250000, -1.118114e+001,
4582812500, -1.188919e+001,
4584375000, -1.288381e+001,
4585937500, -1.394009e+001,
4587500000, -1.443621e+001,
4589062500, -1.376392e+001,
4590625000, -1.328728e+001,
4592187500, -1.259079e+001,
4593750000, -1.123000e+001,
4595312500, -1.085137e+001,
4596875000, -1.144169e+001,
4598437500, -1.271895e+001,
4600000000, -1.393362e+001,
4601562500, -1.458512e+001,
4603125000, -1.473039e+001,
4604687500, -1.384056e+001,
4606250000, -1.221501e+001,
4607812500, -1.134280e+001,
4609375000, -1.193799e+001,
4610937500, -1.285444e+001,
4612500000, -1.402268e+001,
4614062500, -1.484826e+001,
4615625000, -1.497213e+001,
4617187500, -1.594592e+001,
4618750000, -1.537837e+001,
4620312500, -1.343909e+001,
4621875000, -1.287905e+001,
4623437500, -1.412152e+001,
4625000000, -1.479104e+001,
4626562500, -1.472026e+001,
4628125000, -1.611129e+001,
4629687500, -1.877979e+001,
4631250000, -1.865521e+001,
4632812500, -1.704594e+001,
4634375000, -1.562925e+001,
4635937500, -1.526821e+001,
4637500000, -1.564819e+001,
4639062500, -1.528874e+001,
4640625000, -1.632892e+001,
4642187500, -1.947741e+001,
4643750000, -2.060274e+001,
4645312500, -1.878383e+001,
4646875000, -1.659266e+001,
4648437500, -1.539660e+001,
4650000000, -1.503644e+001,
4651562500, -1.484664e+001,
4653125000, -1.692924e+001,
4654687500, -1.957448e+001,
4656250000, -1.961606e+001,
4657812500, -1.768957e+001,
4659375000, -1.661562e+001,
4660937500, -1.633757e+001,
4662500000, -1.584687e+001,
4664062500, -1.583463e+001,
4665625000, -1.764170e+001,
4667187500, -1.790898e+001,
4668750000, -1.744668e+001,
4670312500, -1.675091e+001,
4671875000, -1.650101e+001,
4673437500, -1.640838e+001,
4675000000, -1.666466e+001,
4676562500, -1.758116e+001,
4678125000, -1.910193e+001,
4679687500, -1.841342e+001,
4681250000, -1.710337e+001,
4682812500, -1.651540e+001,
4684375000, -1.667183e+001,
4685937500, -1.706416e+001,
4687500000, -1.712362e+001,
4689062500, -1.679862e+001,
4690625000, -1.738909e+001,
4692187500, -1.753076e+001,
4693750000, -1.799859e+001,
4695312500, -1.930257e+001,
4696875000, -1.970187e+001,
4698437500, -1.744317e+001,
4700000000, -1.569352e+001,
4701562500, -1.654553e+001,
4703125000, -1.764521e+001,
4704687500, -1.860030e+001,
4706250000, -1.906190e+001,
4707812500, -1.717744e+001,
4709375000, -1.467649e+001,
4710937500, -1.384812e+001,
4712500000, -1.526913e+001,
4714062500, -1.686441e+001,
4715625000, -1.764384e+001,
4717187500, -1.761272e+001,
4718750000, -1.602442e+001,
4720312500, -1.428856e+001,
4721875000, -1.473300e+001,
4723437500, -1.595295e+001,
4725000000, -1.667316e+001,
4726562500, -1.847846e+001,
4728125000, -1.754241e+001,
4729687500, -1.603048e+001,
4731250000, -1.613706e+001,
4732812500, -1.668061e+001,
4734375000, -1.696533e+001,
4735937500, -1.729728e+001,
4737500000, -1.725908e+001,
4739062500, -1.708688e+001,
4740625000, -1.767284e+001,
4742187500, -1.828451e+001,
4743750000, -1.847928e+001,
4745312500, -1.882722e+001,
4746875000, -1.895749e+001,
4748437500, -1.919851e+001,
4750000000, -1.967193e+001,
4751562500, -1.981857e+001,
4753125000, -2.050575e+001,
4754687500, -2.158057e+001,
4756250000, -2.159426e+001,
4757812500, -2.145747e+001,
4759375000, -2.134396e+001,
4760937500, -2.169386e+001,
4762500000, -2.200015e+001,
4764062500, -2.127793e+001,
4765625000, -2.053985e+001,
4767187500, -2.044376e+001,
4768750000, -2.010872e+001,
4770312500, -1.972055e+001,
4771875000, -1.977526e+001,
4773437500, -1.978025e+001,
4775000000, -1.979131e+001,
4776562500, -2.021096e+001,
4778125000, -2.052553e+001,
4779687500, -2.053181e+001,
4781250000, -2.103266e+001,
4782812500, -2.107390e+001,
4784375000, -2.077849e+001,
4785937500, -2.053697e+001,
4787500000, -2.017171e+001,
4789062500, -2.014250e+001,
4790625000, -2.028097e+001,
4792187500, -2.076029e+001,
4793750000, -2.072533e+001,
4795312500, -2.009057e+001,
4796875000, -2.013675e+001,
4798437500, -2.107877e+001,
4800000000, -2.276269e+001,
4801562500, -2.468260e+001,
4803125000, -2.570289e+001,
4804687500, -2.591721e+001,
4806250000, -2.657734e+001,
4807812500, -2.836790e+001,
4809375000, -3.019655e+001,
4810937500, -2.898669e+001,
4812500000, -2.729354e+001,
4814062500, -2.567391e+001,
4815625000, -2.407190e+001,
4817187500, -2.360959e+001,
4818750000, -2.392573e+001,
4820312500, -2.280118e+001,
4821875000, -2.105194e+001,
4823437500, -2.009004e+001,
4825000000, -1.995825e+001,
4826562500, -2.037546e+001,
4828125000, -1.961234e+001,
4829687500, -1.840375e+001,
4831250000, -1.819565e+001,
4832812500, -1.869790e+001,
4834375000, -1.895753e+001,
4835937500, -1.879468e+001,
4837500000, -1.887464e+001,
4839062500, -1.918598e+001,
4840625000, -1.940303e+001,
4842187500, -1.963625e+001,
4843750000, -1.976866e+001,
4845312500, -2.003296e+001,
4846875000, -2.017569e+001,
4848437500, -1.968062e+001,
4850000000, -1.950995e+001,
4851562500, -1.979175e+001,
4853125000, -1.982697e+001,
4854687500, -1.998356e+001,
4856250000, -2.005257e+001,
4857812500, -1.983047e+001,
4859375000, -1.982422e+001,
4860937500, -2.014869e+001,
4862500000, -2.025158e+001,
4864062500, -2.001609e+001,
4865625000, -1.981127e+001,
4867187500, -1.987365e+001,
4868750000, -1.973790e+001,
4870312500, -1.981712e+001,
4871875000, -1.975224e+001,
4873437500, -1.934415e+001,
4875000000, -1.937787e+001,
4876562500, -1.979053e+001,
4878125000, -1.981116e+001,
4879687500, -1.942074e+001,
4881250000, -1.935509e+001,
4882812500, -1.951782e+001,
4884375000, -1.923145e+001,
4885937500, -1.894220e+001,
4887500000, -1.939445e+001,
4889062500, -1.972416e+001,
4890625000, -1.926803e+001,
4892187500, -1.910507e+001,
4893750000, -1.948993e+001,
4895312500, -1.937088e+001,
4896875000, -1.895282e+001,
4898437500, -1.882795e+001,
4900000000, -1.902240e+001,
4901562500, -1.901764e+001,
4903125000, -1.899388e+001,
4904687500, -1.892591e+001,
4906250000, -1.884843e+001,
4907812500, -1.889313e+001,
4909375000, -1.963639e+001,
4910937500, -2.015499e+001,
4912500000, -1.980440e+001,
4914062500, -1.995096e+001,
4915625000, -2.109837e+001,
4917187500, -2.211048e+001,
4918750000, -2.207449e+001,
4920312500, -2.271281e+001,
4921875000, -2.306932e+001,
4923437500, -2.309200e+001,
4925000000, -2.310195e+001,
4926562500, -2.417062e+001,
4928125000, -2.450497e+001,
4929687500, -2.369881e+001,
4931250000, -2.303593e+001,
4932812500, -2.263302e+001,
4934375000, -2.291205e+001,
4935937500, -2.311316e+001,
4937500000, -2.347338e+001,
4939062500, -2.404902e+001,
4940625000, -2.373589e+001,
4942187500, -2.332700e+001,
4943750000, -2.276204e+001,
4945312500, -2.249628e+001,
4946875000, -2.253645e+001,
4948437500, -2.314750e+001,
4950000000, -2.400684e+001,
4951562500, -2.450099e+001,
4953125000, -2.438167e+001,
4954687500, -2.369578e+001,
4956250000, -2.225565e+001,
4957812500, -2.143031e+001,
4959375000, -2.096995e+001,
4960937500, -2.073385e+001,
4962500000, -2.074024e+001,
4964062500, -2.059226e+001,
4965625000, -2.092137e+001,
4967187500, -2.124822e+001,
4968750000, -2.190405e+001,
4970312500, -2.291348e+001,
4971875000, -2.372052e+001,
4973437500, -2.421704e+001,
4975000000, -2.519290e+001,
4976562500, -2.632277e+001,
4978125000, -2.754213e+001,
4979687500, -2.819319e+001,
4981250000, -2.732466e+001,
4982812500, -2.652593e+001,
4984375000, -2.658089e+001,
4985937500, -2.704252e+001,
4987500000, -2.664792e+001,
4989062500, -2.627786e+001,
4990625000, -2.622793e+001,
4992187500, -2.579494e+001,
4993750000, -2.547463e+001,
4995312500, -2.577622e+001,
4996875000, -2.722913e+001,
4998437500, -2.787206e+001,
5000000000, -2.706859e+001,
5001562500, -2.591196e+001,
5003125000, -2.521168e+001,
5004687500, -2.472837e+001,
5006250000, -2.346141e+001,
5007812500, -2.222151e+001,
5009375000, -2.180104e+001,
5010937500, -2.207227e+001,
5012500000, -2.247482e+001,
5014062500, -2.288249e+001,
5015625000, -2.275839e+001,
5017187500, -2.261199e+001,
5018750000, -2.240173e+001,
5020312500, -2.288826e+001,
5021875000, -2.396912e+001,
5023437500, -2.469142e+001,
5025000000, -2.592885e+001,
5026562500, -2.593413e+001,
5028125000, -2.539776e+001,
5029687500, -2.450811e+001,
5031250000, -2.373460e+001,
5032812500, -2.411553e+001,
5034375000, -2.433589e+001,
5035937500, -2.422494e+001,
5037500000, -2.467232e+001,
5039062500, -2.593635e+001,
5040625000, -2.713413e+001,
5042187500, -2.793354e+001,
5043750000, -2.937593e+001,
5045312500, -2.971322e+001,
5046875000, -2.942221e+001,
5048437500, -2.999010e+001,
5050000000, -3.217404e+001,
5051562500, -3.270858e+001,
5053125000, -3.132658e+001,
5054687500, -3.052809e+001,
5056250000, -3.249395e+001,
5057812500, -3.132961e+001,
5059375000, -2.896931e+001,
5060937500, -2.796566e+001,
5062500000, -2.744276e+001,
5064062500, -2.837147e+001,
5065625000, -2.962427e+001,
5067187500, -3.141433e+001,
5068750000, -3.037277e+001,
5070312500, -2.818158e+001,
5071875000, -2.788160e+001,
5073437500, -2.770237e+001,
5075000000, -2.681466e+001,
5076562500, -2.665716e+001,
5078125000, -2.680556e+001,
5079687500, -2.791843e+001,
5081250000, -2.965315e+001,
5082812500, -3.007191e+001,
5084375000, -3.250642e+001,
5085937500, -3.210284e+001,
5087500000, -3.061325e+001,
5089062500, -2.988721e+001,
5090625000, -2.924016e+001,
5092187500, -3.042284e+001,
5093750000, -3.042175e+001,
5095312500, -3.083970e+001,
5096875000, -3.024471e+001,
5098437500, -2.901984e+001,
5100000000, -2.818831e+001,
5101562500, -2.971907e+001,
5103125000, -3.174545e+001,
5104687500, -3.197798e+001,
5106250000, -3.247704e+001,
5107812500, -3.356101e+001,
5109375000, -3.220361e+001,
5110937500, -3.260654e+001,
5112500000, -3.131813e+001,
5114062500, -3.001890e+001,
5115625000, -3.150772e+001,
5117187500, -3.276768e+001,
5118750000, -3.490035e+001,
5120312500, -3.526974e+001,
5121875000, -3.842852e+001,
5123437500, -3.811533e+001,
5125000000, -3.464449e+001,
5126562500, -3.436457e+001,
5128125000, -3.421629e+001,
5129687500, -3.558754e+001,
5131250000, -3.802405e+001,
5132812500, -3.749586e+001,
5134375000, -3.706610e+001,
5135937500, -3.692493e+001,
5137500000, -3.904896e+001,
5139062500, -3.983749e+001,
5140625000, -4.016310e+001,
5142187500, -3.837758e+001,
5143750000, -3.963964e+001,
5145312500, -4.231579e+001,
5146875000, -4.159170e+001,
5148437500, -4.197196e+001,
5150000000, -4.403228e+001,
5151562500, -4.622815e+001,
5153125000, -4.730495e+001,
5154687500, -4.762955e+001,
5156250000, -4.851559e+001,
5157812500, -5.033479e+001,
5159375000, -5.320981e+001,
5160937500, -5.631059e+001,
5162500000, -6.374020e+001,
5164062500, -6.548731e+001,
5165625000, -6.497164e+001,
5167187500, -5.961068e+001,
5168750000, -6.492984e+001,
5170312500, -5.784086e+001,
5171875000, -6.002841e+001,
5173437500, -6.071488e+001,
5175000000, -6.131422e+001,
5176562500, -6.228592e+001,
5178125000, -6.216485e+001,
5179687500, -6.244817e+001,
5181250000, -6.238137e+001,
5182812500, -6.234058e+001,
5184375000, -6.204983e+001,
5185937500, -6.209950e+001,
5187500000, -6.222161e+001,
5189062500, -6.231731e+001,
5190625000, -6.212725e+001,
5192187500, -6.216474e+001,
5193750000, -6.198905e+001,
5195312500, -6.193713e+001,
5196875000, -6.209624e+001,
5198437500, -6.179831e+001,
5200000000, -6.165103e+001,
5201562500, -6.202082e+001,
5203125000, -6.189585e+001,
5204687500, -6.198649e+001,
5206250000, -6.193008e+001,
5207812500, -6.191051e+001,
5209375000, -6.202748e+001,
5210937500, -6.226541e+001,
5212500000, -6.201286e+001,
5214062500, -6.215691e+001,
5215625000, -6.195304e+001,
5217187500, -6.211729e+001,
5218750000, -6.193410e+001,
5220312500, -6.204516e+001,
5221875000, -6.209550e+001,
5223437500, -6.201694e+001,
5225000000, -6.190628e+001,
5226562500, -6.201772e+001,
5228125000, -6.196935e+001,
5229687500, -6.198832e+001,
5231250000, -6.180412e+001,
5232812500, -6.203003e+001,
5234375000, -6.203376e+001,
5235937500, -6.185710e+001,
5237500000, -6.219571e+001,
5239062500, -6.189856e+001,
5240625000, -6.205854e+001,
5242187500, -6.194678e+001,
5243750000, -6.212624e+001,
5245312500, -6.199609e+001,
5246875000, -6.199768e+001,
5248437500, -6.207278e+001,
5250000000, -6.228186e+001,
5251562500, -6.221262e+001,
5253125000, -6.209024e+001,
5254687500, -6.189718e+001,
5256250000, -6.170748e+001,
5257812500, -6.202690e+001,
5259375000, -6.173005e+001,
5260937500, -6.171965e+001,
5262500000, -6.179124e+001,
5264062500, -6.191182e+001,
5265625000, -6.192739e+001,
5267187500, -6.185146e+001,
5268750000, -6.186434e+001,
5270312500, -6.198539e+001,
5271875000, -6.204432e+001,
5273437500, -6.199330e+001,
5275000000, -6.203226e+001,
5276562500, -6.208847e+001,
5278125000, -6.195895e+001,
5279687500, -6.217691e+001,
5281250000, -6.208046e+001,
5282812500, -6.216278e+001,
5284375000, -6.218330e+001,
5285937500, -6.231345e+001,
5287500000, -6.248006e+001,
5289062500, -6.245128e+001,
5290625000, -6.233773e+001,
5292187500, -6.237529e+001,
5293750000, -6.235597e+001,
5295312500, -6.231450e+001,
5296875000, -6.242677e+001,
5298437500, -6.230410e+001,
5300000000, -6.229370e+001,
5301562500, -6.249405e+001,
5303125000, -6.234075e+001,
5304687500, -6.257490e+001,
5306250000, -6.245662e+001,
5307812500, -6.249442e+001,
5309375000, -6.257883e+001,
5310937500, -6.264879e+001,
5312500000, -6.258134e+001,
5314062500, -6.276000e+001,
5315625000, -6.301715e+001,
5317187500, -6.274843e+001,
5318750000, -6.278256e+001,
5320312500, -6.292773e+001,
5321875000, -6.250649e+001,
5323437500, -6.268974e+001,
5325000000, -6.265024e+001,
5326562500, -6.240440e+001,
5328125000, -6.241207e+001,
5329687500, -6.239482e+001,
5331250000, -6.234444e+001,
5332812500, -6.202526e+001,
5334375000, -6.189569e+001,
5335937500, -6.178959e+001,
5337500000, -6.165853e+001,
5339062500, -6.147745e+001,
5340625000, -6.120489e+001,
5342187500, -6.133344e+001,
5343750000, -6.081519e+001,
5345312500, -6.085133e+001,
5346875000, -6.072214e+001,
5348437500, -6.053280e+001,
5350000000, -6.063095e+001,
5351562500, -6.019837e+001,
5353125000, -6.018604e+001,
5354687500, -5.995790e+001,
5356250000, -5.972779e+001,
5357812500, -5.973309e+001,
5359375000, -5.961573e+001,
5360937500, -5.948226e+001,
5362500000, -5.943099e+001,
5364062500, -5.900774e+001,
5365625000, -5.904184e+001,
5367187500, -5.892489e+001,
5368750000, -5.859716e+001,
5370312500, -5.863235e+001,
5371875000, -5.855996e+001,
5373437500, -5.837552e+001,
5375000000, -5.823638e+001,
5376562500, -5.794287e+001,
5378125000, -5.787675e+001,
5379687500, -5.784705e+001,
5381250000, -5.762668e+001,
5382812500, -5.753708e+001,
5384375000, -5.724111e+001,
5385937500, -5.720699e+001,
5387500000, -5.693231e+001,
5389062500, -5.682061e+001,
5390625000, -5.671139e+001,
5392187500, -5.667155e+001,
5393750000, -5.646931e+001,
5395312500, -5.647334e+001,
5396875000, -5.635490e+001,
5398437500, -5.622504e+001,
5400000000, -5.616346e+001,
5401562500, -5.618255e+001,
5403125000, -5.607366e+001,
5404687500, -5.606931e+001,
5406250000, -5.595804e+001,
5407812500, -5.582859e+001,
5409375000, -5.574120e+001,
5410937500, -5.572989e+001,
5412500000, -5.562345e+001,
5414062500, -5.559631e+001,
5415625000, -5.559319e+001,
5417187500, -5.548522e+001,
5418750000, -5.542213e+001,
5420312500, -5.541011e+001,
5421875000, -5.526824e+001,
5423437500, -5.518869e+001,
5425000000, -5.529145e+001,
5426562500, -5.515197e+001,
5428125000, -5.522013e+001,
5429687500, -5.511657e+001,
5431250000, -5.512111e+001,
5432812500, -5.507088e+001,
5434375000, -5.512727e+001,
5435937500, -5.502005e+001,
5437500000, -5.498225e+001,
5439062500, -5.489383e+001,
5440625000, -5.494949e+001,
5442187500, -5.468123e+001,
5443750000, -5.467348e+001,
5445312500, -5.463993e+001,
5446875000, -5.463774e+001,
5448437500, -5.465425e+001,
5450000000, -5.474780e+001,
5451562500, -5.465207e+001,
5453125000, -5.472990e+001,
5454687500, -5.472522e+001,
5456250000, -5.470390e+001,
5457812500, -5.474924e+001,
5459375000, -5.476455e+001,
5460937500, -5.478688e+001,
5462500000, -5.469062e+001,
5464062500, -5.475783e+001,
5465625000, -5.467887e+001,
5467187500, -5.460388e+001,
5468750000, -5.461583e+001,
5470312500, -5.461973e+001,
5471875000, -5.459830e+001,
5473437500, -5.452097e+001,
5475000000, -5.456953e+001,
5476562500, -5.456184e+001,
5478125000, -5.446219e+001,
5479687500, -5.439738e+001,
5481250000, -5.446833e+001,
5482812500, -5.445356e+001,
5484375000, -5.443120e+001,
5485937500, -5.441599e+001,
5487500000, -5.430074e+001,
5489062500, -5.433438e+001,
5490625000, -5.437302e+001,
5492187500, -5.424094e+001,
5493750000, -5.414399e+001,
5495312500, -5.419870e+001,
5496875000, -5.411320e+001,
5498437500, -5.422976e+001,
5500000000, -5.412049e+001,
