"S12 Log Mag"
"Frequency (Hz)","dB",
3000000000, -5.001007e+001,
3001562500, -5.002755e+001,
3003125000, -4.991782e+001,
3004687500, -4.990445e+001,
3006250000, -4.979802e+001,
3007812500, -4.981188e+001,
3009375000, -4.979522e+001,
3010937500, -4.968106e+001,
3012500000, -4.973804e+001,
3014062500, -4.963578e+001,
3015625000, -4.962211e+001,
3017187500, -4.951213e+001,
3018750000, -4.950954e+001,
3020312500, -4.943621e+001,
3021875000, -4.933208e+001,
3023437500, -4.932293e+001,
3025000000, -4.922474e+001,
3026562500, -4.920636e+001,
3028125000, -4.911836e+001,
3029687500, -4.903807e+001,
3031250000, -4.901728e+001,
3032812500, -4.898326e+001,
3034375000, -4.889549e+001,
3035937500, -4.882747e+001,
3037500000, -4.878741e+001,
3039062500, -4.869879e+001,
3040625000, -4.875912e+001,
3042187500, -4.867602e+001,
3043750000, -4.864102e+001,
3045312500, -4.854416e+001,
3046875000, -4.851160e+001,
3048437500, -4.850042e+001,
3050000000, -4.842904e+001,
3051562500, -4.841017e+001,
3053125000, -4.839095e+001,
3054687500, -4.839970e+001,
3056250000, -4.833212e+001,
3057812500, -4.831918e+001,
3059375000, -4.828647e+001,
3060937500, -4.822728e+001,
3062500000, -4.820389e+001,
3064062500, -4.816144e+001,
3065625000, -4.817052e+001,
3067187500, -4.818753e+001,
3068750000, -4.813021e+001,
3070312500, -4.810344e+001,
3071875000, -4.810967e+001,
3073437500, -4.806714e+001,
3075000000, -4.805869e+001,
3076562500, -4.806649e+001,
3078125000, -4.800904e+001,
3079687500, -4.802624e+001,
3081250000, -4.800035e+001,
3082812500, -4.800007e+001,
3084375000, -4.800613e+001,
3085937500, -4.804255e+001,
3087500000, -4.804138e+001,
3089062500, -4.800959e+001,
3090625000, -4.803395e+001,
3092187500, -4.800768e+001,
3093750000, -4.803935e+001,
3095312500, -4.803764e+001,
3096875000, -4.799247e+001,
3098437500, -4.801575e+001,
3100000000, -4.805741e+001,
3101562500, -4.802641e+001,
3103125000, -4.798067e+001,
3104687500, -4.794636e+001,
3106250000, -4.796904e+001,
3107812500, -4.795065e+001,
3109375000, -4.796047e+001,
3110937500, -4.791821e+001,
3112500000, -4.790751e+001,
3114062500, -4.792821e+001,
3115625000, -4.791829e+001,
3117187500, -4.792556e+001,
3118750000, -4.791638e+001,
3120312500, -4.792967e+001,
3121875000, -4.790094e+001,
3123437500, -4.785218e+001,
3125000000, -4.788133e+001,
3126562500, -4.786898e+001,
3128125000, -4.780690e+001,
3129687500, -4.780550e+001,
3131250000, -4.787309e+001,
3132812500, -4.783210e+001,
3134375000, -4.784964e+001,
3135937500, -4.780836e+001,
3137500000, -4.779599e+001,
3139062500, -4.779475e+001,
3140625000, -4.780970e+001,
3142187500, -4.781891e+001,
3143750000, -4.772770e+001,
3145312500, -4.773748e+001,
3146875000, -4.768313e+001,
3148437500, -4.764654e+001,
3150000000, -4.761493e+001,
3151562500, -4.764751e+001,
3153125000, -4.765643e+001,
3154687500, -4.764610e+001,
3156250000, -4.763908e+001,
3157812500, -4.762082e+001,
3159375000, -4.763536e+001,
3160937500, -4.766248e+001,
3162500000, -4.763937e+001,
3164062500, -4.764613e+001,
3165625000, -4.765031e+001,
3167187500, -4.769179e+001,
3168750000, -4.767911e+001,
3170312500, -4.771042e+001,
3171875000, -4.772567e+001,
3173437500, -4.774158e+001,
3175000000, -4.777589e+001,
3176562500, -4.780642e+001,
3178125000, -4.779101e+001,
3179687500, -4.788488e+001,
3181250000, -4.788027e+001,
3182812500, -4.788141e+001,
3184375000, -4.796648e+001,
3185937500, -4.793884e+001,
3187500000, -4.802517e+001,
3189062500, -4.801889e+001,
3190625000, -4.810912e+001,
3192187500, -4.815955e+001,
3193750000, -4.817705e+001,
3195312500, -4.821649e+001,
3196875000, -4.824311e+001,
3198437500, -4.832765e+001,
3200000000, -4.832251e+001,
3201562500, -4.840018e+001,
3203125000, -4.850217e+001,
3204687500, -4.851345e+001,
3206250000, -4.853655e+001,
3207812500, -4.862779e+001,
3209375000, -4.871461e+001,
3210937500, -4.869913e+001,
3212500000, -4.877544e+001,
3214062500, -4.884984e+001,
3215625000, -4.883667e+001,
3217187500, -4.898969e+001,
3218750000, -4.897885e+001,
3220312500, -4.906770e+001,
3221875000, -4.905647e+001,
3223437500, -4.907857e+001,
3225000000, -4.918797e+001,
3226562500, -4.916953e+001,
3228125000, -4.918618e+001,
3229687500, -4.924453e+001,
3231250000, -4.927110e+001,
3232812500, -4.931395e+001,
3234375000, -4.934839e+001,
3235937500, -4.938839e+001,
3237500000, -4.940037e+001,
3239062500, -4.937938e+001,
3240625000, -4.942588e+001,
3242187500, -4.942874e+001,
3243750000, -4.942243e+001,
3245312500, -4.949895e+001,
3246875000, -4.947626e+001,
3248437500, -4.947633e+001,
3250000000, -4.954223e+001,
3251562500, -4.946117e+001,
3253125000, -4.943568e+001,
3254687500, -4.954213e+001,
3256250000, -4.945095e+001,
3257812500, -4.948783e+001,
3259375000, -4.949790e+001,
3260937500, -4.944978e+001,
3262500000, -4.937490e+001,
3264062500, -4.945292e+001,
3265625000, -4.947092e+001,
3267187500, -4.940665e+001,
3268750000, -4.935015e+001,
3270312500, -4.934747e+001,
3271875000, -4.932408e+001,
3273437500, -4.932273e+001,
3275000000, -4.927007e+001,
3276562500, -4.926861e+001,
3278125000, -4.929833e+001,
3279687500, -4.921627e+001,
3281250000, -4.922360e+001,
3282812500, -4.917674e+001,
3284375000, -4.912358e+001,
3285937500, -4.903458e+001,
3287500000, -4.899485e+001,
3289062500, -4.901624e+001,
3290625000, -4.895581e+001,
3292187500, -4.887258e+001,
3293750000, -4.889067e+001,
3295312500, -4.880879e+001,
3296875000, -4.881909e+001,
3298437500, -4.881302e+001,
3300000000, -4.864667e+001,
3301562500, -4.864286e+001,
3303125000, -4.857348e+001,
3304687500, -4.855185e+001,
3306250000, -4.849802e+001,
3307812500, -4.846501e+001,
3309375000, -4.837047e+001,
3310937500, -4.835107e+001,
3312500000, -4.828651e+001,
3314062500, -4.832191e+001,
3315625000, -4.826748e+001,
3317187500, -4.815511e+001,
3318750000, -4.818622e+001,
3320312500, -4.813821e+001,
3321875000, -4.806450e+001,
3323437500, -4.804669e+001,
3325000000, -4.803112e+001,
3326562500, -4.794599e+001,
3328125000, -4.794894e+001,
3329687500, -4.785743e+001,
3331250000, -4.787177e+001,
3332812500, -4.789069e+001,
3334375000, -4.779990e+001,
3335937500, -4.775664e+001,
3337500000, -4.777792e+001,
3339062500, -4.774279e+001,
3340625000, -4.771201e+001,
3342187500, -4.764822e+001,
3343750000, -4.764576e+001,
3345312500, -4.763362e+001,
3346875000, -4.760828e+001,
3348437500, -4.754663e+001,
3350000000, -4.764682e+001,
3351562500, -4.758358e+001,
3353125000, -4.754545e+001,
3354687500, -4.756697e+001,
3356250000, -4.760799e+001,
3357812500, -4.758281e+001,
3359375000, -4.760722e+001,
3360937500, -4.753545e+001,
3362500000, -4.765515e+001,
3364062500, -4.762130e+001,
3365625000, -4.762829e+001,
3367187500, -4.770670e+001,
3368750000, -4.772604e+001,
3370312500, -4.775795e+001,
3371875000, -4.771825e+001,
3373437500, -4.782376e+001,
3375000000, -4.777221e+001,
3376562500, -4.780240e+001,
3378125000, -4.785363e+001,
3379687500, -4.789848e+001,
3381250000, -4.790460e+001,
3382812500, -4.797775e+001,
3384375000, -4.790375e+001,
3385937500, -4.809496e+001,
3387500000, -4.808543e+001,
3389062500, -4.814388e+001,
3390625000, -4.810777e+001,
3392187500, -4.813340e+001,
3393750000, -4.822061e+001,
3395312500, -4.821789e+001,
3396875000, -4.831712e+001,
3398437500, -4.831438e+001,
3400000000, -4.831311e+001,
3401562500, -4.840829e+001,
3403125000, -4.845599e+001,
3404687500, -4.845961e+001,
3406250000, -4.850215e+001,
3407812500, -4.861988e+001,
3409375000, -4.861660e+001,
3410937500, -4.865601e+001,
3412500000, -4.871595e+001,
3414062500, -4.873504e+001,
3415625000, -4.882475e+001,
3417187500, -4.877822e+001,
3418750000, -4.889679e+001,
3420312500, -4.893929e+001,
3421875000, -4.901391e+001,
3423437500, -4.903093e+001,
3425000000, -4.905207e+001,
3426562500, -4.909898e+001,
3428125000, -4.912857e+001,
3429687500, -4.911559e+001,
3431250000, -4.904331e+001,
3432812500, -4.912083e+001,
3434375000, -4.914363e+001,
3435937500, -4.914345e+001,
3437500000, -4.914093e+001,
3439062500, -4.916536e+001,
3440625000, -4.908350e+001,
3442187500, -4.920663e+001,
3443750000, -4.918954e+001,
3445312500, -4.919116e+001,
3446875000, -4.923505e+001,
3448437500, -4.922502e+001,
3450000000, -4.928752e+001,
3451562500, -4.927378e+001,
3453125000, -4.925108e+001,
3454687500, -4.935186e+001,
3456250000, -4.936140e+001,
3457812500, -4.927788e+001,
3459375000, -4.929945e+001,
3460937500, -4.929806e+001,
3462500000, -4.921961e+001,
3464062500, -4.928706e+001,
3465625000, -4.929593e+001,
3467187500, -4.932589e+001,
3468750000, -4.926651e+001,
3470312500, -4.933488e+001,
3471875000, -4.935728e+001,
3473437500, -4.934969e+001,
3475000000, -4.926925e+001,
3476562500, -4.934972e+001,
3478125000, -4.928192e+001,
3479687500, -4.928460e+001,
3481250000, -4.923659e+001,
3482812500, -4.926873e+001,
3484375000, -4.922067e+001,
3485937500, -4.923002e+001,
3487500000, -4.928802e+001,
3489062500, -4.929255e+001,
3490625000, -4.928218e+001,
3492187500, -4.933650e+001,
3493750000, -4.933274e+001,
3495312500, -4.934180e+001,
3496875000, -4.933379e+001,
3498437500, -4.927165e+001,
3500000000, -4.937827e+001,
3501562500, -4.937341e+001,
3503125000, -4.934238e+001,
3504687500, -4.935962e+001,
3506250000, -4.943991e+001,
3507812500, -4.936903e+001,
3509375000, -4.940878e+001,
3510937500, -4.955253e+001,
3512500000, -4.952706e+001,
3514062500, -4.949468e+001,
3515625000, -4.959059e+001,
3517187500, -4.960877e+001,
3518750000, -4.973755e+001,
3520312500, -4.978163e+001,
3521875000, -4.970483e+001,
3523437500, -4.985053e+001,
3525000000, -4.987797e+001,
3526562500, -4.988807e+001,
3528125000, -4.984481e+001,
3529687500, -4.992949e+001,
3531250000, -5.000693e+001,
3532812500, -4.985172e+001,
3534375000, -5.000373e+001,
3535937500, -5.011684e+001,
3537500000, -5.018890e+001,
3539062500, -5.011773e+001,
3540625000, -5.012746e+001,
3542187500, -5.017976e+001,
3543750000, -5.043300e+001,
3545312500, -5.032446e+001,
3546875000, -5.038173e+001,
3548437500, -5.040263e+001,
3550000000, -5.045607e+001,
3551562500, -5.046055e+001,
3553125000, -5.052707e+001,
3554687500, -5.062676e+001,
3556250000, -5.058553e+001,
3557812500, -5.064698e+001,
3559375000, -5.083234e+001,
3560937500, -5.068605e+001,
3562500000, -5.083067e+001,
3564062500, -5.080501e+001,
3565625000, -5.074017e+001,
3567187500, -5.076687e+001,
3568750000, -5.081895e+001,
3570312500, -5.087142e+001,
3571875000, -5.085681e+001,
3573437500, -5.084586e+001,
3575000000, -5.065504e+001,
3576562500, -5.069521e+001,
3578125000, -5.074111e+001,
3579687500, -5.076225e+001,
3581250000, -5.066440e+001,
3582812500, -5.063062e+001,
3584375000, -5.064272e+001,
3585937500, -5.078809e+001,
3587500000, -5.067010e+001,
3589062500, -5.069035e+001,
3590625000, -5.074233e+001,
3592187500, -5.069688e+001,
3593750000, -5.058092e+001,
3595312500, -5.063843e+001,
3596875000, -5.063725e+001,
3598437500, -5.052657e+001,
3600000000, -5.066534e+001,
3601562500, -5.040274e+001,
3603125000, -5.030636e+001,
3604687500, -5.040896e+001,
3606250000, -5.045723e+001,
3607812500, -5.039568e+001,
3609375000, -5.018307e+001,
3610937500, -5.018242e+001,
3612500000, -5.054955e+001,
3614062500, -5.031849e+001,
3615625000, -5.015197e+001,
3617187500, -5.022064e+001,
3618750000, -5.025392e+001,
3620312500, -5.020225e+001,
3621875000, -5.022054e+001,
3623437500, -5.005331e+001,
3625000000, -5.004870e+001,
3626562500, -5.025222e+001,
3628125000, -5.022923e+001,
3629687500, -5.009562e+001,
3631250000, -5.010294e+001,
3632812500, -5.003171e+001,
3634375000, -5.029201e+001,
3635937500, -5.027038e+001,
3637500000, -5.011362e+001,
3639062500, -5.024020e+001,
3640625000, -5.032419e+001,
3642187500, -5.040248e+001,
3643750000, -5.055481e+001,
3645312500, -5.037147e+001,
3646875000, -5.049859e+001,
3648437500, -5.048900e+001,
3650000000, -5.069080e+001,
3651562500, -5.092613e+001,
3653125000, -5.058101e+001,
3654687500, -5.062176e+001,
3656250000, -5.094133e+001,
3657812500, -5.090110e+001,
3659375000, -5.075920e+001,
3660937500, -5.080726e+001,
3662500000, -5.091763e+001,
3664062500, -5.114693e+001,
3665625000, -5.109197e+001,
3667187500, -5.095692e+001,
3668750000, -5.109520e+001,
3670312500, -5.103817e+001,
3671875000, -5.125154e+001,
3673437500, -5.157777e+001,
3675000000, -5.144780e+001,
3676562500, -5.115668e+001,
3678125000, -5.116050e+001,
3679687500, -5.149873e+001,
3681250000, -5.165051e+001,
3682812500, -5.152179e+001,
3684375000, -5.143262e+001,
3685937500, -5.151877e+001,
3687500000, -5.170443e+001,
3689062500, -5.154483e+001,
3690625000, -5.155207e+001,
3692187500, -5.189025e+001,
3693750000, -5.183641e+001,
3695312500, -5.173647e+001,
3696875000, -5.201917e+001,
3698437500, -5.191496e+001,
3700000000, -5.197312e+001,
3701562500, -5.179457e+001,
3703125000, -5.202242e+001,
3704687500, -5.254863e+001,
3706250000, -5.259415e+001,
3707812500, -5.215098e+001,
3709375000, -5.212283e+001,
3710937500, -5.201841e+001,
3712500000, -5.259682e+001,
3714062500, -5.267023e+001,
3715625000, -5.240486e+001,
3717187500, -5.240142e+001,
3718750000, -5.252676e+001,
3720312500, -5.250039e+001,
3721875000, -5.248074e+001,
3723437500, -5.286579e+001,
3725000000, -5.289277e+001,
3726562500, -5.280881e+001,
3728125000, -5.278410e+001,
3729687500, -5.300247e+001,
3731250000, -5.292097e+001,
3732812500, -5.293238e+001,
3734375000, -5.292007e+001,
3735937500, -5.321389e+001,
3737500000, -5.355592e+001,
3739062500, -5.365779e+001,
3740625000, -5.357997e+001,
3742187500, -5.321279e+001,
3743750000, -5.315107e+001,
3745312500, -5.368595e+001,
3746875000, -5.397571e+001,
3748437500, -5.408674e+001,
3750000000, -5.412753e+001,
3751562500, -5.378813e+001,
3753125000, -5.378426e+001,
3754687500, -5.381802e+001,
3756250000, -5.482999e+001,
3757812500, -5.527794e+001,
3759375000, -5.496081e+001,
3760937500, -5.514333e+001,
3762500000, -5.517201e+001,
3764062500, -5.539563e+001,
3765625000, -5.551391e+001,
3767187500, -5.586525e+001,
3768750000, -5.614090e+001,
3770312500, -5.613875e+001,
3771875000, -5.614820e+001,
3773437500, -5.616769e+001,
3775000000, -5.658298e+001,
3776562500, -5.676589e+001,
3778125000, -5.621068e+001,
3779687500, -5.566087e+001,
3781250000, -5.661641e+001,
3782812500, -5.829731e+001,
3784375000, -5.719823e+001,
3785937500, -5.643915e+001,
3787500000, -5.597781e+001,
3789062500, -5.602980e+001,
3790625000, -5.742094e+001,
3792187500, -5.902380e+001,
3793750000, -5.964369e+001,
3795312500, -5.725282e+001,
3796875000, -5.712169e+001,
3798437500, -5.780478e+001,
3800000000, -5.833354e+001,
3801562500, -5.893470e+001,
3803125000, -5.920128e+001,
3804687500, -5.934416e+001,
3806250000, -5.909138e+001,
3807812500, -5.834064e+001,
3809375000, -5.834059e+001,
3810937500, -5.966351e+001,
3812500000, -5.942967e+001,
3814062500, -5.865785e+001,
3815625000, -5.878344e+001,
3817187500, -5.853601e+001,
3818750000, -6.112128e+001,
3820312500, -6.115978e+001,
3821875000, -5.852896e+001,
3823437500, -5.739140e+001,
3825000000, -5.812098e+001,
3826562500, -5.992278e+001,
3828125000, -6.267573e+001,
3829687500, -6.393298e+001,
3831250000, -6.189513e+001,
3832812500, -5.989013e+001,
3834375000, -5.987634e+001,
3835937500, -6.034027e+001,
3837500000, -6.147043e+001,
3839062500, -6.348528e+001,
3840625000, -6.326601e+001,
3842187500, -6.274279e+001,
3843750000, -6.142550e+001,
3845312500, -6.095860e+001,
3846875000, -6.183419e+001,
3848437500, -6.287325e+001,
3850000000, -6.175303e+001,
3851562500, -6.088815e+001,
3853125000, -6.122052e+001,
3854687500, -6.222043e+001,
3856250000, -6.973073e+001,
3857812500, -6.311416e+001,
3859375000, -6.101860e+001,
3860937500, -6.009080e+001,
3862500000, -5.989449e+001,
3864062500, -6.081445e+001,
3865625000, -6.408707e+001,
3867187500, -7.215630e+001,
3868750000, -6.903885e+001,
3870312500, -6.451794e+001,
3871875000, -6.202145e+001,
3873437500, -6.112920e+001,
3875000000, -6.211522e+001,
3876562500, -6.554134e+001,
3878125000, -6.658591e+001,
3879687500, -6.879569e+001,
3881250000, -6.741704e+001,
3882812500, -6.363491e+001,
3884375000, -6.283239e+001,
3885937500, -6.447464e+001,
3887500000, -6.602028e+001,
3889062500, -6.335107e+001,
3890625000, -6.073458e+001,
3892187500, -6.061712e+001,
3893750000, -6.447846e+001,
3895312500, -8.909398e+001,
3896875000, -6.588444e+001,
3898437500, -6.392794e+001,
3900000000, -6.135600e+001,
3901562500, -5.858680e+001,
3903125000, -6.018166e+001,
3904687500, -6.477940e+001,
3906250000, -7.900600e+001,
3907812500, -7.284414e+001,
3909375000, -7.041241e+001,
3910937500, -6.483836e+001,
3912500000, -6.267905e+001,
3914062500, -6.340477e+001,
3915625000, -6.289078e+001,
3917187500, -6.012164e+001,
3918750000, -6.451612e+001,
3920312500, -7.188789e+001,
3921875000, -7.198044e+001,
3923437500, -6.515786e+001,
3925000000, -6.435538e+001,
3926562500, -6.326696e+001,
3928125000, -6.274156e+001,
3929687500, -6.306922e+001,
3931250000, -6.044268e+001,
3932812500, -6.142283e+001,
3934375000, -6.326638e+001,
3935937500, -6.624451e+001,
3937500000, -7.001411e+001,
3939062500, -6.375892e+001,
3940625000, -6.005866e+001,
3942187500, -6.397651e+001,
3943750000, -6.410744e+001,
3945312500, -6.036388e+001,
3946875000, -6.166137e+001,
3948437500, -6.596236e+001,
3950000000, -7.236686e+001,
3951562500, -6.791560e+001,
3953125000, -6.335231e+001,
3954687500, -6.547471e+001,
3956250000, -7.568295e+001,
3957812500, -6.304220e+001,
3959375000, -5.789188e+001,
3960937500, -5.772398e+001,
3962500000, -6.136200e+001,
3964062500, -6.803683e+001,
3965625000, -7.051360e+001,
3967187500, -6.745672e+001,
3968750000, -6.638003e+001,
3970312500, -6.302372e+001,
3971875000, -6.319282e+001,
3973437500, -6.507468e+001,
3975000000, -7.078951e+001,
3976562500, -6.636490e+001,
3978125000, -6.308894e+001,
3979687500, -6.688267e+001,
3981250000, -8.395345e+001,
3982812500, -6.584251e+001,
3984375000, -6.260229e+001,
3985937500, -6.045100e+001,
3987500000, -5.946485e+001,
3989062500, -6.052788e+001,
3990625000, -6.143928e+001,
3992187500, -6.149052e+001,
3993750000, -6.323927e+001,
3995312500, -6.339510e+001,
3996875000, -7.212490e+001,
3998437500, -6.812331e+001,
4000000000, -6.734845e+001,
4001562500, -6.788418e+001,
4003125000, -6.055977e+001,
4004687500, -6.045320e+001,
4006250000, -6.246014e+001,
4007812500, -6.965092e+001,
4009375000, -7.292372e+001,
4010937500, -6.842645e+001,
4012500000, -6.886223e+001,
4014062500, -7.522646e+001,
4015625000, -7.197476e+001,
4017187500, -6.305404e+001,
4018750000, -5.683487e+001,
4020312500, -5.689890e+001,
4021875000, -5.914232e+001,
4023437500, -6.053341e+001,
4025000000, -5.751110e+001,
4026562500, -5.597117e+001,
4028125000, -5.754539e+001,
4029687500, -5.725672e+001,
4031250000, -5.795599e+001,
4032812500, -6.024119e+001,
4034375000, -6.127303e+001,
4035937500, -6.250394e+001,
4037500000, -6.390308e+001,
4039062500, -6.048817e+001,
4040625000, -5.993244e+001,
4042187500, -6.414888e+001,
4043750000, -8.257954e+001,
4045312500, -6.425311e+001,
4046875000, -6.071836e+001,
4048437500, -6.445267e+001,
4050000000, -6.004513e+001,
4051562500, -6.261369e+001,
4053125000, -7.204749e+001,
4054687500, -7.847526e+001,
4056250000, -6.749596e+001,
4057812500, -6.637381e+001,
4059375000, -7.363951e+001,
4060937500, -7.038220e+001,
4062500000, -6.119976e+001,
4064062500, -5.575212e+001,
4065625000, -5.682002e+001,
4067187500, -5.385603e+001,
4068750000, -5.501648e+001,
4070312500, -5.416166e+001,
4071875000, -5.495362e+001,
4073437500, -5.457188e+001,
4075000000, -5.229786e+001,
4076562500, -5.131036e+001,
4078125000, -5.098864e+001,
4079687500, -5.060015e+001,
4081250000, -5.365357e+001,
4082812500, -5.945490e+001,
4084375000, -6.756255e+001,
4085937500, -6.436505e+001,
4087500000, -5.888126e+001,
4089062500, -5.529676e+001,
4090625000, -5.360212e+001,
4092187500, -5.779524e+001,
4093750000, -6.670068e+001,
4095312500, -6.009683e+001,
4096875000, -5.847535e+001,
4098437500, -5.643470e+001,
4100000000, -5.298801e+001,
4101562500, -5.575098e+001,
4103125000, -7.508572e+001,
4104687500, -6.388128e+001,
4106250000, -6.622553e+001,
4107812500, -6.363073e+001,
4109375000, -6.269143e+001,
4110937500, -7.222768e+001,
4112500000, -5.538956e+001,
4114062500, -5.134734e+001,
4115625000, -5.000985e+001,
4117187500, -4.999861e+001,
4118750000, -4.863290e+001,
4120312500, -4.931572e+001,
4121875000, -5.275952e+001,
4123437500, -5.438707e+001,
4125000000, -5.220153e+001,
4126562500, -4.825986e+001,
4128125000, -4.675530e+001,
4129687500, -4.753865e+001,
4131250000, -4.807885e+001,
4132812500, -4.747656e+001,
4134375000, -4.800050e+001,
4135937500, -5.268565e+001,
4137500000, -5.712136e+001,
4139062500, -5.922691e+001,
4140625000, -5.871031e+001,
4142187500, -6.076446e+001,
4143750000, -5.838157e+001,
4145312500, -5.336570e+001,
4146875000, -6.222461e+001,
4148437500, -5.748627e+001,
4150000000, -5.768301e+001,
4151562500, -5.805085e+001,
4153125000, -5.659140e+001,
4154687500, -5.009217e+001,
4156250000, -5.254677e+001,
4157812500, -5.752838e+001,
4159375000, -5.215489e+001,
4160937500, -5.048996e+001,
4162500000, -4.888207e+001,
4164062500, -4.707364e+001,
4165625000, -4.601165e+001,
4167187500, -4.614540e+001,
4168750000, -4.719545e+001,
4170312500, -4.670559e+001,
4171875000, -4.639149e+001,
4173437500, -4.510530e+001,
4175000000, -4.382016e+001,
4176562500, -4.504206e+001,
4178125000, -4.720561e+001,
4179687500, -4.755684e+001,
4181250000, -4.587171e+001,
4182812500, -4.296788e+001,
4184375000, -4.152975e+001,
4185937500, -4.714005e+001,
4187500000, -5.047771e+001,
4189062500, -5.047861e+001,
4190625000, -4.960331e+001,
4192187500, -4.736142e+001,
4193750000, -4.676767e+001,
4195312500, -4.837353e+001,
4196875000, -4.944524e+001,
4198437500, -4.999288e+001,
4200000000, -5.652642e+001,
4201562500, -6.409269e+001,
4203125000, -5.437184e+001,
4204687500, -4.976911e+001,
4206250000, -4.828033e+001,
4207812500, -5.153947e+001,
4209375000, -5.520392e+001,
4210937500, -5.616969e+001,
4212500000, -5.172613e+001,
4214062500, -4.282535e+001,
4215625000, -4.001518e+001,
4217187500, -4.397916e+001,
4218750000, -4.762327e+001,
4220312500, -4.815274e+001,
4221875000, -4.898431e+001,
4223437500, -4.680165e+001,
4225000000, -4.148164e+001,
4226562500, -3.776043e+001,
4228125000, -3.806947e+001,
4229687500, -3.947636e+001,
4231250000, -4.131385e+001,
4232812500, -4.307060e+001,
4234375000, -4.311029e+001,
4235937500, -4.066800e+001,
4237500000, -3.892117e+001,
4239062500, -4.283434e+001,
4240625000, -4.456872e+001,
4242187500, -4.373927e+001,
4243750000, -4.368679e+001,
4245312500, -4.199012e+001,
4246875000, -3.915693e+001,
4248437500, -3.705804e+001,
4250000000, -3.929671e+001,
4251562500, -4.400740e+001,
4253125000, -4.605943e+001,
4254687500, -5.096512e+001,
4256250000, -4.697282e+001,
4257812500, -4.212002e+001,
4259375000, -3.940587e+001,
4260937500, -3.770069e+001,
4262500000, -3.745924e+001,
4264062500, -3.996267e+001,
4265625000, -4.430215e+001,
4267187500, -4.462665e+001,
4268750000, -4.346815e+001,
4270312500, -4.133485e+001,
4271875000, -3.771395e+001,
4273437500, -3.465564e+001,
4275000000, -4.021849e+001,
4276562500, -5.044566e+001,
4278125000, -5.211538e+001,
4279687500, -4.904343e+001,
4281250000, -4.325545e+001,
4282812500, -3.877346e+001,
4284375000, -3.567251e+001,
4285937500, -3.578622e+001,
4287500000, -3.818494e+001,
4289062500, -3.988512e+001,
4290625000, -3.861678e+001,
4292187500, -3.728630e+001,
4293750000, -3.757113e+001,
4295312500, -3.617746e+001,
4296875000, -3.379209e+001,
4298437500, -3.158608e+001,
4300000000, -3.161412e+001,
4301562500, -3.181118e+001,
4303125000, -3.348169e+001,
4304687500, -3.632556e+001,
4306250000, -3.660916e+001,
4307812500, -3.742901e+001,
4309375000, -3.751659e+001,
4310937500, -3.608075e+001,
4312500000, -3.446769e+001,
4314062500, -3.213297e+001,
4315625000, -3.353945e+001,
4317187500, -3.889314e+001,
4318750000, -3.974711e+001,
4320312500, -3.906024e+001,
4321875000, -3.866183e+001,
4323437500, -3.765234e+001,
4325000000, -3.518184e+001,
4326562500, -3.212436e+001,
4328125000, -3.304243e+001,
4329687500, -3.568516e+001,
4331250000, -3.667020e+001,
4332812500, -3.700938e+001,
4334375000, -3.773745e+001,
4335937500, -3.900416e+001,
4337500000, -3.959455e+001,
4339062500, -3.945552e+001,
4340625000, -3.596650e+001,
4342187500, -3.299267e+001,
4343750000, -3.162812e+001,
4345312500, -3.149675e+001,
4346875000, -3.048509e+001,
4348437500, -3.190313e+001,
4350000000, -3.665306e+001,
4351562500, -3.761416e+001,
4353125000, -3.795958e+001,
4354687500, -3.941619e+001,
4356250000, -3.620431e+001,
4357812500, -3.367095e+001,
4359375000, -3.155807e+001,
4360937500, -3.026775e+001,
4362500000, -2.760133e+001,
4364062500, -2.951031e+001,
4365625000, -3.411026e+001,
4367187500, -3.567611e+001,
4368750000, -3.606217e+001,
4370312500, -3.591701e+001,
4371875000, -3.535079e+001,
4373437500, -3.390746e+001,
4375000000, -3.256928e+001,
4376562500, -3.096266e+001,
4378125000, -2.851465e+001,
4379687500, -2.749478e+001,
4381250000, -2.948290e+001,
4382812500, -3.222161e+001,
4384375000, -3.408232e+001,
4385937500, -3.488395e+001,
4387500000, -3.566091e+001,
4389062500, -3.713845e+001,
4390625000, -3.493845e+001,
4392187500, -3.183908e+001,
4393750000, -2.965961e+001,
4395312500, -3.070406e+001,
4396875000, -3.302719e+001,
4398437500, -3.378688e+001,
4400000000, -3.453600e+001,
4401562500, -3.445884e+001,
4403125000, -3.355792e+001,
4404687500, -3.207964e+001,
4406250000, -3.185384e+001,
4407812500, -3.115334e+001,
4409375000, -3.059663e+001,
4410937500, -3.064169e+001,
4412500000, -3.087867e+001,
4414062500, -3.067359e+001,
4415625000, -3.022095e+001,
4417187500, -3.059816e+001,
4418750000, -3.090439e+001,
4420312500, -3.175097e+001,
4421875000, -3.766640e+001,
4423437500, -4.729897e+001,
4425000000, -4.801153e+001,
4426562500, -4.664594e+001,
4428125000, -4.343067e+001,
4429687500, -4.189536e+001,
4431250000, -4.057012e+001,
4432812500, -4.124184e+001,
4434375000, -4.146153e+001,
4435937500, -4.021568e+001,
4437500000, -3.894926e+001,
4439062500, -3.748981e+001,
4440625000, -3.605068e+001,
4442187500, -3.627427e+001,
4443750000, -3.577629e+001,
4445312500, -3.521893e+001,
4446875000, -3.396048e+001,
4448437500, -3.348909e+001,
4450000000, -3.361183e+001,
4451562500, -3.344604e+001,
4453125000, -3.314470e+001,
4454687500, -3.278655e+001,
4456250000, -3.199535e+001,
4457812500, -2.908397e+001,
4459375000, -2.475862e+001,
4460937500, -2.285379e+001,
4462500000, -2.448057e+001,
4464062500, -2.628728e+001,
4465625000, -2.781561e+001,
4467187500, -2.950948e+001,
4468750000, -2.922010e+001,
4470312500, -2.871510e+001,
4471875000, -2.720505e+001,
4473437500, -2.667058e+001,
4475000000, -2.668926e+001,
4476562500, -2.507667e+001,
4478125000, -2.375316e+001,
4479687500, -2.413324e+001,
4481250000, -2.514260e+001,
4482812500, -2.622358e+001,
4484375000, -2.569040e+001,
4485937500, -2.543384e+001,
4487500000, -2.620549e+001,
4489062500, -2.722840e+001,
4490625000, -2.796472e+001,
4492187500, -2.714388e+001,
4493750000, -2.787881e+001,
4495312500, -2.572635e+001,
4496875000, -2.276019e+001,
4498437500, -2.380223e+001,
4500000000, -2.552058e+001,
4501562500, -2.627678e+001,
4503125000, -2.683470e+001,
4504687500, -2.639261e+001,
4506250000, -2.555817e+001,
4507812500, -2.476182e+001,
4509375000, -2.408730e+001,
4510937500, -2.451033e+001,
4512500000, -2.763939e+001,
4514062500, -2.683508e+001,
4515625000, -2.311817e+001,
4517187500, -2.271292e+001,
4518750000, -2.336471e+001,
4520312500, -2.398522e+001,
4521875000, -2.383195e+001,
4523437500, -2.349368e+001,
4525000000, -2.334702e+001,
4526562500, -2.327945e+001,
4528125000, -2.358317e+001,
4529687500, -2.564738e+001,
4531250000, -2.392042e+001,
4532812500, -2.147126e+001,
4534375000, -2.202626e+001,
4535937500, -2.233392e+001,
4537500000, -2.259798e+001,
4539062500, -2.256173e+001,
4540625000, -2.237573e+001,
4542187500, -2.203309e+001,
4543750000, -2.223187e+001,
4545312500, -2.392085e+001,
4546875000, -2.380415e+001,
4548437500, -1.884089e+001,
4550000000, -1.810377e+001,
4551562500, -1.936821e+001,
4553125000, -2.021988e+001,
4554687500, -2.060151e+001,
4556250000, -2.067165e+001,
4557812500, -2.066422e+001,
4559375000, -2.096289e+001,
4560937500, -2.144348e+001,
4562500000, -2.257877e+001,
4564062500, -1.952269e+001,
4565625000, -1.839741e+001,
4567187500, -1.881379e+001,
4568750000, -1.934352e+001,
4570312500, -1.992060e+001,
4571875000, -1.931679e+001,
4573437500, -1.925674e+001,
4575000000, -1.967687e+001,
4576562500, -2.030943e+001,
4578125000, -2.157569e+001,
4579687500, -2.014703e+001,
4581250000, -1.908475e+001,
4582812500, -1.874393e+001,
4584375000, -1.937792e+001,
4585937500, -2.012130e+001,
4587500000, -2.029873e+001,
4589062500, -2.067231e+001,
4590625000, -2.077568e+001,
4592187500, -1.993214e+001,
4593750000, -2.020841e+001,
4595312500, -2.349604e+001,
4596875000, -2.305495e+001,
4598437500, -2.107937e+001,
4600000000, -2.115488e+001,
4601562500, -2.127136e+001,
4603125000, -2.081310e+001,
4604687500, -2.014627e+001,
4606250000, -1.987869e+001,
4607812500, -2.042003e+001,
4609375000, -2.341402e+001,
4610937500, -2.626601e+001,
4612500000, -2.500738e+001,
4614062500, -2.508697e+001,
4615625000, -2.433400e+001,
4617187500, -2.287213e+001,
4618750000, -2.199485e+001,
4620312500, -2.132953e+001,
4621875000, -2.100285e+001,
4623437500, -2.249801e+001,
4625000000, -2.528601e+001,
4626562500, -2.933483e+001,
4628125000, -3.499546e+001,
4629687500, -3.045823e+001,
4631250000, -2.635315e+001,
4632812500, -2.384036e+001,
4634375000, -2.241662e+001,
4635937500, -2.308772e+001,
4637500000, -2.633729e+001,
4639062500, -3.098404e+001,
4640625000, -3.551107e+001,
4642187500, -3.255329e+001,
4643750000, -2.969673e+001,
4645312500, -2.749711e+001,
4646875000, -2.627466e+001,
4648437500, -2.693674e+001,
4650000000, -2.634060e+001,
4651562500, -2.432791e+001,
4653125000, -2.574525e+001,
4654687500, -2.997349e+001,
4656250000, -3.265735e+001,
4657812500, -3.185479e+001,
4659375000, -3.307236e+001,
4660937500, -3.293499e+001,
4662500000, -2.992792e+001,
4664062500, -2.771578e+001,
4665625000, -2.715598e+001,
4667187500, -2.874380e+001,
4668750000, -3.221893e+001,
4670312500, -3.530394e+001,
4671875000, -3.335605e+001,
4673437500, -3.015546e+001,
4675000000, -2.730876e+001,
4676562500, -2.586061e+001,
4678125000, -2.820657e+001,
4679687500, -3.277816e+001,
4681250000, -3.005462e+001,
4682812500, -2.793917e+001,
4684375000, -2.693948e+001,
4685937500, -2.637099e+001,
4687500000, -2.612139e+001,
4689062500, -2.673228e+001,
4690625000, -2.765351e+001,
4692187500, -2.775984e+001,
4693750000, -2.765649e+001,
4695312500, -2.777634e+001,
4696875000, -2.791687e+001,
4698437500, -2.796085e+001,
4700000000, -2.925809e+001,
4701562500, -3.333749e+001,
4703125000, -4.132494e+001,
4704687500, -4.353289e+001,
4706250000, -4.125016e+001,
4707812500, -3.945774e+001,
4709375000, -3.368187e+001,
4710937500, -2.887211e+001,
4712500000, -2.956656e+001,
4714062500, -3.101115e+001,
4715625000, -3.157750e+001,
4717187500, -3.303249e+001,
4718750000, -3.023099e+001,
4720312500, -2.717230e+001,
4721875000, -2.778579e+001,
4723437500, -2.960261e+001,
4725000000, -3.160998e+001,
4726562500, -3.131860e+001,
4728125000, -2.886221e+001,
4729687500, -2.798932e+001,
4731250000, -2.906213e+001,
4732812500, -3.104681e+001,
4734375000, -3.249813e+001,
4735937500, -3.302008e+001,
4737500000, -3.031015e+001,
4739062500, -2.932717e+001,
4740625000, -3.060801e+001,
4742187500, -3.193408e+001,
4743750000, -3.249176e+001,
4745312500, -3.283309e+001,
4746875000, -3.338443e+001,
4748437500, -3.546334e+001,
4750000000, -3.805607e+001,
4751562500, -3.838547e+001,
4753125000, -3.565024e+001,
4754687500, -3.361000e+001,
4756250000, -3.427573e+001,
4757812500, -3.495790e+001,
4759375000, -3.458449e+001,
4760937500, -3.343674e+001,
4762500000, -3.309072e+001,
4764062500, -3.426197e+001,
4765625000, -3.572340e+001,
4767187500, -3.580828e+001,
4768750000, -3.506849e+001,
4770312500, -3.491657e+001,
4771875000, -3.461924e+001,
4773437500, -3.441912e+001,
4775000000, -3.437623e+001,
4776562500, -3.455278e+001,
4778125000, -3.519831e+001,
4779687500, -3.647731e+001,
4781250000, -3.853311e+001,
4782812500, -4.070407e+001,
4784375000, -4.278382e+001,
4785937500, -4.654040e+001,
4787500000, -5.101278e+001,
4789062500, -5.055309e+001,
4790625000, -5.034441e+001,
4792187500, -4.898077e+001,
4793750000, -5.017841e+001,
4795312500, -5.685445e+001,
4796875000, -7.290549e+001,
4798437500, -5.504503e+001,
4800000000, -4.901016e+001,
4801562500, -4.927885e+001,
4803125000, -4.904921e+001,
4804687500, -4.567818e+001,
4806250000, -4.361450e+001,
4807812500, -4.462798e+001,
4809375000, -4.404535e+001,
4810937500, -4.571342e+001,
4812500000, -4.326238e+001,
4814062500, -4.190563e+001,
4815625000, -4.085439e+001,
4817187500, -4.046293e+001,
4818750000, -4.131061e+001,
4820312500, -4.178588e+001,
4821875000, -4.407563e+001,
4823437500, -4.599111e+001,
4825000000, -4.466197e+001,
4826562500, -4.292519e+001,
4828125000, -4.188385e+001,
4829687500, -4.018195e+001,
4831250000, -3.943464e+001,
4832812500, -3.901785e+001,
4834375000, -3.941273e+001,
4835937500, -4.066162e+001,
4837500000, -4.181997e+001,
4839062500, -4.126437e+001,
4840625000, -3.981726e+001,
4842187500, -3.912608e+001,
4843750000, -3.914902e+001,
4845312500, -4.031821e+001,
4846875000, -4.198613e+001,
4848437500, -4.313063e+001,
4850000000, -4.408644e+001,
4851562500, -4.408518e+001,
4853125000, -4.197208e+001,
4854687500, -4.063929e+001,
4856250000, -4.012403e+001,
4857812500, -3.997898e+001,
4859375000, -4.188837e+001,
4860937500, -4.355187e+001,
4862500000, -4.187539e+001,
4864062500, -4.115704e+001,
4865625000, -4.181210e+001,
4867187500, -4.196323e+001,
4868750000, -4.120103e+001,
4870312500, -4.194616e+001,
4871875000, -4.533284e+001,
4873437500, -5.064711e+001,
4875000000, -6.204564e+001,
4876562500, -5.326365e+001,
4878125000, -5.398789e+001,
4879687500, -5.823761e+001,
4881250000, -5.243953e+001,
4882812500, -4.766470e+001,
4884375000, -4.605635e+001,
4885937500, -4.691295e+001,
4887500000, -4.874237e+001,
4889062500, -4.776407e+001,
4890625000, -4.581484e+001,
4892187500, -4.588532e+001,
4893750000, -4.681582e+001,
4895312500, -5.027895e+001,
4896875000, -5.886251e+001,
4898437500, -6.013886e+001,
4900000000, -5.435794e+001,
4901562500, -5.761298e+001,
4903125000, -6.038915e+001,
4904687500, -6.924360e+001,
4906250000, -5.834708e+001,
4907812500, -5.562126e+001,
4909375000, -5.427573e+001,
4910937500, -5.411558e+001,
4912500000, -5.806643e+001,
4914062500, -9.367010e+001,
4915625000, -6.593602e+001,
4917187500, -5.911462e+001,
4918750000, -6.239235e+001,
4920312500, -5.896946e+001,
4921875000, -5.436494e+001,
4923437500, -5.213012e+001,
4925000000, -5.287922e+001,
4926562500, -5.700325e+001,
4928125000, -5.885915e+001,
4929687500, -5.438720e+001,
4931250000, -5.162156e+001,
4932812500, -5.190865e+001,
4934375000, -5.361468e+001,
4935937500, -5.714966e+001,
4937500000, -6.040766e+001,
4939062500, -5.551809e+001,
4940625000, -5.263469e+001,
4942187500, -5.211072e+001,
4943750000, -5.320673e+001,
4945312500, -5.612955e+001,
4946875000, -5.681367e+001,
4948437500, -5.354329e+001,
4950000000, -5.255975e+001,
4951562500, -5.366211e+001,
4953125000, -5.616521e+001,
4954687500, -6.114979e+001,
4956250000, -5.926579e+001,
4957812500, -5.559224e+001,
4959375000, -5.568911e+001,
4960937500, -5.759507e+001,
4962500000, -6.085908e+001,
4964062500, -6.870013e+001,
4965625000, -7.206111e+001,
4967187500, -6.205065e+001,
4968750000, -5.994538e+001,
4970312500, -6.034190e+001,
4971875000, -6.273547e+001,
4973437500, -6.499765e+001,
4975000000, -6.673112e+001,
4976562500, -6.348403e+001,
4978125000, -6.081056e+001,
4979687500, -6.201331e+001,
4981250000, -6.866010e+001,
4982812500, -6.377647e+001,
4984375000, -5.982863e+001,
4985937500, -6.178037e+001,
4987500000, -6.846292e+001,
4989062500, -6.885115e+001,
4990625000, -6.305624e+001,
4992187500, -6.016655e+001,
4993750000, -6.123478e+001,
4995312500, -6.845125e+001,
4996875000, -6.506540e+001,
4998437500, -6.272187e+001,
5000000000, -6.667353e+001,
5001562500, -6.397102e+001,
5003125000, -6.158009e+001,
5004687500, -6.588897e+001,
5006250000, -6.867200e+001,
5007812500, -6.318927e+001,
5009375000, -6.406352e+001,
5010937500, -6.681453e+001,
5012500000, -6.334408e+001,
5014062500, -6.280877e+001,
5015625000, -6.781461e+001,
5017187500, -6.670610e+001,
5018750000, -6.363186e+001,
5020312500, -6.483417e+001,
5021875000, -6.519528e+001,
5023437500, -6.591241e+001,
5025000000, -6.675204e+001,
5026562500, -6.437294e+001,
5028125000, -6.509688e+001,
5029687500, -6.564274e+001,
5031250000, -6.479390e+001,
5032812500, -6.597120e+001,
5034375000, -6.684360e+001,
5035937500, -6.572565e+001,
5037500000, -6.401231e+001,
5039062500, -6.638786e+001,
5040625000, -6.840154e+001,
5042187500, -6.491371e+001,
5043750000, -6.472961e+001,
5045312500, -6.624438e+001,
5046875000, -6.716114e+001,
5048437500, -6.643883e+001,
5050000000, -6.686679e+001,
5051562500, -6.805116e+001,
5053125000, -6.722744e+001,
5054687500, -6.849924e+001,
5056250000, -6.747711e+001,
5057812500, -6.606531e+001,
5059375000, -6.725120e+001,
5060937500, -6.860268e+001,
5062500000, -6.783238e+001,
5064062500, -6.818546e+001,
5065625000, -6.933002e+001,
5067187500, -6.993726e+001,
5068750000, -6.914093e+001,
5070312500, -6.864173e+001,
5071875000, -6.900121e+001,
5073437500, -6.915456e+001,
5075000000, -6.967262e+001,
5076562500, -7.054993e+001,
5078125000, -7.089264e+001,
5079687500, -7.113678e+001,
5081250000, -7.074361e+001,
5082812500, -7.127007e+001,
5084375000, -7.141768e+001,
5085937500, -7.119302e+001,
5087500000, -7.269492e+001,
5089062500, -7.267590e+001,
5090625000, -7.292162e+001,
5092187500, -7.378857e+001,
5093750000, -7.397642e+001,
5095312500, -7.461213e+001,
5096875000, -7.548010e+001,
5098437500, -7.643056e+001,
5100000000, -7.689015e+001,
5101562500, -7.750317e+001,
5103125000, -7.793668e+001,
5104687500, -8.037755e+001,
5106250000, -8.062999e+001,
5107812500, -8.134423e+001,
5109375000, -8.040087e+001,
5110937500, -7.875831e+001,
5112500000, -8.030277e+001,
5114062500, -8.089108e+001,
5115625000, -8.079688e+001,
5117187500, -8.214381e+001,
5118750000, -8.014954e+001,
5120312500, -7.704044e+001,
5121875000, -7.673120e+001,
5123437500, -7.632837e+001,
5125000000, -7.516063e+001,
5126562500, -7.443076e+001,
5128125000, -7.406468e+001,
5129687500, -7.318410e+001,
5131250000, -7.223994e+001,
5132812500, -7.160997e+001,
5134375000, -7.126259e+001,
5135937500, -7.059418e+001,
5137500000, -7.013723e+001,
5139062500, -6.963245e+001,
5140625000, -6.930865e+001,
5142187500, -6.936211e+001,
5143750000, -6.867072e+001,
5145312500, -6.832751e+001,
5146875000, -6.814501e+001,
5148437500, -6.805198e+001,
5150000000, -6.809022e+001,
5151562500, -6.782391e+001,
5153125000, -6.745535e+001,
5154687500, -6.742332e+001,
5156250000, -6.739457e+001,
5157812500, -6.714747e+001,
5159375000, -6.742700e+001,
5160937500, -6.708820e+001,
5162500000, -6.688309e+001,
5164062500, -6.679589e+001,
5165625000, -6.691614e+001,
5167187500, -6.690640e+001,
5168750000, -6.621181e+001,
5170312500, -6.658433e+001,
5171875000, -6.653323e+001,
5173437500, -6.645433e+001,
5175000000, -6.623476e+001,
5176562500, -6.613423e+001,
5178125000, -6.612620e+001,
5179687500, -6.594215e+001,
5181250000, -6.584384e+001,
5182812500, -6.550295e+001,
5184375000, -6.532887e+001,
5185937500, -6.535950e+001,
5187500000, -6.539349e+001,
5189062500, -6.513687e+001,
5190625000, -6.524113e+001,
5192187500, -6.475845e+001,
5193750000, -6.499815e+001,
5195312500, -6.465160e+001,
5196875000, -6.440486e+001,
5198437500, -6.436646e+001,
5200000000, -6.420825e+001,
5201562500, -6.417788e+001,
5203125000, -6.400282e+001,
5204687500, -6.415237e+001,
5206250000, -6.423186e+001,
5207812500, -6.384723e+001,
5209375000, -6.404841e+001,
5210937500, -6.415475e+001,
5212500000, -6.370660e+001,
5214062500, -6.377299e+001,
5215625000, -6.403499e+001,
5217187500, -6.403461e+001,
5218750000, -6.392506e+001,
5220312500, -6.392693e+001,
5221875000, -6.380120e+001,
5223437500, -6.386961e+001,
5225000000, -6.370923e+001,
5226562500, -6.369308e+001,
5228125000, -6.350619e+001,
5229687500, -6.340673e+001,
5231250000, -6.343679e+001,
5232812500, -6.339882e+001,
5234375000, -6.333810e+001,
5235937500, -6.326337e+001,
5237500000, -6.339493e+001,
5239062500, -6.310435e+001,
5240625000, -6.300593e+001,
5242187500, -6.327621e+001,
5243750000, -6.323945e+001,
5245312500, -6.328302e+001,
5246875000, -6.334891e+001,
5248437500, -6.338625e+001,
5250000000, -6.352283e+001,
5251562500, -6.323012e+001,
5253125000, -6.318962e+001,
5254687500, -6.305061e+001,
5256250000, -6.324181e+001,
5257812500, -6.323465e+001,
5259375000, -6.317257e+001,
5260937500, -6.314216e+001,
5262500000, -6.321850e+001,
5264062500, -6.312689e+001,
5265625000, -6.332986e+001,
5267187500, -6.335189e+001,
5268750000, -6.338496e+001,
5270312500, -6.333123e+001,
5271875000, -6.318685e+001,
5273437500, -6.338334e+001,
5275000000, -6.365759e+001,
5276562500, -6.323611e+001,
5278125000, -6.352193e+001,
5279687500, -6.358770e+001,
5281250000, -6.357853e+001,
5282812500, -6.382306e+001,
5284375000, -6.395693e+001,
5285937500, -6.393805e+001,
5287500000, -6.398067e+001,
5289062500, -6.400077e+001,
5290625000, -6.420650e+001,
5292187500, -6.441154e+001,
5293750000, -6.454923e+001,
5295312500, -6.459072e+001,
5296875000, -6.483737e+001,
5298437500, -6.493561e+001,
5300000000, -6.527552e+001,
5301562500, -6.523687e+001,
5303125000, -6.560242e+001,
5304687500, -6.548445e+001,
5306250000, -6.564462e+001,
5307812500, -6.611623e+001,
5309375000, -6.624641e+001,
5310937500, -6.604765e+001,
5312500000, -6.651447e+001,
5314062500, -6.658555e+001,
5315625000, -6.706467e+001,
5317187500, -6.717408e+001,
5318750000, -6.724354e+001,
5320312500, -6.761916e+001,
5321875000, -6.781435e+001,
5323437500, -6.820179e+001,
5325000000, -6.811905e+001,
5326562500, -6.822220e+001,
5328125000, -6.847484e+001,
5329687500, -6.856732e+001,
5331250000, -6.887884e+001,
5332812500, -6.856572e+001,
5334375000, -6.828600e+001,
5335937500, -6.850729e+001,
5337500000, -6.851386e+001,
5339062500, -6.799671e+001,
5340625000, -6.794727e+001,
5342187500, -6.723653e+001,
5343750000, -6.743731e+001,
5345312500, -6.692838e+001,
5346875000, -6.688612e+001,
5348437500, -6.675420e+001,
5350000000, -6.635282e+001,
5351562500, -6.603156e+001,
5353125000, -6.597023e+001,
5354687500, -6.539125e+001,
5356250000, -6.537555e+001,
5357812500, -6.529447e+001,
5359375000, -6.486159e+001,
5360937500, -6.442880e+001,
5362500000, -6.462305e+001,
5364062500, -6.415279e+001,
5365625000, -6.379781e+001,
5367187500, -6.369067e+001,
5368750000, -6.314301e+001,
5370312500, -6.307855e+001,
5371875000, -6.270559e+001,
5373437500, -6.251859e+001,
5375000000, -6.233364e+001,
5376562500, -6.206831e+001,
5378125000, -6.173884e+001,
5379687500, -6.142806e+001,
5381250000, -6.128151e+001,
5382812500, -6.101615e+001,
5384375000, -6.071767e+001,
5385937500, -6.058224e+001,
5387500000, -6.014709e+001,
5389062500, -6.001273e+001,
5390625000, -5.967479e+001,
5392187500, -5.959195e+001,
5393750000, -5.944099e+001,
5395312500, -5.912480e+001,
5396875000, -5.902182e+001,
5398437500, -5.888173e+001,
5400000000, -5.863366e+001,
5401562500, -5.872953e+001,
5403125000, -5.844617e+001,
5404687500, -5.828722e+001,
5406250000, -5.820803e+001,
5407812500, -5.820571e+001,
5409375000, -5.801402e+001,
5410937500, -5.787616e+001,
5412500000, -5.776494e+001,
5414062500, -5.768051e+001,
5415625000, -5.761311e+001,
5417187500, -5.761530e+001,
5418750000, -5.746302e+001,
5420312500, -5.742994e+001,
5421875000, -5.736403e+001,
5423437500, -5.722391e+001,
5425000000, -5.712877e+001,
5426562500, -5.701323e+001,
5428125000, -5.708079e+001,
5429687500, -5.701813e+001,
5431250000, -5.689523e+001,
5432812500, -5.684354e+001,
5434375000, -5.695650e+001,
5435937500, -5.687674e+001,
5437500000, -5.690907e+001,
5439062500, -5.682670e+001,
5440625000, -5.669611e+001,
5442187500, -5.663197e+001,
5443750000, -5.659214e+001,
5445312500, -5.653843e+001,
5446875000, -5.643728e+001,
5448437500, -5.650459e+001,
5450000000, -5.643535e+001,
5451562500, -5.651923e+001,
5453125000, -5.645346e+001,
5454687500, -5.653294e+001,
5456250000, -5.650328e+001,
5457812500, -5.647887e+001,
5459375000, -5.666650e+001,
5460937500, -5.664025e+001,
5462500000, -5.646473e+001,
5464062500, -5.645261e+001,
5465625000, -5.645094e+001,
5467187500, -5.650590e+001,
5468750000, -5.638198e+001,
5470312500, -5.632800e+001,
5471875000, -5.637968e+001,
5473437500, -5.623715e+001,
5475000000, -5.634252e+001,
5476562500, -5.628116e+001,
5478125000, -5.621642e+001,
5479687500, -5.603596e+001,
5481250000, -5.612723e+001,
5482812500, -5.616045e+001,
5484375000, -5.602424e+001,
5485937500, -5.609462e+001,
5487500000, -5.604787e+001,
5489062500, -5.595842e+001,
5490625000, -5.594147e+001,
5492187500, -5.591338e+001,
5493750000, -5.587786e+001,
5495312500, -5.569108e+001,
5496875000, -5.568583e+001,
5498437500, -5.579958e+001,
5500000000, -5.575826e+001,
