"S21 Log Mag"
"Frequency (Hz)","dB",
3000000000, -4.615116e+001,
3001562500, -4.610272e+001,
3003125000, -4.611793e+001,
3004687500, -4.605442e+001,
3006250000, -4.603905e+001,
3007812500, -4.597010e+001,
3009375000, -4.594864e+001,
3010937500, -4.591199e+001,
3012500000, -4.586823e+001,
3014062500, -4.584072e+001,
3015625000, -4.577623e+001,
3017187500, -4.571823e+001,
3018750000, -4.568164e+001,
3020312500, -4.566122e+001,
3021875000, -4.559259e+001,
3023437500, -4.557648e+001,
3025000000, -4.551178e+001,
3026562500, -4.547208e+001,
3028125000, -4.539213e+001,
3029687500, -4.537986e+001,
3031250000, -4.532978e+001,
3032812500, -4.527340e+001,
3034375000, -4.521670e+001,
3035937500, -4.518168e+001,
3037500000, -4.515532e+001,
3039062500, -4.509690e+001,
3040625000, -4.507223e+001,
3042187500, -4.502055e+001,
3043750000, -4.501928e+001,
3045312500, -4.493188e+001,
3046875000, -4.491190e+001,
3048437500, -4.491994e+001,
3050000000, -4.483363e+001,
3051562500, -4.481511e+001,
3053125000, -4.479776e+001,
3054687500, -4.481021e+001,
3056250000, -4.477571e+001,
3057812500, -4.474583e+001,
3059375000, -4.466287e+001,
3060937500, -4.471489e+001,
3062500000, -4.468129e+001,
3064062500, -4.468545e+001,
3065625000, -4.471976e+001,
3067187500, -4.465508e+001,
3068750000, -4.462585e+001,
3070312500, -4.468173e+001,
3071875000, -4.464227e+001,
3073437500, -4.463847e+001,
3075000000, -4.457412e+001,
3076562500, -4.457635e+001,
3078125000, -4.458543e+001,
3079687500, -4.459538e+001,
3081250000, -4.458028e+001,
3082812500, -4.456049e+001,
3084375000, -4.456887e+001,
3085937500, -4.457739e+001,
3087500000, -4.458979e+001,
3089062500, -4.452337e+001,
3090625000, -4.457510e+001,
3092187500, -4.450985e+001,
3093750000, -4.452446e+001,
3095312500, -4.450171e+001,
3096875000, -4.447790e+001,
3098437500, -4.446489e+001,
3100000000, -4.448365e+001,
3101562500, -4.449957e+001,
3103125000, -4.443382e+001,
3104687500, -4.445897e+001,
3106250000, -4.447309e+001,
3107812500, -4.445398e+001,
3109375000, -4.440079e+001,
3110937500, -4.446864e+001,
3112500000, -4.444665e+001,
3114062500, -4.448651e+001,
3115625000, -4.443561e+001,
3117187500, -4.436641e+001,
3118750000, -4.440345e+001,
3120312500, -4.437570e+001,
3121875000, -4.438747e+001,
3123437500, -4.434203e+001,
3125000000, -4.433320e+001,
3126562500, -4.430516e+001,
3128125000, -4.425377e+001,
3129687500, -4.431648e+001,
3131250000, -4.422035e+001,
3132812500, -4.427631e+001,
3134375000, -4.421876e+001,
3135937500, -4.412877e+001,
3137500000, -4.416351e+001,
3139062500, -4.411010e+001,
3140625000, -4.408783e+001,
3142187500, -4.410450e+001,
3143750000, -4.403174e+001,
3145312500, -4.413264e+001,
3146875000, -4.405083e+001,
3148437500, -4.402239e+001,
3150000000, -4.404949e+001,
3151562500, -4.401566e+001,
3153125000, -4.405770e+001,
3154687500, -4.407828e+001,
3156250000, -4.405539e+001,
3157812500, -4.408512e+001,
3159375000, -4.404448e+001,
3160937500, -4.403410e+001,
3162500000, -4.406241e+001,
3164062500, -4.402129e+001,
3165625000, -4.411732e+001,
3167187500, -4.405120e+001,
3168750000, -4.407414e+001,
3170312500, -4.409297e+001,
3171875000, -4.410801e+001,
3173437500, -4.408451e+001,
3175000000, -4.413335e+001,
3176562500, -4.418126e+001,
3178125000, -4.420521e+001,
3179687500, -4.416327e+001,
3181250000, -4.422944e+001,
3182812500, -4.428228e+001,
3184375000, -4.427085e+001,
3185937500, -4.428815e+001,
3187500000, -4.432047e+001,
3189062500, -4.430489e+001,
3190625000, -4.441703e+001,
3192187500, -4.442577e+001,
3193750000, -4.445142e+001,
3195312500, -4.450044e+001,
3196875000, -4.453211e+001,
3198437500, -4.456262e+001,
3200000000, -4.456575e+001,
3201562500, -4.464657e+001,
3203125000, -4.466237e+001,
3204687500, -4.470099e+001,
3206250000, -4.476758e+001,
3207812500, -4.477659e+001,
3209375000, -4.475964e+001,
3210937500, -4.486600e+001,
3212500000, -4.480056e+001,
3214062500, -4.487695e+001,
3215625000, -4.497295e+001,
3217187500, -4.495918e+001,
3218750000, -4.505667e+001,
3220312500, -4.513763e+001,
3221875000, -4.513086e+001,
3223437500, -4.509836e+001,
3225000000, -4.519227e+001,
3226562500, -4.519795e+001,
3228125000, -4.522054e+001,
3229687500, -4.536499e+001,
3231250000, -4.527736e+001,
3232812500, -4.540488e+001,
3234375000, -4.547009e+001,
3235937500, -4.546192e+001,
3237500000, -4.543230e+001,
3239062500, -4.553441e+001,
3240625000, -4.552689e+001,
3242187500, -4.559528e+001,
3243750000, -4.565896e+001,
3245312500, -4.565754e+001,
3246875000, -4.568830e+001,
3248437500, -4.583501e+001,
3250000000, -4.582346e+001,
3251562500, -4.574552e+001,
3253125000, -4.584117e+001,
3254687500, -4.588166e+001,
3256250000, -4.583538e+001,
3257812500, -4.590961e+001,
3259375000, -4.590858e+001,
3260937500, -4.586523e+001,
3262500000, -4.593533e+001,
3264062500, -4.596435e+001,
3265625000, -4.597576e+001,
3267187500, -4.591311e+001,
3268750000, -4.592645e+001,
3270312500, -4.592219e+001,
3271875000, -4.592659e+001,
3273437500, -4.595037e+001,
3275000000, -4.601252e+001,
3276562500, -4.585885e+001,
3278125000, -4.593889e+001,
3279687500, -4.594279e+001,
3281250000, -4.588351e+001,
3282812500, -4.588727e+001,
3284375000, -4.576545e+001,
3285937500, -4.574330e+001,
3287500000, -4.574797e+001,
3289062500, -4.576337e+001,
3290625000, -4.576352e+001,
3292187500, -4.562837e+001,
3293750000, -4.569148e+001,
3295312500, -4.559883e+001,
3296875000, -4.563366e+001,
3298437500, -4.557612e+001,
3300000000, -4.550245e+001,
3301562500, -4.537447e+001,
3303125000, -4.538068e+001,
3304687500, -4.540578e+001,
3306250000, -4.534446e+001,
3307812500, -4.534434e+001,
3309375000, -4.518264e+001,
3310937500, -4.520213e+001,
3312500000, -4.515373e+001,
3314062500, -4.509912e+001,
3315625000, -4.504112e+001,
3317187500, -4.493262e+001,
3318750000, -4.483957e+001,
3320312500, -4.479991e+001,
3321875000, -4.478892e+001,
3323437500, -4.477162e+001,
3325000000, -4.464772e+001,
3326562500, -4.458076e+001,
3328125000, -4.460633e+001,
3329687500, -4.453637e+001,
3331250000, -4.452484e+001,
3332812500, -4.443254e+001,
3334375000, -4.438294e+001,
3335937500, -4.430611e+001,
3337500000, -4.425899e+001,
3339062500, -4.428492e+001,
3340625000, -4.431449e+001,
3342187500, -4.419903e+001,
3343750000, -4.415063e+001,
3345312500, -4.416407e+001,
3346875000, -4.407675e+001,
3348437500, -4.413657e+001,
3350000000, -4.410112e+001,
3351562500, -4.399731e+001,
3353125000, -4.406001e+001,
3354687500, -4.399020e+001,
3356250000, -4.394866e+001,
3357812500, -4.404947e+001,
3359375000, -4.411145e+001,
3360937500, -4.404433e+001,
3362500000, -4.400857e+001,
3364062500, -4.408812e+001,
3365625000, -4.403338e+001,
3367187500, -4.407267e+001,
3368750000, -4.416121e+001,
3370312500, -4.408589e+001,
3371875000, -4.414308e+001,
3373437500, -4.420705e+001,
3375000000, -4.410089e+001,
3376562500, -4.424870e+001,
3378125000, -4.430383e+001,
3379687500, -4.435256e+001,
3381250000, -4.429629e+001,
3382812500, -4.438911e+001,
3384375000, -4.445272e+001,
3385937500, -4.443713e+001,
3387500000, -4.457410e+001,
3389062500, -4.451743e+001,
3390625000, -4.455063e+001,
3392187500, -4.467056e+001,
3393750000, -4.457724e+001,
3395312500, -4.467535e+001,
3396875000, -4.479531e+001,
3398437500, -4.487724e+001,
3400000000, -4.486147e+001,
3401562500, -4.489901e+001,
3403125000, -4.503262e+001,
3404687500, -4.501646e+001,
3406250000, -4.502599e+001,
3407812500, -4.503896e+001,
3409375000, -4.495758e+001,
3410937500, -4.515266e+001,
3412500000, -4.507195e+001,
3414062500, -4.504594e+001,
3415625000, -4.500005e+001,
3417187500, -4.518043e+001,
3418750000, -4.517660e+001,
3420312500, -4.509013e+001,
3421875000, -4.506836e+001,
3423437500, -4.525713e+001,
3425000000, -4.515022e+001,
3426562500, -4.510801e+001,
3428125000, -4.510559e+001,
3429687500, -4.501785e+001,
3431250000, -4.520295e+001,
3432812500, -4.516736e+001,
3434375000, -4.502320e+001,
3435937500, -4.508368e+001,
3437500000, -4.513473e+001,
3439062500, -4.520749e+001,
3440625000, -4.507541e+001,
3442187500, -4.499726e+001,
3443750000, -4.513319e+001,
3445312500, -4.519289e+001,
3446875000, -4.501509e+001,
3448437500, -4.495070e+001,
3450000000, -4.489479e+001,
3451562500, -4.508046e+001,
3453125000, -4.505790e+001,
3454687500, -4.499014e+001,
3456250000, -4.485132e+001,
3457812500, -4.490483e+001,
3459375000, -4.504507e+001,
3460937500, -4.502894e+001,
3462500000, -4.492762e+001,
3464062500, -4.475483e+001,
3465625000, -4.505845e+001,
3467187500, -4.506452e+001,
3468750000, -4.496272e+001,
3470312500, -4.466229e+001,
3471875000, -4.463770e+001,
3473437500, -4.494691e+001,
3475000000, -4.495183e+001,
3476562500, -4.485707e+001,
3478125000, -4.481806e+001,
3479687500, -4.469076e+001,
3481250000, -4.481518e+001,
3482812500, -4.492180e+001,
3484375000, -4.484124e+001,
3485937500, -4.452156e+001,
3487500000, -4.469208e+001,
3489062500, -4.492575e+001,
3490625000, -4.492157e+001,
3492187500, -4.455546e+001,
3493750000, -4.438038e+001,
3495312500, -4.468615e+001,
3496875000, -4.475541e+001,
3498437500, -4.467070e+001,
3500000000, -4.481250e+001,
3501562500, -4.472185e+001,
3503125000, -4.445409e+001,
3504687500, -4.464402e+001,
3506250000, -4.491005e+001,
3507812500, -4.466202e+001,
3509375000, -4.448909e+001,
3510937500, -4.460035e+001,
3512500000, -4.489195e+001,
3514062500, -4.497998e+001,
3515625000, -4.454887e+001,
3517187500, -4.441961e+001,
3518750000, -4.480740e+001,
3520312500, -4.479424e+001,
3521875000, -4.472570e+001,
3523437500, -4.487261e+001,
3525000000, -4.500768e+001,
3526562500, -4.455769e+001,
3528125000, -4.464327e+001,
3529687500, -4.515970e+001,
3531250000, -4.480353e+001,
3532812500, -4.474856e+001,
3534375000, -4.470572e+001,
3535937500, -4.497633e+001,
3537500000, -4.540197e+001,
3539062500, -4.491891e+001,
3540625000, -4.463052e+001,
3542187500, -4.502221e+001,
3543750000, -4.510248e+001,
3545312500, -4.518530e+001,
3546875000, -4.486552e+001,
3548437500, -4.537278e+001,
3550000000, -4.531973e+001,
3551562500, -4.488394e+001,
3553125000, -4.509831e+001,
3554687500, -4.546450e+001,
3556250000, -4.539071e+001,
3557812500, -4.522480e+001,
3559375000, -4.478737e+001,
3560937500, -4.555373e+001,
3562500000, -4.580059e+001,
3564062500, -4.542520e+001,
3565625000, -4.491185e+001,
3567187500, -4.524866e+001,
3568750000, -4.567153e+001,
3570312500, -4.561454e+001,
3571875000, -4.523412e+001,
3573437500, -4.545092e+001,
3575000000, -4.587006e+001,
3576562500, -4.533973e+001,
3578125000, -4.525598e+001,
3579687500, -4.577547e+001,
3581250000, -4.588216e+001,
3582812500, -4.579729e+001,
3584375000, -4.509669e+001,
3585937500, -4.538900e+001,
3587500000, -4.600023e+001,
3589062500, -4.593338e+001,
3590625000, -4.536181e+001,
3592187500, -4.547717e+001,
3593750000, -4.557447e+001,
3595312500, -4.582440e+001,
3596875000, -4.574238e+001,
3598437500, -4.538311e+001,
3600000000, -4.576434e+001,
3601562500, -4.619304e+001,
3603125000, -4.531849e+001,
3604687500, -4.531696e+001,
3606250000, -4.590659e+001,
3607812500, -4.589153e+001,
3609375000, -4.588337e+001,
3610937500, -4.527954e+001,
3612500000, -4.562946e+001,
3614062500, -4.591209e+001,
3615625000, -4.579369e+001,
3617187500, -4.533844e+001,
3618750000, -4.555647e+001,
3620312500, -4.573822e+001,
3621875000, -4.587294e+001,
3623437500, -4.577903e+001,
3625000000, -4.526882e+001,
3626562500, -4.561480e+001,
3628125000, -4.608541e+001,
3629687500, -4.537595e+001,
3631250000, -4.531070e+001,
3632812500, -4.563485e+001,
3634375000, -4.585759e+001,
3635937500, -4.586413e+001,
3637500000, -4.507650e+001,
3639062500, -4.515467e+001,
3640625000, -4.613928e+001,
3642187500, -4.608289e+001,
3643750000, -4.504068e+001,
3645312500, -4.499239e+001,
3646875000, -4.537523e+001,
3648437500, -4.577350e+001,
3650000000, -4.607707e+001,
3651562500, -4.550479e+001,
3653125000, -4.509960e+001,
3654687500, -4.551827e+001,
3656250000, -4.621730e+001,
3657812500, -4.502359e+001,
3659375000, -4.522628e+001,
3660937500, -4.579529e+001,
3662500000, -4.590346e+001,
3664062500, -4.611314e+001,
3665625000, -4.524953e+001,
3667187500, -4.479610e+001,
3668750000, -4.566573e+001,
3670312500, -4.629354e+001,
3671875000, -4.612489e+001,
3673437500, -4.520500e+001,
3675000000, -4.501934e+001,
3676562500, -4.551947e+001,
3678125000, -4.609570e+001,
3679687500, -4.615078e+001,
3681250000, -4.541386e+001,
3682812500, -4.580835e+001,
3684375000, -4.642067e+001,
3685937500, -4.578828e+001,
3687500000, -4.493175e+001,
3689062500, -4.594133e+001,
3690625000, -4.611219e+001,
3692187500, -4.649731e+001,
3693750000, -4.619612e+001,
3695312500, -4.565905e+001,
3696875000, -4.545789e+001,
3698437500, -4.576584e+001,
3700000000, -4.645592e+001,
3701562500, -4.612194e+001,
3703125000, -4.592587e+001,
3704687500, -4.594730e+001,
3706250000, -4.596825e+001,
3707812500, -4.612097e+001,
3709375000, -4.611547e+001,
3710937500, -4.560478e+001,
3712500000, -4.601036e+001,
3714062500, -4.695983e+001,
3715625000, -4.677923e+001,
3717187500, -4.520949e+001,
3718750000, -4.538115e+001,
3720312500, -4.604649e+001,
3721875000, -4.740053e+001,
3723437500, -4.705127e+001,
3725000000, -4.601463e+001,
3726562500, -4.529520e+001,
3728125000, -4.560544e+001,
3729687500, -4.632726e+001,
3731250000, -4.672292e+001,
3732812500, -4.592940e+001,
3734375000, -4.625510e+001,
3735937500, -4.608595e+001,
3737500000, -4.588452e+001,
3739062500, -4.598101e+001,
3740625000, -4.571172e+001,
3742187500, -4.547656e+001,
3743750000, -4.603394e+001,
3745312500, -4.720373e+001,
3746875000, -4.663631e+001,
3748437500, -4.485201e+001,
3750000000, -4.447472e+001,
3751562500, -4.496162e+001,
3753125000, -4.699612e+001,
3754687500, -4.741366e+001,
3756250000, -4.684928e+001,
3757812500, -4.522681e+001,
3759375000, -4.438446e+001,
3760937500, -4.464411e+001,
3762500000, -4.585058e+001,
3764062500, -4.549933e+001,
3765625000, -4.561301e+001,
3767187500, -4.692540e+001,
3768750000, -4.622955e+001,
3770312500, -4.532738e+001,
3771875000, -4.458874e+001,
3773437500, -4.403487e+001,
3775000000, -4.456290e+001,
3776562500, -4.724531e+001,
3778125000, -4.769915e+001,
3779687500, -4.533387e+001,
3781250000, -4.419670e+001,
3782812500, -4.399627e+001,
3784375000, -4.421254e+001,
3785937500, -4.638969e+001,
3787500000, -4.666399e+001,
3789062500, -4.622065e+001,
3790625000, -4.553328e+001,
3792187500, -4.554093e+001,
3793750000, -4.524414e+001,
3795312500, -4.547192e+001,
3796875000, -4.396106e+001,
3798437500, -4.389479e+001,
3800000000, -4.551375e+001,
3801562500, -4.685135e+001,
3803125000, -4.823666e+001,
3804687500, -4.596714e+001,
3806250000, -4.398052e+001,
3807812500, -4.365400e+001,
3809375000, -4.508792e+001,
3810937500, -4.801447e+001,
3812500000, -4.826927e+001,
3814062500, -4.609042e+001,
3815625000, -4.372513e+001,
3817187500, -4.384316e+001,
3818750000, -4.636855e+001,
3820312500, -4.795934e+001,
3821875000, -4.731368e+001,
3823437500, -4.644035e+001,
3825000000, -4.550182e+001,
3826562500, -4.550927e+001,
3828125000, -4.567481e+001,
3829687500, -4.782131e+001,
3831250000, -4.738113e+001,
3832812500, -4.584727e+001,
3834375000, -4.618546e+001,
3835937500, -4.577263e+001,
3837500000, -4.729505e+001,
3839062500, -4.739519e+001,
3840625000, -4.602458e+001,
3842187500, -4.465073e+001,
3843750000, -4.647582e+001,
3845312500, -4.902221e+001,
3846875000, -5.110558e+001,
3848437500, -4.815894e+001,
3850000000, -4.596036e+001,
3851562500, -4.336897e+001,
3853125000, -4.400261e+001,
3854687500, -4.608866e+001,
3856250000, -4.978109e+001,
3857812500, -5.135437e+001,
3859375000, -5.044614e+001,
3860937500, -4.722765e+001,
3862500000, -4.454660e+001,
3864062500, -4.376247e+001,
3865625000, -4.576897e+001,
3867187500, -4.636238e+001,
3868750000, -4.838123e+001,
3870312500, -5.094301e+001,
3871875000, -4.990209e+001,
3873437500, -4.856897e+001,
3875000000, -4.645058e+001,
3876562500, -4.479857e+001,
3878125000, -4.374210e+001,
3879687500, -4.434804e+001,
3881250000, -4.643790e+001,
3882812500, -4.905483e+001,
3884375000, -5.936589e+001,
3885937500, -4.976591e+001,
3887500000, -4.521507e+001,
3889062500, -4.343876e+001,
3890625000, -4.527993e+001,
3892187500, -4.525530e+001,
3893750000, -4.626774e+001,
3895312500, -4.857510e+001,
3896875000, -5.035639e+001,
3898437500, -5.336942e+001,
3900000000, -4.850540e+001,
3901562500, -4.462436e+001,
3903125000, -4.508692e+001,
3904687500, -4.452996e+001,
3906250000, -4.351514e+001,
3907812500, -4.724828e+001,
3909375000, -5.053170e+001,
3910937500, -5.239622e+001,
3912500000, -5.029813e+001,
3914062500, -4.736710e+001,
3915625000, -4.495546e+001,
3917187500, -4.474348e+001,
3918750000, -4.550973e+001,
3920312500, -4.437693e+001,
3921875000, -4.652703e+001,
3923437500, -5.239455e+001,
3925000000, -5.011242e+001,
3926562500, -4.864521e+001,
3928125000, -4.585483e+001,
3929687500, -4.612631e+001,
3931250000, -4.607494e+001,
3932812500, -4.669850e+001,
3934375000, -4.655273e+001,
3935937500, -4.798137e+001,
3937500000, -4.817018e+001,
3939062500, -4.759295e+001,
3940625000, -4.658176e+001,
3942187500, -4.716782e+001,
3943750000, -4.681118e+001,
3945312500, -4.498307e+001,
3946875000, -4.555090e+001,
3948437500, -4.934574e+001,
3950000000, -4.963720e+001,
3951562500, -4.628132e+001,
3953125000, -4.415977e+001,
3954687500, -4.407307e+001,
3956250000, -4.644325e+001,
3957812500, -4.914622e+001,
3959375000, -4.944342e+001,
3960937500, -4.868140e+001,
3962500000, -4.754590e+001,
3964062500, -4.684398e+001,
3965625000, -4.596935e+001,
3967187500, -4.451437e+001,
3968750000, -4.464905e+001,
3970312500, -4.567079e+001,
3971875000, -4.555972e+001,
3973437500, -4.757425e+001,
3975000000, -5.101318e+001,
3976562500, -5.036547e+001,
3978125000, -5.127450e+001,
3979687500, -4.613956e+001,
3981250000, -4.366967e+001,
3982812500, -4.253711e+001,
3984375000, -4.386663e+001,
3985937500, -4.455928e+001,
3987500000, -4.640879e+001,
3989062500, -5.150823e+001,
3990625000, -5.683865e+001,
3992187500, -4.884181e+001,
3993750000, -4.611223e+001,
3995312500, -4.271459e+001,
3996875000, -4.195628e+001,
3998437500, -4.428135e+001,
4000000000, -4.578981e+001,
4001562500, -4.497030e+001,
4003125000, -4.856726e+001,
4004687500, -5.413349e+001,
4006250000, -5.079344e+001,
4007812500, -5.314857e+001,
4009375000, -4.995657e+001,
4010937500, -4.538800e+001,
4012500000, -4.493047e+001,
4014062500, -4.362167e+001,
4015625000, -4.308593e+001,
4017187500, -4.507229e+001,
4018750000, -4.687006e+001,
4020312500, -4.538456e+001,
4021875000, -5.094456e+001,
4023437500, -5.518197e+001,
4025000000, -5.023838e+001,
4026562500, -4.685745e+001,
4028125000, -4.178463e+001,
4029687500, -4.282355e+001,
4031250000, -4.801430e+001,
4032812500, -5.195566e+001,
4034375000, -4.840684e+001,
4035937500, -4.821500e+001,
4037500000, -4.895311e+001,
4039062500, -4.940275e+001,
4040625000, -4.748576e+001,
4042187500, -5.297524e+001,
4043750000, -5.199626e+001,
4045312500, -4.368885e+001,
4046875000, -4.163354e+001,
4048437500, -4.297206e+001,
4050000000, -4.215177e+001,
4051562500, -4.222422e+001,
4053125000, -4.552842e+001,
4054687500, -5.814734e+001,
4056250000, -6.433849e+001,
4057812500, -5.608390e+001,
4059375000, -5.061059e+001,
4060937500, -4.709750e+001,
4062500000, -4.680641e+001,
4064062500, -4.383590e+001,
4065625000, -4.068304e+001,
4067187500, -4.135766e+001,
4068750000, -4.559828e+001,
4070312500, -4.493395e+001,
4071875000, -4.337951e+001,
4073437500, -4.793403e+001,
4075000000, -5.949067e+001,
4076562500, -5.202458e+001,
4078125000, -7.197063e+001,
4079687500, -4.690826e+001,
4081250000, -4.298112e+001,
4082812500, -4.823683e+001,
4084375000, -4.563040e+001,
4085937500, -4.252504e+001,
4087500000, -4.287239e+001,
4089062500, -4.655028e+001,
4090625000, -5.189550e+001,
4092187500, -5.327878e+001,
4093750000, -4.442915e+001,
4095312500, -4.040299e+001,
4096875000, -3.981284e+001,
4098437500, -4.009083e+001,
4100000000, -4.190016e+001,
4101562500, -4.171864e+001,
4103125000, -4.125286e+001,
4104687500, -4.227006e+001,
4106250000, -4.460355e+001,
4107812500, -4.741717e+001,
4109375000, -4.942632e+001,
4110937500, -4.690924e+001,
4112500000, -4.514254e+001,
4114062500, -4.260882e+001,
4115625000, -4.031602e+001,
4117187500, -4.051699e+001,
4118750000, -3.977984e+001,
4120312500, -3.832684e+001,
4121875000, -3.931240e+001,
4123437500, -4.245980e+001,
4125000000, -5.017374e+001,
4126562500, -5.423866e+001,
4128125000, -5.292066e+001,
4129687500, -4.534946e+001,
4131250000, -4.225644e+001,
4132812500, -4.108218e+001,
4134375000, -4.664430e+001,
4135937500, -5.273619e+001,
4137500000, -4.660794e+001,
4139062500, -4.685429e+001,
4140625000, -4.600486e+001,
4142187500, -4.521632e+001,
4143750000, -5.180919e+001,
4145312500, -4.885277e+001,
4146875000, -4.211626e+001,
4148437500, -4.221716e+001,
4150000000, -4.251742e+001,
4151562500, -4.473229e+001,
4153125000, -3.764602e+001,
4154687500, -3.498753e+001,
4156250000, -3.701345e+001,
4157812500, -3.898939e+001,
4159375000, -3.904490e+001,
4160937500, -3.635712e+001,
4162500000, -3.390570e+001,
4164062500, -3.467401e+001,
4165625000, -3.944815e+001,
4167187500, -4.239329e+001,
4168750000, -4.194779e+001,
4170312500, -3.982687e+001,
4171875000, -3.757099e+001,
4173437500, -3.807452e+001,
4175000000, -4.014002e+001,
4176562500, -4.139114e+001,
4178125000, -4.048894e+001,
4179687500, -4.002267e+001,
4181250000, -3.867744e+001,
4182812500, -3.521957e+001,
4184375000, -3.416281e+001,
4185937500, -3.488570e+001,
4187500000, -3.735622e+001,
4189062500, -3.974164e+001,
4190625000, -3.714711e+001,
4192187500, -3.464927e+001,
4193750000, -3.599452e+001,
4195312500, -3.888612e+001,
4196875000, -4.929088e+001,
4198437500, -4.503772e+001,
4200000000, -3.849623e+001,
4201562500, -3.611694e+001,
4203125000, -3.829919e+001,
4204687500, -4.299448e+001,
4206250000, -3.722807e+001,
4207812500, -3.331412e+001,
4209375000, -3.138124e+001,
4210937500, -2.979620e+001,
4212500000, -2.911731e+001,
4214062500, -3.169010e+001,
4215625000, -3.225066e+001,
4217187500, -3.036749e+001,
4218750000, -2.898930e+001,
4220312500, -2.814190e+001,
4221875000, -2.812426e+001,
4223437500, -3.056438e+001,
4225000000, -3.203864e+001,
4226562500, -3.088944e+001,
4228125000, -3.013762e+001,
4229687500, -3.072670e+001,
4231250000, -3.059567e+001,
4232812500, -2.916434e+001,
4234375000, -2.937902e+001,
4235937500, -2.940330e+001,
4237500000, -3.026259e+001,
4239062500, -3.013268e+001,
4240625000, -2.953588e+001,
4242187500, -2.616582e+001,
4243750000, -2.635813e+001,
4245312500, -2.850885e+001,
4246875000, -2.967467e+001,
4248437500, -3.032359e+001,
4250000000, -3.035921e+001,
4251562500, -2.738213e+001,
4253125000, -2.434464e+001,
4254687500, -2.678408e+001,
4256250000, -2.998247e+001,
4257812500, -3.480486e+001,
4259375000, -3.573244e+001,
4260937500, -3.029464e+001,
4262500000, -2.683453e+001,
4264062500, -2.575144e+001,
4265625000, -2.871154e+001,
4267187500, -3.271731e+001,
4268750000, -3.426023e+001,
4270312500, -3.083715e+001,
4271875000, -2.860588e+001,
4273437500, -2.661473e+001,
4275000000, -2.594897e+001,
4276562500, -2.584980e+001,
4278125000, -2.639585e+001,
4279687500, -2.807648e+001,
4281250000, -2.887324e+001,
4282812500, -2.506353e+001,
4284375000, -2.378950e+001,
4285937500, -2.481590e+001,
4287500000, -2.628671e+001,
4289062500, -2.691882e+001,
4290625000, -2.572438e+001,
4292187500, -2.616639e+001,
4293750000, -2.636215e+001,
4295312500, -2.446937e+001,
4296875000, -2.255654e+001,
4298437500, -2.318924e+001,
4300000000, -2.492630e+001,
4301562500, -2.562750e+001,
4303125000, -2.543182e+001,
4304687500, -2.387324e+001,
4306250000, -2.259436e+001,
4307812500, -2.201230e+001,
4309375000, -2.273363e+001,
4310937500, -2.298528e+001,
4312500000, -2.296209e+001,
4314062500, -2.181980e+001,
4315625000, -2.133437e+001,
4317187500, -2.229712e+001,
4318750000, -2.240681e+001,
4320312500, -2.204855e+001,
4321875000, -2.117665e+001,
4323437500, -2.213032e+001,
4325000000, -2.216004e+001,
4326562500, -2.154306e+001,
4328125000, -2.164253e+001,
4329687500, -2.151989e+001,
4331250000, -2.170373e+001,
4332812500, -2.225263e+001,
4334375000, -2.321376e+001,
4335937500, -2.386774e+001,
4337500000, -2.397107e+001,
4339062500, -2.349545e+001,
4340625000, -2.198161e+001,
4342187500, -2.244463e+001,
4343750000, -2.229845e+001,
4345312500, -2.213537e+001,
4346875000, -2.265907e+001,
4348437500, -2.311553e+001,
4350000000, -2.442561e+001,
4351562500, -2.584286e+001,
4353125000, -2.697549e+001,
4354687500, -2.575588e+001,
4356250000, -2.267060e+001,
4357812500, -2.320681e+001,
4359375000, -2.393855e+001,
4360937500, -2.505131e+001,
4362500000, -2.608647e+001,
4364062500, -2.881979e+001,
4365625000, -3.096760e+001,
4367187500, -3.565002e+001,
4368750000, -3.154080e+001,
4370312500, -2.511478e+001,
4371875000, -2.364078e+001,
4373437500, -2.529765e+001,
4375000000, -2.749744e+001,
4376562500, -3.046004e+001,
4378125000, -3.642197e+001,
4379687500, -4.036404e+001,
4381250000, -3.976100e+001,
4382812500, -3.531921e+001,
4384375000, -3.081009e+001,
4385937500, -2.924997e+001,
4387500000, -2.914202e+001,
4389062500, -2.684318e+001,
4390625000, -2.526310e+001,
4392187500, -2.673591e+001,
4393750000, -2.778432e+001,
4395312500, -2.945909e+001,
4396875000, -2.771207e+001,
4398437500, -2.540052e+001,
4400000000, -2.349871e+001,
4401562500, -2.110842e+001,
4403125000, -1.911625e+001,
4404687500, -1.733691e+001,
4406250000, -1.490119e+001,
4407812500, -1.269390e+001,
4409375000, -1.253683e+001,
4410937500, -1.466020e+001,
4412500000, -1.749016e+001,
4414062500, -2.042261e+001,
4415625000, -2.311587e+001,
4417187500, -2.055105e+001,
4418750000, -1.890959e+001,
4420312500, -1.696968e+001,
4421875000, -1.345750e+001,
4423437500, -1.019026e+001,
4425000000, -8.255605e+000,
4426562500, -8.944338e+000,
4428125000, -9.571999e+000,
4429687500, -1.132094e+001,
4431250000, -1.487105e+001,
4432812500, -2.074916e+001,
4434375000, -2.013701e+001,
4435937500, -1.773359e+001,
4437500000, -1.578201e+001,
4439062500, -1.337171e+001,
4440625000, -1.149211e+001,
4442187500, -9.386207e+000,
4443750000, -7.395805e+000,
4445312500, -7.649018e+000,
4446875000, -1.031626e+001,
4448437500, -1.502496e+001,
4450000000, -2.340354e+001,
4451562500, -2.432875e+001,
4453125000, -1.946946e+001,
4454687500, -1.653465e+001,
4456250000, -1.490811e+001,
4457812500, -1.305925e+001,
4459375000, -1.093490e+001,
4460937500, -9.011554e+000,
4462500000, -9.283689e+000,
4464062500, -1.363998e+001,
4465625000, -2.200277e+001,
4467187500, -2.817197e+001,
4468750000, -2.155371e+001,
4470312500, -2.051007e+001,
4471875000, -1.816251e+001,
4473437500, -1.642321e+001,
4475000000, -1.457837e+001,
4476562500, -1.247747e+001,
4478125000, -1.076132e+001,
4479687500, -1.290971e+001,
4481250000, -2.181471e+001,
4482812500, -2.578887e+001,
4484375000, -1.925848e+001,
4485937500, -1.823776e+001,
4487500000, -1.635451e+001,
4489062500, -1.557476e+001,
4490625000, -1.404286e+001,
4492187500, -1.325869e+001,
4493750000, -1.226812e+001,
4495312500, -1.078306e+001,
4496875000, -1.348077e+001,
4498437500, -1.886710e+001,
4500000000, -1.566344e+001,
4501562500, -1.510209e+001,
4503125000, -1.347587e+001,
4504687500, -1.294540e+001,
4506250000, -1.287769e+001,
4507812500, -1.289978e+001,
4509375000, -1.204213e+001,
4510937500, -1.049388e+001,
4512500000, -1.034713e+001,
4514062500, -1.225987e+001,
4515625000, -1.304381e+001,
4517187500, -1.281822e+001,
4518750000, -1.192338e+001,
4520312500, -1.060301e+001,
4521875000, -1.032713e+001,
4523437500, -1.024844e+001,
4525000000, -1.003136e+001,
4526562500, -8.992949e+000,
4528125000, -8.619837e+000,
4529687500, -9.653499e+000,
4531250000, -1.088183e+001,
4532812500, -1.126884e+001,
4534375000, -1.011415e+001,
4535937500, -9.488141e+000,
4537500000, -9.077168e+000,
4539062500, -8.403026e+000,
4540625000, -7.886850e+000,
4542187500, -7.480668e+000,
4543750000, -7.803679e+000,
4545312500, -9.435552e+000,
4546875000, -1.075916e+001,
4548437500, -1.048289e+001,
4550000000, -1.073488e+001,
4551562500, -1.066901e+001,
4553125000, -8.928643e+000,
4554687500, -7.916892e+000,
4556250000, -7.207373e+000,
4557812500, -7.103365e+000,
4559375000, -8.811507e+000,
4560937500, -1.097878e+001,
4562500000, -1.157040e+001,
4564062500, -1.255769e+001,
4565625000, -1.141963e+001,
4567187500, -9.387981e+000,
4568750000, -8.519209e+000,
4570312500, -8.115979e+000,
4571875000, -7.880088e+000,
4573437500, -9.118040e+000,
4575000000, -1.175950e+001,
4576562500, -1.367897e+001,
4578125000, -1.305183e+001,
4579687500, -1.084079e+001,
4581250000, -1.011198e+001,
4582812500, -1.048701e+001,
4584375000, -1.041950e+001,
4585937500, -9.895177e+000,
4587500000, -1.055291e+001,
4589062500, -1.321388e+001,
4590625000, -1.416755e+001,
4592187500, -1.272017e+001,
4593750000, -1.160829e+001,
4595312500, -1.202635e+001,
4596875000, -1.234803e+001,
4598437500, -1.197795e+001,
4600000000, -1.134723e+001,
4601562500, -1.211661e+001,
4603125000, -1.462031e+001,
4604687500, -1.504766e+001,
4606250000, -1.366025e+001,
4607812500, -1.390232e+001,
4609375000, -1.350829e+001,
4610937500, -1.232315e+001,
4612500000, -1.187942e+001,
4614062500, -1.216988e+001,
4615625000, -1.489666e+001,
4617187500, -1.675897e+001,
4618750000, -1.532882e+001,
4620312500, -1.404278e+001,
4621875000, -1.444518e+001,
4623437500, -1.529222e+001,
4625000000, -1.581458e+001,
4626562500, -1.808766e+001,
4628125000, -2.220179e+001,
4629687500, -2.155102e+001,
4631250000, -1.913104e+001,
4632812500, -1.652748e+001,
4634375000, -1.557660e+001,
4635937500, -1.528698e+001,
4637500000, -1.500445e+001,
4639062500, -1.497158e+001,
4640625000, -1.541767e+001,
4642187500, -1.620320e+001,
4643750000, -1.514332e+001,
4645312500, -1.423675e+001,
4646875000, -1.570811e+001,
4648437500, -1.657463e+001,
4650000000, -1.622816e+001,
4651562500, -1.568720e+001,
4653125000, -1.519232e+001,
4654687500, -1.382747e+001,
4656250000, -1.278657e+001,
4657812500, -1.327857e+001,
4659375000, -1.403107e+001,
4660937500, -1.399428e+001,
4662500000, -1.342458e+001,
4664062500, -1.281908e+001,
4665625000, -1.275623e+001,
4667187500, -1.219056e+001,
4668750000, -1.254056e+001,
4670312500, -1.295079e+001,
4671875000, -1.306159e+001,
4673437500, -1.277081e+001,
4675000000, -1.259183e+001,
4676562500, -1.226284e+001,
4678125000, -1.188634e+001,
4679687500, -1.222221e+001,
4681250000, -1.186024e+001,
4682812500, -1.158885e+001,
4684375000, -1.243297e+001,
4685937500, -1.265744e+001,
4687500000, -1.228272e+001,
4689062500, -1.268221e+001,
4690625000, -1.309265e+001,
4692187500, -1.351772e+001,
4693750000, -1.415461e+001,
4695312500, -1.473854e+001,
4696875000, -1.519597e+001,
4698437500, -1.507836e+001,
4700000000, -1.499238e+001,
4701562500, -1.537289e+001,
4703125000, -1.510252e+001,
4704687500, -1.444954e+001,
4706250000, -1.397536e+001,
4707812500, -1.401075e+001,
4709375000, -1.533074e+001,
4710937500, -1.704722e+001,
4712500000, -1.826880e+001,
4714062500, -1.888647e+001,
4715625000, -1.784398e+001,
4717187500, -1.598932e+001,
4718750000, -1.568713e+001,
4720312500, -1.699007e+001,
4721875000, -1.855483e+001,
4723437500, -1.839721e+001,
4725000000, -1.725737e+001,
4726562500, -1.665428e+001,
4728125000, -1.640915e+001,
4729687500, -1.639008e+001,
4731250000, -1.731360e+001,
4732812500, -1.783841e+001,
4734375000, -1.681701e+001,
4735937500, -1.663775e+001,
4737500000, -1.669764e+001,
4739062500, -1.642315e+001,
4740625000, -1.644473e+001,
4742187500, -1.677230e+001,
4743750000, -1.656800e+001,
4745312500, -1.651928e+001,
4746875000, -1.681777e+001,
4748437500, -1.667606e+001,
4750000000, -1.656221e+001,
4751562500, -1.656851e+001,
4753125000, -1.640897e+001,
4754687500, -1.598651e+001,
4756250000, -1.578080e+001,
4757812500, -1.567903e+001,
4759375000, -1.580185e+001,
4760937500, -1.573070e+001,
4762500000, -1.557267e+001,
4764062500, -1.520990e+001,
4765625000, -1.521886e+001,
4767187500, -1.556673e+001,
4768750000, -1.601451e+001,
4770312500, -1.616128e+001,
4771875000, -1.609202e+001,
4773437500, -1.610496e+001,
4775000000, -1.660998e+001,
4776562500, -1.732033e+001,
4778125000, -1.744741e+001,
4779687500, -1.689585e+001,
4781250000, -1.652344e+001,
4782812500, -1.654224e+001,
4784375000, -1.658084e+001,
4785937500, -1.675507e+001,
4787500000, -1.711857e+001,
4789062500, -1.744269e+001,
4790625000, -1.751249e+001,
4792187500, -1.753230e+001,
4793750000, -1.772442e+001,
4795312500, -1.803986e+001,
4796875000, -1.833624e+001,
4798437500, -1.850994e+001,
4800000000, -1.841458e+001,
4801562500, -1.813058e+001,
4803125000, -1.761864e+001,
4804687500, -1.740292e+001,
4806250000, -1.756497e+001,
4807812500, -1.785464e+001,
4809375000, -1.784651e+001,
4810937500, -1.769648e+001,
4812500000, -1.770004e+001,
4814062500, -1.803370e+001,
4815625000, -1.879105e+001,
4817187500, -1.933582e+001,
4818750000, -1.930164e+001,
4820312500, -1.898115e+001,
4821875000, -1.892961e+001,
4823437500, -1.927434e+001,
4825000000, -1.940054e+001,
4826562500, -1.907024e+001,
4828125000, -1.872962e+001,
4829687500, -1.894191e+001,
4831250000, -1.953180e+001,
4832812500, -1.999437e+001,
4834375000, -2.015754e+001,
4835937500, -2.028238e+001,
4837500000, -2.076300e+001,
4839062500, -2.138691e+001,
4840625000, -2.178848e+001,
4842187500, -2.155869e+001,
4843750000, -2.085595e+001,
4845312500, -2.049615e+001,
4846875000, -2.053728e+001,
4848437500, -2.046642e+001,
4850000000, -2.024957e+001,
4851562500, -2.019603e+001,
4853125000, -2.023448e+001,
4854687500, -2.068801e+001,
4856250000, -2.143454e+001,
4857812500, -2.143829e+001,
4859375000, -2.098368e+001,
4860937500, -2.087248e+001,
4862500000, -2.096667e+001,
4864062500, -2.080495e+001,
4865625000, -2.024905e+001,
4867187500, -1.996140e+001,
4868750000, -2.061044e+001,
4870312500, -2.115091e+001,
4871875000, -2.114183e+001,
4873437500, -2.152543e+001,
4875000000, -2.235499e+001,
4876562500, -2.258720e+001,
4878125000, -2.215993e+001,
4879687500, -2.158308e+001,
4881250000, -2.120606e+001,
4882812500, -2.094224e+001,
4884375000, -2.064472e+001,
4885937500, -2.041337e+001,
4887500000, -2.059915e+001,
4889062500, -2.113529e+001,
4890625000, -2.153146e+001,
4892187500, -2.161670e+001,
4893750000, -2.171133e+001,
4895312500, -2.172321e+001,
4896875000, -2.129081e+001,
4898437500, -2.079767e+001,
4900000000, -2.069887e+001,
4901562500, -2.091849e+001,
4903125000, -2.113482e+001,
4904687500, -2.145919e+001,
4906250000, -2.206490e+001,
4907812500, -2.235965e+001,
4909375000, -2.222237e+001,
4910937500, -2.183152e+001,
4912500000, -2.154895e+001,
4914062500, -2.131637e+001,
4915625000, -2.124701e+001,
4917187500, -2.149379e+001,
4918750000, -2.210802e+001,
4920312500, -2.271299e+001,
4921875000, -2.305812e+001,
4923437500, -2.319906e+001,
4925000000, -2.298260e+001,
4926562500, -2.257479e+001,
4928125000, -2.242021e+001,
4929687500, -2.274465e+001,
4931250000, -2.329756e+001,
4932812500, -2.407261e+001,
4934375000, -2.498303e+001,
4935937500, -2.535233e+001,
4937500000, -2.509092e+001,
4939062500, -2.468571e+001,
4940625000, -2.448689e+001,
4942187500, -2.456232e+001,
4943750000, -2.529136e+001,
4945312500, -2.636917e+001,
4946875000, -2.743930e+001,
4948437500, -2.805650e+001,
4950000000, -2.767864e+001,
4951562500, -2.694150e+001,
4953125000, -2.655491e+001,
4954687500, -2.677186e+001,
4956250000, -2.757864e+001,
4957812500, -2.893305e+001,
4959375000, -3.007576e+001,
4960937500, -3.005509e+001,
4962500000, -2.902035e+001,
4964062500, -2.806171e+001,
4965625000, -2.764521e+001,
4967187500, -2.821083e+001,
4968750000, -2.948124e+001,
4970312500, -3.094517e+001,
4971875000, -3.105582e+001,
4973437500, -2.979747e+001,
4975000000, -2.883327e+001,
4976562500, -2.870399e+001,
4978125000, -2.977964e+001,
4979687500, -3.172503e+001,
4981250000, -3.322306e+001,
4982812500, -3.239234e+001,
4984375000, -3.089449e+001,
4985937500, -3.047408e+001,
4987500000, -3.148674e+001,
4989062500, -3.396913e+001,
4990625000, -3.668705e+001,
4992187500, -3.574374e+001,
4993750000, -3.330976e+001,
4995312500, -3.243439e+001,
4996875000, -3.349378e+001,
4998437500, -3.686293e+001,
5000000000, -4.063387e+001,
5001562500, -3.773047e+001,
5003125000, -3.500559e+001,
5004687500, -3.478373e+001,
5006250000, -3.740737e+001,
5007812500, -4.436896e+001,
5009375000, -4.363326e+001,
5010937500, -3.850432e+001,
5012500000, -3.778377e+001,
5014062500, -4.084349e+001,
5015625000, -5.016949e+001,
5017187500, -4.951618e+001,
5018750000, -4.408390e+001,
5020312500, -4.252338e+001,
5021875000, -4.239131e+001,
5023437500, -4.380509e+001,
5025000000, -4.849527e+001,
5026562500, -4.843540e+001,
5028125000, -4.271241e+001,
5029687500, -4.105416e+001,
5031250000, -4.366674e+001,
5032812500, -5.235209e+001,
5034375000, -4.570105e+001,
5035937500, -4.088683e+001,
5037500000, -4.151309e+001,
5039062500, -4.926669e+001,
5040625000, -4.753753e+001,
5042187500, -4.124498e+001,
5043750000, -4.144330e+001,
5045312500, -4.897045e+001,
5046875000, -4.708320e+001,
5048437500, -4.148439e+001,
5050000000, -4.231955e+001,
5051562500, -5.079182e+001,
5053125000, -4.489002e+001,
5054687500, -4.100564e+001,
5056250000, -4.500769e+001,
5057812500, -4.930826e+001,
5059375000, -4.218093e+001,
5060937500, -4.304880e+001,
5062500000, -5.069863e+001,
5064062500, -4.331901e+001,
5065625000, -4.294139e+001,
5067187500, -4.885811e+001,
5068750000, -4.394699e+001,
5070312500, -4.354655e+001,
5071875000, -4.769440e+001,
5073437500, -4.393184e+001,
5075000000, -4.470762e+001,
5076562500, -4.630569e+001,
5078125000, -4.407875e+001,
5079687500, -4.559799e+001,
5081250000, -4.503845e+001,
5082812500, -4.488623e+001,
5084375000, -4.521841e+001,
5085937500, -4.511874e+001,
5087500000, -4.468832e+001,
5089062500, -4.561595e+001,
5090625000, -4.434928e+001,
5092187500, -4.575672e+001,
5093750000, -4.432855e+001,
5095312500, -4.574564e+001,
5096875000, -4.439064e+001,
5098437500, -4.559901e+001,
5100000000, -4.461937e+001,
5101562500, -4.504201e+001,
5103125000, -4.530352e+001,
5104687500, -4.450548e+001,
5106250000, -4.525487e+001,
5107812500, -4.506834e+001,
5109375000, -4.476285e+001,
5110937500, -4.500370e+001,
5112500000, -4.511591e+001,
5114062500, -4.499527e+001,
5115625000, -4.494835e+001,
5117187500, -4.497783e+001,
5118750000, -4.502182e+001,
5120312500, -4.502592e+001,
5121875000, -4.501183e+001,
5123437500, -4.504091e+001,
5125000000, -4.504748e+001,
5126562500, -4.507866e+001,
5128125000, -4.508980e+001,
5129687500, -4.510815e+001,
5131250000, -4.512300e+001,
5132812500, -4.517038e+001,
5134375000, -4.519117e+001,
5135937500, -4.523821e+001,
5137500000, -4.525266e+001,
5139062500, -4.532312e+001,
5140625000, -4.533746e+001,
5142187500, -4.537997e+001,
5143750000, -4.545327e+001,
5145312500, -4.547827e+001,
5146875000, -4.552311e+001,
5148437500, -4.558966e+001,
5150000000, -4.562374e+001,
5151562500, -4.569573e+001,
5153125000, -4.574354e+001,
5154687500, -4.578107e+001,
5156250000, -4.586312e+001,
5157812500, -4.588116e+001,
5159375000, -4.594112e+001,
5160937500, -4.604143e+001,
5162500000, -4.608648e+001,
5164062500, -4.611034e+001,
5165625000, -4.619594e+001,
5167187500, -4.625484e+001,
5168750000, -4.632573e+001,
5170312500, -4.637442e+001,
5171875000, -4.641753e+001,
5173437500, -4.640535e+001,
5175000000, -4.655011e+001,
5176562500, -4.660654e+001,
5178125000, -4.668321e+001,
5179687500, -4.673779e+001,
5181250000, -4.678360e+001,
5182812500, -4.685469e+001,
5184375000, -4.692495e+001,
5185937500, -4.694839e+001,
5187500000, -4.704493e+001,
5189062500, -4.705116e+001,
5190625000, -4.711233e+001,
5192187500, -4.714322e+001,
5193750000, -4.726682e+001,
5195312500, -4.728244e+001,
5196875000, -4.735153e+001,
5198437500, -4.735354e+001,
5200000000, -4.740339e+001,
5201562500, -4.747299e+001,
5203125000, -4.757564e+001,
5204687500, -4.758888e+001,
5206250000, -4.767497e+001,
5207812500, -4.772284e+001,
5209375000, -4.778187e+001,
5210937500, -4.784729e+001,
5212500000, -4.785878e+001,
5214062500, -4.787946e+001,
5215625000, -4.789939e+001,
5217187500, -4.793270e+001,
5218750000, -4.793690e+001,
5220312500, -4.795774e+001,
5221875000, -4.800019e+001,
5223437500, -4.796626e+001,
5225000000, -4.802542e+001,
5226562500, -4.798949e+001,
5228125000, -4.803954e+001,
5229687500, -4.803563e+001,
5231250000, -4.804884e+001,
5232812500, -4.804979e+001,
5234375000, -4.801252e+001,
5235937500, -4.801383e+001,
5237500000, -4.806528e+001,
5239062500, -4.803745e+001,
5240625000, -4.808154e+001,
5242187500, -4.805574e+001,
5243750000, -4.806567e+001,
5245312500, -4.808686e+001,
5246875000, -4.805941e+001,
5248437500, -4.803983e+001,
5250000000, -4.807122e+001,
5251562500, -4.808488e+001,
5253125000, -4.811106e+001,
5254687500, -4.813513e+001,
5256250000, -4.810673e+001,
5257812500, -4.815047e+001,
5259375000, -4.814610e+001,
5260937500, -4.815253e+001,
5262500000, -4.817815e+001,
5264062500, -4.817608e+001,
5265625000, -4.816024e+001,
5267187500, -4.818776e+001,
5268750000, -4.818639e+001,
5270312500, -4.819720e+001,
5271875000, -4.819823e+001,
5273437500, -4.824939e+001,
5275000000, -4.821170e+001,
5276562500, -4.824056e+001,
5278125000, -4.826404e+001,
5279687500, -4.827529e+001,
5281250000, -4.829408e+001,
5282812500, -4.828680e+001,
5284375000, -4.828944e+001,
5285937500, -4.827802e+001,
5287500000, -4.825541e+001,
5289062500, -4.828731e+001,
5290625000, -4.833048e+001,
5292187500, -4.834466e+001,
5293750000, -4.831382e+001,
5295312500, -4.838220e+001,
5296875000, -4.838782e+001,
5298437500, -4.844897e+001,
5300000000, -4.852522e+001,
5301562500, -4.851796e+001,
5303125000, -4.850229e+001,
5304687500, -4.855197e+001,
5306250000, -4.861087e+001,
5307812500, -4.862301e+001,
5309375000, -4.866979e+001,
5310937500, -4.867756e+001,
5312500000, -4.872321e+001,
5314062500, -4.873166e+001,
5315625000, -4.874937e+001,
5317187500, -4.881297e+001,
5318750000, -4.879237e+001,
5320312500, -4.884765e+001,
5321875000, -4.884264e+001,
5323437500, -4.888112e+001,
5325000000, -4.885455e+001,
5326562500, -4.896798e+001,
5328125000, -4.899181e+001,
5329687500, -4.900748e+001,
5331250000, -4.902810e+001,
5332812500, -4.900618e+001,
5334375000, -4.907268e+001,
5335937500, -4.904107e+001,
5337500000, -4.910757e+001,
5339062500, -4.907843e+001,
5340625000, -4.913236e+001,
5342187500, -4.909650e+001,
5343750000, -4.909532e+001,
5345312500, -4.904984e+001,
5346875000, -4.908693e+001,
5348437500, -4.908336e+001,
5350000000, -4.902039e+001,
5351562500, -4.904809e+001,
5353125000, -4.902544e+001,
5354687500, -4.903981e+001,
5356250000, -4.903708e+001,
5357812500, -4.899199e+001,
5359375000, -4.903762e+001,
5360937500, -4.900822e+001,
5362500000, -4.896529e+001,
5364062500, -4.896382e+001,
5365625000, -4.894885e+001,
5367187500, -4.896875e+001,
5368750000, -4.888701e+001,
5370312500, -4.891800e+001,
5371875000, -4.894304e+001,
5373437500, -4.886409e+001,
5375000000, -4.881904e+001,
5376562500, -4.887752e+001,
5378125000, -4.885694e+001,
5379687500, -4.887983e+001,
5381250000, -4.883556e+001,
5382812500, -4.881836e+001,
5384375000, -4.882740e+001,
5385937500, -4.881326e+001,
5387500000, -4.879548e+001,
5389062500, -4.877095e+001,
5390625000, -4.874388e+001,
5392187500, -4.875751e+001,
5393750000, -4.874299e+001,
5395312500, -4.869610e+001,
5396875000, -4.873582e+001,
5398437500, -4.868621e+001,
5400000000, -4.866987e+001,
5401562500, -4.869858e+001,
5403125000, -4.868005e+001,
5404687500, -4.869673e+001,
5406250000, -4.867348e+001,
5407812500, -4.867858e+001,
5409375000, -4.867269e+001,
5410937500, -4.867755e+001,
5412500000, -4.868505e+001,
5414062500, -4.867088e+001,
5415625000, -4.868264e+001,
5417187500, -4.867045e+001,
5418750000, -4.871075e+001,
5420312500, -4.873523e+001,
5421875000, -4.873948e+001,
5423437500, -4.872509e+001,
5425000000, -4.876745e+001,
5426562500, -4.880627e+001,
5428125000, -4.882632e+001,
5429687500, -4.881700e+001,
5431250000, -4.883498e+001,
5432812500, -4.893081e+001,
5434375000, -4.892921e+001,
5435937500, -4.891894e+001,
5437500000, -4.897787e+001,
5439062500, -4.900568e+001,
5440625000, -4.910748e+001,
5442187500, -4.911688e+001,
5443750000, -4.916676e+001,
5445312500, -4.924372e+001,
5446875000, -4.927342e+001,
5448437500, -4.929997e+001,
5450000000, -4.935956e+001,
5451562500, -4.942663e+001,
5453125000, -4.951628e+001,
5454687500, -4.951950e+001,
5456250000, -4.956990e+001,
5457812500, -4.961443e+001,
5459375000, -4.962284e+001,
5460937500, -4.967038e+001,
5462500000, -4.976057e+001,
5464062500, -4.974982e+001,
5465625000, -4.983717e+001,
5467187500, -4.984210e+001,
5468750000, -4.996201e+001,
5470312500, -5.002408e+001,
5471875000, -5.007693e+001,
5473437500, -5.013036e+001,
5475000000, -5.020645e+001,
5476562500, -5.026044e+001,
5478125000, -5.032479e+001,
5479687500, -5.032659e+001,
5481250000, -5.038977e+001,
5482812500, -5.045567e+001,
5484375000, -5.049261e+001,
5485937500, -5.051095e+001,
5487500000, -5.062771e+001,
5489062500, -5.065459e+001,
5490625000, -5.069100e+001,
5492187500, -5.080738e+001,
5493750000, -5.079020e+001,
5495312500, -5.081572e+001,
5496875000, -5.085168e+001,
5498437500, -5.096987e+001,
5500000000, -5.096783e+001,
