"S21 Log Mag"
"Frequency (Hz)","dB",
3000000000, -4.749452e+001,
3001562500, -4.730533e+001,
3003125000, -4.728045e+001,
3004687500, -4.733949e+001,
3006250000, -4.732500e+001,
3007812500, -4.720329e+001,
3009375000, -4.728217e+001,
3010937500, -4.714465e+001,
3012500000, -4.714783e+001,
3014062500, -4.714275e+001,
3015625000, -4.692664e+001,
3017187500, -4.705978e+001,
3018750000, -4.697559e+001,
3020312500, -4.694319e+001,
3021875000, -4.687738e+001,
3023437500, -4.696070e+001,
3025000000, -4.676488e+001,
3026562500, -4.683145e+001,
3028125000, -4.677806e+001,
3029687500, -4.654100e+001,
3031250000, -4.672640e+001,
3032812500, -4.651555e+001,
3034375000, -4.665078e+001,
3035937500, -4.646977e+001,
3037500000, -4.660713e+001,
3039062500, -4.640796e+001,
3040625000, -4.641254e+001,
3042187500, -4.646494e+001,
3043750000, -4.619120e+001,
3045312500, -4.646023e+001,
3046875000, -4.621251e+001,
3048437500, -4.634372e+001,
3050000000, -4.615404e+001,
3051562500, -4.625450e+001,
3053125000, -4.618289e+001,
3054687500, -4.601231e+001,
3056250000, -4.626535e+001,
3057812500, -4.593859e+001,
3059375000, -4.602557e+001,
3060937500, -4.610498e+001,
3062500000, -4.601725e+001,
3064062500, -4.600937e+001,
3065625000, -4.606631e+001,
3067187500, -4.600345e+001,
3068750000, -4.592972e+001,
3070312500, -4.596545e+001,
3071875000, -4.603907e+001,
3073437500, -4.575510e+001,
3075000000, -4.598775e+001,
3076562500, -4.583702e+001,
3078125000, -4.591321e+001,
3079687500, -4.578862e+001,
3081250000, -4.594878e+001,
3082812500, -4.585112e+001,
3084375000, -4.558213e+001,
3085937500, -4.588275e+001,
3087500000, -4.582808e+001,
3089062500, -4.551322e+001,
3090625000, -4.575683e+001,
3092187500, -4.577397e+001,
3093750000, -4.572354e+001,
3095312500, -4.555713e+001,
3096875000, -4.575606e+001,
3098437500, -4.582746e+001,
3100000000, -4.539331e+001,
3101562500, -4.547394e+001,
3103125000, -4.591284e+001,
3104687500, -4.532816e+001,
3106250000, -4.548024e+001,
3107812500, -4.562583e+001,
3109375000, -4.562904e+001,
3110937500, -4.547673e+001,
3112500000, -4.549348e+001,
3114062500, -4.550608e+001,
3115625000, -4.575490e+001,
3117187500, -4.526644e+001,
3118750000, -4.535866e+001,
3120312500, -4.595918e+001,
3121875000, -4.519608e+001,
3123437500, -4.537598e+001,
3125000000, -4.548935e+001,
3126562500, -4.552705e+001,
3128125000, -4.523953e+001,
3129687500, -4.541142e+001,
3131250000, -4.548686e+001,
3132812500, -4.536743e+001,
3134375000, -4.527297e+001,
3135937500, -4.511052e+001,
3137500000, -4.556586e+001,
3139062500, -4.540379e+001,
3140625000, -4.516837e+001,
3142187500, -4.513883e+001,
3143750000, -4.552925e+001,
3145312500, -4.531316e+001,
3146875000, -4.512021e+001,
3148437500, -4.548668e+001,
3150000000, -4.534277e+001,
3151562500, -4.522481e+001,
3153125000, -4.508079e+001,
3154687500, -4.545654e+001,
3156250000, -4.547165e+001,
3157812500, -4.539310e+001,
3159375000, -4.516654e+001,
3160937500, -4.539852e+001,
3162500000, -4.562186e+001,
3164062500, -4.522778e+001,
3165625000, -4.528233e+001,
3167187500, -4.557873e+001,
3168750000, -4.548862e+001,
3170312500, -4.524923e+001,
3171875000, -4.522852e+001,
3173437500, -4.566265e+001,
3175000000, -4.558189e+001,
3176562500, -4.548245e+001,
3178125000, -4.545185e+001,
3179687500, -4.556579e+001,
3181250000, -4.580231e+001,
3182812500, -4.556763e+001,
3184375000, -4.553687e+001,
3185937500, -4.577870e+001,
3187500000, -4.606116e+001,
3189062500, -4.559249e+001,
3190625000, -4.541175e+001,
3192187500, -4.610825e+001,
3193750000, -4.613990e+001,
3195312500, -4.578854e+001,
3196875000, -4.582770e+001,
3198437500, -4.599025e+001,
3200000000, -4.621432e+001,
3201562500, -4.612522e+001,
3203125000, -4.587760e+001,
3204687500, -4.601807e+001,
3206250000, -4.646412e+001,
3207812500, -4.644623e+001,
3209375000, -4.593023e+001,
3210937500, -4.593116e+001,
3212500000, -4.676569e+001,
3214062500, -4.679502e+001,
3215625000, -4.598120e+001,
3217187500, -4.624572e+001,
3218750000, -4.662069e+001,
3220312500, -4.677829e+001,
3221875000, -4.662202e+001,
3223437500, -4.624051e+001,
3225000000, -4.651026e+001,
3226562500, -4.713457e+001,
3228125000, -4.704528e+001,
3229687500, -4.653115e+001,
3231250000, -4.647799e+001,
3232812500, -4.709820e+001,
3234375000, -4.775779e+001,
3235937500, -4.686142e+001,
3237500000, -4.635716e+001,
3239062500, -4.694805e+001,
3240625000, -4.747098e+001,
3242187500, -4.758366e+001,
3243750000, -4.677098e+001,
3245312500, -4.646104e+001,
3246875000, -4.736776e+001,
3248437500, -4.800850e+001,
3250000000, -4.727749e+001,
3251562500, -4.675871e+001,
3253125000, -4.710410e+001,
3254687500, -4.780262e+001,
3256250000, -4.824807e+001,
3257812500, -4.740919e+001,
3259375000, -4.686658e+001,
3260937500, -4.701567e+001,
3262500000, -4.799581e+001,
3264062500, -4.828646e+001,
3265625000, -4.715268e+001,
3267187500, -4.645335e+001,
3268750000, -4.742630e+001,
3270312500, -4.829122e+001,
3271875000, -4.776962e+001,
3273437500, -4.712995e+001,
3275000000, -4.681803e+001,
3276562500, -4.754277e+001,
3278125000, -4.824837e+001,
3279687500, -4.775346e+001,
3281250000, -4.709112e+001,
3282812500, -4.654731e+001,
3284375000, -4.713563e+001,
3285937500, -4.813837e+001,
3287500000, -4.771833e+001,
3289062500, -4.679390e+001,
3290625000, -4.649840e+001,
3292187500, -4.715754e+001,
3293750000, -4.826665e+001,
3295312500, -4.751608e+001,
3296875000, -4.655037e+001,
3298437500, -4.648407e+001,
3300000000, -4.737463e+001,
3301562500, -4.778738e+001,
3303125000, -4.700983e+001,
3304687500, -4.638484e+001,
3306250000, -4.642559e+001,
3307812500, -4.679958e+001,
3309375000, -4.697514e+001,
3310937500, -4.697230e+001,
3312500000, -4.678364e+001,
3314062500, -4.593035e+001,
3315625000, -4.625660e+001,
3317187500, -4.688896e+001,
3318750000, -4.738145e+001,
3320312500, -4.593255e+001,
3321875000, -4.575628e+001,
3323437500, -4.623644e+001,
3325000000, -4.746513e+001,
3326562500, -4.641048e+001,
3328125000, -4.550130e+001,
3329687500, -4.569725e+001,
3331250000, -4.591946e+001,
3332812500, -4.625411e+001,
3334375000, -4.630323e+001,
3335937500, -4.566551e+001,
3337500000, -4.535695e+001,
3339062500, -4.614021e+001,
3340625000, -4.585502e+001,
3342187500, -4.615096e+001,
3343750000, -4.609869e+001,
3345312500, -4.543958e+001,
3346875000, -4.529807e+001,
3348437500, -4.581332e+001,
3350000000, -4.685089e+001,
3351562500, -4.618417e+001,
3353125000, -4.512159e+001,
3354687500, -4.461018e+001,
3356250000, -4.583157e+001,
3357812500, -4.637417e+001,
3359375000, -4.614478e+001,
3360937500, -4.553841e+001,
3362500000, -4.463945e+001,
3364062500, -4.574297e+001,
3365625000, -4.644588e+001,
3367187500, -4.632255e+001,
3368750000, -4.597684e+001,
3370312500, -4.529605e+001,
3371875000, -4.539034e+001,
3373437500, -4.567400e+001,
3375000000, -4.661218e+001,
3376562500, -4.763142e+001,
3378125000, -4.583540e+001,
3379687500, -4.484611e+001,
3381250000, -4.527230e+001,
3382812500, -4.635167e+001,
3384375000, -4.690890e+001,
3385937500, -4.740564e+001,
3387500000, -4.550025e+001,
3389062500, -4.468873e+001,
3390625000, -4.641820e+001,
3392187500, -4.745342e+001,
3393750000, -4.737714e+001,
3395312500, -4.686077e+001,
3396875000, -4.543729e+001,
3398437500, -4.536475e+001,
3400000000, -4.637988e+001,
3401562500, -4.810068e+001,
3403125000, -4.773841e+001,
3404687500, -4.699068e+001,
3406250000, -4.589693e+001,
3407812500, -4.537286e+001,
3409375000, -4.643237e+001,
3410937500, -4.753719e+001,
3412500000, -4.878263e+001,
3414062500, -4.692530e+001,
3415625000, -4.512924e+001,
3417187500, -4.548187e+001,
3418750000, -4.797519e+001,
3420312500, -4.888872e+001,
3421875000, -4.774326e+001,
3423437500, -4.672388e+001,
3425000000, -4.560468e+001,
3426562500, -4.588962e+001,
3428125000, -4.667506e+001,
3429687500, -4.895465e+001,
3431250000, -4.899823e+001,
3432812500, -4.669772e+001,
3434375000, -4.536860e+001,
3435937500, -4.552487e+001,
3437500000, -4.696256e+001,
3439062500, -4.797220e+001,
3440625000, -4.901870e+001,
3442187500, -4.734406e+001,
3443750000, -4.546584e+001,
3445312500, -4.521960e+001,
3446875000, -4.665546e+001,
3448437500, -4.956029e+001,
3450000000, -4.892322e+001,
3451562500, -4.774398e+001,
3453125000, -4.575721e+001,
3454687500, -4.434883e+001,
3456250000, -4.561549e+001,
3457812500, -4.913031e+001,
3459375000, -4.961713e+001,
3460937500, -4.753709e+001,
3462500000, -4.598341e+001,
3464062500, -4.496878e+001,
3465625000, -4.531341e+001,
3467187500, -4.757237e+001,
3468750000, -4.826826e+001,
3470312500, -4.831269e+001,
3471875000, -4.645886e+001,
3473437500, -4.579754e+001,
3475000000, -4.575542e+001,
3476562500, -4.619920e+001,
3478125000, -4.791723e+001,
3479687500, -4.964169e+001,
3481250000, -4.808586e+001,
3482812500, -4.595520e+001,
3484375000, -4.434800e+001,
3485937500, -4.503629e+001,
3487500000, -4.687259e+001,
3489062500, -5.056078e+001,
3490625000, -4.828965e+001,
3492187500, -4.619563e+001,
3493750000, -4.502940e+001,
3495312500, -4.512116e+001,
3496875000, -4.655275e+001,
3498437500, -4.754172e+001,
3500000000, -4.910583e+001,
3501562500, -4.657516e+001,
3503125000, -4.507155e+001,
3504687500, -4.592847e+001,
3506250000, -4.688866e+001,
3507812500, -4.694879e+001,
3509375000, -4.680143e+001,
3510937500, -4.832714e+001,
3512500000, -4.868260e+001,
3514062500, -4.666220e+001,
3515625000, -4.462695e+001,
3517187500, -4.523966e+001,
3518750000, -4.715111e+001,
3520312500, -4.904549e+001,
3521875000, -4.795271e+001,
3523437500, -4.746457e+001,
3525000000, -4.599179e+001,
3526562500, -4.470045e+001,
3528125000, -4.706675e+001,
3529687500, -4.841457e+001,
3531250000, -4.851109e+001,
3532812500, -4.728283e+001,
3534375000, -4.554877e+001,
3535937500, -4.629757e+001,
3537500000, -4.730199e+001,
3539062500, -4.766842e+001,
3540625000, -4.776513e+001,
3542187500, -4.804834e+001,
3543750000, -4.682636e+001,
3545312500, -4.744931e+001,
3546875000, -4.662103e+001,
3548437500, -4.688576e+001,
3550000000, -4.910433e+001,
3551562500, -4.861573e+001,
3553125000, -4.646408e+001,
3554687500, -4.612069e+001,
3556250000, -4.751546e+001,
3557812500, -4.826228e+001,
3559375000, -4.714962e+001,
3560937500, -4.706667e+001,
3562500000, -4.870029e+001,
3564062500, -4.889117e+001,
3565625000, -4.780519e+001,
3567187500, -4.629742e+001,
3568750000, -4.740744e+001,
3570312500, -4.805143e+001,
3571875000, -4.924665e+001,
3573437500, -4.808766e+001,
3575000000, -4.806834e+001,
3576562500, -4.751050e+001,
3578125000, -4.675245e+001,
3579687500, -4.791109e+001,
3581250000, -4.599763e+001,
3582812500, -4.771465e+001,
3584375000, -5.186400e+001,
3585937500, -5.112449e+001,
3587500000, -4.663777e+001,
3589062500, -4.623658e+001,
3590625000, -4.642879e+001,
3592187500, -4.671609e+001,
3593750000, -4.828010e+001,
3595312500, -4.995778e+001,
3596875000, -4.960809e+001,
3598437500, -5.015976e+001,
3600000000, -4.684377e+001,
3601562500, -4.593065e+001,
3603125000, -4.743973e+001,
3604687500, -4.878480e+001,
3606250000, -4.898940e+001,
3607812500, -4.951150e+001,
3609375000, -5.257051e+001,
3610937500, -4.957893e+001,
3612500000, -4.632602e+001,
3614062500, -4.426093e+001,
3615625000, -4.451623e+001,
3617187500, -4.796174e+001,
3618750000, -5.189983e+001,
3620312500, -5.223764e+001,
3621875000, -4.973594e+001,
3623437500, -4.797249e+001,
3625000000, -4.685629e+001,
3626562500, -4.575651e+001,
3628125000, -4.628135e+001,
3629687500, -4.831252e+001,
3631250000, -5.537189e+001,
3632812500, -4.899527e+001,
3634375000, -4.642651e+001,
3635937500, -4.591068e+001,
3637500000, -4.643092e+001,
3639062500, -4.909574e+001,
3640625000, -4.957760e+001,
3642187500, -4.747287e+001,
3643750000, -4.853112e+001,
3645312500, -4.996612e+001,
3646875000, -4.981073e+001,
3648437500, -5.062952e+001,
3650000000, -4.958978e+001,
3651562500, -4.565191e+001,
3653125000, -4.555280e+001,
3654687500, -4.885415e+001,
3656250000, -5.203345e+001,
3657812500, -4.819457e+001,
3659375000, -4.684632e+001,
3660937500, -4.621149e+001,
3662500000, -4.620419e+001,
3664062500, -4.829587e+001,
3665625000, -5.006499e+001,
3667187500, -4.887795e+001,
3668750000, -5.102107e+001,
3670312500, -5.191040e+001,
3671875000, -5.052060e+001,
3673437500, -4.676157e+001,
3675000000, -4.710874e+001,
3676562500, -4.765031e+001,
3678125000, -4.792167e+001,
3679687500, -4.692863e+001,
3681250000, -4.793998e+001,
3682812500, -4.719448e+001,
3684375000, -4.826658e+001,
3685937500, -5.364195e+001,
3687500000, -5.247408e+001,
3689062500, -5.091435e+001,
3690625000, -4.939367e+001,
3692187500, -4.700723e+001,
3693750000, -4.683246e+001,
3695312500, -5.267553e+001,
3696875000, -5.334961e+001,
3698437500, -4.837024e+001,
3700000000, -4.665845e+001,
3701562500, -4.414507e+001,
3703125000, -4.216965e+001,
3704687500, -4.308196e+001,
3706250000, -4.746926e+001,
3707812500, -6.168530e+001,
3709375000, -5.593308e+001,
3710937500, -5.606655e+001,
3712500000, -4.822024e+001,
3714062500, -4.641214e+001,
3715625000, -5.091619e+001,
3717187500, -5.208855e+001,
3718750000, -4.911654e+001,
3720312500, -4.977905e+001,
3721875000, -4.471010e+001,
3723437500, -4.373454e+001,
3725000000, -4.564951e+001,
3726562500, -4.943143e+001,
3728125000, -4.867774e+001,
3729687500, -5.167581e+001,
3731250000, -6.488361e+001,
3732812500, -5.262322e+001,
3734375000, -4.994219e+001,
3735937500, -4.822569e+001,
3737500000, -4.958952e+001,
3739062500, -5.225964e+001,
3740625000, -4.928115e+001,
3742187500, -4.839114e+001,
3743750000, -4.504443e+001,
3745312500, -4.350142e+001,
3746875000, -4.568634e+001,
3748437500, -5.857759e+001,
3750000000, -4.610331e+001,
3751562500, -4.415746e+001,
3753125000, -4.755364e+001,
3754687500, -5.084822e+001,
3756250000, -5.106456e+001,
3757812500, -5.754012e+001,
3759375000, -5.351716e+001,
3760937500, -4.847550e+001,
3762500000, -4.455764e+001,
3764062500, -4.218891e+001,
3765625000, -4.278476e+001,
3767187500, -4.542432e+001,
3768750000, -5.183035e+001,
3770312500, -4.623615e+001,
3771875000, -4.729790e+001,
3773437500, -5.428919e+001,
3775000000, -4.530545e+001,
3776562500, -4.433284e+001,
3778125000, -5.180877e+001,
3779687500, -5.560469e+001,
3781250000, -5.799386e+001,
3782812500, -5.671201e+001,
3784375000, -5.093667e+001,
3785937500, -4.667007e+001,
3787500000, -4.246430e+001,
3789062500, -4.417052e+001,
3790625000, -5.391056e+001,
3792187500, -5.364491e+001,
3793750000, -4.496676e+001,
3795312500, -4.174492e+001,
3796875000, -4.201539e+001,
3798437500, -4.396638e+001,
3800000000, -4.443724e+001,
3801562500, -4.232042e+001,
3803125000, -4.327581e+001,
3804687500, -4.801998e+001,
3806250000, -5.228673e+001,
3807812500, -5.265115e+001,
3809375000, -5.485757e+001,
3810937500, -5.498113e+001,
3812500000, -4.535746e+001,
3814062500, -4.200803e+001,
3815625000, -4.034602e+001,
3817187500, -3.992963e+001,
3818750000, -4.165050e+001,
3820312500, -4.248513e+001,
3821875000, -4.559349e+001,
3823437500, -4.643930e+001,
3825000000, -4.630729e+001,
3826562500, -4.906439e+001,
3828125000, -5.086984e+001,
3829687500, -4.868481e+001,
3831250000, -4.826395e+001,
3832812500, -5.001479e+001,
3834375000, -5.234604e+001,
3835937500, -4.817014e+001,
3837500000, -4.555819e+001,
3839062500, -4.299623e+001,
3840625000, -4.032304e+001,
3842187500, -4.074687e+001,
3843750000, -4.267503e+001,
3845312500, -4.430603e+001,
3846875000, -4.183447e+001,
3848437500, -4.232032e+001,
3850000000, -4.406967e+001,
3851562500, -4.907805e+001,
3853125000, -5.188541e+001,
3854687500, -4.532020e+001,
3856250000, -4.225407e+001,
3857812500, -4.195477e+001,
3859375000, -4.063163e+001,
3860937500, -3.973468e+001,
3862500000, -3.939863e+001,
3864062500, -3.935860e+001,
3865625000, -3.918782e+001,
3867187500, -3.762374e+001,
3868750000, -3.755790e+001,
3870312500, -3.925338e+001,
3871875000, -3.969921e+001,
3873437500, -3.886727e+001,
3875000000, -4.003894e+001,
3876562500, -4.031543e+001,
3878125000, -4.062146e+001,
3879687500, -4.242665e+001,
3881250000, -4.414311e+001,
3882812500, -4.812154e+001,
3884375000, -4.643671e+001,
3885937500, -4.244121e+001,
3887500000, -4.146318e+001,
3889062500, -4.158836e+001,
3890625000, -4.025385e+001,
3892187500, -3.939459e+001,
3893750000, -3.799725e+001,
3895312500, -3.834159e+001,
3896875000, -4.055769e+001,
3898437500, -4.180923e+001,
3900000000, -4.109550e+001,
3901562500, -4.096669e+001,
3903125000, -4.149378e+001,
3904687500, -4.283382e+001,
3906250000, -4.304963e+001,
3907812500, -4.137027e+001,
3909375000, -4.048128e+001,
3910937500, -4.002354e+001,
3912500000, -4.041396e+001,
3914062500, -4.065397e+001,
3915625000, -3.990748e+001,
3917187500, -3.969182e+001,
3918750000, -4.040318e+001,
3920312500, -3.931523e+001,
3921875000, -3.823298e+001,
3923437500, -3.710127e+001,
3925000000, -3.657000e+001,
3926562500, -3.599044e+001,
3928125000, -3.541203e+001,
3929687500, -3.477853e+001,
3931250000, -3.543274e+001,
3932812500, -3.572852e+001,
3934375000, -3.490067e+001,
3935937500, -3.384077e+001,
3937500000, -3.441983e+001,
3939062500, -3.617954e+001,
3940625000, -3.661008e+001,
3942187500, -3.670085e+001,
3943750000, -3.535108e+001,
3945312500, -3.439793e+001,
3946875000, -3.505639e+001,
3948437500, -3.516766e+001,
3950000000, -3.393991e+001,
3951562500, -3.426373e+001,
3953125000, -3.579404e+001,
3954687500, -3.578609e+001,
3956250000, -3.681060e+001,
3957812500, -3.858928e+001,
3959375000, -3.914118e+001,
3960937500, -3.767385e+001,
3962500000, -3.784682e+001,
3964062500, -3.755264e+001,
3965625000, -3.481059e+001,
3967187500, -3.278421e+001,
3968750000, -3.345467e+001,
3970312500, -3.524266e+001,
3971875000, -3.555948e+001,
3973437500, -3.357124e+001,
3975000000, -3.128161e+001,
3976562500, -2.994639e+001,
3978125000, -3.099878e+001,
3979687500, -3.175948e+001,
3981250000, -3.186337e+001,
3982812500, -3.275501e+001,
3984375000, -3.098786e+001,
3985937500, -2.971148e+001,
3987500000, -2.967050e+001,
3989062500, -3.022987e+001,
3990625000, -3.021213e+001,
3992187500, -3.018477e+001,
3993750000, -3.086986e+001,
3995312500, -3.143746e+001,
3996875000, -3.216092e+001,
3998437500, -3.410080e+001,
4000000000, -3.224035e+001,
4001562500, -3.100170e+001,
4003125000, -3.198564e+001,
4004687500, -3.372619e+001,
4006250000, -3.619712e+001,
4007812500, -3.321651e+001,
4009375000, -2.948740e+001,
4010937500, -2.912591e+001,
4012500000, -2.842202e+001,
4014062500, -2.688679e+001,
4015625000, -2.660569e+001,
4017187500, -2.727810e+001,
4018750000, -2.874778e+001,
4020312500, -3.092183e+001,
4021875000, -3.028792e+001,
4023437500, -2.812812e+001,
4025000000, -2.683053e+001,
4026562500, -2.625578e+001,
4028125000, -2.644609e+001,
4029687500, -2.887379e+001,
4031250000, -3.127404e+001,
4032812500, -3.244275e+001,
4034375000, -3.127932e+001,
4035937500, -2.819856e+001,
4037500000, -2.749681e+001,
4039062500, -2.964841e+001,
4040625000, -3.106350e+001,
4042187500, -3.082699e+001,
4043750000, -2.889330e+001,
4045312500, -2.763914e+001,
4046875000, -2.823488e+001,
4048437500, -2.632319e+001,
4050000000, -2.562547e+001,
4051562500, -2.539660e+001,
4053125000, -2.459488e+001,
4054687500, -2.418054e+001,
4056250000, -2.367870e+001,
4057812500, -2.388556e+001,
4059375000, -2.556930e+001,
4060937500, -2.624820e+001,
4062500000, -2.652209e+001,
4064062500, -2.658170e+001,
4065625000, -2.632769e+001,
4067187500, -2.468936e+001,
4068750000, -2.227985e+001,
4070312500, -2.195113e+001,
4071875000, -2.318426e+001,
4073437500, -2.463950e+001,
4075000000, -2.548899e+001,
4076562500, -2.535759e+001,
4078125000, -2.428601e+001,
4079687500, -2.327839e+001,
4081250000, -2.368118e+001,
4082812500, -2.485122e+001,
4084375000, -2.578722e+001,
4085937500, -2.608043e+001,
4087500000, -2.633502e+001,
4089062500, -2.749856e+001,
4090625000, -2.694291e+001,
4092187500, -2.493942e+001,
4093750000, -2.408219e+001,
4095312500, -2.441421e+001,
4096875000, -2.561920e+001,
4098437500, -2.741242e+001,
4100000000, -2.821156e+001,
4101562500, -2.854108e+001,
4103125000, -2.764165e+001,
4104687500, -2.434656e+001,
4106250000, -2.354937e+001,
4107812500, -2.386926e+001,
4109375000, -2.450373e+001,
4110937500, -2.508027e+001,
4112500000, -2.725859e+001,
4114062500, -2.879193e+001,
4115625000, -2.904960e+001,
4117187500, -2.847328e+001,
4118750000, -2.603225e+001,
4120312500, -2.291807e+001,
4121875000, -2.159926e+001,
4123437500, -2.194542e+001,
4125000000, -2.250958e+001,
4126562500, -2.281656e+001,
4128125000, -2.328736e+001,
4129687500, -2.488830e+001,
4131250000, -2.702522e+001,
4132812500, -2.712408e+001,
4134375000, -2.483137e+001,
4135937500, -2.232614e+001,
4137500000, -2.164988e+001,
4139062500, -2.284828e+001,
4140625000, -2.385625e+001,
4142187500, -2.500256e+001,
4143750000, -2.690623e+001,
4145312500, -3.166528e+001,
4146875000, -3.747280e+001,
4148437500, -3.345606e+001,
4150000000, -2.945462e+001,
4151562500, -2.929400e+001,
4153125000, -3.358527e+001,
4154687500, -4.366468e+001,
4156250000, -3.889579e+001,
4157812500, -3.629390e+001,
4159375000, -3.512220e+001,
4160937500, -3.567520e+001,
4162500000, -3.786800e+001,
4164062500, -3.897829e+001,
4165625000, -3.738712e+001,
4167187500, -3.109155e+001,
4168750000, -2.598160e+001,
4170312500, -2.452575e+001,
4171875000, -2.545351e+001,
4173437500, -2.634996e+001,
4175000000, -2.617195e+001,
4176562500, -2.505698e+001,
4178125000, -2.439929e+001,
4179687500, -2.769968e+001,
4181250000, -4.616131e+001,
4182812500, -3.049536e+001,
4184375000, -2.762556e+001,
4185937500, -2.649421e+001,
4187500000, -2.678803e+001,
4189062500, -2.553421e+001,
4190625000, -2.474464e+001,
4192187500, -2.451185e+001,
4193750000, -2.382095e+001,
4195312500, -2.308632e+001,
4196875000, -2.170263e+001,
4198437500, -1.901225e+001,
4200000000, -1.852774e+001,
4201562500, -1.925965e+001,
4203125000, -2.099856e+001,
4204687500, -2.174750e+001,
4206250000, -2.314250e+001,
4207812500, -2.221047e+001,
4209375000, -2.196101e+001,
4210937500, -2.128203e+001,
4212500000, -2.066708e+001,
4214062500, -1.842648e+001,
4215625000, -1.561566e+001,
4217187500, -1.295975e+001,
4218750000, -1.264566e+001,
4220312500, -1.400071e+001,
4221875000, -1.603869e+001,
4223437500, -1.755322e+001,
4225000000, -1.848304e+001,
4226562500, -1.702317e+001,
4228125000, -1.421223e+001,
4229687500, -1.293759e+001,
4231250000, -1.181819e+001,
4232812500, -1.040825e+001,
4234375000, -8.665243e+000,
4235937500, -8.440557e+000,
4237500000, -9.559373e+000,
4239062500, -1.027547e+001,
4240625000, -1.214039e+001,
4242187500, -1.561736e+001,
4243750000, -1.310857e+001,
4245312500, -1.066600e+001,
4246875000, -9.615836e+000,
4248437500, -9.349990e+000,
4250000000, -8.514975e+000,
4251562500, -7.160775e+000,
4253125000, -6.457972e+000,
4254687500, -7.437211e+000,
4256250000, -9.445642e+000,
4257812500, -1.220608e+001,
4259375000, -1.473879e+001,
4260937500, -1.164859e+001,
4262500000, -9.208603e+000,
4264062500, -8.645842e+000,
4265625000, -8.258603e+000,
4267187500, -7.855540e+000,
4268750000, -7.676909e+000,
4270312500, -7.412875e+000,
4271875000, -7.558279e+000,
4273437500, -9.145632e+000,
4275000000, -1.157655e+001,
4276562500, -1.209108e+001,
4278125000, -1.041294e+001,
4279687500, -9.080922e+000,
4281250000, -8.354522e+000,
4282812500, -8.469666e+000,
4284375000, -9.154284e+000,
4285937500, -9.643481e+000,
4287500000, -8.935357e+000,
4289062500, -8.840582e+000,
4290625000, -1.076203e+001,
4292187500, -1.275515e+001,
4293750000, -1.192138e+001,
4295312500, -1.055263e+001,
4296875000, -9.693628e+000,
4298437500, -9.664576e+000,
4300000000, -1.099237e+001,
4301562500, -1.289206e+001,
4303125000, -1.249291e+001,
4304687500, -1.077263e+001,
4306250000, -1.012383e+001,
4307812500, -1.136729e+001,
4309375000, -1.270400e+001,
4310937500, -1.278448e+001,
4312500000, -1.178335e+001,
4314062500, -1.143588e+001,
4315625000, -1.323632e+001,
4317187500, -1.599523e+001,
4318750000, -1.710457e+001,
4320312500, -1.665199e+001,
4321875000, -1.452894e+001,
4323437500, -1.307660e+001,
4325000000, -1.400843e+001,
4326562500, -1.503938e+001,
4328125000, -1.487573e+001,
4329687500, -1.462649e+001,
4331250000, -1.607983e+001,
4332812500, -1.912208e+001,
4334375000, -2.189911e+001,
4335937500, -2.164815e+001,
4337500000, -1.734454e+001,
4339062500, -1.460841e+001,
4340625000, -1.440668e+001,
4342187500, -1.524586e+001,
4343750000, -1.469069e+001,
4345312500, -1.399406e+001,
4346875000, -1.536419e+001,
4348437500, -1.843599e+001,
4350000000, -2.052417e+001,
4351562500, -1.901568e+001,
4353125000, -1.502833e+001,
4354687500, -1.262466e+001,
4356250000, -1.225717e+001,
4357812500, -1.214356e+001,
4359375000, -1.181600e+001,
4360937500, -1.259176e+001,
4362500000, -1.517258e+001,
4364062500, -1.725740e+001,
4365625000, -1.497943e+001,
4367187500, -1.261383e+001,
4368750000, -1.154805e+001,
4370312500, -1.116567e+001,
4371875000, -1.122468e+001,
4373437500, -1.132875e+001,
4375000000, -1.201975e+001,
4376562500, -1.270221e+001,
4378125000, -1.295872e+001,
4379687500, -1.210648e+001,
4381250000, -1.104246e+001,
4382812500, -1.039104e+001,
4384375000, -1.029348e+001,
4385937500, -1.147622e+001,
4387500000, -1.348173e+001,
4389062500, -1.381697e+001,
4390625000, -1.451103e+001,
4392187500, -1.524808e+001,
4393750000, -1.361083e+001,
4395312500, -1.242364e+001,
4396875000, -1.229477e+001,
4398437500, -1.318225e+001,
4400000000, -1.460144e+001,
4401562500, -1.574291e+001,
4403125000, -1.706086e+001,
4404687500, -1.764469e+001,
4406250000, -1.541523e+001,
4407812500, -1.379886e+001,
4409375000, -1.485216e+001,
4410937500, -1.535616e+001,
4412500000, -1.491545e+001,
4414062500, -1.470158e+001,
4415625000, -1.606710e+001,
4417187500, -1.927776e+001,
4418750000, -1.885579e+001,
4420312500, -1.541791e+001,
4421875000, -1.440493e+001,
4423437500, -1.421224e+001,
4425000000, -1.416721e+001,
4426562500, -1.433555e+001,
4428125000, -1.531500e+001,
4429687500, -1.709266e+001,
4431250000, -1.664606e+001,
4432812500, -1.443011e+001,
4434375000, -1.263271e+001,
4435937500, -1.270235e+001,
4437500000, -1.367123e+001,
4439062500, -1.431789e+001,
4440625000, -1.467053e+001,
4442187500, -1.455425e+001,
4443750000, -1.382211e+001,
4445312500, -1.245993e+001,
4446875000, -1.194097e+001,
4448437500, -1.205126e+001,
4450000000, -1.211454e+001,
4451562500, -1.270249e+001,
4453125000, -1.340257e+001,
4454687500, -1.325689e+001,
4456250000, -1.232320e+001,
4457812500, -1.175121e+001,
4459375000, -1.297122e+001,
4460937500, -1.555221e+001,
4462500000, -1.689849e+001,
4464062500, -1.669073e+001,
4465625000, -1.517716e+001,
4467187500, -1.283645e+001,
4468750000, -1.168195e+001,
4470312500, -1.249056e+001,
4471875000, -1.430607e+001,
4473437500, -1.698108e+001,
4475000000, -1.736685e+001,
4476562500, -1.597308e+001,
4478125000, -1.586882e+001,
4479687500, -1.703875e+001,
4481250000, -1.832483e+001,
4482812500, -1.998566e+001,
4484375000, -1.616232e+001,
4485937500, -1.517704e+001,
4487500000, -1.535330e+001,
4489062500, -1.620984e+001,
4490625000, -1.765250e+001,
4492187500, -1.848607e+001,
4493750000, -1.851060e+001,
4495312500, -1.863090e+001,
4496875000, -1.903850e+001,
4498437500, -1.976521e+001,
4500000000, -2.093079e+001,
4501562500, -1.835012e+001,
4503125000, -1.808686e+001,
4504687500, -1.879759e+001,
4506250000, -1.953965e+001,
4507812500, -1.904253e+001,
4509375000, -1.830922e+001,
4510937500, -1.801876e+001,
4512500000, -1.785638e+001,
4514062500, -1.830784e+001,
4515625000, -1.900914e+001,
4517187500, -1.848388e+001,
4518750000, -1.658725e+001,
4520312500, -1.609234e+001,
4521875000, -1.583375e+001,
4523437500, -1.600598e+001,
4525000000, -1.618330e+001,
4526562500, -1.587717e+001,
4528125000, -1.570947e+001,
4529687500, -1.563994e+001,
4531250000, -1.566558e+001,
4532812500, -1.607376e+001,
4534375000, -1.620197e+001,
4535937500, -1.591068e+001,
4537500000, -1.572992e+001,
4539062500, -1.574019e+001,
4540625000, -1.592302e+001,
4542187500, -1.618761e+001,
4543750000, -1.627062e+001,
4545312500, -1.588516e+001,
4546875000, -1.523245e+001,
4548437500, -1.478810e+001,
4550000000, -1.490544e+001,
4551562500, -1.570608e+001,
4553125000, -1.638056e+001,
4554687500, -1.648627e+001,
4556250000, -1.616423e+001,
4557812500, -1.562865e+001,
4559375000, -1.537790e+001,
4560937500, -1.588365e+001,
4562500000, -1.656297e+001,
4564062500, -1.666313e+001,
4565625000, -1.669513e+001,
4567187500, -1.633040e+001,
4568750000, -1.582215e+001,
4570312500, -1.561733e+001,
4571875000, -1.565159e+001,
4573437500, -1.563505e+001,
4575000000, -1.551391e+001,
4576562500, -1.533205e+001,
4578125000, -1.515673e+001,
4579687500, -1.509658e+001,
4581250000, -1.549816e+001,
4582812500, -1.575936e+001,
4584375000, -1.569857e+001,
4585937500, -1.544433e+001,
4587500000, -1.552393e+001,
4589062500, -1.607742e+001,
4590625000, -1.677673e+001,
4592187500, -1.703498e+001,
4593750000, -1.673894e+001,
4595312500, -1.635519e+001,
4596875000, -1.605112e+001,
4598437500, -1.599774e+001,
4600000000, -1.609638e+001,
4601562500, -1.625346e+001,
4603125000, -1.657320e+001,
4604687500, -1.698863e+001,
4606250000, -1.677649e+001,
4607812500, -1.621251e+001,
4609375000, -1.646451e+001,
4610937500, -1.705966e+001,
4612500000, -1.727754e+001,
4614062500, -1.707903e+001,
4615625000, -1.697305e+001,
4617187500, -1.703078e+001,
4618750000, -1.694555e+001,
4620312500, -1.678701e+001,
4621875000, -1.673425e+001,
4623437500, -1.663029e+001,
4625000000, -1.644055e+001,
4626562500, -1.632356e+001,
4628125000, -1.641073e+001,
4629687500, -1.649072e+001,
4631250000, -1.651159e+001,
4632812500, -1.648200e+001,
4634375000, -1.637417e+001,
4635937500, -1.630277e+001,
4637500000, -1.647892e+001,
4639062500, -1.669066e+001,
4640625000, -1.675463e+001,
4642187500, -1.651368e+001,
4643750000, -1.623636e+001,
4645312500, -1.606883e+001,
4646875000, -1.626856e+001,
4648437500, -1.683531e+001,
4650000000, -1.748408e+001,
4651562500, -1.799120e+001,
4653125000, -1.848341e+001,
4654687500, -1.942990e+001,
4656250000, -2.060217e+001,
4657812500, -2.149998e+001,
4659375000, -2.235122e+001,
4660937500, -2.367559e+001,
4662500000, -2.439188e+001,
4664062500, -2.401994e+001,
4665625000, -2.400810e+001,
4667187500, -2.508952e+001,
4668750000, -2.513685e+001,
4670312500, -2.432505e+001,
4671875000, -2.430389e+001,
4673437500, -2.481392e+001,
4675000000, -2.463897e+001,
4676562500, -2.455167e+001,
4678125000, -2.506791e+001,
4679687500, -2.513687e+001,
4681250000, -2.484196e+001,
4682812500, -2.425361e+001,
4684375000, -2.350313e+001,
4685937500, -2.295063e+001,
4687500000, -2.246537e+001,
4689062500, -2.190650e+001,
4690625000, -2.150748e+001,
4692187500, -2.150515e+001,
4693750000, -2.154681e+001,
4695312500, -2.190286e+001,
4696875000, -2.232633e+001,
4698437500, -2.272989e+001,
4700000000, -2.286365e+001,
4701562500, -2.276332e+001,
4703125000, -2.269810e+001,
4704687500, -2.266736e+001,
4706250000, -2.257261e+001,
4707812500, -2.243788e+001,
4709375000, -2.261198e+001,
4710937500, -2.298523e+001,
4712500000, -2.310374e+001,
4714062500, -2.340420e+001,
4715625000, -2.403018e+001,
4717187500, -2.421136e+001,
4718750000, -2.398061e+001,
4720312500, -2.384514e+001,
4721875000, -2.403527e+001,
4723437500, -2.431431e+001,
4725000000, -2.443417e+001,
4726562500, -2.506521e+001,
4728125000, -2.586675e+001,
4729687500, -2.646895e+001,
4731250000, -2.689618e+001,
4732812500, -2.729785e+001,
4734375000, -2.705423e+001,
4735937500, -2.655436e+001,
4737500000, -2.604325e+001,
4739062500, -2.558380e+001,
4740625000, -2.571898e+001,
4742187500, -2.621258e+001,
4743750000, -2.659720e+001,
4745312500, -2.724951e+001,
4746875000, -2.813621e+001,
4748437500, -2.856926e+001,
4750000000, -2.859482e+001,
4751562500, -2.804950e+001,
4753125000, -2.703259e+001,
4754687500, -2.604416e+001,
4756250000, -2.584089e+001,
4757812500, -2.633770e+001,
4759375000, -2.725886e+001,
4760937500, -2.823701e+001,
4762500000, -2.847120e+001,
4764062500, -2.791238e+001,
4765625000, -2.674356e+001,
4767187500, -2.599056e+001,
4768750000, -2.559750e+001,
4770312500, -2.565385e+001,
4771875000, -2.605267e+001,
4773437500, -2.702710e+001,
4775000000, -2.737956e+001,
4776562500, -2.685884e+001,
4778125000, -2.569010e+001,
4779687500, -2.426956e+001,
4781250000, -2.315332e+001,
4782812500, -2.235865e+001,
4784375000, -2.207114e+001,
4785937500, -2.210490e+001,
4787500000, -2.245625e+001,
4789062500, -2.279997e+001,
4790625000, -2.294789e+001,
4792187500, -2.296779e+001,
4793750000, -2.310075e+001,
4795312500, -2.350960e+001,
4796875000, -2.425913e+001,
4798437500, -2.528926e+001,
4800000000, -2.599067e+001,
4801562500, -2.663404e+001,
4803125000, -2.660040e+001,
4804687500, -2.632590e+001,
4806250000, -2.611477e+001,
4807812500, -2.610982e+001,
4809375000, -2.656893e+001,
4810937500, -2.694011e+001,
4812500000, -2.645946e+001,
4814062500, -2.563274e+001,
4815625000, -2.527291e+001,
4817187500, -2.572341e+001,
4818750000, -2.618309e+001,
4820312500, -2.645452e+001,
4821875000, -2.638643e+001,
4823437500, -2.607717e+001,
4825000000, -2.586125e+001,
4826562500, -2.650391e+001,
4828125000, -2.715195e+001,
4829687500, -2.784080e+001,
4831250000, -2.781126e+001,
4832812500, -2.711388e+001,
4834375000, -2.678440e+001,
4835937500, -2.752903e+001,
4837500000, -2.914818e+001,
4839062500, -3.034167e+001,
4840625000, -2.986889e+001,
4842187500, -2.794227e+001,
4843750000, -2.581768e+001,
4845312500, -2.436578e+001,
4846875000, -2.426588e+001,
4848437500, -2.494993e+001,
4850000000, -2.479530e+001,
4851562500, -2.404811e+001,
4853125000, -2.463622e+001,
4854687500, -2.635640e+001,
4856250000, -2.777432e+001,
4857812500, -2.712194e+001,
4859375000, -2.606525e+001,
4860937500, -2.611427e+001,
4862500000, -2.753530e+001,
4864062500, -2.801547e+001,
4865625000, -2.663520e+001,
4867187500, -2.607323e+001,
4868750000, -2.767495e+001,
4870312500, -3.026380e+001,
4871875000, -3.004517e+001,
4873437500, -2.908263e+001,
4875000000, -2.935905e+001,
4876562500, -3.022876e+001,
4878125000, -2.965922e+001,
4879687500, -2.787976e+001,
4881250000, -2.761600e+001,
4882812500, -2.919386e+001,
4884375000, -2.966098e+001,
4885937500, -2.972421e+001,
4887500000, -2.995255e+001,
4889062500, -3.095738e+001,
4890625000, -2.964553e+001,
4892187500, -2.881450e+001,
4893750000, -3.136845e+001,
4895312500, -3.193447e+001,
4896875000, -3.125344e+001,
4898437500, -3.218349e+001,
4900000000, -3.233612e+001,
4901562500, -2.969500e+001,
4903125000, -3.183735e+001,
4904687500, -3.524019e+001,
4906250000, -3.258439e+001,
4907812500, -3.372248e+001,
4909375000, -3.758427e+001,
4910937500, -3.530311e+001,
4912500000, -3.633198e+001,
4914062500, -3.570619e+001,
4915625000, -3.390047e+001,
4917187500, -3.628723e+001,
4918750000, -3.360040e+001,
4920312500, -3.924131e+001,
4921875000, -3.713103e+001,
4923437500, -3.867710e+001,
4925000000, -3.950299e+001,
4926562500, -3.872062e+001,
4928125000, -4.208263e+001,
4929687500, -4.079021e+001,
4931250000, -4.312996e+001,
4932812500, -4.439863e+001,
4934375000, -4.287288e+001,
4935937500, -5.045766e+001,
4937500000, -4.177232e+001,
4939062500, -4.845563e+001,
4940625000, -5.007280e+001,
4942187500, -4.433701e+001,
4943750000, -4.615352e+001,
4945312500, -4.970530e+001,
4946875000, -5.060239e+001,
4948437500, -4.934085e+001,
4950000000, -4.878768e+001,
4951562500, -4.869344e+001,
4953125000, -4.878618e+001,
4954687500, -4.876387e+001,
4956250000, -4.874551e+001,
4957812500, -4.877531e+001,
4959375000, -4.884055e+001,
4960937500, -4.884547e+001,
4962500000, -4.888079e+001,
4964062500, -4.883337e+001,
4965625000, -4.886618e+001,
4967187500, -4.883818e+001,
4968750000, -4.884645e+001,
4970312500, -4.887679e+001,
4971875000, -4.893410e+001,
4973437500, -4.897628e+001,
4975000000, -4.903787e+001,
4976562500, -4.902164e+001,
4978125000, -4.909676e+001,
4979687500, -4.912894e+001,
4981250000, -4.911942e+001,
4982812500, -4.913256e+001,
4984375000, -4.916633e+001,
4985937500, -4.919810e+001,
4987500000, -4.922480e+001,
4989062500, -4.919541e+001,
4990625000, -4.925803e+001,
4992187500, -4.932926e+001,
4993750000, -4.937021e+001,
4995312500, -4.946449e+001,
4996875000, -4.950322e+001,
4998437500, -4.951136e+001,
5000000000, -4.958569e+001,
5001562500, -4.968581e+001,
5003125000, -4.961909e+001,
5004687500, -4.971224e+001,
5006250000, -4.975144e+001,
5007812500, -4.983138e+001,
5009375000, -4.982835e+001,
5010937500, -4.986409e+001,
5012500000, -4.987312e+001,
5014062500, -4.985246e+001,
5015625000, -4.984122e+001,
5017187500, -4.982469e+001,
5018750000, -4.984008e+001,
5020312500, -4.981989e+001,
5021875000, -4.983611e+001,
5023437500, -4.982380e+001,
5025000000, -4.979757e+001,
5026562500, -4.982102e+001,
5028125000, -4.981627e+001,
5029687500, -4.978267e+001,
5031250000, -4.981878e+001,
5032812500, -4.979098e+001,
5034375000, -4.980709e+001,
5035937500, -4.980115e+001,
5037500000, -4.975111e+001,
5039062500, -4.983085e+001,
5040625000, -4.982367e+001,
5042187500, -4.979070e+001,
5043750000, -4.983398e+001,
5045312500, -4.985303e+001,
5046875000, -4.987085e+001,
5048437500, -4.986792e+001,
5050000000, -4.988672e+001,
5051562500, -4.984516e+001,
5053125000, -4.994532e+001,
5054687500, -5.001390e+001,
5056250000, -5.001724e+001,
5057812500, -4.998892e+001,
5059375000, -5.002974e+001,
5060937500, -5.009892e+001,
5062500000, -5.010795e+001,
5064062500, -5.009138e+001,
5065625000, -5.006775e+001,
5067187500, -5.007829e+001,
5068750000, -5.015930e+001,
5070312500, -5.013543e+001,
5071875000, -5.018872e+001,
5073437500, -5.010540e+001,
5075000000, -5.015010e+001,
5076562500, -5.017480e+001,
5078125000, -5.007288e+001,
5079687500, -5.013810e+001,
5081250000, -5.009957e+001,
5082812500, -5.011345e+001,
5084375000, -5.007315e+001,
5085937500, -5.010023e+001,
5087500000, -5.013378e+001,
5089062500, -5.011928e+001,
5090625000, -5.008562e+001,
5092187500, -5.010815e+001,
5093750000, -5.003413e+001,
5095312500, -5.006799e+001,
5096875000, -5.004634e+001,
5098437500, -5.003378e+001,
5100000000, -5.004678e+001,
5101562500, -5.000912e+001,
5103125000, -5.004510e+001,
5104687500, -5.001771e+001,
5106250000, -5.002164e+001,
5107812500, -5.005719e+001,
5109375000, -5.007025e+001,
5110937500, -5.009016e+001,
5112500000, -5.015664e+001,
5114062500, -5.014146e+001,
5115625000, -5.013816e+001,
5117187500, -5.017461e+001,
5118750000, -5.018655e+001,
5120312500, -5.021745e+001,
5121875000, -5.022948e+001,
5123437500, -5.029674e+001,
5125000000, -5.031318e+001,
5126562500, -5.037236e+001,
5128125000, -5.036563e+001,
5129687500, -5.040401e+001,
5131250000, -5.048919e+001,
5132812500, -5.049484e+001,
5134375000, -5.052116e+001,
5135937500, -5.063337e+001,
5137500000, -5.069384e+001,
5139062500, -5.077306e+001,
5140625000, -5.087774e+001,
5142187500, -5.086589e+001,
5143750000, -5.093701e+001,
5145312500, -5.102419e+001,
5146875000, -5.110983e+001,
5148437500, -5.118196e+001,
5150000000, -5.120976e+001,
5151562500, -5.132429e+001,
5153125000, -5.137802e+001,
5154687500, -5.147581e+001,
5156250000, -5.149009e+001,
5157812500, -5.160294e+001,
5159375000, -5.169406e+001,
5160937500, -5.170462e+001,
5162500000, -5.180438e+001,
5164062500, -5.200497e+001,
5165625000, -5.193985e+001,
5167187500, -5.206444e+001,
5168750000, -5.217822e+001,
5170312500, -5.222044e+001,
5171875000, -5.227450e+001,
5173437500, -5.231088e+001,
5175000000, -5.240798e+001,
5176562500, -5.258454e+001,
5178125000, -5.266385e+001,
5179687500, -5.272827e+001,
5181250000, -5.275979e+001,
5182812500, -5.280234e+001,
5184375000, -5.288651e+001,
5185937500, -5.293670e+001,
5187500000, -5.300245e+001,
5189062500, -5.307296e+001,
5190625000, -5.305261e+001,
5192187500, -5.310002e+001,
5193750000, -5.325939e+001,
5195312500, -5.332511e+001,
5196875000, -5.337051e+001,
5198437500, -5.336575e+001,
5200000000, -5.347980e+001,
5201562500, -5.348046e+001,
5203125000, -5.360155e+001,
5204687500, -5.366186e+001,
5206250000, -5.362786e+001,
5207812500, -5.368001e+001,
5209375000, -5.374464e+001,
5210937500, -5.376580e+001,
5212500000, -5.377941e+001,
5214062500, -5.382111e+001,
5215625000, -5.382084e+001,
5217187500, -5.381396e+001,
5218750000, -5.386169e+001,
5220312500, -5.385591e+001,
5221875000, -5.391919e+001,
5223437500, -5.391611e+001,
5225000000, -5.388160e+001,
5226562500, -5.394599e+001,
5228125000, -5.391256e+001,
5229687500, -5.397607e+001,
5231250000, -5.398723e+001,
5232812500, -5.398072e+001,
5234375000, -5.402249e+001,
5235937500, -5.404490e+001,
5237500000, -5.406147e+001,
5239062500, -5.403785e+001,
5240625000, -5.410427e+001,
5242187500, -5.402225e+001,
5243750000, -5.408282e+001,
5245312500, -5.405324e+001,
5246875000, -5.400442e+001,
5248437500, -5.409306e+001,
5250000000, -5.407697e+001,
5251562500, -5.410334e+001,
5253125000, -5.408770e+001,
5254687500, -5.414425e+001,
5256250000, -5.412055e+001,
5257812500, -5.414099e+001,
5259375000, -5.416626e+001,
5260937500, -5.405947e+001,
5262500000, -5.413277e+001,
5264062500, -5.414707e+001,
5265625000, -5.410727e+001,
5267187500, -5.411582e+001,
5268750000, -5.414107e+001,
5270312500, -5.411409e+001,
5271875000, -5.416908e+001,
5273437500, -5.416566e+001,
5275000000, -5.418385e+001,
5276562500, -5.421289e+001,
5278125000, -5.423452e+001,
5279687500, -5.429044e+001,
5281250000, -5.416674e+001,
5282812500, -5.416732e+001,
5284375000, -5.422083e+001,
5285937500, -5.429721e+001,
5287500000, -5.421868e+001,
5289062500, -5.432942e+001,
5290625000, -5.427455e+001,
5292187500, -5.432356e+001,
5293750000, -5.436415e+001,
5295312500, -5.432271e+001,
5296875000, -5.440491e+001,
5298437500, -5.445693e+001,
5300000000, -5.448466e+001,
5301562500, -5.458533e+001,
5303125000, -5.463130e+001,
5304687500, -5.464465e+001,
5306250000, -5.463810e+001,
5307812500, -5.466599e+001,
5309375000, -5.471738e+001,
5310937500, -5.488388e+001,
5312500000, -5.485188e+001,
5314062500, -5.483853e+001,
5315625000, -5.483100e+001,
5317187500, -5.492221e+001,
5318750000, -5.499500e+001,
5320312500, -5.494025e+001,
5321875000, -5.502800e+001,
5323437500, -5.506928e+001,
5325000000, -5.500753e+001,
5326562500, -5.503802e+001,
5328125000, -5.511562e+001,
5329687500, -5.512602e+001,
5331250000, -5.522255e+001,
5332812500, -5.520822e+001,
5334375000, -5.522527e+001,
5335937500, -5.520287e+001,
5337500000, -5.538477e+001,
5339062500, -5.537275e+001,
5340625000, -5.527920e+001,
5342187500, -5.522889e+001,
5343750000, -5.534804e+001,
5345312500, -5.534468e+001,
5346875000, -5.530930e+001,
5348437500, -5.531757e+001,
5350000000, -5.528146e+001,
5351562500, -5.521431e+001,
5353125000, -5.525607e+001,
5354687500, -5.524291e+001,
5356250000, -5.532281e+001,
5357812500, -5.518261e+001,
5359375000, -5.528682e+001,
5360937500, -5.523211e+001,
5362500000, -5.513117e+001,
5364062500, -5.515298e+001,
5365625000, -5.516626e+001,
5367187500, -5.507154e+001,
5368750000, -5.496512e+001,
5370312500, -5.496451e+001,
5371875000, -5.495844e+001,
5373437500, -5.496590e+001,
5375000000, -5.487346e+001,
5376562500, -5.495411e+001,
5378125000, -5.484997e+001,
5379687500, -5.489516e+001,
5381250000, -5.484942e+001,
5382812500, -5.479089e+001,
5384375000, -5.482229e+001,
5385937500, -5.489123e+001,
5387500000, -5.477782e+001,
5389062500, -5.473202e+001,
5390625000, -5.476103e+001,
5392187500, -5.476402e+001,
5393750000, -5.467626e+001,
5395312500, -5.466928e+001,
5396875000, -5.462098e+001,
5398437500, -5.458944e+001,
5400000000, -5.453348e+001,
5401562500, -5.457005e+001,
5403125000, -5.450222e+001,
5404687500, -5.452603e+001,
5406250000, -5.445060e+001,
5407812500, -5.446619e+001,
5409375000, -5.444360e+001,
5410937500, -5.441498e+001,
5412500000, -5.443328e+001,
5414062500, -5.441218e+001,
5415625000, -5.437503e+001,
5417187500, -5.440131e+001,
5418750000, -5.440610e+001,
5420312500, -5.442465e+001,
5421875000, -5.437363e+001,
5423437500, -5.442647e+001,
5425000000, -5.433126e+001,
5426562500, -5.437796e+001,
5428125000, -5.427589e+001,
5429687500, -5.439882e+001,
5431250000, -5.437286e+001,
5432812500, -5.443861e+001,
5434375000, -5.442937e+001,
5435937500, -5.441934e+001,
5437500000, -5.446564e+001,
5439062500, -5.447363e+001,
5440625000, -5.441616e+001,
5442187500, -5.446229e+001,
5443750000, -5.442305e+001,
5445312500, -5.448980e+001,
5446875000, -5.453992e+001,
5448437500, -5.466320e+001,
5450000000, -5.463435e+001,
5451562500, -5.461806e+001,
5453125000, -5.478291e+001,
5454687500, -5.473923e+001,
5456250000, -5.484558e+001,
5457812500, -5.481295e+001,
5459375000, -5.486429e+001,
5460937500, -5.498178e+001,
5462500000, -5.488154e+001,
5464062500, -5.500753e+001,
5465625000, -5.487901e+001,
5467187500, -5.506535e+001,
5468750000, -5.510758e+001,
5470312500, -5.521377e+001,
5471875000, -5.517952e+001,
5473437500, -5.516490e+001,
5475000000, -5.527598e+001,
5476562500, -5.523928e+001,
5478125000, -5.532298e+001,
5479687500, -5.535934e+001,
5481250000, -5.537491e+001,
5482812500, -5.537809e+001,
5484375000, -5.552538e+001,
5485937500, -5.550029e+001,
5487500000, -5.540478e+001,
5489062500, -5.558371e+001,
5490625000, -5.547785e+001,
5492187500, -5.548679e+001,
5493750000, -5.556984e+001,
5495312500, -5.575456e+001,
5496875000, -5.578790e+001,
5498437500, -5.562926e+001,
5500000000, -5.580214e+001,
