"S21 Log Mag"
"Frequency (Hz)","dB",
3200000000, -4.958409e+001,
3201250000, -4.956670e+001,
3202500000, -4.964783e+001,
3203750000, -4.960607e+001,
3205000000, -4.969641e+001,
3206250000, -4.968703e+001,
3207500000, -4.969830e+001,
3208750000, -4.970995e+001,
3210000000, -4.961798e+001,
3211250000, -4.971626e+001,
3212500000, -4.974393e+001,
3213750000, -4.977937e+001,
3215000000, -4.982309e+001,
3216250000, -4.981272e+001,
3217500000, -4.984176e+001,
3218750000, -4.987159e+001,
3220000000, -4.997459e+001,
3221250000, -4.991930e+001,
3222500000, -4.995893e+001,
3223750000, -4.995926e+001,
3225000000, -5.003352e+001,
3226250000, -5.016517e+001,
3227500000, -5.016004e+001,
3228750000, -5.022771e+001,
3230000000, -5.013591e+001,
3231250000, -5.034052e+001,
3232500000, -5.029114e+001,
3233750000, -5.024746e+001,
3235000000, -5.031332e+001,
3236250000, -5.031580e+001,
3237500000, -5.037329e+001,
3238750000, -5.043949e+001,
3240000000, -5.037253e+001,
3241250000, -5.051243e+001,
3242500000, -5.046871e+001,
3243750000, -5.052679e+001,
3245000000, -5.055350e+001,
3246250000, -5.058496e+001,
3247500000, -5.059711e+001,
3248750000, -5.066268e+001,
3250000000, -5.071936e+001,
3251250000, -5.063054e+001,
3252500000, -5.075180e+001,
3253750000, -5.067838e+001,
3255000000, -5.074791e+001,
3256250000, -5.073422e+001,
3257500000, -5.072756e+001,
3258750000, -5.073124e+001,
3260000000, -5.073013e+001,
3261250000, -5.074762e+001,
3262500000, -5.081603e+001,
3263750000, -5.072419e+001,
3265000000, -5.082445e+001,
3266250000, -5.072479e+001,
3267500000, -5.083450e+001,
3268750000, -5.072118e+001,
3270000000, -5.081773e+001,
3271250000, -5.067374e+001,
3272500000, -5.082406e+001,
3273750000, -5.077168e+001,
3275000000, -5.075124e+001,
3276250000, -5.085363e+001,
3277500000, -5.083921e+001,
3278750000, -5.085303e+001,
3280000000, -5.079262e+001,
3281250000, -5.075065e+001,
3282500000, -5.080291e+001,
3283750000, -5.084026e+001,
3285000000, -5.078387e+001,
3286250000, -5.074207e+001,
3287500000, -5.069259e+001,
3288750000, -5.072201e+001,
3290000000, -5.065629e+001,
3291250000, -5.069497e+001,
3292500000, -5.065895e+001,
3293750000, -5.055863e+001,
3295000000, -5.055394e+001,
3296250000, -5.050075e+001,
3297500000, -5.051466e+001,
3298750000, -5.048369e+001,
3300000000, -5.043124e+001,
3301250000, -5.038886e+001,
3302500000, -5.025151e+001,
3303750000, -5.024288e+001,
3305000000, -5.021742e+001,
3306250000, -5.020263e+001,
3307500000, -5.008373e+001,
3308750000, -5.016989e+001,
3310000000, -5.009401e+001,
3311250000, -5.008262e+001,
3312500000, -5.006267e+001,
3313750000, -4.998494e+001,
3315000000, -4.997043e+001,
3316250000, -4.992071e+001,
3317500000, -4.991449e+001,
3318750000, -4.993015e+001,
3320000000, -4.984428e+001,
3321250000, -4.983444e+001,
3322500000, -4.975573e+001,
3323750000, -4.968287e+001,
3325000000, -4.971174e+001,
3326250000, -4.976213e+001,
3327500000, -4.971387e+001,
3328750000, -4.964508e+001,
3330000000, -4.958728e+001,
3331250000, -4.960965e+001,
3332500000, -4.956647e+001,
3333750000, -4.952064e+001,
3335000000, -4.954976e+001,
3336250000, -4.948987e+001,
3337500000, -4.949052e+001,
3338750000, -4.947153e+001,
3340000000, -4.941455e+001,
3341250000, -4.942921e+001,
3342500000, -4.935461e+001,
3343750000, -4.933107e+001,
3345000000, -4.929540e+001,
3346250000, -4.928150e+001,
3347500000, -4.925522e+001,
3348750000, -4.924639e+001,
3350000000, -4.924640e+001,
3351250000, -4.918352e+001,
3352500000, -4.917796e+001,
3353750000, -4.917554e+001,
3355000000, -4.922552e+001,
3356250000, -4.921098e+001,
3357500000, -4.913336e+001,
3358750000, -4.917550e+001,
3360000000, -4.918832e+001,
3361250000, -4.918138e+001,
3362500000, -4.921004e+001,
3363750000, -4.917076e+001,
3365000000, -4.925813e+001,
3366250000, -4.925766e+001,
3367500000, -4.931056e+001,
3368750000, -4.923526e+001,
3370000000, -4.930172e+001,
3371250000, -4.935500e+001,
3372500000, -4.934190e+001,
3373750000, -4.935900e+001,
3375000000, -4.941979e+001,
3376250000, -4.939563e+001,
3377500000, -4.937996e+001,
3378750000, -4.941647e+001,
3380000000, -4.948354e+001,
3381250000, -4.952345e+001,
3382500000, -4.953704e+001,
3383750000, -4.953312e+001,
3385000000, -4.961865e+001,
3386250000, -4.962716e+001,
3387500000, -4.968655e+001,
3388750000, -4.975715e+001,
3390000000, -4.981849e+001,
3391250000, -4.981083e+001,
3392500000, -4.985227e+001,
3393750000, -4.982208e+001,
3395000000, -4.990532e+001,
3396250000, -4.991597e+001,
3397500000, -4.992035e+001,
3398750000, -4.994557e+001,
3400000000, -4.990702e+001,
3401250000, -4.989035e+001,
3402500000, -4.993425e+001,
3403750000, -4.995555e+001,
3405000000, -4.993026e+001,
3406250000, -4.994574e+001,
3407500000, -5.001989e+001,
3408750000, -4.995987e+001,
3410000000, -4.995266e+001,
3411250000, -5.001187e+001,
3412500000, -5.008731e+001,
3413750000, -5.004653e+001,
3415000000, -5.008412e+001,
3416250000, -5.012195e+001,
3417500000, -5.011360e+001,
3418750000, -5.008974e+001,
3420000000, -5.007414e+001,
3421250000, -5.005417e+001,
3422500000, -5.015922e+001,
3423750000, -5.023378e+001,
3425000000, -5.012818e+001,
3426250000, -5.014441e+001,
3427500000, -5.015700e+001,
3428750000, -5.017719e+001,
3430000000, -5.012374e+001,
3431250000, -5.019206e+001,
3432500000, -5.013801e+001,
3433750000, -5.017425e+001,
3435000000, -5.021718e+001,
3436250000, -5.018353e+001,
3437500000, -5.016940e+001,
3438750000, -5.010111e+001,
3440000000, -5.011863e+001,
3441250000, -5.006145e+001,
3442500000, -5.005493e+001,
3443750000, -5.006862e+001,
3445000000, -5.002168e+001,
3446250000, -5.000060e+001,
3447500000, -4.997555e+001,
3448750000, -4.997131e+001,
3450000000, -4.989320e+001,
3451250000, -4.995033e+001,
3452500000, -4.989168e+001,
3453750000, -4.990206e+001,
3455000000, -4.981351e+001,
3456250000, -4.978034e+001,
3457500000, -4.975113e+001,
3458750000, -4.975394e+001,
3460000000, -4.969774e+001,
3461250000, -4.965507e+001,
3462500000, -4.962880e+001,
3463750000, -4.963550e+001,
3465000000, -4.964748e+001,
3466250000, -4.960651e+001,
3467500000, -4.953969e+001,
3468750000, -4.954467e+001,
3470000000, -4.948880e+001,
3471250000, -4.950337e+001,
3472500000, -4.951012e+001,
3473750000, -4.943594e+001,
3475000000, -4.945994e+001,
3476250000, -4.945888e+001,
3477500000, -4.940319e+001,
3478750000, -4.940828e+001,
3480000000, -4.940486e+001,
3481250000, -4.935955e+001,
3482500000, -4.937772e+001,
3483750000, -4.933328e+001,
3485000000, -4.931084e+001,
3486250000, -4.927011e+001,
3487500000, -4.922210e+001,
3488750000, -4.925203e+001,
3490000000, -4.926531e+001,
3491250000, -4.920264e+001,
3492500000, -4.921506e+001,
3493750000, -4.916723e+001,
3495000000, -4.916381e+001,
3496250000, -4.909964e+001,
3497500000, -4.916819e+001,
3498750000, -4.915639e+001,
3500000000, -4.923640e+001,
3501250000, -4.915187e+001,
3502500000, -4.907611e+001,
3503750000, -4.912658e+001,
3505000000, -4.911045e+001,
3506250000, -4.910325e+001,
3507500000, -4.913184e+001,
3508750000, -4.907005e+001,
3510000000, -4.907305e+001,
3511250000, -4.909972e+001,
3512500000, -4.917756e+001,
3513750000, -4.913433e+001,
3515000000, -4.919070e+001,
3516250000, -4.915601e+001,
3517500000, -4.918740e+001,
3518750000, -4.917656e+001,
3520000000, -4.921633e+001,
3521250000, -4.920002e+001,
3522500000, -4.925671e+001,
3523750000, -4.924996e+001,
3525000000, -4.932203e+001,
3526250000, -4.936216e+001,
3527500000, -4.929715e+001,
3528750000, -4.936988e+001,
3530000000, -4.939669e+001,
3531250000, -4.941639e+001,
3532500000, -4.942370e+001,
3533750000, -4.942794e+001,
3535000000, -4.945781e+001,
3536250000, -4.956704e+001,
3537500000, -4.956053e+001,
3538750000, -4.957322e+001,
3540000000, -4.961572e+001,
3541250000, -4.966497e+001,
3542500000, -4.977654e+001,
3543750000, -4.983769e+001,
3545000000, -4.979222e+001,
3546250000, -4.984705e+001,
3547500000, -4.985891e+001,
3548750000, -4.994633e+001,
3550000000, -4.993671e+001,
3551250000, -4.998962e+001,
3552500000, -5.008281e+001,
3553750000, -5.011415e+001,
3555000000, -5.013145e+001,
3556250000, -5.007365e+001,
3557500000, -5.017118e+001,
3558750000, -5.021319e+001,
3560000000, -5.036664e+001,
3561250000, -5.033549e+001,
3562500000, -5.037341e+001,
3563750000, -5.033367e+001,
3565000000, -5.045154e+001,
3566250000, -5.039820e+001,
3567500000, -5.050248e+001,
3568750000, -5.049000e+001,
3570000000, -5.048122e+001,
3571250000, -5.049864e+001,
3572500000, -5.052182e+001,
3573750000, -5.060783e+001,
3575000000, -5.062215e+001,
3576250000, -5.064459e+001,
3577500000, -5.067605e+001,
3578750000, -5.065704e+001,
3580000000, -5.065566e+001,
3581250000, -5.076986e+001,
3582500000, -5.068887e+001,
3583750000, -5.070958e+001,
3585000000, -5.074997e+001,
3586250000, -5.082037e+001,
3587500000, -5.077269e+001,
3588750000, -5.088879e+001,
3590000000, -5.077956e+001,
3591250000, -5.084576e+001,
3592500000, -5.087786e+001,
3593750000, -5.083357e+001,
3595000000, -5.093299e+001,
3596250000, -5.089596e+001,
3597500000, -5.092760e+001,
3598750000, -5.093439e+001,
3600000000, -5.099302e+001,
3601250000, -5.098445e+001,
3602500000, -5.092464e+001,
3603750000, -5.104613e+001,
3605000000, -5.099751e+001,
3606250000, -5.102412e+001,
3607500000, -5.098283e+001,
3608750000, -5.103161e+001,
3610000000, -5.095358e+001,
3611250000, -5.092019e+001,
3612500000, -5.098181e+001,
3613750000, -5.093042e+001,
3615000000, -5.098822e+001,
3616250000, -5.096332e+001,
3617500000, -5.090756e+001,
3618750000, -5.095689e+001,
3620000000, -5.092486e+001,
3621250000, -5.085767e+001,
3622500000, -5.095707e+001,
3623750000, -5.087389e+001,
3625000000, -5.096115e+001,
3626250000, -5.097628e+001,
3627500000, -5.083973e+001,
3628750000, -5.094059e+001,
3630000000, -5.087747e+001,
3631250000, -5.085191e+001,
3632500000, -5.097026e+001,
3633750000, -5.089735e+001,
3635000000, -5.085443e+001,
3636250000, -5.095925e+001,
3637500000, -5.080103e+001,
3638750000, -5.084603e+001,
3640000000, -5.092335e+001,
3641250000, -5.087624e+001,
3642500000, -5.085839e+001,
3643750000, -5.095068e+001,
3645000000, -5.086454e+001,
3646250000, -5.088898e+001,
3647500000, -5.096120e+001,
3648750000, -5.084091e+001,
3650000000, -5.098384e+001,
3651250000, -5.091658e+001,
3652500000, -5.087618e+001,
3653750000, -5.098784e+001,
3655000000, -5.095029e+001,
3656250000, -5.095441e+001,
3657500000, -5.104432e+001,
3658750000, -5.100510e+001,
3660000000, -5.091707e+001,
3661250000, -5.101212e+001,
3662500000, -5.094971e+001,
3663750000, -5.105206e+001,
3665000000, -5.096083e+001,
3666250000, -5.098640e+001,
3667500000, -5.099452e+001,
3668750000, -5.097304e+001,
3670000000, -5.093861e+001,
3671250000, -5.096983e+001,
3672500000, -5.104044e+001,
3673750000, -5.083953e+001,
3675000000, -5.102548e+001,
3676250000, -5.094048e+001,
3677500000, -5.090532e+001,
3678750000, -5.095704e+001,
3680000000, -5.095373e+001,
3681250000, -5.091110e+001,
3682500000, -5.107005e+001,
3683750000, -5.098937e+001,
3685000000, -5.086251e+001,
3686250000, -5.110788e+001,
3687500000, -5.097165e+001,
3688750000, -5.101622e+001,
3690000000, -5.118423e+001,
3691250000, -5.098458e+001,
3692500000, -5.109900e+001,
3693750000, -5.118546e+001,
3695000000, -5.111655e+001,
3696250000, -5.118535e+001,
3697500000, -5.130096e+001,
3698750000, -5.127951e+001,
3700000000, -5.126660e+001,
3701250000, -5.147395e+001,
3702500000, -5.123371e+001,
3703750000, -5.136650e+001,
3705000000, -5.143786e+001,
3706250000, -5.129039e+001,
3707500000, -5.136610e+001,
3708750000, -5.142620e+001,
3710000000, -5.136979e+001,
3711250000, -5.142611e+001,
3712500000, -5.150872e+001,
3713750000, -5.137368e+001,
3715000000, -5.151712e+001,
3716250000, -5.164315e+001,
3717500000, -5.123935e+001,
3718750000, -5.145873e+001,
3720000000, -5.155318e+001,
3721250000, -5.140090e+001,
3722500000, -5.139026e+001,
3723750000, -5.143231e+001,
3725000000, -5.123844e+001,
3726250000, -5.137907e+001,
3727500000, -5.147263e+001,
3728750000, -5.128798e+001,
3730000000, -5.128221e+001,
3731250000, -5.155326e+001,
3732500000, -5.109009e+001,
3733750000, -5.133068e+001,
3735000000, -5.125999e+001,
3736250000, -5.123898e+001,
3737500000, -5.119349e+001,
3738750000, -5.123030e+001,
3740000000, -5.117728e+001,
3741250000, -5.116554e+001,
3742500000, -5.123447e+001,
3743750000, -5.112795e+001,
3745000000, -5.095170e+001,
3746250000, -5.122592e+001,
3747500000, -5.094892e+001,
3748750000, -5.089388e+001,
3750000000, -5.119364e+001,
3751250000, -5.098764e+001,
3752500000, -5.091587e+001,
3753750000, -5.104628e+001,
3755000000, -5.099276e+001,
3756250000, -5.083727e+001,
3757500000, -5.103146e+001,
3758750000, -5.081705e+001,
3760000000, -5.076468e+001,
3761250000, -5.092656e+001,
3762500000, -5.080190e+001,
3763750000, -5.064209e+001,
3765000000, -5.062736e+001,
3766250000, -5.071051e+001,
3767500000, -5.074431e+001,
3768750000, -5.084225e+001,
3770000000, -5.056370e+001,
3771250000, -5.052686e+001,
3772500000, -5.072942e+001,
3773750000, -5.055231e+001,
3775000000, -5.038596e+001,
3776250000, -5.041459e+001,
3777500000, -5.053273e+001,
3778750000, -5.054527e+001,
3780000000, -5.052727e+001,
3781250000, -5.049876e+001,
3782500000, -5.026413e+001,
3783750000, -5.053862e+001,
3785000000, -5.074432e+001,
3786250000, -5.044788e+001,
3787500000, -5.041645e+001,
3788750000, -5.059377e+001,
3790000000, -5.067137e+001,
3791250000, -5.052826e+001,
3792500000, -5.062450e+001,
3793750000, -5.070784e+001,
3795000000, -5.052345e+001,
3796250000, -5.082615e+001,
3797500000, -5.097948e+001,
3798750000, -5.058455e+001,
3800000000, -5.052029e+001,
3801250000, -5.131144e+001,
3802500000, -5.087378e+001,
3803750000, -5.117859e+001,
3805000000, -5.073632e+001,
3806250000, -5.117804e+001,
3807500000, -5.124044e+001,
3808750000, -5.113589e+001,
3810000000, -5.122170e+001,
3811250000, -5.115778e+001,
3812500000, -5.152882e+001,
3813750000, -5.111829e+001,
3815000000, -5.156997e+001,
3816250000, -5.130630e+001,
3817500000, -5.174442e+001,
3818750000, -5.160751e+001,
3820000000, -5.205392e+001,
3821250000, -5.161446e+001,
3822500000, -5.146126e+001,
3823750000, -5.225075e+001,
3825000000, -5.203453e+001,
3826250000, -5.178432e+001,
3827500000, -5.175766e+001,
3828750000, -5.249440e+001,
3830000000, -5.211004e+001,
3831250000, -5.211087e+001,
3832500000, -5.215240e+001,
3833750000, -5.232026e+001,
3835000000, -5.238950e+001,
3836250000, -5.292173e+001,
3837500000, -5.275534e+001,
3838750000, -5.230872e+001,
3840000000, -5.239130e+001,
3841250000, -5.336637e+001,
3842500000, -5.292581e+001,
3843750000, -5.305860e+001,
3845000000, -5.275467e+001,
3846250000, -5.302972e+001,
3847500000, -5.336224e+001,
3848750000, -5.330605e+001,
3850000000, -5.356990e+001,
3851250000, -5.291508e+001,
3852500000, -5.350240e+001,
3853750000, -5.345862e+001,
3855000000, -5.437146e+001,
3856250000, -5.381390e+001,
3857500000, -5.333895e+001,
3858750000, -5.316335e+001,
3860000000, -5.412557e+001,
3861250000, -5.483873e+001,
3862500000, -5.361668e+001,
3863750000, -5.379123e+001,
3865000000, -5.365136e+001,
3866250000, -5.397226e+001,
3867500000, -5.483296e+001,
3868750000, -5.450275e+001,
3870000000, -5.483467e+001,
3871250000, -5.315727e+001,
3872500000, -5.408313e+001,
3873750000, -5.619579e+001,
3875000000, -5.523238e+001,
3876250000, -5.375230e+001,
3877500000, -5.348519e+001,
3878750000, -5.529301e+001,
3880000000, -5.514128e+001,
3881250000, -5.633249e+001,
3882500000, -5.524297e+001,
3883750000, -5.284611e+001,
3885000000, -5.399995e+001,
3886250000, -5.670246e+001,
3887500000, -5.776342e+001,
3888750000, -5.465008e+001,
3890000000, -5.266539e+001,
3891250000, -5.497459e+001,
3892500000, -5.676016e+001,
3893750000, -5.857896e+001,
3895000000, -5.490117e+001,
3896250000, -5.321087e+001,
3897500000, -5.337668e+001,
3898750000, -5.729033e+001,
3900000000, -5.983010e+001,
3901250000, -5.506482e+001,
3902500000, -5.229970e+001,
3903750000, -5.371463e+001,
3905000000, -5.747457e+001,
3906250000, -6.034136e+001,
3907500000, -5.586898e+001,
3908750000, -5.271640e+001,
3910000000, -5.325788e+001,
3911250000, -5.610759e+001,
3912500000, -6.242007e+001,
3913750000, -5.622281e+001,
3915000000, -5.134014e+001,
3916250000, -5.137006e+001,
3917500000, -5.862463e+001,
3918750000, -6.257178e+001,
3920000000, -5.491704e+001,
3921250000, -5.420196e+001,
3922500000, -5.384782e+001,
3923750000, -5.469640e+001,
3925000000, -5.852077e+001,
3926250000, -5.886949e+001,
3927500000, -5.465450e+001,
3928750000, -5.252234e+001,
3930000000, -5.422983e+001,
3931250000, -6.073922e+001,
3932500000, -5.804349e+001,
3933750000, -5.214749e+001,
3935000000, -5.113812e+001,
3936250000, -5.874822e+001,
3937500000, -6.195566e+001,
3938750000, -5.656873e+001,
3940000000, -5.539014e+001,
3941250000, -5.487215e+001,
3942500000, -5.304589e+001,
3943750000, -5.793526e+001,
3945000000, -6.419633e+001,
3946250000, -5.443283e+001,
3947500000, -5.237201e+001,
3948750000, -5.365380e+001,
3950000000, -5.940947e+001,
3951250000, -6.040440e+001,
3952500000, -5.569830e+001,
3953750000, -5.163253e+001,
3955000000, -5.508125e+001,
3956250000, -5.912737e+001,
3957500000, -5.810858e+001,
3958750000, -5.939694e+001,
3960000000, -5.473291e+001,
3961250000, -5.233561e+001,
3962500000, -5.524547e+001,
3963750000, -6.304457e+001,
3965000000, -5.732209e+001,
3966250000, -5.569487e+001,
3967500000, -5.388826e+001,
3968750000, -5.636326e+001,
3970000000, -5.496066e+001,
3971250000, -5.894672e+001,
3972500000, -5.778197e+001,
3973750000, -5.607030e+001,
3975000000, -5.558604e+001,
3976250000, -5.697575e+001,
3977500000, -5.754765e+001,
3978750000, -5.767144e+001,
3980000000, -5.647230e+001,
3981250000, -5.415957e+001,
3982500000, -6.053849e+001,
3983750000, -5.717789e+001,
3985000000, -5.458839e+001,
3986250000, -5.963161e+001,
3987500000, -6.531198e+001,
3988750000, -5.375058e+001,
3990000000, -4.971308e+001,
3991250000, -5.282230e+001,
3992500000, -6.055252e+001,
3993750000, -5.660551e+001,
3995000000, -6.260403e+001,
3996250000, -5.341488e+001,
3997500000, -5.580106e+001,
3998750000, -5.217620e+001,
4000000000, -5.547066e+001,
4001250000, -5.953282e+001,
4002500000, -6.148989e+001,
4003750000, -5.437902e+001,
4005000000, -5.431135e+001,
4006250000, -5.061192e+001,
4007500000, -5.513664e+001,
4008750000, -5.858773e+001,
4010000000, -4.997993e+001,
4011250000, -4.557509e+001,
4012500000, -4.785727e+001,
4013750000, -5.274192e+001,
4015000000, -5.304832e+001,
4016250000, -5.028233e+001,
4017500000, -4.988650e+001,
4018750000, -5.194083e+001,
4020000000, -4.965752e+001,
4021250000, -5.035685e+001,
4022500000, -4.768708e+001,
4023750000, -4.997134e+001,
4025000000, -5.058286e+001,
4026250000, -5.103429e+001,
4027500000, -5.353203e+001,
4028750000, -5.145137e+001,
4030000000, -6.981295e+001,
4031250000, -5.975090e+001,
4032500000, -5.577257e+001,
4033750000, -4.793831e+001,
4035000000, -4.789535e+001,
4036250000, -4.901480e+001,
4037500000, -5.150953e+001,
4038750000, -5.195977e+001,
4040000000, -5.033230e+001,
4041250000, -4.860205e+001,
4042500000, -4.808810e+001,
4043750000, -4.915586e+001,
4045000000, -4.728407e+001,
4046250000, -4.644920e+001,
4047500000, -4.602342e+001,
4048750000, -4.674002e+001,
4050000000, -4.536098e+001,
4051250000, -4.565268e+001,
4052500000, -4.450167e+001,
4053750000, -4.614290e+001,
4055000000, -5.305993e+001,
4056250000, -5.765804e+001,
4057500000, -5.098107e+001,
4058750000, -4.624131e+001,
4060000000, -4.288079e+001,
4061250000, -4.321436e+001,
4062500000, -4.335674e+001,
4063750000, -4.323340e+001,
4065000000, -4.358829e+001,
4066250000, -4.385326e+001,
4067500000, -4.429482e+001,
4068750000, -4.411224e+001,
4070000000, -4.492924e+001,
4071250000, -4.598568e+001,
4072500000, -4.830023e+001,
4073750000, -5.127268e+001,
4075000000, -5.261531e+001,
4076250000, -4.763671e+001,
4077500000, -4.622463e+001,
4078750000, -4.691297e+001,
4080000000, -4.791402e+001,
4081250000, -5.478757e+001,
4082500000, -5.300545e+001,
4083750000, -4.991016e+001,
4085000000, -4.503938e+001,
4086250000, -4.235559e+001,
4087500000, -4.134671e+001,
4088750000, -4.041709e+001,
4090000000, -4.020274e+001,
4091250000, -4.044419e+001,
4092500000, -4.215007e+001,
4093750000, -4.508626e+001,
4095000000, -4.794630e+001,
4096250000, -5.150690e+001,
4097500000, -4.505673e+001,
4098750000, -4.207425e+001,
4100000000, -4.012042e+001,
4101250000, -3.949485e+001,
4102500000, -3.864224e+001,
4103750000, -3.721591e+001,
4105000000, -3.614637e+001,
4106250000, -3.451995e+001,
4107500000, -3.473839e+001,
4108750000, -3.523679e+001,
4110000000, -3.453719e+001,
4111250000, -3.658868e+001,
4112500000, -3.739908e+001,
4113750000, -3.659456e+001,
4115000000, -3.439972e+001,
4116250000, -3.115121e+001,
4117500000, -2.940728e+001,
4118750000, -2.934682e+001,
4120000000, -2.965245e+001,
4121250000, -3.075292e+001,
4122500000, -2.980745e+001,
4123750000, -2.950937e+001,
4125000000, -2.850063e+001,
4126250000, -2.838814e+001,
4127500000, -2.868531e+001,
4128750000, -2.641281e+001,
4130000000, -2.414798e+001,
4131250000, -2.244376e+001,
4132500000, -2.284975e+001,
4133750000, -2.096672e+001,
4135000000, -1.789328e+001,
4136250000, -1.575834e+001,
4137500000, -1.626800e+001,
4138750000, -1.653084e+001,
4140000000, -1.471438e+001,
4141250000, -1.274521e+001,
4142500000, -1.236754e+001,
4143750000, -1.333458e+001,
4145000000, -1.295269e+001,
4146250000, -1.151109e+001,
4147500000, -1.078542e+001,
4148750000, -1.144731e+001,
4150000000, -1.208137e+001,
4151250000, -1.106828e+001,
4152500000, -1.063368e+001,
4153750000, -1.104198e+001,
4155000000, -1.188790e+001,
4156250000, -1.139675e+001,
4157500000, -1.079283e+001,
4158750000, -1.110273e+001,
4160000000, -1.227621e+001,
4161250000, -1.261704e+001,
4162500000, -1.158727e+001,
4163750000, -1.196281e+001,
4165000000, -1.289740e+001,
4166250000, -1.420350e+001,
4167500000, -1.375356e+001,
4168750000, -1.336419e+001,
4170000000, -1.373289e+001,
4171250000, -1.543144e+001,
4172500000, -1.591403e+001,
4173750000, -1.496302e+001,
4175000000, -1.541373e+001,
4176250000, -1.610394e+001,
4177500000, -1.742341e+001,
4178750000, -1.623406e+001,
4180000000, -1.645970e+001,
4181250000, -1.674103e+001,
4182500000, -1.764644e+001,
4183750000, -1.629449e+001,
4185000000, -1.622742e+001,
4186250000, -1.695309e+001,
4187500000, -1.680526e+001,
4188750000, -1.580382e+001,
4190000000, -1.561525e+001,
4191250000, -1.753925e+001,
4192500000, -1.668528e+001,
4193750000, -1.583599e+001,
4195000000, -1.554851e+001,
4196250000, -1.801709e+001,
4197500000, -1.762809e+001,
4198750000, -1.652338e+001,
4200000000, -1.577822e+001,
4201250000, -1.819279e+001,
4202500000, -1.885135e+001,
4203750000, -1.774515e+001,
4205000000, -1.664150e+001,
4206250000, -1.879552e+001,
4207500000, -2.018257e+001,
4208750000, -1.915668e+001,
4210000000, -1.741779e+001,
4211250000, -1.850885e+001,
4212500000, -2.017259e+001,
4213750000, -1.971570e+001,
4215000000, -1.838786e+001,
4216250000, -1.893277e+001,
4217500000, -2.071079e+001,
4218750000, -2.069246e+001,
4220000000, -1.941976e+001,
4221250000, -1.935110e+001,
4222500000, -2.065315e+001,
4223750000, -2.048100e+001,
4225000000, -1.910913e+001,
4226250000, -1.922465e+001,
4227500000, -2.029210e+001,
4228750000, -1.994198e+001,
4230000000, -1.895020e+001,
4231250000, -1.946799e+001,
4232500000, -2.010711e+001,
4233750000, -1.898803e+001,
4235000000, -1.831917e+001,
4236250000, -1.916146e+001,
4237500000, -1.935627e+001,
4238750000, -1.822150e+001,
4240000000, -1.846974e+001,
4241250000, -1.997548e+001,
4242500000, -1.997279e+001,
4243750000, -1.863057e+001,
4245000000, -1.931749e+001,
4246250000, -2.091333e+001,
4247500000, -2.036777e+001,
4248750000, -1.913690e+001,
4250000000, -2.074437e+001,
4251250000, -2.257173e+001,
4252500000, -2.174130e+001,
4253750000, -2.074108e+001,
4255000000, -2.287174e+001,
4256250000, -2.420261e+001,
4257500000, -2.252793e+001,
4258750000, -2.179636e+001,
4260000000, -2.431292e+001,
4261250000, -2.504582e+001,
4262500000, -2.385734e+001,
4263750000, -2.446803e+001,
4265000000, -2.676187e+001,
4266250000, -2.626411e+001,
4267500000, -2.518149e+001,
4268750000, -2.587093e+001,
4270000000, -2.658986e+001,
4271250000, -2.603081e+001,
4272500000, -2.646715e+001,
4273750000, -2.789958e+001,
4275000000, -2.798598e+001,
4276250000, -2.795447e+001,
4277500000, -2.876298e+001,
4278750000, -2.874751e+001,
4280000000, -2.776069e+001,
4281250000, -2.870811e+001,
4282500000, -3.015364e+001,
4283750000, -3.008273e+001,
4285000000, -3.072017e+001,
4286250000, -3.326926e+001,
4287500000, -3.354436e+001,
4288750000, -3.179161e+001,
4290000000, -3.239169e+001,
4291250000, -3.362973e+001,
4292500000, -3.313680e+001,
4293750000, -3.331923e+001,
4295000000, -3.638085e+001,
4296250000, -3.770416e+001,
4297500000, -3.629829e+001,
4298750000, -3.603884e+001,
4300000000, -3.677336e+001,
4301250000, -3.550001e+001,
4302500000, -3.443541e+001,
4303750000, -3.636680e+001,
4305000000, -3.747124e+001,
4306250000, -3.749817e+001,
4307500000, -3.904437e+001,
4308750000, -3.975605e+001,
4310000000, -3.747118e+001,
4311250000, -3.619772e+001,
4312500000, -3.655668e+001,
4313750000, -3.635640e+001,
4315000000, -3.723014e+001,
4316250000, -3.941198e+001,
4317500000, -4.013559e+001,
4318750000, -3.936148e+001,
4320000000, -3.879377e+001,
4321250000, -3.760424e+001,
4322500000, -3.670753e+001,
4323750000, -3.807541e+001,
4325000000, -3.945652e+001,
4326250000, -4.045358e+001,
4327500000, -4.283619e+001,
4328750000, -4.283712e+001,
4330000000, -3.989288e+001,
4331250000, -3.858363e+001,
4332500000, -3.931614e+001,
4333750000, -3.925800e+001,
4335000000, -4.066967e+001,
4336250000, -4.462117e+001,
4337500000, -4.521258e+001,
4338750000, -4.195380e+001,
4340000000, -4.072978e+001,
4341250000, -4.011205e+001,
4342500000, -3.933423e+001,
4343750000, -4.128736e+001,
4345000000, -4.419567e+001,
4346250000, -4.616617e+001,
4347500000, -4.565788e+001,
4348750000, -4.341531e+001,
4350000000, -4.108723e+001,
4351250000, -4.072923e+001,
4352500000, -4.164627e+001,
4353750000, -4.367795e+001,
4355000000, -4.825548e+001,
4356250000, -4.967191e+001,
4357500000, -4.506412e+001,
4358750000, -4.277591e+001,
4360000000, -4.178909e+001,
4361250000, -4.175913e+001,
4362500000, -4.452361e+001,
4363750000, -4.818948e+001,
4365000000, -5.116853e+001,
4366250000, -4.755457e+001,
4367500000, -4.436603e+001,
4368750000, -4.213573e+001,
4370000000, -4.267910e+001,
4371250000, -4.434542e+001,
4372500000, -4.785370e+001,
4373750000, -5.363884e+001,
4375000000, -4.856948e+001,
4376250000, -4.383149e+001,
4377500000, -4.283990e+001,
4378750000, -4.328773e+001,
4380000000, -4.544563e+001,
4381250000, -5.219889e+001,
4382500000, -5.571595e+001,
4383750000, -4.752940e+001,
4385000000, -4.472963e+001,
4386250000, -4.375616e+001,
4387500000, -4.500095e+001,
4388750000, -4.881810e+001,
4390000000, -5.861346e+001,
4391250000, -5.351205e+001,
4392500000, -4.759529e+001,
4393750000, -4.501187e+001,
4395000000, -4.539299e+001,
4396250000, -4.751583e+001,
4397500000, -5.428543e+001,
4398750000, -6.291441e+001,
4400000000, -5.084929e+001,
4401250000, -4.675799e+001,
4402500000, -4.638576e+001,
4403750000, -4.759335e+001,
4405000000, -5.270160e+001,
4406250000, -6.267281e+001,
4407500000, -5.308908e+001,
4408750000, -4.841881e+001,
4410000000, -4.729770e+001,
4411250000, -4.840511e+001,
4412500000, -5.258023e+001,
4413750000, -5.929697e+001,
4415000000, -5.322857e+001,
4416250000, -4.952479e+001,
4417500000, -4.833169e+001,
4418750000, -4.958859e+001,
4420000000, -5.285181e+001,
4421250000, -5.703660e+001,
4422500000, -5.334198e+001,
4423750000, -5.020226e+001,
4425000000, -4.907807e+001,
4426250000, -5.005218e+001,
4427500000, -5.332387e+001,
4428750000, -5.669007e+001,
4430000000, -5.322297e+001,
4431250000, -5.002575e+001,
4432500000, -4.941213e+001,
4433750000, -5.069970e+001,
4435000000, -5.458066e+001,
4436250000, -5.665219e+001,
4437500000, -5.239017e+001,
4438750000, -5.007841e+001,
4440000000, -4.963457e+001,
4441250000, -5.163300e+001,
4442500000, -5.563923e+001,
4443750000, -5.578625e+001,
4445000000, -5.166323e+001,
4446250000, -4.967466e+001,
4447500000, -5.008853e+001,
4448750000, -5.273643e+001,
4450000000, -5.705392e+001,
4451250000, -5.457577e+001,
4452500000, -5.088254e+001,
4453750000, -4.977303e+001,
4455000000, -5.071049e+001,
4456250000, -5.433801e+001,
4457500000, -5.732591e+001,
4458750000, -5.278459e+001,
4460000000, -5.009326e+001,
4461250000, -4.992501e+001,
4462500000, -5.235907e+001,
4463750000, -5.674320e+001,
4465000000, -5.497489e+001,
4466250000, -5.118705e+001,
4467500000, -4.979470e+001,
4468750000, -5.109872e+001,
4470000000, -5.490231e+001,
4471250000, -5.637799e+001,
4472500000, -5.218530e+001,
4473750000, -5.017120e+001,
4475000000, -5.069914e+001,
4476250000, -5.359159e+001,
4477500000, -5.599281e+001,
4478750000, -5.311641e+001,
4480000000, -5.071373e+001,
4481250000, -5.063479e+001,
4482500000, -5.266375e+001,
4483750000, -5.543421e+001,
4485000000, -5.361737e+001,
4486250000, -5.101801e+001,
4487500000, -5.070189e+001,
4488750000, -5.244351e+001,
4490000000, -5.480907e+001,
4491250000, -5.348506e+001,
4492500000, -5.124836e+001,
4493750000, -5.085176e+001,
4495000000, -5.219800e+001,
4496250000, -5.435859e+001,
4497500000, -5.343546e+001,
4498750000, -5.127994e+001,
4500000000, -5.072573e+001,
4501250000, -5.229553e+001,
4502500000, -5.390308e+001,
4503750000, -5.284109e+001,
4505000000, -5.110707e+001,
4506250000, -5.071123e+001,
4507500000, -5.221557e+001,
4508750000, -5.394794e+001,
4510000000, -5.240087e+001,
4511250000, -5.062747e+001,
4512500000, -5.072283e+001,
4513750000, -5.264359e+001,
4515000000, -5.360138e+001,
4516250000, -5.163830e+001,
4517500000, -5.031037e+001,
4518750000, -5.095816e+001,
4520000000, -5.299208e+001,
4521250000, -5.295667e+001,
4522500000, -5.080342e+001,
4523750000, -5.010859e+001,
4525000000, -5.153814e+001,
4526250000, -5.343163e+001,
4527500000, -5.192726e+001,
4528750000, -5.010608e+001,
4530000000, -5.032897e+001,
4531250000, -5.226675e+001,
4532500000, -5.295598e+001,
4533750000, -5.081162e+001,
4535000000, -4.981848e+001,
4536250000, -5.101624e+001,
4537500000, -5.280856e+001,
4538750000, -5.167761e+001,
4540000000, -4.995331e+001,
4541250000, -5.016606e+001,
4542500000, -5.197791e+001,
4543750000, -5.240523e+001,
4545000000, -5.039037e+001,
4546250000, -4.975385e+001,
4547500000, -5.114270e+001,
4548750000, -5.258927e+001,
4550000000, -5.103983e+001,
4551250000, -4.975771e+001,
4552500000, -5.047321e+001,
4553750000, -5.230323e+001,
4555000000, -5.151908e+001,
4556250000, -4.995756e+001,
4557500000, -5.019794e+001,
4558750000, -5.187228e+001,
4560000000, -5.178747e+001,
4561250000, -5.010876e+001,
4562500000, -5.012965e+001,
4563750000, -5.168543e+001,
4565000000, -5.176441e+001,
4566250000, -5.026831e+001,
4567500000, -5.013004e+001,
4568750000, -5.158005e+001,
4570000000, -5.179828e+001,
4571250000, -5.033986e+001,
4572500000, -5.029561e+001,
4573750000, -5.153103e+001,
4575000000, -5.159617e+001,
4576250000, -5.050175e+001,
4577500000, -5.046478e+001,
4578750000, -5.150484e+001,
4580000000, -5.158018e+001,
4581250000, -5.055201e+001,
4582500000, -5.069748e+001,
4583750000, -5.156580e+001,
4585000000, -5.144388e+001,
4586250000, -5.062390e+001,
4587500000, -5.091874e+001,
4588750000, -5.175656e+001,
4590000000, -5.122799e+001,
4591250000, -5.076323e+001,
4592500000, -5.129085e+001,
4593750000, -5.176963e+001,
4595000000, -5.111571e+001,
4596250000, -5.093000e+001,
4597500000, -5.165440e+001,
4598750000, -5.147802e+001,
4600000000, -5.102428e+001,
4601250000, -5.128389e+001,
4602500000, -5.165154e+001,
4603750000, -5.137368e+001,
4605000000, -5.120609e+001,
4606250000, -5.160391e+001,
4607500000, -5.164238e+001,
4608750000, -5.132506e+001,
4610000000, -5.145627e+001,
4611250000, -5.174375e+001,
4612500000, -5.153229e+001,
4613750000, -5.149340e+001,
4615000000, -5.168583e+001,
4616250000, -5.166325e+001,
4617500000, -5.150834e+001,
4618750000, -5.170739e+001,
4620000000, -5.180386e+001,
4621250000, -5.159671e+001,
4622500000, -5.168483e+001,
4623750000, -5.178733e+001,
4625000000, -5.168049e+001,
4626250000, -5.180022e+001,
4627500000, -5.186458e+001,
4628750000, -5.169126e+001,
4630000000, -5.163857e+001,
4631250000, -5.200037e+001,
4632500000, -5.171483e+001,
4633750000, -5.174144e+001,
4635000000, -5.197365e+001,
4636250000, -5.183600e+001,
4637500000, -5.164540e+001,
4638750000, -5.191938e+001,
4640000000, -5.195273e+001,
4641250000, -5.174596e+001,
4642500000, -5.202857e+001,
4643750000, -5.197762e+001,
4645000000, -5.163180e+001,
4646250000, -5.203283e+001,
4647500000, -5.199599e+001,
4648750000, -5.169037e+001,
4650000000, -5.212681e+001,
4651250000, -5.204498e+001,
4652500000, -5.174186e+001,
4653750000, -5.214667e+001,
4655000000, -5.199395e+001,
4656250000, -5.179422e+001,
4657500000, -5.220407e+001,
4658750000, -5.198199e+001,
4660000000, -5.192956e+001,
4661250000, -5.232316e+001,
4662500000, -5.192193e+001,
4663750000, -5.204023e+001,
4665000000, -5.230302e+001,
4666250000, -5.194535e+001,
4667500000, -5.214824e+001,
4668750000, -5.217136e+001,
4670000000, -5.204490e+001,
4671250000, -5.222917e+001,
4672500000, -5.218125e+001,
4673750000, -5.208815e+001,
4675000000, -5.227760e+001,
4676250000, -5.215895e+001,
4677500000, -5.215718e+001,
4678750000, -5.233421e+001,
4680000000, -5.216318e+001,
4681250000, -5.226463e+001,
4682500000, -5.234788e+001,
4683750000, -5.225097e+001,
4685000000, -5.229626e+001,
4686250000, -5.236840e+001,
4687500000, -5.234249e+001,
4688750000, -5.246054e+001,
4690000000, -5.228511e+001,
4691250000, -5.245934e+001,
4692500000, -5.242678e+001,
4693750000, -5.240703e+001,
4695000000, -5.261209e+001,
4696250000, -5.245078e+001,
4697500000, -5.259518e+001,
4698750000, -5.256368e+001,
4700000000, -5.266314e+001,
4701250000, -5.261502e+001,
4702500000, -5.262645e+001,
4703750000, -5.266740e+001,
4705000000, -5.267715e+001,
4706250000, -5.275104e+001,
4707500000, -5.277985e+001,
4708750000, -5.282534e+001,
4710000000, -5.283014e+001,
4711250000, -5.281760e+001,
4712500000, -5.286663e+001,
4713750000, -5.292533e+001,
4715000000, -5.292321e+001,
4716250000, -5.298881e+001,
4717500000, -5.293360e+001,
4718750000, -5.308596e+001,
4720000000, -5.295324e+001,
4721250000, -5.307891e+001,
4722500000, -5.303174e+001,
4723750000, -5.310563e+001,
4725000000, -5.316124e+001,
4726250000, -5.323399e+001,
4727500000, -5.321265e+001,
4728750000, -5.312640e+001,
4730000000, -5.324580e+001,
4731250000, -5.331135e+001,
4732500000, -5.326586e+001,
4733750000, -5.326580e+001,
4735000000, -5.335231e+001,
4736250000, -5.327549e+001,
4737500000, -5.337538e+001,
4738750000, -5.333941e+001,
4740000000, -5.333342e+001,
4741250000, -5.337991e+001,
4742500000, -5.338352e+001,
4743750000, -5.342202e+001,
4745000000, -5.341307e+001,
4746250000, -5.334062e+001,
4747500000, -5.345203e+001,
4748750000, -5.345568e+001,
4750000000, -5.343040e+001,
4751250000, -5.349022e+001,
4752500000, -5.343541e+001,
4753750000, -5.357018e+001,
4755000000, -5.349419e+001,
4756250000, -5.347507e+001,
4757500000, -5.346796e+001,
4758750000, -5.347449e+001,
4760000000, -5.342847e+001,
4761250000, -5.347477e+001,
4762500000, -5.337693e+001,
4763750000, -5.340655e+001,
4765000000, -5.340121e+001,
4766250000, -5.339271e+001,
4767500000, -5.334596e+001,
4768750000, -5.340249e+001,
4770000000, -5.337951e+001,
4771250000, -5.338908e+001,
4772500000, -5.327735e+001,
4773750000, -5.331034e+001,
4775000000, -5.332730e+001,
4776250000, -5.319520e+001,
4777500000, -5.323561e+001,
4778750000, -5.315248e+001,
4780000000, -5.319898e+001,
4781250000, -5.321514e+001,
4782500000, -5.317626e+001,
4783750000, -5.304385e+001,
4785000000, -5.302141e+001,
4786250000, -5.304233e+001,
4787500000, -5.302835e+001,
4788750000, -5.300953e+001,
4790000000, -5.296590e+001,
4791250000, -5.285252e+001,
4792500000, -5.284581e+001,
4793750000, -5.280379e+001,
4795000000, -5.282318e+001,
4796250000, -5.271755e+001,
4797500000, -5.272969e+001,
4798750000, -5.269254e+001,
4800000000, -5.267228e+001,
4801250000, -5.265113e+001,
4802500000, -5.258473e+001,
4803750000, -5.256974e+001,
4805000000, -5.250178e+001,
4806250000, -5.252206e+001,
4807500000, -5.245869e+001,
4808750000, -5.240394e+001,
4810000000, -5.235065e+001,
4811250000, -5.232051e+001,
4812500000, -5.238726e+001,
4813750000, -5.221693e+001,
4815000000, -5.222478e+001,
4816250000, -5.221616e+001,
4817500000, -5.223602e+001,
4818750000, -5.219829e+001,
4820000000, -5.218076e+001,
4821250000, -5.217500e+001,
4822500000, -5.211197e+001,
4823750000, -5.203677e+001,
4825000000, -5.203494e+001,
4826250000, -5.202237e+001,
4827500000, -5.198983e+001,
4828750000, -5.204171e+001,
4830000000, -5.198417e+001,
4831250000, -5.196349e+001,
4832500000, -5.196735e+001,
4833750000, -5.189910e+001,
4835000000, -5.197070e+001,
4836250000, -5.197602e+001,
4837500000, -5.195956e+001,
4838750000, -5.196780e+001,
4840000000, -5.192936e+001,
4841250000, -5.194209e+001,
4842500000, -5.192546e+001,
4843750000, -5.196347e+001,
4845000000, -5.188363e+001,
4846250000, -5.196824e+001,
4847500000, -5.199945e+001,
4848750000, -5.200621e+001,
4850000000, -5.195195e+001,
4851250000, -5.196825e+001,
4852500000, -5.200219e+001,
4853750000, -5.202422e+001,
4855000000, -5.199260e+001,
4856250000, -5.215427e+001,
4857500000, -5.217509e+001,
4858750000, -5.216732e+001,
4860000000, -5.216335e+001,
4861250000, -5.225779e+001,
4862500000, -5.225927e+001,
4863750000, -5.230136e+001,
4865000000, -5.232532e+001,
4866250000, -5.228350e+001,
4867500000, -5.237051e+001,
4868750000, -5.235712e+001,
4870000000, -5.239356e+001,
4871250000, -5.248467e+001,
4872500000, -5.249089e+001,
4873750000, -5.256087e+001,
4875000000, -5.255807e+001,
4876250000, -5.266566e+001,
4877500000, -5.259678e+001,
4878750000, -5.271341e+001,
4880000000, -5.269302e+001,
4881250000, -5.292095e+001,
4882500000, -5.290046e+001,
4883750000, -5.294365e+001,
4885000000, -5.305856e+001,
4886250000, -5.302379e+001,
4887500000, -5.312111e+001,
4888750000, -5.319104e+001,
4890000000, -5.318324e+001,
4891250000, -5.320045e+001,
4892500000, -5.332032e+001,
4893750000, -5.337021e+001,
4895000000, -5.344810e+001,
4896250000, -5.333203e+001,
4897500000, -5.346601e+001,
4898750000, -5.349926e+001,
4900000000, -5.350055e+001,
4901250000, -5.352312e+001,
4902500000, -5.366723e+001,
4903750000, -5.370791e+001,
4905000000, -5.373266e+001,
4906250000, -5.368288e+001,
4907500000, -5.374184e+001,
4908750000, -5.382584e+001,
4910000000, -5.378160e+001,
4911250000, -5.392533e+001,
4912500000, -5.390868e+001,
4913750000, -5.395099e+001,
4915000000, -5.391082e+001,
4916250000, -5.398604e+001,
4917500000, -5.407409e+001,
4918750000, -5.401765e+001,
4920000000, -5.406855e+001,
4921250000, -5.406814e+001,
4922500000, -5.413967e+001,
4923750000, -5.402478e+001,
4925000000, -5.415409e+001,
4926250000, -5.415625e+001,
4927500000, -5.416196e+001,
4928750000, -5.421328e+001,
4930000000, -5.424054e+001,
4931250000, -5.420044e+001,
4932500000, -5.419932e+001,
4933750000, -5.424329e+001,
4935000000, -5.433966e+001,
4936250000, -5.425205e+001,
4937500000, -5.436041e+001,
4938750000, -5.436126e+001,
4940000000, -5.434414e+001,
4941250000, -5.435083e+001,
4942500000, -5.440630e+001,
4943750000, -5.446814e+001,
4945000000, -5.444479e+001,
4946250000, -5.446477e+001,
4947500000, -5.439917e+001,
4948750000, -5.446004e+001,
4950000000, -5.448875e+001,
4951250000, -5.447248e+001,
4952500000, -5.444772e+001,
4953750000, -5.449553e+001,
4955000000, -5.448466e+001,
4956250000, -5.460308e+001,
4957500000, -5.452629e+001,
4958750000, -5.455259e+001,
4960000000, -5.454704e+001,
4961250000, -5.455560e+001,
4962500000, -5.458458e+001,
4963750000, -5.459418e+001,
4965000000, -5.459720e+001,
4966250000, -5.458665e+001,
4967500000, -5.473206e+001,
4968750000, -5.469009e+001,
4970000000, -5.472327e+001,
4971250000, -5.468907e+001,
4972500000, -5.471186e+001,
4973750000, -5.468301e+001,
4975000000, -5.475116e+001,
4976250000, -5.482944e+001,
4977500000, -5.473306e+001,
4978750000, -5.476257e+001,
4980000000, -5.479079e+001,
4981250000, -5.475568e+001,
4982500000, -5.481207e+001,
4983750000, -5.481071e+001,
4985000000, -5.477345e+001,
4986250000, -5.471198e+001,
4987500000, -5.472407e+001,
4988750000, -5.466368e+001,
4990000000, -5.479328e+001,
4991250000, -5.477303e+001,
4992500000, -5.469294e+001,
4993750000, -5.471548e+001,
4995000000, -5.469152e+001,
4996250000, -5.466831e+001,
4997500000, -5.471918e+001,
4998750000, -5.464329e+001,
5000000000, -5.472199e+001,
5001250000, -5.464555e+001,
5002500000, -5.464293e+001,
5003750000, -5.473637e+001,
5005000000, -5.468136e+001,
5006250000, -5.469884e+001,
5007500000, -5.462301e+001,
5008750000, -5.468700e+001,
5010000000, -5.472266e+001,
5011250000, -5.467767e+001,
5012500000, -5.474549e+001,
5013750000, -5.467624e+001,
5015000000, -5.474603e+001,
5016250000, -5.470035e+001,
5017500000, -5.464516e+001,
5018750000, -5.470189e+001,
5020000000, -5.464900e+001,
5021250000, -5.456496e+001,
5022500000, -5.468599e+001,
5023750000, -5.460463e+001,
5025000000, -5.461692e+001,
5026250000, -5.456429e+001,
5027500000, -5.467107e+001,
5028750000, -5.458399e+001,
5030000000, -5.459920e+001,
5031250000, -5.454082e+001,
5032500000, -5.458084e+001,
5033750000, -5.454261e+001,
5035000000, -5.439315e+001,
5036250000, -5.456587e+001,
5037500000, -5.442406e+001,
5038750000, -5.447667e+001,
5040000000, -5.456232e+001,
5041250000, -5.441764e+001,
5042500000, -5.437104e+001,
5043750000, -5.442895e+001,
5045000000, -5.444518e+001,
5046250000, -5.448509e+001,
5047500000, -5.440919e+001,
5048750000, -5.426689e+001,
5050000000, -5.437120e+001,
5051250000, -5.431553e+001,
5052500000, -5.428487e+001,
5053750000, -5.424549e+001,
5055000000, -5.422511e+001,
5056250000, -5.426752e+001,
5057500000, -5.420086e+001,
5058750000, -5.425790e+001,
5060000000, -5.420301e+001,
5061250000, -5.414389e+001,
5062500000, -5.409161e+001,
5063750000, -5.409846e+001,
5065000000, -5.412011e+001,
5066250000, -5.404110e+001,
5067500000, -5.397592e+001,
5068750000, -5.400155e+001,
5070000000, -5.400212e+001,
5071250000, -5.397944e+001,
5072500000, -5.394033e+001,
5073750000, -5.394729e+001,
5075000000, -5.396349e+001,
5076250000, -5.386197e+001,
5077500000, -5.376438e+001,
5078750000, -5.380526e+001,
5080000000, -5.382547e+001,
5081250000, -5.380106e+001,
5082500000, -5.367951e+001,
5083750000, -5.378627e+001,
5085000000, -5.362796e+001,
5086250000, -5.367597e+001,
5087500000, -5.363203e+001,
5088750000, -5.362727e+001,
5090000000, -5.366349e+001,
5091250000, -5.348895e+001,
5092500000, -5.354814e+001,
5093750000, -5.352037e+001,
5095000000, -5.357407e+001,
5096250000, -5.355754e+001,
5097500000, -5.342278e+001,
5098750000, -5.347923e+001,
5100000000, -5.349743e+001,
5101250000, -5.349087e+001,
5102500000, -5.347606e+001,
5103750000, -5.340921e+001,
5105000000, -5.340100e+001,
5106250000, -5.347551e+001,
5107500000, -5.347471e+001,
5108750000, -5.338848e+001,
5110000000, -5.334967e+001,
5111250000, -5.333826e+001,
5112500000, -5.340442e+001,
5113750000, -5.338663e+001,
5115000000, -5.330316e+001,
5116250000, -5.335056e+001,
5117500000, -5.333466e+001,
5118750000, -5.337132e+001,
5120000000, -5.338523e+001,
5121250000, -5.335278e+001,
5122500000, -5.338754e+001,
5123750000, -5.333459e+001,
5125000000, -5.336250e+001,
5126250000, -5.338213e+001,
5127500000, -5.332798e+001,
5128750000, -5.337359e+001,
5130000000, -5.336941e+001,
5131250000, -5.340582e+001,
5132500000, -5.340744e+001,
5133750000, -5.342325e+001,
5135000000, -5.339997e+001,
5136250000, -5.349912e+001,
5137500000, -5.350483e+001,
5138750000, -5.346376e+001,
5140000000, -5.351344e+001,
5141250000, -5.352617e+001,
5142500000, -5.358156e+001,
5143750000, -5.360995e+001,
5145000000, -5.373870e+001,
5146250000, -5.367354e+001,
5147500000, -5.380996e+001,
5148750000, -5.378759e+001,
5150000000, -5.390749e+001,
5151250000, -5.384229e+001,
5152500000, -5.392176e+001,
5153750000, -5.393399e+001,
5155000000, -5.393040e+001,
5156250000, -5.395488e+001,
5157500000, -5.397205e+001,
5158750000, -5.399711e+001,
5160000000, -5.415849e+001,
5161250000, -5.411886e+001,
5162500000, -5.412165e+001,
5163750000, -5.414425e+001,
5165000000, -5.413619e+001,
5166250000, -5.430986e+001,
5167500000, -5.430219e+001,
5168750000, -5.428547e+001,
5170000000, -5.438217e+001,
5171250000, -5.440234e+001,
5172500000, -5.447055e+001,
5173750000, -5.448804e+001,
5175000000, -5.444093e+001,
5176250000, -5.461427e+001,
5177500000, -5.456481e+001,
5178750000, -5.461847e+001,
5180000000, -5.464386e+001,
5181250000, -5.471311e+001,
5182500000, -5.473710e+001,
5183750000, -5.467928e+001,
5185000000, -5.475920e+001,
5186250000, -5.479974e+001,
5187500000, -5.476540e+001,
5188750000, -5.481072e+001,
5190000000, -5.494199e+001,
5191250000, -5.486900e+001,
5192500000, -5.495816e+001,
5193750000, -5.487868e+001,
5195000000, -5.491623e+001,
5196250000, -5.505207e+001,
5197500000, -5.490869e+001,
5198750000, -5.501257e+001,
5200000000, -5.510234e+001,
