"S21 Log Mag"
"Frequency (Hz)","dB",
3200000000, -5.166323e+001,
3201250000, -5.165132e+001,
3202500000, -5.164979e+001,
3203750000, -5.173523e+001,
3205000000, -5.171939e+001,
3206250000, -5.176615e+001,
3207500000, -5.173770e+001,
3208750000, -5.169829e+001,
3210000000, -5.175006e+001,
3211250000, -5.178854e+001,
3212500000, -5.182205e+001,
3213750000, -5.186303e+001,
3215000000, -5.192686e+001,
3216250000, -5.197821e+001,
3217500000, -5.198631e+001,
3218750000, -5.212486e+001,
3220000000, -5.204306e+001,
3221250000, -5.213324e+001,
3222500000, -5.214436e+001,
3223750000, -5.218612e+001,
3225000000, -5.215222e+001,
3226250000, -5.228607e+001,
3227500000, -5.227874e+001,
3228750000, -5.231134e+001,
3230000000, -5.239888e+001,
3231250000, -5.244422e+001,
3232500000, -5.242224e+001,
3233750000, -5.250985e+001,
3235000000, -5.254003e+001,
3236250000, -5.255945e+001,
3237500000, -5.257189e+001,
3238750000, -5.262112e+001,
3240000000, -5.268534e+001,
3241250000, -5.263349e+001,
3242500000, -5.266200e+001,
3243750000, -5.276734e+001,
3245000000, -5.273021e+001,
3246250000, -5.289769e+001,
3247500000, -5.277308e+001,
3248750000, -5.285464e+001,
3250000000, -5.290799e+001,
3251250000, -5.283425e+001,
3252500000, -5.295413e+001,
3253750000, -5.286864e+001,
3255000000, -5.292361e+001,
3256250000, -5.291176e+001,
3257500000, -5.288857e+001,
3258750000, -5.303897e+001,
3260000000, -5.295869e+001,
3261250000, -5.296075e+001,
3262500000, -5.301833e+001,
3263750000, -5.303366e+001,
3265000000, -5.306112e+001,
3266250000, -5.301691e+001,
3267500000, -5.294724e+001,
3268750000, -5.299839e+001,
3270000000, -5.302843e+001,
3271250000, -5.296812e+001,
3272500000, -5.302492e+001,
3273750000, -5.299509e+001,
3275000000, -5.294161e+001,
3276250000, -5.302175e+001,
3277500000, -5.290567e+001,
3278750000, -5.291245e+001,
3280000000, -5.302569e+001,
3281250000, -5.291483e+001,
3282500000, -5.298211e+001,
3283750000, -5.289801e+001,
3285000000, -5.295565e+001,
3286250000, -5.297937e+001,
3287500000, -5.292522e+001,
3288750000, -5.273981e+001,
3290000000, -5.284559e+001,
3291250000, -5.291512e+001,
3292500000, -5.295414e+001,
3293750000, -5.285550e+001,
3295000000, -5.285488e+001,
3296250000, -5.279297e+001,
3297500000, -5.276213e+001,
3298750000, -5.268861e+001,
3300000000, -5.269011e+001,
3301250000, -5.278939e+001,
3302500000, -5.263027e+001,
3303750000, -5.261555e+001,
3305000000, -5.262456e+001,
3306250000, -5.258424e+001,
3307500000, -5.265341e+001,
3308750000, -5.256309e+001,
3310000000, -5.259381e+001,
3311250000, -5.251004e+001,
3312500000, -5.256536e+001,
3313750000, -5.252586e+001,
3315000000, -5.247213e+001,
3316250000, -5.252362e+001,
3317500000, -5.244099e+001,
3318750000, -5.248006e+001,
3320000000, -5.245296e+001,
3321250000, -5.237012e+001,
3322500000, -5.230918e+001,
3323750000, -5.226727e+001,
3325000000, -5.228086e+001,
3326250000, -5.228212e+001,
3327500000, -5.220771e+001,
3328750000, -5.220140e+001,
3330000000, -5.214133e+001,
3331250000, -5.219236e+001,
3332500000, -5.207965e+001,
3333750000, -5.209645e+001,
3335000000, -5.199540e+001,
3336250000, -5.194802e+001,
3337500000, -5.194391e+001,
3338750000, -5.186649e+001,
3340000000, -5.181092e+001,
3341250000, -5.185564e+001,
3342500000, -5.185443e+001,
3343750000, -5.177057e+001,
3345000000, -5.178764e+001,
3346250000, -5.176781e+001,
3347500000, -5.171511e+001,
3348750000, -5.170205e+001,
3350000000, -5.172387e+001,
3351250000, -5.168640e+001,
3352500000, -5.170964e+001,
3353750000, -5.170225e+001,
3355000000, -5.168028e+001,
3356250000, -5.170535e+001,
3357500000, -5.167262e+001,
3358750000, -5.170655e+001,
3360000000, -5.174118e+001,
3361250000, -5.168696e+001,
3362500000, -5.172186e+001,
3363750000, -5.179952e+001,
3365000000, -5.180047e+001,
3366250000, -5.181358e+001,
3367500000, -5.185337e+001,
3368750000, -5.177492e+001,
3370000000, -5.188601e+001,
3371250000, -5.187450e+001,
3372500000, -5.188832e+001,
3373750000, -5.195950e+001,
3375000000, -5.191331e+001,
3376250000, -5.189638e+001,
3377500000, -5.197372e+001,
3378750000, -5.201145e+001,
3380000000, -5.197408e+001,
3381250000, -5.204715e+001,
3382500000, -5.204847e+001,
3383750000, -5.212259e+001,
3385000000, -5.218940e+001,
3386250000, -5.216008e+001,
3387500000, -5.228476e+001,
3388750000, -5.223845e+001,
3390000000, -5.227547e+001,
3391250000, -5.236588e+001,
3392500000, -5.236132e+001,
3393750000, -5.233689e+001,
3395000000, -5.241633e+001,
3396250000, -5.239111e+001,
3397500000, -5.235791e+001,
3398750000, -5.239904e+001,
3400000000, -5.240655e+001,
3401250000, -5.238731e+001,
3402500000, -5.254474e+001,
3403750000, -5.247386e+001,
3405000000, -5.245616e+001,
3406250000, -5.246869e+001,
3407500000, -5.257973e+001,
3408750000, -5.256415e+001,
3410000000, -5.255872e+001,
3411250000, -5.266323e+001,
3412500000, -5.263563e+001,
3413750000, -5.259338e+001,
3415000000, -5.259066e+001,
3416250000, -5.262098e+001,
3417500000, -5.271660e+001,
3418750000, -5.271028e+001,
3420000000, -5.271902e+001,
3421250000, -5.270190e+001,
3422500000, -5.267678e+001,
3423750000, -5.260021e+001,
3425000000, -5.266236e+001,
3426250000, -5.267746e+001,
3427500000, -5.269696e+001,
3428750000, -5.262278e+001,
3430000000, -5.264978e+001,
3431250000, -5.263410e+001,
3432500000, -5.264094e+001,
3433750000, -5.256532e+001,
3435000000, -5.254367e+001,
3436250000, -5.245595e+001,
3437500000, -5.257214e+001,
3438750000, -5.241505e+001,
3440000000, -5.241051e+001,
3441250000, -5.233098e+001,
3442500000, -5.233018e+001,
3443750000, -5.228288e+001,
3445000000, -5.238680e+001,
3446250000, -5.228469e+001,
3447500000, -5.220257e+001,
3448750000, -5.225956e+001,
3450000000, -5.225338e+001,
3451250000, -5.226593e+001,
3452500000, -5.224849e+001,
3453750000, -5.224261e+001,
3455000000, -5.229893e+001,
3456250000, -5.218282e+001,
3457500000, -5.215864e+001,
3458750000, -5.229646e+001,
3460000000, -5.221204e+001,
3461250000, -5.212876e+001,
3462500000, -5.216731e+001,
3463750000, -5.211338e+001,
3465000000, -5.211842e+001,
3466250000, -5.213724e+001,
3467500000, -5.209605e+001,
3468750000, -5.203401e+001,
3470000000, -5.211184e+001,
3471250000, -5.212324e+001,
3472500000, -5.210869e+001,
3473750000, -5.205668e+001,
3475000000, -5.200352e+001,
3476250000, -5.199591e+001,
3477500000, -5.196816e+001,
3478750000, -5.192937e+001,
3480000000, -5.198193e+001,
3481250000, -5.196760e+001,
3482500000, -5.188216e+001,
3483750000, -5.192228e+001,
3485000000, -5.177760e+001,
3486250000, -5.195584e+001,
3487500000, -5.187980e+001,
3488750000, -5.181773e+001,
3490000000, -5.183830e+001,
3491250000, -5.186135e+001,
3492500000, -5.177812e+001,
3493750000, -5.181023e+001,
3495000000, -5.175663e+001,
3496250000, -5.173737e+001,
3497500000, -5.176543e+001,
3498750000, -5.169839e+001,
3500000000, -5.174496e+001,
3501250000, -5.174558e+001,
3502500000, -5.179436e+001,
3503750000, -5.174757e+001,
3505000000, -5.178059e+001,
3506250000, -5.175364e+001,
3507500000, -5.175352e+001,
3508750000, -5.185882e+001,
3510000000, -5.183043e+001,
3511250000, -5.183711e+001,
3512500000, -5.188812e+001,
3513750000, -5.188187e+001,
3515000000, -5.190502e+001,
3516250000, -5.188574e+001,
3517500000, -5.188704e+001,
3518750000, -5.200743e+001,
3520000000, -5.199537e+001,
3521250000, -5.203355e+001,
3522500000, -5.195494e+001,
3523750000, -5.205017e+001,
3525000000, -5.197168e+001,
3526250000, -5.209214e+001,
3527500000, -5.209119e+001,
3528750000, -5.211712e+001,
3530000000, -5.210641e+001,
3531250000, -5.224104e+001,
3532500000, -5.225956e+001,
3533750000, -5.231960e+001,
3535000000, -5.225851e+001,
3536250000, -5.230356e+001,
3537500000, -5.233134e+001,
3538750000, -5.247796e+001,
3540000000, -5.247768e+001,
3541250000, -5.248473e+001,
3542500000, -5.256487e+001,
3543750000, -5.240788e+001,
3545000000, -5.259128e+001,
3546250000, -5.253949e+001,
3547500000, -5.259188e+001,
3548750000, -5.262003e+001,
3550000000, -5.265204e+001,
3551250000, -5.279667e+001,
3552500000, -5.274885e+001,
3553750000, -5.287823e+001,
3555000000, -5.281892e+001,
3556250000, -5.292712e+001,
3557500000, -5.296796e+001,
3558750000, -5.297589e+001,
3560000000, -5.309487e+001,
3561250000, -5.319226e+001,
3562500000, -5.311508e+001,
3563750000, -5.324900e+001,
3565000000, -5.327991e+001,
3566250000, -5.338827e+001,
3567500000, -5.330068e+001,
3568750000, -5.332685e+001,
3570000000, -5.341870e+001,
3571250000, -5.343991e+001,
3572500000, -5.351681e+001,
3573750000, -5.355466e+001,
3575000000, -5.355578e+001,
3576250000, -5.363353e+001,
3577500000, -5.355782e+001,
3578750000, -5.369934e+001,
3580000000, -5.364319e+001,
3581250000, -5.365538e+001,
3582500000, -5.363130e+001,
3583750000, -5.371110e+001,
3585000000, -5.376091e+001,
3586250000, -5.372180e+001,
3587500000, -5.376748e+001,
3588750000, -5.379582e+001,
3590000000, -5.369831e+001,
3591250000, -5.375880e+001,
3592500000, -5.372929e+001,
3593750000, -5.366708e+001,
3595000000, -5.388681e+001,
3596250000, -5.374483e+001,
3597500000, -5.392188e+001,
3598750000, -5.383962e+001,
3600000000, -5.386906e+001,
3601250000, -5.388918e+001,
3602500000, -5.401942e+001,
3603750000, -5.386696e+001,
3605000000, -5.383742e+001,
3606250000, -5.385883e+001,
3607500000, -5.387448e+001,
3608750000, -5.386454e+001,
3610000000, -5.390268e+001,
3611250000, -5.396087e+001,
3612500000, -5.386710e+001,
3613750000, -5.389814e+001,
3615000000, -5.393158e+001,
3616250000, -5.389986e+001,
3617500000, -5.391798e+001,
3618750000, -5.396198e+001,
3620000000, -5.392667e+001,
3621250000, -5.397956e+001,
3622500000, -5.397364e+001,
3623750000, -5.390208e+001,
3625000000, -5.405695e+001,
3626250000, -5.406629e+001,
3627500000, -5.390863e+001,
3628750000, -5.395334e+001,
3630000000, -5.405576e+001,
3631250000, -5.397351e+001,
3632500000, -5.408672e+001,
3633750000, -5.404869e+001,
3635000000, -5.412585e+001,
3636250000, -5.413322e+001,
3637500000, -5.415354e+001,
3638750000, -5.411514e+001,
3640000000, -5.404383e+001,
3641250000, -5.400943e+001,
3642500000, -5.407283e+001,
3643750000, -5.404810e+001,
3645000000, -5.406898e+001,
3646250000, -5.416567e+001,
3647500000, -5.397591e+001,
3648750000, -5.412796e+001,
3650000000, -5.398568e+001,
3651250000, -5.405920e+001,
3652500000, -5.402469e+001,
3653750000, -5.396308e+001,
3655000000, -5.394844e+001,
3656250000, -5.402992e+001,
3657500000, -5.401239e+001,
3658750000, -5.397899e+001,
3660000000, -5.408802e+001,
3661250000, -5.403653e+001,
3662500000, -5.403834e+001,
3663750000, -5.404505e+001,
3665000000, -5.398948e+001,
3666250000, -5.412127e+001,
3667500000, -5.407666e+001,
3668750000, -5.394786e+001,
3670000000, -5.401348e+001,
3671250000, -5.405982e+001,
3672500000, -5.408286e+001,
3673750000, -5.411986e+001,
3675000000, -5.412144e+001,
3676250000, -5.414332e+001,
3677500000, -5.429436e+001,
3678750000, -5.405032e+001,
3680000000, -5.411953e+001,
3681250000, -5.421380e+001,
3682500000, -5.411850e+001,
3683750000, -5.415543e+001,
3685000000, -5.420410e+001,
3686250000, -5.413317e+001,
3687500000, -5.414064e+001,
3688750000, -5.439534e+001,
3690000000, -5.419943e+001,
3691250000, -5.431139e+001,
3692500000, -5.432318e+001,
3693750000, -5.426500e+001,
3695000000, -5.449281e+001,
3696250000, -5.446581e+001,
3697500000, -5.449717e+001,
3698750000, -5.441052e+001,
3700000000, -5.450817e+001,
3701250000, -5.456788e+001,
3702500000, -5.460120e+001,
3703750000, -5.460966e+001,
3705000000, -5.461325e+001,
3706250000, -5.456627e+001,
3707500000, -5.477667e+001,
3708750000, -5.476959e+001,
3710000000, -5.467893e+001,
3711250000, -5.492459e+001,
3712500000, -5.477451e+001,
3713750000, -5.483286e+001,
3715000000, -5.492928e+001,
3716250000, -5.478896e+001,
3717500000, -5.485455e+001,
3718750000, -5.500224e+001,
3720000000, -5.495030e+001,
3721250000, -5.487164e+001,
3722500000, -5.513134e+001,
3723750000, -5.508772e+001,
3725000000, -5.502280e+001,
3726250000, -5.514424e+001,
3727500000, -5.505164e+001,
3728750000, -5.509865e+001,
3730000000, -5.542087e+001,
3731250000, -5.511446e+001,
3732500000, -5.513300e+001,
3733750000, -5.537225e+001,
3735000000, -5.508125e+001,
3736250000, -5.525976e+001,
3737500000, -5.553893e+001,
3738750000, -5.545617e+001,
3740000000, -5.529331e+001,
3741250000, -5.550806e+001,
3742500000, -5.524339e+001,
3743750000, -5.503798e+001,
3745000000, -5.564897e+001,
3746250000, -5.536068e+001,
3747500000, -5.530359e+001,
3748750000, -5.553092e+001,
3750000000, -5.522787e+001,
3751250000, -5.519950e+001,
3752500000, -5.568233e+001,
3753750000, -5.527824e+001,
3755000000, -5.524523e+001,
3756250000, -5.570345e+001,
3757500000, -5.514090e+001,
3758750000, -5.506421e+001,
3760000000, -5.542316e+001,
3761250000, -5.533693e+001,
3762500000, -5.492737e+001,
3763750000, -5.535822e+001,
3765000000, -5.509930e+001,
3766250000, -5.493696e+001,
3767500000, -5.532170e+001,
3768750000, -5.517698e+001,
3770000000, -5.482256e+001,
3771250000, -5.528344e+001,
3772500000, -5.509314e+001,
3773750000, -5.479259e+001,
3775000000, -5.486614e+001,
3776250000, -5.514591e+001,
3777500000, -5.474800e+001,
3778750000, -5.506074e+001,
3780000000, -5.505018e+001,
3781250000, -5.466686e+001,
3782500000, -5.492323e+001,
3783750000, -5.543272e+001,
3785000000, -5.469657e+001,
3786250000, -5.506951e+001,
3787500000, -5.537379e+001,
3788750000, -5.506130e+001,
3790000000, -5.520957e+001,
3791250000, -5.546473e+001,
3792500000, -5.526189e+001,
3793750000, -5.524136e+001,
3795000000, -5.569171e+001,
3796250000, -5.564088e+001,
3797500000, -5.512067e+001,
3798750000, -5.604387e+001,
3800000000, -5.582087e+001,
3801250000, -5.526902e+001,
3802500000, -5.633027e+001,
3803750000, -5.605648e+001,
3805000000, -5.542512e+001,
3806250000, -5.621340e+001,
3807500000, -5.623028e+001,
3808750000, -5.563783e+001,
3810000000, -5.599607e+001,
3811250000, -5.664338e+001,
3812500000, -5.602739e+001,
3813750000, -5.586640e+001,
3815000000, -5.727518e+001,
3816250000, -5.607352e+001,
3817500000, -5.628534e+001,
3818750000, -5.715554e+001,
3820000000, -5.641046e+001,
3821250000, -5.624924e+001,
3822500000, -5.712242e+001,
3823750000, -5.683671e+001,
3825000000, -5.659976e+001,
3826250000, -5.711189e+001,
3827500000, -5.751118e+001,
3828750000, -5.638855e+001,
3830000000, -5.697339e+001,
3831250000, -5.793591e+001,
3832500000, -5.702287e+001,
3833750000, -5.649087e+001,
3835000000, -5.837438e+001,
3836250000, -5.710194e+001,
3837500000, -5.734302e+001,
3838750000, -5.758726e+001,
3840000000, -5.793788e+001,
3841250000, -5.718109e+001,
3842500000, -5.789636e+001,
3843750000, -5.818420e+001,
3845000000, -5.720604e+001,
3846250000, -5.776930e+001,
3847500000, -5.847035e+001,
3848750000, -5.836023e+001,
3850000000, -5.781340e+001,
3851250000, -5.897195e+001,
3852500000, -5.736502e+001,
3853750000, -5.845234e+001,
3855000000, -5.965639e+001,
3856250000, -5.830946e+001,
3857500000, -5.739751e+001,
3858750000, -5.846048e+001,
3860000000, -6.000146e+001,
3861250000, -5.897602e+001,
3862500000, -5.827526e+001,
3863750000, -5.777644e+001,
3865000000, -5.836436e+001,
3866250000, -5.998312e+001,
3867500000, -6.108955e+001,
3868750000, -5.764507e+001,
3870000000, -5.687677e+001,
3871250000, -5.935426e+001,
3872500000, -6.279668e+001,
3873750000, -5.869402e+001,
3875000000, -5.736835e+001,
3876250000, -5.909888e+001,
3877500000, -5.914724e+001,
3878750000, -6.077687e+001,
3880000000, -6.318112e+001,
3881250000, -5.741962e+001,
3882500000, -5.587002e+001,
3883750000, -5.947555e+001,
3885000000, -6.854398e+001,
3886250000, -5.857444e+001,
3887500000, -5.607714e+001,
3888750000, -5.745318e+001,
3890000000, -6.451269e+001,
3891250000, -6.171019e+001,
3892500000, -6.191190e+001,
3893750000, -5.745495e+001,
3895000000, -5.614129e+001,
3896250000, -5.933887e+001,
3897500000, -7.766695e+001,
3898750000, -5.799013e+001,
3900000000, -5.518887e+001,
3901250000, -5.703407e+001,
3902500000, -6.422034e+001,
3903750000, -6.552975e+001,
3905000000, -5.788934e+001,
3906250000, -5.943862e+001,
3907500000, -5.770324e+001,
3908750000, -5.714294e+001,
3910000000, -7.037617e+001,
3911250000, -5.903168e+001,
3912500000, -5.464746e+001,
3913750000, -5.420345e+001,
3915000000, -6.078336e+001,
3916250000, -6.445758e+001,
3917500000, -5.746701e+001,
3918750000, -5.644596e+001,
3920000000, -5.911309e+001,
3921250000, -6.279596e+001,
3922500000, -6.276737e+001,
3923750000, -6.663371e+001,
3925000000, -5.390756e+001,
3926250000, -5.336219e+001,
3927500000, -6.125112e+001,
3928750000, -7.855374e+001,
3930000000, -5.731686e+001,
3931250000, -5.434876e+001,
3932500000, -5.795729e+001,
3933750000, -6.629377e+001,
3935000000, -6.527911e+001,
3936250000, -6.211174e+001,
3937500000, -6.294777e+001,
3938750000, -5.673914e+001,
3940000000, -5.486214e+001,
3941250000, -6.186766e+001,
3942500000, -5.814263e+001,
3943750000, -5.481321e+001,
3945000000, -5.540240e+001,
3946250000, -5.889760e+001,
3947500000, -7.216517e+001,
3948750000, -5.906109e+001,
3950000000, -6.314073e+001,
3951250000, -5.851452e+001,
3952500000, -5.761520e+001,
3953750000, -5.917814e+001,
3955000000, -6.513754e+001,
3956250000, -5.585741e+001,
3957500000, -5.419336e+001,
3958750000, -5.850424e+001,
3960000000, -6.425214e+001,
3961250000, -6.950419e+001,
3962500000, -5.796998e+001,
3963750000, -5.795422e+001,
3965000000, -6.100566e+001,
3966250000, -5.965422e+001,
3967500000, -6.002348e+001,
3968750000, -6.334746e+001,
3970000000, -5.617038e+001,
3971250000, -5.242148e+001,
3972500000, -5.620871e+001,
3973750000, -6.508645e+001,
3975000000, -6.036395e+001,
3976250000, -5.993634e+001,
3977500000, -5.860304e+001,
3978750000, -6.112012e+001,
3980000000, -6.039395e+001,
3981250000, -6.465914e+001,
3982500000, -6.502766e+001,
3983750000, -5.965415e+001,
3985000000, -5.346468e+001,
3986250000, -5.548969e+001,
3987500000, -6.165992e+001,
3988750000, -6.069007e+001,
3990000000, -6.083125e+001,
3991250000, -6.371245e+001,
3992500000, -6.753667e+001,
3993750000, -5.989641e+001,
3995000000, -6.178838e+001,
3996250000, -6.999397e+001,
3997500000, -5.729935e+001,
3998750000, -5.312636e+001,
4000000000, -5.383025e+001,
4001250000, -5.615101e+001,
4002500000, -5.789692e+001,
4003750000, -5.599191e+001,
4005000000, -6.149430e+001,
4006250000, -6.216094e+001,
4007500000, -5.779505e+001,
4008750000, -5.512527e+001,
4010000000, -5.761880e+001,
4011250000, -5.540950e+001,
4012500000, -5.274837e+001,
4013750000, -5.092413e+001,
4015000000, -5.284694e+001,
4016250000, -5.816838e+001,
4017500000, -5.866045e+001,
4018750000, -5.568359e+001,
4020000000, -5.318689e+001,
4021250000, -5.495919e+001,
4022500000, -5.235259e+001,
4023750000, -5.882831e+001,
4025000000, -5.817776e+001,
4026250000, -5.172626e+001,
4027500000, -5.272670e+001,
4028750000, -5.065985e+001,
4030000000, -5.228373e+001,
4031250000, -5.135266e+001,
4032500000, -4.837815e+001,
4033750000, -5.003255e+001,
4035000000, -5.354700e+001,
4036250000, -5.936480e+001,
4037500000, -5.308236e+001,
4038750000, -5.044625e+001,
4040000000, -5.008077e+001,
4041250000, -4.623618e+001,
4042500000, -4.590380e+001,
4043750000, -4.593443e+001,
4045000000, -4.839563e+001,
4046250000, -4.617886e+001,
4047500000, -4.634328e+001,
4048750000, -4.853956e+001,
4050000000, -4.828321e+001,
4051250000, -5.020094e+001,
4052500000, -5.027978e+001,
4053750000, -4.840526e+001,
4055000000, -4.436197e+001,
4056250000, -4.219631e+001,
4057500000, -4.255425e+001,
4058750000, -4.323140e+001,
4060000000, -4.352669e+001,
4061250000, -4.178710e+001,
4062500000, -4.261869e+001,
4063750000, -4.022314e+001,
4065000000, -4.103576e+001,
4066250000, -4.277742e+001,
4067500000, -4.292774e+001,
4068750000, -4.308313e+001,
4070000000, -4.242449e+001,
4071250000, -4.304856e+001,
4072500000, -4.029690e+001,
4073750000, -3.953477e+001,
4075000000, -4.043303e+001,
4076250000, -3.971649e+001,
4077500000, -4.102301e+001,
4078750000, -4.082650e+001,
4080000000, -4.106208e+001,
4081250000, -4.284998e+001,
4082500000, -4.266899e+001,
4083750000, -4.361392e+001,
4085000000, -4.197057e+001,
4086250000, -4.498289e+001,
4087500000, -4.321625e+001,
4088750000, -4.201638e+001,
4090000000, -4.613775e+001,
4091250000, -4.580769e+001,
4092500000, -4.296457e+001,
4093750000, -4.032793e+001,
4095000000, -4.264275e+001,
4096250000, -4.398613e+001,
4097500000, -4.804949e+001,
4098750000, -4.803399e+001,
4100000000, -4.762207e+001,
4101250000, -4.637000e+001,
4102500000, -4.966348e+001,
4103750000, -5.419527e+001,
4105000000, -6.030166e+001,
4106250000, -5.974050e+001,
4107500000, -6.394344e+001,
4108750000, -6.069165e+001,
4110000000, -5.650214e+001,
4111250000, -5.235021e+001,
4112500000, -5.165295e+001,
4113750000, -5.765826e+001,
4115000000, -5.562114e+001,
4116250000, -4.749792e+001,
4117500000, -4.672922e+001,
4118750000, -4.673614e+001,
4120000000, -5.039540e+001,
4121250000, -4.794212e+001,
4122500000, -4.701602e+001,
4123750000, -4.649039e+001,
4125000000, -4.397075e+001,
4126250000, -4.688410e+001,
4127500000, -5.047789e+001,
4128750000, -5.456948e+001,
4130000000, -4.771753e+001,
4131250000, -4.901056e+001,
4132500000, -4.781610e+001,
4133750000, -5.006755e+001,
4135000000, -5.195714e+001,
4136250000, -5.953983e+001,
4137500000, -5.164172e+001,
4138750000, -4.863020e+001,
4140000000, -4.848291e+001,
4141250000, -5.389180e+001,
4142500000, -4.882786e+001,
4143750000, -4.737440e+001,
4145000000, -4.798521e+001,
4146250000, -5.383569e+001,
4147500000, -5.033023e+001,
4148750000, -4.606390e+001,
4150000000, -4.942360e+001,
4151250000, -4.180424e+001,
4152500000, -3.615406e+001,
4153750000, -3.469614e+001,
4155000000, -3.429011e+001,
4156250000, -3.364832e+001,
4157500000, -3.558011e+001,
4158750000, -3.525229e+001,
4160000000, -3.444188e+001,
4161250000, -2.919998e+001,
4162500000, -2.919933e+001,
4163750000, -2.994708e+001,
4165000000, -2.433461e+001,
4166250000, -2.394132e+001,
4167500000, -2.277384e+001,
4168750000, -2.186570e+001,
4170000000, -1.991900e+001,
4171250000, -1.854297e+001,
4172500000, -1.964156e+001,
4173750000, -2.097128e+001,
4175000000, -1.791921e+001,
4176250000, -1.582949e+001,
4177500000, -1.794221e+001,
4178750000, -1.928909e+001,
4180000000, -1.672731e+001,
4181250000, -1.369469e+001,
4182500000, -1.452303e+001,
4183750000, -1.617923e+001,
4185000000, -1.520920e+001,
4186250000, -1.229057e+001,
4187500000, -1.190286e+001,
4188750000, -1.304220e+001,
4190000000, -1.314067e+001,
4191250000, -1.133993e+001,
4192500000, -1.017093e+001,
4193750000, -1.106662e+001,
4195000000, -1.151832e+001,
4196250000, -1.055618e+001,
4197500000, -9.330963e+000,
4198750000, -9.951853e+000,
4200000000, -1.124292e+001,
4201250000, -1.062438e+001,
4202500000, -9.245708e+000,
4203750000, -9.400487e+000,
4205000000, -1.117343e+001,
4206250000, -1.146989e+001,
4207500000, -1.004605e+001,
4208750000, -9.486674e+000,
4210000000, -1.117741e+001,
4211250000, -1.250718e+001,
4212500000, -1.168177e+001,
4213750000, -1.026241e+001,
4215000000, -1.150809e+001,
4216250000, -1.356157e+001,
4217500000, -1.346738e+001,
4218750000, -1.220801e+001,
4220000000, -1.217013e+001,
4221250000, -1.457380e+001,
4222500000, -1.498079e+001,
4223750000, -1.428767e+001,
4225000000, -1.304069e+001,
4226250000, -1.461656e+001,
4227500000, -1.558880e+001,
4228750000, -1.519534e+001,
4230000000, -1.362699e+001,
4231250000, -1.386538e+001,
4232500000, -1.480478e+001,
4233750000, -1.489354e+001,
4235000000, -1.344710e+001,
4236250000, -1.293551e+001,
4237500000, -1.361823e+001,
4238750000, -1.399846e+001,
4240000000, -1.339419e+001,
4241250000, -1.265992e+001,
4242500000, -1.261250e+001,
4243750000, -1.261654e+001,
4245000000, -1.289000e+001,
4246250000, -1.292288e+001,
4247500000, -1.250710e+001,
4248750000, -1.223527e+001,
4250000000, -1.292596e+001,
4251250000, -1.383773e+001,
4252500000, -1.350990e+001,
4253750000, -1.271892e+001,
4255000000, -1.318733e+001,
4256250000, -1.459797e+001,
4257500000, -1.472235e+001,
4258750000, -1.373081e+001,
4260000000, -1.380534e+001,
4261250000, -1.507497e+001,
4262500000, -1.547128e+001,
4263750000, -1.470914e+001,
4265000000, -1.472471e+001,
4266250000, -1.574102e+001,
4267500000, -1.612405e+001,
4268750000, -1.540215e+001,
4270000000, -1.559572e+001,
4271250000, -1.646362e+001,
4272500000, -1.674591e+001,
4273750000, -1.598934e+001,
4275000000, -1.641710e+001,
4276250000, -1.709058e+001,
4277500000, -1.703097e+001,
4278750000, -1.599007e+001,
4280000000, -1.601538e+001,
4281250000, -1.628728e+001,
4282500000, -1.580409e+001,
4283750000, -1.477834e+001,
4285000000, -1.479524e+001,
4286250000, -1.508661e+001,
4287500000, -1.453011e+001,
4288750000, -1.402555e+001,
4290000000, -1.436800e+001,
4291250000, -1.472834e+001,
4292500000, -1.414480e+001,
4293750000, -1.427925e+001,
4295000000, -1.513679e+001,
4296250000, -1.550886e+001,
4297500000, -1.478624e+001,
4298750000, -1.535286e+001,
4300000000, -1.666823e+001,
4301250000, -1.686257e+001,
4302500000, -1.583705e+001,
4303750000, -1.685213e+001,
4305000000, -1.875596e+001,
4306250000, -1.889850e+001,
4307500000, -1.748434e+001,
4308750000, -1.895631e+001,
4310000000, -2.118963e+001,
4311250000, -2.078980e+001,
4312500000, -1.919562e+001,
4313750000, -2.116189e+001,
4315000000, -2.335743e+001,
4316250000, -2.206329e+001,
4317500000, -2.107414e+001,
4318750000, -2.344895e+001,
4320000000, -2.467954e+001,
4321250000, -2.223752e+001,
4322500000, -2.197735e+001,
4323750000, -2.386438e+001,
4325000000, -2.284061e+001,
4326250000, -2.130217e+001,
4327500000, -2.211582e+001,
4328750000, -2.268339e+001,
4330000000, -2.079089e+001,
4331250000, -2.068364e+001,
4332500000, -2.175844e+001,
4333750000, -2.067025e+001,
4335000000, -1.993352e+001,
4336250000, -2.115492e+001,
4337500000, -2.176531e+001,
4338750000, -2.043120e+001,
4340000000, -2.129733e+001,
4341250000, -2.275934e+001,
4342500000, -2.210913e+001,
4343750000, -2.130033e+001,
4345000000, -2.268796e+001,
4346250000, -2.385489e+001,
4347500000, -2.262469e+001,
4348750000, -2.302993e+001,
4350000000, -2.469400e+001,
4351250000, -2.468037e+001,
4352500000, -2.371753e+001,
4353750000, -2.432363e+001,
4355000000, -2.505405e+001,
4356250000, -2.381879e+001,
4357500000, -2.365718e+001,
4358750000, -2.431986e+001,
4360000000, -2.393131e+001,
4361250000, -2.328580e+001,
4362500000, -2.314267e+001,
4363750000, -2.286564e+001,
4365000000, -2.240707e+001,
4366250000, -2.214240e+001,
4367500000, -2.181977e+001,
4368750000, -2.176490e+001,
4370000000, -2.179468e+001,
4371250000, -2.138508e+001,
4372500000, -2.124600e+001,
4373750000, -2.147010e+001,
4375000000, -2.127708e+001,
4376250000, -2.132336e+001,
4377500000, -2.200913e+001,
4378750000, -2.214664e+001,
4380000000, -2.234086e+001,
4381250000, -2.317987e+001,
4382500000, -2.318100e+001,
4383750000, -2.283470e+001,
4385000000, -2.373722e+001,
4386250000, -2.441363e+001,
4387500000, -2.393539e+001,
4388750000, -2.460245e+001,
4390000000, -2.570077e+001,
4391250000, -2.470649e+001,
4392500000, -2.439290e+001,
4393750000, -2.570559e+001,
4395000000, -2.512099e+001,
4396250000, -2.433822e+001,
4397500000, -2.560590e+001,
4398750000, -2.558668e+001,
4400000000, -2.425626e+001,
4401250000, -2.479586e+001,
4402500000, -2.499924e+001,
4403750000, -2.380479e+001,
4405000000, -2.423164e+001,
4406250000, -2.485565e+001,
4407500000, -2.422067e+001,
4408750000, -2.461985e+001,
4410000000, -2.512150e+001,
4411250000, -2.478999e+001,
4412500000, -2.537487e+001,
4413750000, -2.602923e+001,
4415000000, -2.596539e+001,
4416250000, -2.693596e+001,
4417500000, -2.744757e+001,
4418750000, -2.696394e+001,
4420000000, -2.764645e+001,
4421250000, -2.794712e+001,
4422500000, -2.737058e+001,
4423750000, -2.815435e+001,
4425000000, -2.851222e+001,
4426250000, -2.771032e+001,
4427500000, -2.788503e+001,
4428750000, -2.769366e+001,
4430000000, -2.684156e+001,
4431250000, -2.697920e+001,
4432500000, -2.696485e+001,
4433750000, -2.653790e+001,
4435000000, -2.660335e+001,
4436250000, -2.628229e+001,
4437500000, -2.585943e+001,
4438750000, -2.592051e+001,
4440000000, -2.586272e+001,
4441250000, -2.611388e+001,
4442500000, -2.652313e+001,
4443750000, -2.666436e+001,
4445000000, -2.682127e+001,
4446250000, -2.696829e+001,
4447500000, -2.732845e+001,
4448750000, -2.778979e+001,
4450000000, -2.830160e+001,
4451250000, -2.881197e+001,
4452500000, -2.880267e+001,
4453750000, -2.896119e+001,
4455000000, -2.908214e+001,
4456250000, -2.897091e+001,
4457500000, -2.940518e+001,
4458750000, -2.946131e+001,
4460000000, -2.921291e+001,
4461250000, -2.913713e+001,
4462500000, -2.861067e+001,
4463750000, -2.833194e+001,
4465000000, -2.847642e+001,
4466250000, -2.825130e+001,
4467500000, -2.833855e+001,
4468750000, -2.826556e+001,
4470000000, -2.791938e+001,
4471250000, -2.816289e+001,
4472500000, -2.832544e+001,
4473750000, -2.876146e+001,
4475000000, -2.941661e+001,
4476250000, -2.952854e+001,
4477500000, -2.992277e+001,
4478750000, -3.022804e+001,
4480000000, -3.047190e+001,
4481250000, -3.123058e+001,
4482500000, -3.153675e+001,
4483750000, -3.156830e+001,
4485000000, -3.153428e+001,
4486250000, -3.105210e+001,
4487500000, -3.102957e+001,
4488750000, -3.095342e+001,
4490000000, -3.079789e+001,
4491250000, -3.065317e+001,
4492500000, -3.001098e+001,
4493750000, -2.968027e+001,
4495000000, -2.956734e+001,
4496250000, -2.953956e+001,
4497500000, -2.981864e+001,
4498750000, -2.973464e+001,
4500000000, -2.943454e+001,
4501250000, -2.978442e+001,
4502500000, -3.004400e+001,
4503750000, -3.063353e+001,
4505000000, -3.103150e+001,
4506250000, -3.130791e+001,
4507500000, -3.133758e+001,
4508750000, -3.144780e+001,
4510000000, -3.181101e+001,
4511250000, -3.222766e+001,
4512500000, -3.248352e+001,
4513750000, -3.231355e+001,
4515000000, -3.190873e+001,
4516250000, -3.160131e+001,
4517500000, -3.155137e+001,
4518750000, -3.158883e+001,
4520000000, -3.144575e+001,
4521250000, -3.105950e+001,
4522500000, -3.075916e+001,
4523750000, -3.074527e+001,
4525000000, -3.114685e+001,
4526250000, -3.146096e+001,
4527500000, -3.162167e+001,
4528750000, -3.159909e+001,
4530000000, -3.164210e+001,
4531250000, -3.212629e+001,
4532500000, -3.248691e+001,
4533750000, -3.274779e+001,
4535000000, -3.254816e+001,
4536250000, -3.231956e+001,
4537500000, -3.237280e+001,
4538750000, -3.254631e+001,
4540000000, -3.269947e+001,
4541250000, -3.233755e+001,
4542500000, -3.190493e+001,
4543750000, -3.164606e+001,
4545000000, -3.184152e+001,
4546250000, -3.209075e+001,
4547500000, -3.216154e+001,
4548750000, -3.202125e+001,
4550000000, -3.226739e+001,
4551250000, -3.279150e+001,
4552500000, -3.333395e+001,
4553750000, -3.351704e+001,
4555000000, -3.342878e+001,
4556250000, -3.337189e+001,
4557500000, -3.377131e+001,
4558750000, -3.422080e+001,
4560000000, -3.439724e+001,
4561250000, -3.403411e+001,
4562500000, -3.380215e+001,
4563750000, -3.392345e+001,
4565000000, -3.425429e+001,
4566250000, -3.427244e+001,
4567500000, -3.388514e+001,
4568750000, -3.367188e+001,
4570000000, -3.398060e+001,
4571250000, -3.449815e+001,
4572500000, -3.468100e+001,
4573750000, -3.446607e+001,
4575000000, -3.447327e+001,
4576250000, -3.489501e+001,
4577500000, -3.541715e+001,
4578750000, -3.536019e+001,
4580000000, -3.501878e+001,
4581250000, -3.493101e+001,
4582500000, -3.536666e+001,
4583750000, -3.570512e+001,
4585000000, -3.546653e+001,
4586250000, -3.509263e+001,
4587500000, -3.525795e+001,
4588750000, -3.593776e+001,
4590000000, -3.638198e+001,
4591250000, -3.614919e+001,
4592500000, -3.613395e+001,
4593750000, -3.680262e+001,
4595000000, -3.760725e+001,
4596250000, -3.773039e+001,
4597500000, -3.744514e+001,
4598750000, -3.769837e+001,
4600000000, -3.844959e+001,
4601250000, -3.891931e+001,
4602500000, -3.855497e+001,
4603750000, -3.833913e+001,
4605000000, -3.885840e+001,
4606250000, -3.953447e+001,
4607500000, -3.946622e+001,
4608750000, -3.906731e+001,
4610000000, -3.948151e+001,
4611250000, -4.056038e+001,
4612500000, -4.102149e+001,
4613750000, -4.065605e+001,
4615000000, -4.071324e+001,
4616250000, -4.164476e+001,
4617500000, -4.222723e+001,
4618750000, -4.162679e+001,
4620000000, -4.104160e+001,
4621250000, -4.142870e+001,
4622500000, -4.206820e+001,
4623750000, -4.157236e+001,
4625000000, -4.085671e+001,
4626250000, -4.115615e+001,
4627500000, -4.203056e+001,
4628750000, -4.197930e+001,
4630000000, -4.151543e+001,
4631250000, -4.207608e+001,
4632500000, -4.309534e+001,
4633750000, -4.311500e+001,
4635000000, -4.246441e+001,
4636250000, -4.269990e+001,
4637500000, -4.365768e+001,
4638750000, -4.351851e+001,
4640000000, -4.264322e+001,
4641250000, -4.271407e+001,
4642500000, -4.352028e+001,
4643750000, -4.327851e+001,
4645000000, -4.246703e+001,
4646250000, -4.277226e+001,
4647500000, -4.364862e+001,
4648750000, -4.337103e+001,
4650000000, -4.280853e+001,
4651250000, -4.333189e+001,
4652500000, -4.403826e+001,
4653750000, -4.330746e+001,
4655000000, -4.272960e+001,
4656250000, -4.330500e+001,
4657500000, -4.363163e+001,
4658750000, -4.278658e+001,
4660000000, -4.272290e+001,
4661250000, -4.355228e+001,
4662500000, -4.344315e+001,
4663750000, -4.289947e+001,
4665000000, -4.364484e+001,
4666250000, -4.452908e+001,
4667500000, -4.399804e+001,
4668750000, -4.403990e+001,
4670000000, -4.520886e+001,
4671250000, -4.537504e+001,
4672500000, -4.488537e+001,
4673750000, -4.584134e+001,
4675000000, -4.686562e+001,
4676250000, -4.604963e+001,
4677500000, -4.601660e+001,
4678750000, -4.743813e+001,
4680000000, -4.736243e+001,
4681250000, -4.679666e+001,
4682500000, -4.794157e+001,
4683750000, -4.868162e+001,
4685000000, -4.772228e+001,
4686250000, -4.833440e+001,
4687500000, -4.973426e+001,
4688750000, -4.884862e+001,
4690000000, -4.879875e+001,
4691250000, -5.040216e+001,
4692500000, -5.004621e+001,
4693750000, -4.936378e+001,
4695000000, -5.081849e+001,
4696250000, -5.097381e+001,
4697500000, -4.987750e+001,
4698750000, -5.100752e+001,
4700000000, -5.160968e+001,
4701250000, -5.037223e+001,
4702500000, -5.129527e+001,
4703750000, -5.221712e+001,
4705000000, -5.105790e+001,
4706250000, -5.210737e+001,
4707500000, -5.323654e+001,
4708750000, -5.208014e+001,
4710000000, -5.333288e+001,
4711250000, -5.456439e+001,
4712500000, -5.340409e+001,
4713750000, -5.519578e+001,
4715000000, -5.622749e+001,
4716250000, -5.511031e+001,
4717500000, -5.747627e+001,
4718750000, -5.830775e+001,
4720000000, -5.710255e+001,
4721250000, -5.990382e+001,
4722500000, -5.945816e+001,
4723750000, -5.840801e+001,
4725000000, -6.136462e+001,
4726250000, -6.006258e+001,
4727500000, -5.985900e+001,
4728750000, -6.271545e+001,
4730000000, -6.014526e+001,
4731250000, -6.208336e+001,
4732500000, -6.351845e+001,
4733750000, -6.133509e+001,
4735000000, -6.449319e+001,
4736250000, -6.296811e+001,
4737500000, -6.352673e+001,
4738750000, -6.654216e+001,
4740000000, -6.368621e+001,
4741250000, -6.813789e+001,
4742500000, -6.607492e+001,
4743750000, -6.768142e+001,
4745000000, -7.119017e+001,
4746250000, -6.803758e+001,
4747500000, -7.723058e+001,
4748750000, -7.188738e+001,
4750000000, -7.919524e+001,
4751250000, -7.718411e+001,
4752500000, -7.656427e+001,
4753750000, -9.515112e+001,
4755000000, -7.592626e+001,
4756250000, -7.758894e+001,
4757500000, -7.841774e+001,
4758750000, -7.207417e+001,
4760000000, -7.696378e+001,
4761250000, -6.952043e+001,
4762500000, -7.213308e+001,
4763750000, -6.771423e+001,
4765000000, -6.846571e+001,
4766250000, -6.707286e+001,
4767500000, -6.657832e+001,
4768750000, -6.705481e+001,
4770000000, -6.592249e+001,
4771250000, -6.792107e+001,
4772500000, -6.664623e+001,
4773750000, -7.136376e+001,
4775000000, -6.861193e+001,
4776250000, -7.939310e+001,
4777500000, -7.324139e+001,
4778750000, -8.131397e+001,
4780000000, -7.538340e+001,
4781250000, -7.095598e+001,
4782500000, -7.075725e+001,
4783750000, -6.678501e+001,
4785000000, -6.657636e+001,
4786250000, -6.494833e+001,
4787500000, -6.479817e+001,
4788750000, -6.506482e+001,
4790000000, -6.409281e+001,
4791250000, -6.587625e+001,
4792500000, -6.372681e+001,
4793750000, -6.795402e+001,
4795000000, -6.394306e+001,
4796250000, -7.093032e+001,
4797500000, -6.487973e+001,
4798750000, -7.217655e+001,
4800000000, -6.539777e+001,
4801250000, -7.234037e+001,
4802500000, -7.121436e+001,
4803750000, -7.224052e+001,
4805000000, -7.328162e+001,
4806250000, -6.937819e+001,
4807500000, -7.745196e+001,
4808750000, -6.693736e+001,
4810000000, -7.875090e+001,
4811250000, -6.702888e+001,
4812500000, -6.773439e+001,
4813750000, -7.297547e+001,
4815000000, -6.449666e+001,
4816250000, -7.087710e+001,
4817500000, -6.887810e+001,
4818750000, -6.462033e+001,
4820000000, -7.652766e+001,
4821250000, -6.693279e+001,
4822500000, -6.509471e+001,
4823750000, -8.087141e+001,
4825000000, -6.701651e+001,
4826250000, -6.538836e+001,
4827500000, -7.629150e+001,
4828750000, -6.784693e+001,
4830000000, -6.504736e+001,
4831250000, -7.134829e+001,
4832500000, -7.133350e+001,
4833750000, -6.480269e+001,
4835000000, -6.558748e+001,
4836250000, -7.421105e+001,
4837500000, -6.900149e+001,
4838750000, -6.408536e+001,
4840000000, -6.477231e+001,
4841250000, -6.938837e+001,
4842500000, -7.202599e+001,
4843750000, -6.694427e+001,
4845000000, -6.503998e+001,
4846250000, -6.540424e+001,
4847500000, -6.659967e+001,
4848750000, -6.828001e+001,
4850000000, -6.784577e+001,
4851250000, -6.669681e+001,
4852500000, -6.563645e+001,
4853750000, -6.535971e+001,
4855000000, -6.550478e+001,
4856250000, -6.595612e+001,
4857500000, -6.617347e+001,
4858750000, -6.615469e+001,
4860000000, -6.617199e+001,
4861250000, -6.596204e+001,
4862500000, -6.586398e+001,
4863750000, -6.581351e+001,
4865000000, -6.576730e+001,
4866250000, -6.535975e+001,
4867500000, -6.540891e+001,
4868750000, -6.548587e+001,
4870000000, -6.533167e+001,
4871250000, -6.489796e+001,
4872500000, -6.501348e+001,
4873750000, -6.503427e+001,
4875000000, -6.488034e+001,
4876250000, -6.501096e+001,
4877500000, -6.447963e+001,
4878750000, -6.464331e+001,
4880000000, -6.461143e+001,
4881250000, -6.495242e+001,
4882500000, -6.474969e+001,
4883750000, -6.458331e+001,
4885000000, -6.432188e+001,
4886250000, -6.445932e+001,
4887500000, -6.452166e+001,
4888750000, -6.446540e+001,
4890000000, -6.426382e+001,
4891250000, -6.408976e+001,
4892500000, -6.414330e+001,
4893750000, -6.402576e+001,
4895000000, -6.420479e+001,
4896250000, -6.388102e+001,
4897500000, -6.375922e+001,
4898750000, -6.400967e+001,
4900000000, -6.415143e+001,
4901250000, -6.399531e+001,
4902500000, -6.402481e+001,
4903750000, -6.364870e+001,
4905000000, -6.400294e+001,
4906250000, -6.373080e+001,
4907500000, -6.374017e+001,
4908750000, -6.369071e+001,
4910000000, -6.356527e+001,
4911250000, -6.354559e+001,
4912500000, -6.365448e+001,
4913750000, -6.387311e+001,
4915000000, -6.369123e+001,
4916250000, -6.343813e+001,
4917500000, -6.343931e+001,
4918750000, -6.361085e+001,
4920000000, -6.351782e+001,
4921250000, -6.341940e+001,
4922500000, -6.320243e+001,
4923750000, -6.318657e+001,
4925000000, -6.332833e+001,
4926250000, -6.320072e+001,
4927500000, -6.311106e+001,
4928750000, -6.292029e+001,
4930000000, -6.314851e+001,
4931250000, -6.264212e+001,
4932500000, -6.282004e+001,
4933750000, -6.296778e+001,
4935000000, -6.256175e+001,
4936250000, -6.275518e+001,
4937500000, -6.277113e+001,
4938750000, -6.259725e+001,
4940000000, -6.268594e+001,
4941250000, -6.259737e+001,
4942500000, -6.253277e+001,
4943750000, -6.261339e+001,
4945000000, -6.259980e+001,
4946250000, -6.238094e+001,
4947500000, -6.244162e+001,
4948750000, -6.227532e+001,
4950000000, -6.237379e+001,
4951250000, -6.221034e+001,
4952500000, -6.223085e+001,
4953750000, -6.223738e+001,
4955000000, -6.217479e+001,
4956250000, -6.215514e+001,
4957500000, -6.196743e+001,
4958750000, -6.212792e+001,
4960000000, -6.187609e+001,
4961250000, -6.196555e+001,
4962500000, -6.174187e+001,
4963750000, -6.190666e+001,
4965000000, -6.175891e+001,
4966250000, -6.173335e+001,
4967500000, -6.174463e+001,
4968750000, -6.169529e+001,
4970000000, -6.168217e+001,
4971250000, -6.177752e+001,
4972500000, -6.177978e+001,
4973750000, -6.179732e+001,
4975000000, -6.190820e+001,
4976250000, -6.176881e+001,
4977500000, -6.187613e+001,
4978750000, -6.174267e+001,
4980000000, -6.166617e+001,
4981250000, -6.186179e+001,
4982500000, -6.157329e+001,
4983750000, -6.163548e+001,
4985000000, -6.166619e+001,
4986250000, -6.147160e+001,
4987500000, -6.155857e+001,
4988750000, -6.165235e+001,
4990000000, -6.149872e+001,
4991250000, -6.137760e+001,
4992500000, -6.133663e+001,
4993750000, -6.140240e+001,
4995000000, -6.144765e+001,
4996250000, -6.135691e+001,
4997500000, -6.137966e+001,
4998750000, -6.126818e+001,
5000000000, -6.112920e+001,
5001250000, -6.138914e+001,
5002500000, -6.112523e+001,
5003750000, -6.127002e+001,
5005000000, -6.106858e+001,
5006250000, -6.117199e+001,
5007500000, -6.097164e+001,
5008750000, -6.119350e+001,
5010000000, -6.116438e+001,
5011250000, -6.127817e+001,
5012500000, -6.124187e+001,
5013750000, -6.123890e+001,
5015000000, -6.117503e+001,
5016250000, -6.127813e+001,
5017500000, -6.091656e+001,
5018750000, -6.112868e+001,
5020000000, -6.103270e+001,
5021250000, -6.096936e+001,
5022500000, -6.074908e+001,
5023750000, -6.086937e+001,
5025000000, -6.094591e+001,
5026250000, -6.088590e+001,
5027500000, -6.065673e+001,
5028750000, -6.072160e+001,
5030000000, -6.063181e+001,
5031250000, -6.065645e+001,
5032500000, -6.065533e+001,
5033750000, -6.059192e+001,
5035000000, -6.056036e+001,
5036250000, -6.079380e+001,
5037500000, -6.058453e+001,
5038750000, -6.025547e+001,
5040000000, -6.062113e+001,
5041250000, -6.041948e+001,
5042500000, -6.063345e+001,
5043750000, -6.028269e+001,
5045000000, -5.998476e+001,
5046250000, -6.019933e+001,
5047500000, -6.035501e+001,
5048750000, -6.006786e+001,
5050000000, -6.010917e+001,
5051250000, -6.013842e+001,
5052500000, -5.992634e+001,
5053750000, -6.010246e+001,
5055000000, -5.961168e+001,
5056250000, -5.995923e+001,
5057500000, -5.980006e+001,
5058750000, -5.990753e+001,
5060000000, -5.960812e+001,
5061250000, -5.972401e+001,
5062500000, -5.976902e+001,
5063750000, -5.948794e+001,
5065000000, -5.941849e+001,
5066250000, -5.941731e+001,
5067500000, -5.946227e+001,
5068750000, -5.927314e+001,
5070000000, -5.919001e+001,
5071250000, -5.905688e+001,
5072500000, -5.905177e+001,
5073750000, -5.891955e+001,
5075000000, -5.886794e+001,
5076250000, -5.880925e+001,
5077500000, -5.864723e+001,
5078750000, -5.860394e+001,
5080000000, -5.852802e+001,
5081250000, -5.857427e+001,
5082500000, -5.835893e+001,
5083750000, -5.835979e+001,
5085000000, -5.822144e+001,
5086250000, -5.808503e+001,
5087500000, -5.804513e+001,
5088750000, -5.804500e+001,
5090000000, -5.803549e+001,
5091250000, -5.791505e+001,
5092500000, -5.783746e+001,
5093750000, -5.775368e+001,
5095000000, -5.767097e+001,
5096250000, -5.763630e+001,
5097500000, -5.757381e+001,
5098750000, -5.757408e+001,
5100000000, -5.737945e+001,
5101250000, -5.728815e+001,
5102500000, -5.727771e+001,
5103750000, -5.715359e+001,
5105000000, -5.700773e+001,
5106250000, -5.688430e+001,
5107500000, -5.676831e+001,
5108750000, -5.680631e+001,
5110000000, -5.661641e+001,
5111250000, -5.665073e+001,
5112500000, -5.660714e+001,
5113750000, -5.660217e+001,
5115000000, -5.639657e+001,
5116250000, -5.649663e+001,
5117500000, -5.638508e+001,
5118750000, -5.638045e+001,
5120000000, -5.632918e+001,
5121250000, -5.635397e+001,
5122500000, -5.640802e+001,
5123750000, -5.633648e+001,
5125000000, -5.634976e+001,
5126250000, -5.620501e+001,
5127500000, -5.624615e+001,
5128750000, -5.619566e+001,
5130000000, -5.616344e+001,
5131250000, -5.610157e+001,
5132500000, -5.607327e+001,
5133750000, -5.606515e+001,
5135000000, -5.597217e+001,
5136250000, -5.587487e+001,
5137500000, -5.587864e+001,
5138750000, -5.574076e+001,
5140000000, -5.577048e+001,
5141250000, -5.576669e+001,
5142500000, -5.562290e+001,
5143750000, -5.568590e+001,
5145000000, -5.566043e+001,
5146250000, -5.572232e+001,
5147500000, -5.567543e+001,
5148750000, -5.562605e+001,
5150000000, -5.567224e+001,
5151250000, -5.573613e+001,
5152500000, -5.564938e+001,
5153750000, -5.569992e+001,
5155000000, -5.555861e+001,
5156250000, -5.567742e+001,
5157500000, -5.567781e+001,
5158750000, -5.561832e+001,
5160000000, -5.555614e+001,
5161250000, -5.561853e+001,
5162500000, -5.568768e+001,
5163750000, -5.563079e+001,
5165000000, -5.568307e+001,
5166250000, -5.551245e+001,
5167500000, -5.551858e+001,
5168750000, -5.557620e+001,
5170000000, -5.562429e+001,
5171250000, -5.551341e+001,
5172500000, -5.561558e+001,
5173750000, -5.554309e+001,
5175000000, -5.563503e+001,
5176250000, -5.562323e+001,
5177500000, -5.563597e+001,
5178750000, -5.551928e+001,
5180000000, -5.555380e+001,
5181250000, -5.558575e+001,
5182500000, -5.546349e+001,
5183750000, -5.552653e+001,
5185000000, -5.564452e+001,
5186250000, -5.559967e+001,
5187500000, -5.551937e+001,
5188750000, -5.552296e+001,
5190000000, -5.553364e+001,
5191250000, -5.554065e+001,
5192500000, -5.543813e+001,
5193750000, -5.553913e+001,
5195000000, -5.537523e+001,
5196250000, -5.540250e+001,
5197500000, -5.529415e+001,
5198750000, -5.530066e+001,
5200000000, -5.543315e+001,
