"S21 Log Mag"
"Frequency (Hz)","dB",
3000000000, -4.781952e+001,
3001562500, -4.781894e+001,
3003125000, -4.780646e+001,
3004687500, -4.776802e+001,
3006250000, -4.775313e+001,
3007812500, -4.760851e+001,
3009375000, -4.761382e+001,
3010937500, -4.765913e+001,
3012500000, -4.748597e+001,
3014062500, -4.747008e+001,
3015625000, -4.743362e+001,
3017187500, -4.741746e+001,
3018750000, -4.734514e+001,
3020312500, -4.737669e+001,
3021875000, -4.731287e+001,
3023437500, -4.716987e+001,
3025000000, -4.730114e+001,
3026562500, -4.717065e+001,
3028125000, -4.710472e+001,
3029687500, -4.701789e+001,
3031250000, -4.705584e+001,
3032812500, -4.693811e+001,
3034375000, -4.696237e+001,
3035937500, -4.694710e+001,
3037500000, -4.681560e+001,
3039062500, -4.674719e+001,
3040625000, -4.686052e+001,
3042187500, -4.671334e+001,
3043750000, -4.665997e+001,
3045312500, -4.664149e+001,
3046875000, -4.662377e+001,
3048437500, -4.658923e+001,
3050000000, -4.656670e+001,
3051562500, -4.658281e+001,
3053125000, -4.648973e+001,
3054687500, -4.643162e+001,
3056250000, -4.657265e+001,
3057812500, -4.648743e+001,
3059375000, -4.629482e+001,
3060937500, -4.641254e+001,
3062500000, -4.641154e+001,
3064062500, -4.640315e+001,
3065625000, -4.635522e+001,
3067187500, -4.639914e+001,
3068750000, -4.630530e+001,
3070312500, -4.619830e+001,
3071875000, -4.634507e+001,
3073437500, -4.637712e+001,
3075000000, -4.614323e+001,
3076562500, -4.618356e+001,
3078125000, -4.621810e+001,
3079687500, -4.622369e+001,
3081250000, -4.624092e+001,
3082812500, -4.611599e+001,
3084375000, -4.630686e+001,
3085937500, -4.606171e+001,
3087500000, -4.606307e+001,
3089062500, -4.627567e+001,
3090625000, -4.617493e+001,
3092187500, -4.598022e+001,
3093750000, -4.602653e+001,
3095312500, -4.605850e+001,
3096875000, -4.609338e+001,
3098437500, -4.600104e+001,
3100000000, -4.597829e+001,
3101562500, -4.606675e+001,
3103125000, -4.589921e+001,
3104687500, -4.579005e+001,
3106250000, -4.606137e+001,
3107812500, -4.600147e+001,
3109375000, -4.580087e+001,
3110937500, -4.580502e+001,
3112500000, -4.583904e+001,
3114062500, -4.601451e+001,
3115625000, -4.589106e+001,
3117187500, -4.578879e+001,
3118750000, -4.594344e+001,
3120312500, -4.586708e+001,
3121875000, -4.562751e+001,
3123437500, -4.577918e+001,
3125000000, -4.595088e+001,
3126562500, -4.578683e+001,
3128125000, -4.563810e+001,
3129687500, -4.560022e+001,
3131250000, -4.568953e+001,
3132812500, -4.588262e+001,
3134375000, -4.558181e+001,
3135937500, -4.562325e+001,
3137500000, -4.579210e+001,
3139062500, -4.566780e+001,
3140625000, -4.545230e+001,
3142187500, -4.562526e+001,
3143750000, -4.584538e+001,
3145312500, -4.565127e+001,
3146875000, -4.551569e+001,
3148437500, -4.554955e+001,
3150000000, -4.565605e+001,
3151562500, -4.586521e+001,
3153125000, -4.556273e+001,
3154687500, -4.552289e+001,
3156250000, -4.586672e+001,
3157812500, -4.569513e+001,
3159375000, -4.547226e+001,
3160937500, -4.548510e+001,
3162500000, -4.586922e+001,
3164062500, -4.575102e+001,
3165625000, -4.553399e+001,
3167187500, -4.564859e+001,
3168750000, -4.559110e+001,
3170312500, -4.591618e+001,
3171875000, -4.582910e+001,
3173437500, -4.553933e+001,
3175000000, -4.576241e+001,
3176562500, -4.605593e+001,
3178125000, -4.581368e+001,
3179687500, -4.557730e+001,
3181250000, -4.587355e+001,
3182812500, -4.622947e+001,
3184375000, -4.585238e+001,
3185937500, -4.586674e+001,
3187500000, -4.588463e+001,
3189062500, -4.588616e+001,
3190625000, -4.633757e+001,
3192187500, -4.608147e+001,
3193750000, -4.588794e+001,
3195312500, -4.603606e+001,
3196875000, -4.647734e+001,
3198437500, -4.629485e+001,
3200000000, -4.586769e+001,
3201562500, -4.622103e+001,
3203125000, -4.652382e+001,
3204687500, -4.638172e+001,
3206250000, -4.630830e+001,
3207812500, -4.626546e+001,
3209375000, -4.627697e+001,
3210937500, -4.677835e+001,
3212500000, -4.665513e+001,
3214062500, -4.635863e+001,
3215625000, -4.629789e+001,
3217187500, -4.691061e+001,
3218750000, -4.696592e+001,
3220312500, -4.653736e+001,
3221875000, -4.632526e+001,
3223437500, -4.689549e+001,
3225000000, -4.699512e+001,
3226562500, -4.687199e+001,
3228125000, -4.686484e+001,
3229687500, -4.667002e+001,
3231250000, -4.694384e+001,
3232812500, -4.743435e+001,
3234375000, -4.709849e+001,
3235937500, -4.674198e+001,
3237500000, -4.680334e+001,
3239062500, -4.758851e+001,
3240625000, -4.761013e+001,
3242187500, -4.705144e+001,
3243750000, -4.691670e+001,
3245312500, -4.728619e+001,
3246875000, -4.766541e+001,
3248437500, -4.750298e+001,
3250000000, -4.750944e+001,
3251562500, -4.712256e+001,
3253125000, -4.727476e+001,
3254687500, -4.810926e+001,
3256250000, -4.776286e+001,
3257812500, -4.725455e+001,
3259375000, -4.696753e+001,
3260937500, -4.773150e+001,
3262500000, -4.807693e+001,
3264062500, -4.785992e+001,
3265625000, -4.712653e+001,
3267187500, -4.716172e+001,
3268750000, -4.767164e+001,
3270312500, -4.782414e+001,
3271875000, -4.786675e+001,
3273437500, -4.732641e+001,
3275000000, -4.689047e+001,
3276562500, -4.773198e+001,
3278125000, -4.819888e+001,
3279687500, -4.766763e+001,
3281250000, -4.697827e+001,
3282812500, -4.679666e+001,
3284375000, -4.758454e+001,
3285937500, -4.797308e+001,
3287500000, -4.790218e+001,
3289062500, -4.699476e+001,
3290625000, -4.673570e+001,
3292187500, -4.715727e+001,
3293750000, -4.756024e+001,
3295312500, -4.796731e+001,
3296875000, -4.671276e+001,
3298437500, -4.641385e+001,
3300000000, -4.702165e+001,
3301562500, -4.771220e+001,
3303125000, -4.770062e+001,
3304687500, -4.657603e+001,
3306250000, -4.614941e+001,
3307812500, -4.648326e+001,
3309375000, -4.716238e+001,
3310937500, -4.754810e+001,
3312500000, -4.714676e+001,
3314062500, -4.607017e+001,
3315625000, -4.569333e+001,
3317187500, -4.639841e+001,
3318750000, -4.745921e+001,
3320312500, -4.713997e+001,
3321875000, -4.557837e+001,
3323437500, -4.539629e+001,
3325000000, -4.605752e+001,
3326562500, -4.744051e+001,
3328125000, -4.696659e+001,
3329687500, -4.565068e+001,
3331250000, -4.541507e+001,
3332812500, -4.541274e+001,
3334375000, -4.581956e+001,
3335937500, -4.741430e+001,
3337500000, -4.668534e+001,
3339062500, -4.534829e+001,
3340625000, -4.487839e+001,
3342187500, -4.523217e+001,
3343750000, -4.638582e+001,
3345312500, -4.755455e+001,
3346875000, -4.565808e+001,
3348437500, -4.425540e+001,
3350000000, -4.498400e+001,
3351562500, -4.635500e+001,
3353125000, -4.720969e+001,
3354687500, -4.613363e+001,
3356250000, -4.557301e+001,
3357812500, -4.472848e+001,
3359375000, -4.465637e+001,
3360937500, -4.607256e+001,
3362500000, -4.761593e+001,
3364062500, -4.660940e+001,
3365625000, -4.516587e+001,
3367187500, -4.438937e+001,
3368750000, -4.460842e+001,
3370312500, -4.703079e+001,
3371875000, -4.846624e+001,
3373437500, -4.555694e+001,
3375000000, -4.442376e+001,
3376562500, -4.477866e+001,
3378125000, -4.622766e+001,
3379687500, -4.742487e+001,
3381250000, -4.741385e+001,
3382812500, -4.647138e+001,
3384375000, -4.510523e+001,
3385937500, -4.470206e+001,
3387500000, -4.551067e+001,
3389062500, -4.762449e+001,
3390625000, -4.901234e+001,
3392187500, -4.665462e+001,
3393750000, -4.448943e+001,
3395312500, -4.446927e+001,
3396875000, -4.618170e+001,
3398437500, -4.946940e+001,
3400000000, -4.848133e+001,
3401562500, -4.623096e+001,
3403125000, -4.492549e+001,
3404687500, -4.503152e+001,
3406250000, -4.719506e+001,
3407812500, -4.863519e+001,
3409375000, -4.867859e+001,
3410937500, -4.768588e+001,
3412500000, -4.584940e+001,
3414062500, -4.472366e+001,
3415625000, -4.589780e+001,
3417187500, -4.881637e+001,
3418750000, -5.029275e+001,
3420312500, -4.759487e+001,
3421875000, -4.528188e+001,
3423437500, -4.487406e+001,
3425000000, -4.569914e+001,
3426562500, -4.904049e+001,
3428125000, -5.087348e+001,
3429687500, -4.797302e+001,
3431250000, -4.587281e+001,
3432812500, -4.488316e+001,
3434375000, -4.557135e+001,
3435937500, -4.751947e+001,
3437500000, -5.005576e+001,
3439062500, -5.045890e+001,
3440625000, -4.667436e+001,
3442187500, -4.479336e+001,
3443750000, -4.506468e+001,
3445312500, -4.665116e+001,
3446875000, -4.954350e+001,
3448437500, -5.127073e+001,
3450000000, -4.727805e+001,
3451562500, -4.482735e+001,
3453125000, -4.459691e+001,
3454687500, -4.611138e+001,
3456250000, -4.855087e+001,
3457812500, -5.019860e+001,
3459375000, -4.999520e+001,
3460937500, -4.672174e+001,
3462500000, -4.466794e+001,
3464062500, -4.395243e+001,
3465625000, -4.603150e+001,
3467187500, -4.992281e+001,
3468750000, -5.181750e+001,
3470312500, -4.791406e+001,
3471875000, -4.501020e+001,
3473437500, -4.444248e+001,
3475000000, -4.461480e+001,
3476562500, -4.778476e+001,
3478125000, -5.191632e+001,
3479687500, -4.907358e+001,
3481250000, -4.589629e+001,
3482812500, -4.500345e+001,
3484375000, -4.452775e+001,
3485937500, -4.534187e+001,
3487500000, -4.781178e+001,
3489062500, -5.140286e+001,
3490625000, -5.042551e+001,
3492187500, -4.623877e+001,
3493750000, -4.388037e+001,
3495312500, -4.342847e+001,
3496875000, -4.506487e+001,
3498437500, -4.951472e+001,
3500000000, -5.304716e+001,
3501562500, -4.816798e+001,
3503125000, -4.501154e+001,
3504687500, -4.428378e+001,
3506250000, -4.463589e+001,
3507812500, -4.624036e+001,
3509375000, -4.910686e+001,
3510937500, -5.192724e+001,
3512500000, -4.800570e+001,
3514062500, -4.592303e+001,
3515625000, -4.465564e+001,
3517187500, -4.403537e+001,
3518750000, -4.531651e+001,
3520312500, -4.901522e+001,
3521875000, -5.253729e+001,
3523437500, -5.116994e+001,
3525000000, -4.496581e+001,
3526562500, -4.335104e+001,
3528125000, -4.399316e+001,
3529687500, -4.597522e+001,
3531250000, -4.989479e+001,
3532812500, -5.299863e+001,
3534375000, -4.909690e+001,
3535937500, -4.615248e+001,
3537500000, -4.398141e+001,
3539062500, -4.422949e+001,
3540625000, -4.648923e+001,
3542187500, -4.893856e+001,
3543750000, -5.085997e+001,
3545312500, -5.028962e+001,
3546875000, -4.787664e+001,
3548437500, -4.605932e+001,
3550000000, -4.417442e+001,
3551562500, -4.390615e+001,
3553125000, -4.732515e+001,
3554687500, -5.241435e+001,
3556250000, -5.326540e+001,
3557812500, -4.808604e+001,
3559375000, -4.456575e+001,
3560937500, -4.434606e+001,
3562500000, -4.508244e+001,
3564062500, -4.714321e+001,
3565625000, -5.183629e+001,
3567187500, -5.291086e+001,
3568750000, -4.904177e+001,
3570312500, -4.721539e+001,
3571875000, -4.581008e+001,
3573437500, -4.490007e+001,
3575000000, -4.565693e+001,
3576562500, -4.771647e+001,
3578125000, -5.020728e+001,
3579687500, -5.434546e+001,
3581250000, -4.997921e+001,
3582812500, -4.642141e+001,
3584375000, -4.480559e+001,
3585937500, -4.424293e+001,
3587500000, -4.548809e+001,
3589062500, -5.077597e+001,
3590625000, -5.956286e+001,
3592187500, -4.882190e+001,
3593750000, -4.590958e+001,
3595312500, -4.426708e+001,
3596875000, -4.530961e+001,
3598437500, -4.722888e+001,
3600000000, -4.878136e+001,
3601562500, -5.150439e+001,
3603125000, -5.527284e+001,
3604687500, -4.969479e+001,
3606250000, -4.759258e+001,
3607812500, -4.651760e+001,
3609375000, -4.500789e+001,
3610937500, -4.560071e+001,
3612500000, -4.694009e+001,
3614062500, -5.197335e+001,
3615625000, -5.596085e+001,
3617187500, -5.043089e+001,
3618750000, -4.595327e+001,
3620312500, -4.495483e+001,
3621875000, -4.521259e+001,
3623437500, -4.581040e+001,
3625000000, -4.905582e+001,
3626562500, -6.450429e+001,
3628125000, -5.128671e+001,
3629687500, -4.618254e+001,
3631250000, -4.529174e+001,
3632812500, -4.447284e+001,
3634375000, -4.550355e+001,
3635937500, -4.949127e+001,
3637500000, -5.160315e+001,
3639062500, -5.072369e+001,
3640625000, -5.248628e+001,
3642187500, -5.133649e+001,
3643750000, -4.915785e+001,
3645312500, -4.629057e+001,
3646875000, -4.534531e+001,
3648437500, -4.455889e+001,
3650000000, -4.720717e+001,
3651562500, -5.522442e+001,
3653125000, -5.628205e+001,
3654687500, -5.294996e+001,
3656250000, -4.576011e+001,
3657812500, -4.257958e+001,
3659375000, -4.301957e+001,
3660937500, -4.531419e+001,
3662500000, -5.160659e+001,
3664062500, -5.639947e+001,
3665625000, -6.270514e+001,
3667187500, -4.940807e+001,
3668750000, -4.597291e+001,
3670312500, -4.506283e+001,
3671875000, -4.542289e+001,
3673437500, -4.621881e+001,
3675000000, -4.837271e+001,
3676562500, -5.133150e+001,
3678125000, -5.297303e+001,
3679687500, -5.313600e+001,
3681250000, -5.167041e+001,
3682812500, -4.721267e+001,
3684375000, -4.695692e+001,
3685937500, -4.581402e+001,
3687500000, -4.575439e+001,
3689062500, -4.943185e+001,
3690625000, -6.138977e+001,
3692187500, -5.338927e+001,
3693750000, -5.030661e+001,
3695312500, -5.020860e+001,
3696875000, -4.571407e+001,
3698437500, -4.256261e+001,
3700000000, -4.264447e+001,
3701562500, -4.733095e+001,
3703125000, -5.649390e+001,
3704687500, -5.889820e+001,
3706250000, -5.154715e+001,
3707812500, -5.088715e+001,
3709375000, -5.245313e+001,
3710937500, -4.888271e+001,
3712500000, -4.719221e+001,
3714062500, -5.001846e+001,
3715625000, -5.039245e+001,
3717187500, -5.060612e+001,
3718750000, -4.940612e+001,
3720312500, -5.416801e+001,
3721875000, -5.234007e+001,
3723437500, -4.518774e+001,
3725000000, -4.389416e+001,
3726562500, -4.396357e+001,
3728125000, -4.766822e+001,
3729687500, -4.874484e+001,
3731250000, -5.756414e+001,
3732812500, -7.162798e+001,
3734375000, -5.228284e+001,
3735937500, -4.643626e+001,
3737500000, -4.535342e+001,
3739062500, -4.527634e+001,
3740625000, -4.462593e+001,
3742187500, -4.603117e+001,
3743750000, -4.960154e+001,
3745312500, -5.701364e+001,
3746875000, -5.537463e+001,
3748437500, -4.988730e+001,
3750000000, -4.629306e+001,
3751562500, -4.932291e+001,
3753125000, -7.065871e+001,
3754687500, -5.296885e+001,
3756250000, -5.179493e+001,
3757812500, -5.151637e+001,
3759375000, -5.732581e+001,
3760937500, -5.119451e+001,
3762500000, -5.131332e+001,
3764062500, -5.127852e+001,
3765625000, -4.783504e+001,
3767187500, -4.187577e+001,
3768750000, -4.115824e+001,
3770312500, -4.351681e+001,
3771875000, -4.430091e+001,
3773437500, -4.873785e+001,
3775000000, -5.543832e+001,
3776562500, -5.578911e+001,
3778125000, -5.079977e+001,
3779687500, -4.723472e+001,
3781250000, -4.532848e+001,
3782812500, -4.503604e+001,
3784375000, -4.764467e+001,
3785937500, -5.402676e+001,
3787500000, -5.434874e+001,
3789062500, -4.501063e+001,
3790625000, -4.500358e+001,
3792187500, -4.575123e+001,
3793750000, -4.519805e+001,
3795312500, -4.331012e+001,
3796875000, -4.337644e+001,
3798437500, -4.611015e+001,
3800000000, -5.514496e+001,
3801562500, -5.771936e+001,
3803125000, -5.479188e+001,
3804687500, -5.630818e+001,
3806250000, -5.164795e+001,
3807812500, -4.949866e+001,
3809375000, -4.747950e+001,
3810937500, -4.368060e+001,
3812500000, -4.420931e+001,
3814062500, -4.256155e+001,
3815625000, -4.135398e+001,
3817187500, -4.282488e+001,
3818750000, -4.407449e+001,
3820312500, -4.385976e+001,
3821875000, -4.676218e+001,
3823437500, -5.149463e+001,
3825000000, -4.734907e+001,
3826562500, -4.896121e+001,
3828125000, -5.155214e+001,
3829687500, -5.214415e+001,
3831250000, -4.886784e+001,
3832812500, -4.486821e+001,
3834375000, -4.209873e+001,
3835937500, -4.168444e+001,
3837500000, -4.249535e+001,
3839062500, -4.234367e+001,
3840625000, -4.264765e+001,
3842187500, -4.173624e+001,
3843750000, -3.891574e+001,
3845312500, -3.804330e+001,
3846875000, -4.065874e+001,
3848437500, -4.530137e+001,
3850000000, -4.644132e+001,
3851562500, -4.637297e+001,
3853125000, -4.694082e+001,
3854687500, -4.624909e+001,
3856250000, -4.431296e+001,
3857812500, -4.283471e+001,
3859375000, -4.304820e+001,
3860937500, -4.412710e+001,
3862500000, -4.295215e+001,
3864062500, -4.350577e+001,
3865625000, -4.725606e+001,
3867187500, -4.394611e+001,
3868750000, -4.104005e+001,
3870312500, -4.138890e+001,
3871875000, -4.818371e+001,
3873437500, -4.328650e+001,
3875000000, -3.891084e+001,
3876562500, -3.919641e+001,
3878125000, -4.073657e+001,
3879687500, -4.210184e+001,
3881250000, -4.011948e+001,
3882812500, -3.894848e+001,
3884375000, -3.844155e+001,
3885937500, -3.835387e+001,
3887500000, -3.688803e+001,
3889062500, -3.679632e+001,
3890625000, -3.790684e+001,
3892187500, -3.955548e+001,
3893750000, -3.750495e+001,
3895312500, -3.551386e+001,
3896875000, -3.498988e+001,
3898437500, -3.615712e+001,
3900000000, -3.629981e+001,
3901562500, -3.575456e+001,
3903125000, -3.615771e+001,
3904687500, -3.843538e+001,
3906250000, -3.816471e+001,
3907812500, -3.816461e+001,
3909375000, -3.880329e+001,
3910937500, -4.156379e+001,
3912500000, -4.097340e+001,
3914062500, -3.914117e+001,
3915625000, -3.878390e+001,
3917187500, -4.201940e+001,
3918750000, -4.205799e+001,
3920312500, -3.895744e+001,
3921875000, -3.757745e+001,
3923437500, -3.700149e+001,
3925000000, -3.643460e+001,
3926562500, -3.380233e+001,
3928125000, -3.215295e+001,
3929687500, -3.171042e+001,
3931250000, -3.179630e+001,
3932812500, -3.222358e+001,
3934375000, -3.140394e+001,
3935937500, -3.142143e+001,
3937500000, -3.138630e+001,
3939062500, -3.296703e+001,
3940625000, -3.307278e+001,
3942187500, -3.146182e+001,
3943750000, -3.054773e+001,
3945312500, -3.033276e+001,
3946875000, -3.078275e+001,
3948437500, -3.139050e+001,
3950000000, -3.154328e+001,
3951562500, -3.146989e+001,
3953125000, -3.150208e+001,
3954687500, -3.089645e+001,
3956250000, -3.112609e+001,
3957812500, -3.095781e+001,
3959375000, -3.108703e+001,
3960937500, -3.201422e+001,
3962500000, -3.378971e+001,
3964062500, -3.391264e+001,
3965625000, -3.333014e+001,
3967187500, -3.378083e+001,
3968750000, -3.550695e+001,
3970312500, -3.959331e+001,
3971875000, -3.322815e+001,
3973437500, -3.226803e+001,
3975000000, -3.244783e+001,
3976562500, -3.321381e+001,
3978125000, -3.245254e+001,
3979687500, -3.009245e+001,
3981250000, -2.967161e+001,
3982812500, -2.963034e+001,
3984375000, -2.912216e+001,
3985937500, -2.736940e+001,
3987500000, -2.699248e+001,
3989062500, -2.709170e+001,
3990625000, -2.718301e+001,
3992187500, -2.689244e+001,
3993750000, -2.656100e+001,
3995312500, -2.705759e+001,
3996875000, -2.709057e+001,
3998437500, -2.701562e+001,
4000000000, -2.685336e+001,
4001562500, -2.664377e+001,
4003125000, -2.700680e+001,
4004687500, -2.696026e+001,
4006250000, -2.674520e+001,
4007812500, -2.662958e+001,
4009375000, -2.621984e+001,
4010937500, -2.613124e+001,
4012500000, -2.664413e+001,
4014062500, -2.757571e+001,
4015625000, -2.775061e+001,
4017187500, -2.760318e+001,
4018750000, -2.697900e+001,
4020312500, -2.644420e+001,
4021875000, -2.613547e+001,
4023437500, -2.637865e+001,
4025000000, -2.655361e+001,
4026562500, -2.672970e+001,
4028125000, -2.712025e+001,
4029687500, -2.780256e+001,
4031250000, -2.886859e+001,
4032812500, -3.102816e+001,
4034375000, -2.954081e+001,
4035937500, -2.770435e+001,
4037500000, -2.864943e+001,
4039062500, -3.086122e+001,
4040625000, -3.245026e+001,
4042187500, -3.587268e+001,
4043750000, -3.784348e+001,
4045312500, -3.497417e+001,
4046875000, -3.375712e+001,
4048437500, -3.356027e+001,
4050000000, -3.067951e+001,
4051562500, -2.628621e+001,
4053125000, -2.482007e+001,
4054687500, -2.520766e+001,
4056250000, -2.531410e+001,
4057812500, -2.494674e+001,
4059375000, -2.314220e+001,
4060937500, -2.178362e+001,
4062500000, -2.240828e+001,
4064062500, -2.413621e+001,
4065625000, -2.519802e+001,
4067187500, -2.476818e+001,
4068750000, -2.383778e+001,
4070312500, -2.284039e+001,
4071875000, -2.219344e+001,
4073437500, -2.191611e+001,
4075000000, -2.228906e+001,
4076562500, -2.263874e+001,
4078125000, -2.293199e+001,
4079687500, -2.298718e+001,
4081250000, -2.205503e+001,
4082812500, -2.195683e+001,
4084375000, -2.233771e+001,
4085937500, -2.333687e+001,
4087500000, -2.490053e+001,
4089062500, -2.564619e+001,
4090625000, -2.590730e+001,
4092187500, -2.559173e+001,
4093750000, -2.507311e+001,
4095312500, -2.498522e+001,
4096875000, -2.506727e+001,
4098437500, -2.520151e+001,
4100000000, -2.462116e+001,
4101562500, -2.448233e+001,
4103125000, -2.469597e+001,
4104687500, -2.602545e+001,
4106250000, -2.703728e+001,
4107812500, -2.761843e+001,
4109375000, -2.768738e+001,
4110937500, -2.719065e+001,
4112500000, -2.743034e+001,
4114062500, -2.748698e+001,
4115625000, -2.832843e+001,
4117187500, -2.894583e+001,
4118750000, -3.049506e+001,
4120312500, -3.060585e+001,
4121875000, -3.119172e+001,
4123437500, -3.159637e+001,
4125000000, -3.232764e+001,
4126562500, -3.160182e+001,
4128125000, -3.266010e+001,
4129687500, -3.402325e+001,
4131250000, -3.134952e+001,
4132812500, -3.025878e+001,
4134375000, -2.990275e+001,
4135937500, -2.832349e+001,
4137500000, -2.670599e+001,
4139062500, -2.609892e+001,
4140625000, -2.579434e+001,
4142187500, -2.620215e+001,
4143750000, -2.684870e+001,
4145312500, -2.645436e+001,
4146875000, -2.526471e+001,
4148437500, -2.381251e+001,
4150000000, -2.141268e+001,
4151562500, -1.876760e+001,
4153125000, -1.906004e+001,
4154687500, -2.109603e+001,
4156250000, -2.179768e+001,
4157812500, -2.100611e+001,
4159375000, -2.027512e+001,
4160937500, -2.026628e+001,
4162500000, -2.036683e+001,
4164062500, -2.010039e+001,
4165625000, -2.086090e+001,
4167187500, -2.390195e+001,
4168750000, -2.562710e+001,
4170312500, -2.448600e+001,
4171875000, -2.485353e+001,
4173437500, -2.528269e+001,
4175000000, -2.464243e+001,
4176562500, -2.430838e+001,
4178125000, -2.280727e+001,
4179687500, -2.283052e+001,
4181250000, -2.315058e+001,
4182812500, -2.346575e+001,
4184375000, -2.355017e+001,
4185937500, -2.318088e+001,
4187500000, -2.238390e+001,
4189062500, -2.137849e+001,
4190625000, -1.985135e+001,
4192187500, -1.822795e+001,
4193750000, -1.647949e+001,
4195312500, -1.500910e+001,
4196875000, -1.524348e+001,
4198437500, -1.598453e+001,
4200000000, -1.632214e+001,
4201562500, -1.568308e+001,
4203125000, -1.452361e+001,
4204687500, -1.279277e+001,
4206250000, -1.163059e+001,
4207812500, -1.062192e+001,
4209375000, -8.961303e+000,
4210937500, -7.859974e+000,
4212500000, -8.638364e+000,
4214062500, -9.751938e+000,
4215625000, -1.007596e+001,
4217187500, -9.611753e+000,
4218750000, -9.153398e+000,
4220312500, -9.240071e+000,
4221875000, -9.010533e+000,
4223437500, -8.002180e+000,
4225000000, -7.144908e+000,
4226562500, -7.723995e+000,
4228125000, -8.827076e+000,
4229687500, -9.320576e+000,
4231250000, -9.239432e+000,
4232812500, -9.189058e+000,
4234375000, -9.227403e+000,
4235937500, -9.101238e+000,
4237500000, -8.922819e+000,
4239062500, -8.848454e+000,
4240625000, -8.689589e+000,
4242187500, -8.872109e+000,
4243750000, -9.957270e+000,
4245312500, -1.065538e+001,
4246875000, -1.085944e+001,
4248437500, -1.110900e+001,
4250000000, -1.143615e+001,
4251562500, -1.185377e+001,
4253125000, -1.226384e+001,
4254687500, -1.193438e+001,
4256250000, -1.235068e+001,
4257812500, -1.397227e+001,
4259375000, -1.433932e+001,
4260937500, -1.363611e+001,
4262500000, -1.316587e+001,
4264062500, -1.359805e+001,
4265625000, -1.398331e+001,
4267187500, -1.285355e+001,
4268750000, -1.075410e+001,
4270312500, -9.851068e+000,
4271875000, -1.029331e+001,
4273437500, -1.069123e+001,
4275000000, -1.135484e+001,
4276562500, -1.237150e+001,
4278125000, -1.266149e+001,
4279687500, -1.215058e+001,
4281250000, -1.080059e+001,
4282812500, -9.189479e+000,
4284375000, -8.306148e+000,
4285937500, -8.506094e+000,
4287500000, -9.189437e+000,
4289062500, -9.600980e+000,
4290625000, -9.822474e+000,
4292187500, -1.008086e+001,
4293750000, -9.973164e+000,
4295312500, -9.365026e+000,
4296875000, -8.683125e+000,
4298437500, -8.216995e+000,
4300000000, -8.263801e+000,
4301562500, -8.733442e+000,
4303125000, -9.400230e+000,
4304687500, -9.862019e+000,
4306250000, -1.025800e+001,
4307812500, -1.066506e+001,
4309375000, -1.008949e+001,
4310937500, -9.165680e+000,
4312500000, -9.101399e+000,
4314062500, -9.822416e+000,
4315625000, -1.074933e+001,
4317187500, -1.170183e+001,
4318750000, -1.265397e+001,
4320312500, -1.287770e+001,
4321875000, -1.212565e+001,
4323437500, -1.137778e+001,
4325000000, -1.173041e+001,
4326562500, -1.297652e+001,
4328125000, -1.416606e+001,
4329687500, -1.458943e+001,
4331250000, -1.452873e+001,
4332812500, -1.401380e+001,
4334375000, -1.313145e+001,
4335937500, -1.242872e+001,
4337500000, -1.231446e+001,
4339062500, -1.252652e+001,
4340625000, -1.261852e+001,
4342187500, -1.274657e+001,
4343750000, -1.282893e+001,
4345312500, -1.218403e+001,
4346875000, -1.131030e+001,
4348437500, -1.117568e+001,
4350000000, -1.115340e+001,
4351562500, -1.091319e+001,
4353125000, -1.085470e+001,
4354687500, -1.112097e+001,
4356250000, -1.151165e+001,
4357812500, -1.164268e+001,
4359375000, -1.165819e+001,
4360937500, -1.152047e+001,
4362500000, -1.140950e+001,
4364062500, -1.153117e+001,
4365625000, -1.190626e+001,
4367187500, -1.250563e+001,
4368750000, -1.309560e+001,
4370312500, -1.354366e+001,
4371875000, -1.350281e+001,
4373437500, -1.307388e+001,
4375000000, -1.279481e+001,
4376562500, -1.327327e+001,
4378125000, -1.398586e+001,
4379687500, -1.461275e+001,
4381250000, -1.506862e+001,
4382812500, -1.484249e+001,
4384375000, -1.407178e+001,
4385937500, -1.373040e+001,
4387500000, -1.396259e+001,
4389062500, -1.467125e+001,
4390625000, -1.532408e+001,
4392187500, -1.568640e+001,
4393750000, -1.557183e+001,
4395312500, -1.534179e+001,
4396875000, -1.491868e+001,
4398437500, -1.468043e+001,
4400000000, -1.438823e+001,
4401562500, -1.399200e+001,
4403125000, -1.361078e+001,
4404687500, -1.325141e+001,
4406250000, -1.298884e+001,
4407812500, -1.267051e+001,
4409375000, -1.242970e+001,
4410937500, -1.228876e+001,
4412500000, -1.242986e+001,
4414062500, -1.270333e+001,
4415625000, -1.248572e+001,
4417187500, -1.212695e+001,
4418750000, -1.211308e+001,
4420312500, -1.257072e+001,
4421875000, -1.321500e+001,
4423437500, -1.336871e+001,
4425000000, -1.289909e+001,
4426562500, -1.264462e+001,
4428125000, -1.311892e+001,
4429687500, -1.387408e+001,
4431250000, -1.440502e+001,
4432812500, -1.461569e+001,
4434375000, -1.474852e+001,
4435937500, -1.479248e+001,
4437500000, -1.489620e+001,
4439062500, -1.500752e+001,
4440625000, -1.532982e+001,
4442187500, -1.574747e+001,
4443750000, -1.621709e+001,
4445312500, -1.682384e+001,
4446875000, -1.737459e+001,
4448437500, -1.684630e+001,
4450000000, -1.606171e+001,
4451562500, -1.582454e+001,
4453125000, -1.612160e+001,
4454687500, -1.645907e+001,
4456250000, -1.621403e+001,
4457812500, -1.589118e+001,
4459375000, -1.613372e+001,
4460937500, -1.668439e+001,
4462500000, -1.694571e+001,
4464062500, -1.687054e+001,
4465625000, -1.700920e+001,
4467187500, -1.770990e+001,
4468750000, -1.817199e+001,
4470312500, -1.800499e+001,
4471875000, -1.782907e+001,
4473437500, -1.817270e+001,
4475000000, -1.882441e+001,
4476562500, -1.929775e+001,
4478125000, -1.957059e+001,
4479687500, -2.013519e+001,
4481250000, -2.062395e+001,
4482812500, -2.034400e+001,
4484375000, -1.959892e+001,
4485937500, -1.915039e+001,
4487500000, -1.907150e+001,
4489062500, -1.906398e+001,
4490625000, -1.917519e+001,
4492187500, -1.933189e+001,
4493750000, -1.916041e+001,
4495312500, -1.864390e+001,
4496875000, -1.793872e+001,
4498437500, -1.748014e+001,
4500000000, -1.732329e+001,
4501562500, -1.734254e+001,
4503125000, -1.716415e+001,
4504687500, -1.698470e+001,
4506250000, -1.701805e+001,
4507812500, -1.702222e+001,
4509375000, -1.672134e+001,
4510937500, -1.630607e+001,
4512500000, -1.600556e+001,
4514062500, -1.580365e+001,
4515625000, -1.546702e+001,
4517187500, -1.512827e+001,
4518750000, -1.514355e+001,
4520312500, -1.550614e+001,
4521875000, -1.571458e+001,
4523437500, -1.564212e+001,
4525000000, -1.550259e+001,
4526562500, -1.542255e+001,
4528125000, -1.545671e+001,
4529687500, -1.548256e+001,
4531250000, -1.549378e+001,
4532812500, -1.553090e+001,
4534375000, -1.560196e+001,
4535937500, -1.578593e+001,
4537500000, -1.596662e+001,
4539062500, -1.597050e+001,
4540625000, -1.575275e+001,
4542187500, -1.550571e+001,
4543750000, -1.532745e+001,
4545312500, -1.538195e+001,
4546875000, -1.555299e+001,
4548437500, -1.559767e+001,
4550000000, -1.556127e+001,
4551562500, -1.558401e+001,
4553125000, -1.557698e+001,
4554687500, -1.555151e+001,
4556250000, -1.556409e+001,
4557812500, -1.560708e+001,
4559375000, -1.571596e+001,
4560937500, -1.594966e+001,
4562500000, -1.618584e+001,
4564062500, -1.631597e+001,
4565625000, -1.615187e+001,
4567187500, -1.583386e+001,
4568750000, -1.559444e+001,
4570312500, -1.550213e+001,
4571875000, -1.560576e+001,
4573437500, -1.576025e+001,
4575000000, -1.579147e+001,
4576562500, -1.580139e+001,
4578125000, -1.583815e+001,
4579687500, -1.590188e+001,
4581250000, -1.590432e+001,
4582812500, -1.605299e+001,
4584375000, -1.632714e+001,
4585937500, -1.644231e+001,
4587500000, -1.635985e+001,
4589062500, -1.622448e+001,
4590625000, -1.610316e+001,
4592187500, -1.592219e+001,
4593750000, -1.571182e+001,
4595312500, -1.572981e+001,
4596875000, -1.599128e+001,
4598437500, -1.621756e+001,
4600000000, -1.634135e+001,
4601562500, -1.637683e+001,
4603125000, -1.642923e+001,
4604687500, -1.653165e+001,
4606250000, -1.668028e+001,
4607812500, -1.690872e+001,
4609375000, -1.705767e+001,
4610937500, -1.724665e+001,
4612500000, -1.719694e+001,
4614062500, -1.700833e+001,
4615625000, -1.685501e+001,
4617187500, -1.680918e+001,
4618750000, -1.684050e+001,
4620312500, -1.697305e+001,
4621875000, -1.713759e+001,
4623437500, -1.736300e+001,
4625000000, -1.771067e+001,
4626562500, -1.816401e+001,
4628125000, -1.881329e+001,
4629687500, -1.967255e+001,
4631250000, -2.059665e+001,
4632812500, -2.131398e+001,
4634375000, -2.176526e+001,
4635937500, -2.219588e+001,
4637500000, -2.307336e+001,
4639062500, -2.404148e+001,
4640625000, -2.460392e+001,
4642187500, -2.493414e+001,
4643750000, -2.495902e+001,
4645312500, -2.473807e+001,
4646875000, -2.470447e+001,
4648437500, -2.467330e+001,
4650000000, -2.432817e+001,
4651562500, -2.378934e+001,
4653125000, -2.321493e+001,
4654687500, -2.258439e+001,
4656250000, -2.223356e+001,
4657812500, -2.212779e+001,
4659375000, -2.184030e+001,
4660937500, -2.148916e+001,
4662500000, -2.124310e+001,
4664062500, -2.117424e+001,
4665625000, -2.135800e+001,
4667187500, -2.165069e+001,
4668750000, -2.184419e+001,
4670312500, -2.186989e+001,
4671875000, -2.165815e+001,
4673437500, -2.140958e+001,
4675000000, -2.124993e+001,
4676562500, -2.108826e+001,
4678125000, -2.096784e+001,
4679687500, -2.092177e+001,
4681250000, -2.094146e+001,
4682812500, -2.112096e+001,
4684375000, -2.143236e+001,
4685937500, -2.169192e+001,
4687500000, -2.154217e+001,
4689062500, -2.126368e+001,
4690625000, -2.114634e+001,
4692187500, -2.100657e+001,
4693750000, -2.090604e+001,
4695312500, -2.085467e+001,
4696875000, -2.088659e+001,
4698437500, -2.092938e+001,
4700000000, -2.102399e+001,
4701562500, -2.109978e+001,
4703125000, -2.110045e+001,
4704687500, -2.099885e+001,
4706250000, -2.081838e+001,
4707812500, -2.075848e+001,
4709375000, -2.076111e+001,
4710937500, -2.093610e+001,
4712500000, -2.138234e+001,
4714062500, -2.214212e+001,
4715625000, -2.305222e+001,
4717187500, -2.381311e+001,
4718750000, -2.424655e+001,
4720312500, -2.460681e+001,
4721875000, -2.495651e+001,
4723437500, -2.513709e+001,
4725000000, -2.509404e+001,
4726562500, -2.485400e+001,
4728125000, -2.483928e+001,
4729687500, -2.518253e+001,
4731250000, -2.556386e+001,
4732812500, -2.599530e+001,
4734375000, -2.599704e+001,
4735937500, -2.551339e+001,
4737500000, -2.471280e+001,
4739062500, -2.393200e+001,
4740625000, -2.344390e+001,
4742187500, -2.335374e+001,
4743750000, -2.376997e+001,
4745312500, -2.426785e+001,
4746875000, -2.454362e+001,
4748437500, -2.419067e+001,
4750000000, -2.359425e+001,
4751562500, -2.271372e+001,
4753125000, -2.173143e+001,
4754687500, -2.109778e+001,
4756250000, -2.082578e+001,
4757812500, -2.095445e+001,
4759375000, -2.117622e+001,
4760937500, -2.121088e+001,
4762500000, -2.129816e+001,
4764062500, -2.145705e+001,
4765625000, -2.195243e+001,
4767187500, -2.281947e+001,
4768750000, -2.373760e+001,
4770312500, -2.448056e+001,
4771875000, -2.498618e+001,
4773437500, -2.525035e+001,
4775000000, -2.535163e+001,
4776562500, -2.541343e+001,
4778125000, -2.545679e+001,
4779687500, -2.575674e+001,
4781250000, -2.606977e+001,
4782812500, -2.638642e+001,
4784375000, -2.646118e+001,
4785937500, -2.631582e+001,
4787500000, -2.578546e+001,
4789062500, -2.520673e+001,
4790625000, -2.481809e+001,
4792187500, -2.468999e+001,
4793750000, -2.446380e+001,
4795312500, -2.371872e+001,
4796875000, -2.298343e+001,
4798437500, -2.282837e+001,
4800000000, -2.303409e+001,
4801562500, -2.408079e+001,
4803125000, -2.465115e+001,
4804687500, -2.460488e+001,
4806250000, -2.438462e+001,
4807812500, -2.460227e+001,
4809375000, -2.569378e+001,
4810937500, -2.729800e+001,
4812500000, -2.772626e+001,
4814062500, -2.738209e+001,
4815625000, -2.629546e+001,
4817187500, -2.516123e+001,
4818750000, -2.465563e+001,
4820312500, -2.454403e+001,
4821875000, -2.410785e+001,
4823437500, -2.355313e+001,
4825000000, -2.366915e+001,
4826562500, -2.410581e+001,
4828125000, -2.481795e+001,
4829687500, -2.520077e+001,
4831250000, -2.532687e+001,
4832812500, -2.600420e+001,
4834375000, -2.704830e+001,
4835937500, -2.811849e+001,
4837500000, -2.801291e+001,
4839062500, -2.674501e+001,
4840625000, -2.588934e+001,
4842187500, -2.604691e+001,
4843750000, -2.614890e+001,
4845312500, -2.594867e+001,
4846875000, -2.639035e+001,
4848437500, -2.809776e+001,
4850000000, -2.896496e+001,
4851562500, -2.835042e+001,
4853125000, -2.751791e+001,
4854687500, -2.675715e+001,
4856250000, -2.677610e+001,
4857812500, -2.642696e+001,
4859375000, -2.623051e+001,
4860937500, -2.699227e+001,
4862500000, -2.854587e+001,
4864062500, -2.907246e+001,
4865625000, -2.908833e+001,
4867187500, -2.903038e+001,
4868750000, -2.829757e+001,
4870312500, -2.758993e+001,
4871875000, -2.973833e+001,
4873437500, -3.237050e+001,
4875000000, -3.137443e+001,
4876562500, -2.956854e+001,
4878125000, -2.963454e+001,
4879687500, -2.894315e+001,
4881250000, -2.966893e+001,
4882812500, -3.147190e+001,
4884375000, -2.997446e+001,
4885937500, -3.092659e+001,
4887500000, -3.327486e+001,
4889062500, -3.220763e+001,
4890625000, -3.266930e+001,
4892187500, -3.210312e+001,
4893750000, -3.221081e+001,
4895312500, -3.395258e+001,
4896875000, -3.187789e+001,
4898437500, -3.440438e+001,
4900000000, -3.271385e+001,
4901562500, -3.448899e+001,
4903125000, -3.481741e+001,
4904687500, -3.499300e+001,
4906250000, -3.663687e+001,
4907812500, -3.926326e+001,
4909375000, -3.928636e+001,
4910937500, -4.104845e+001,
4912500000, -3.884588e+001,
4914062500, -4.442149e+001,
4915625000, -4.078192e+001,
4917187500, -4.263679e+001,
4918750000, -4.883907e+001,
4920312500, -4.403154e+001,
4921875000, -4.576402e+001,
4923437500, -5.693277e+001,
4925000000, -5.350417e+001,
4926562500, -4.880132e+001,
4928125000, -4.803586e+001,
4929687500, -5.004000e+001,
4931250000, -5.105788e+001,
4932812500, -5.194891e+001,
4934375000, -5.242028e+001,
4935937500, -5.317578e+001,
4937500000, -5.349191e+001,
4939062500, -5.386726e+001,
4940625000, -5.381292e+001,
4942187500, -5.384272e+001,
4943750000, -5.393182e+001,
4945312500, -5.389260e+001,
4946875000, -5.393273e+001,
4948437500, -5.400338e+001,
4950000000, -5.406216e+001,
4951562500, -5.407287e+001,
4953125000, -5.413708e+001,
4954687500, -5.428267e+001,
4956250000, -5.426664e+001,
4957812500, -5.420908e+001,
4959375000, -5.422639e+001,
4960937500, -5.432084e+001,
4962500000, -5.435433e+001,
4964062500, -5.436500e+001,
4965625000, -5.444482e+001,
4967187500, -5.439439e+001,
4968750000, -5.444974e+001,
4970312500, -5.446948e+001,
4971875000, -5.448576e+001,
4973437500, -5.462253e+001,
4975000000, -5.451503e+001,
4976562500, -5.459273e+001,
4978125000, -5.470029e+001,
4979687500, -5.477629e+001,
4981250000, -5.475338e+001,
4982812500, -5.474140e+001,
4984375000, -5.469860e+001,
4985937500, -5.477658e+001,
4987500000, -5.467195e+001,
4989062500, -5.468478e+001,
4990625000, -5.454579e+001,
4992187500, -5.466395e+001,
4993750000, -5.481845e+001,
4995312500, -5.486734e+001,
4996875000, -5.477069e+001,
4998437500, -5.497728e+001,
5000000000, -5.501960e+001,
5001562500, -5.508556e+001,
5003125000, -5.511668e+001,
5004687500, -5.522900e+001,
5006250000, -5.526235e+001,
5007812500, -5.535723e+001,
5009375000, -5.539206e+001,
5010937500, -5.557341e+001,
5012500000, -5.550044e+001,
5014062500, -5.554935e+001,
5015625000, -5.570144e+001,
5017187500, -5.581231e+001,
5018750000, -5.584129e+001,
5020312500, -5.600970e+001,
5021875000, -5.590741e+001,
5023437500, -5.597474e+001,
5025000000, -5.608096e+001,
5026562500, -5.598838e+001,
5028125000, -5.602408e+001,
5029687500, -5.606393e+001,
5031250000, -5.605223e+001,
5032812500, -5.601096e+001,
5034375000, -5.607716e+001,
5035937500, -5.604712e+001,
5037500000, -5.601772e+001,
5039062500, -5.612626e+001,
5040625000, -5.613719e+001,
5042187500, -5.589740e+001,
5043750000, -5.601008e+001,
5045312500, -5.602686e+001,
5046875000, -5.601900e+001,
5048437500, -5.592765e+001,
5050000000, -5.593770e+001,
5051562500, -5.587408e+001,
5053125000, -5.597394e+001,
5054687500, -5.604816e+001,
5056250000, -5.617912e+001,
5057812500, -5.613364e+001,
5059375000, -5.604914e+001,
5060937500, -5.608642e+001,
5062500000, -5.613522e+001,
5064062500, -5.609518e+001,
5065625000, -5.613612e+001,
5067187500, -5.623676e+001,
5068750000, -5.624572e+001,
5070312500, -5.623104e+001,
5071875000, -5.625498e+001,
5073437500, -5.624996e+001,
5075000000, -5.629406e+001,
5076562500, -5.632582e+001,
5078125000, -5.633751e+001,
5079687500, -5.644464e+001,
5081250000, -5.630180e+001,
5082812500, -5.639995e+001,
5084375000, -5.645067e+001,
5085937500, -5.653855e+001,
5087500000, -5.657663e+001,
5089062500, -5.656739e+001,
5090625000, -5.656139e+001,
5092187500, -5.662457e+001,
5093750000, -5.674555e+001,
5095312500, -5.665799e+001,
5096875000, -5.666750e+001,
5098437500, -5.674491e+001,
5100000000, -5.664771e+001,
5101562500, -5.670439e+001,
5103125000, -5.670499e+001,
5104687500, -5.678473e+001,
5106250000, -5.672881e+001,
5107812500, -5.669477e+001,
5109375000, -5.660280e+001,
5110937500, -5.645308e+001,
5112500000, -5.654783e+001,
5114062500, -5.643617e+001,
5115625000, -5.641704e+001,
5117187500, -5.631710e+001,
5118750000, -5.637010e+001,
5120312500, -5.631779e+001,
5121875000, -5.627599e+001,
5123437500, -5.626433e+001,
5125000000, -5.628901e+001,
5126562500, -5.621143e+001,
5128125000, -5.627088e+001,
5129687500, -5.626159e+001,
5131250000, -5.621672e+001,
5132812500, -5.620141e+001,
5134375000, -5.627897e+001,
5135937500, -5.626818e+001,
5137500000, -5.629840e+001,
5139062500, -5.649519e+001,
5140625000, -5.651365e+001,
5142187500, -5.651739e+001,
5143750000, -5.649704e+001,
5145312500, -5.652396e+001,
5146875000, -5.664711e+001,
5148437500, -5.667542e+001,
5150000000, -5.651909e+001,
5151562500, -5.665326e+001,
5153125000, -5.675108e+001,
5154687500, -5.675490e+001,
5156250000, -5.673732e+001,
5157812500, -5.688210e+001,
5159375000, -5.696765e+001,
5160937500, -5.693982e+001,
5162500000, -5.694913e+001,
5164062500, -5.701870e+001,
5165625000, -5.706313e+001,
5167187500, -5.726673e+001,
5168750000, -5.722863e+001,
5170312500, -5.751157e+001,
5171875000, -5.737595e+001,
5173437500, -5.762580e+001,
5175000000, -5.748906e+001,
5176562500, -5.771173e+001,
5178125000, -5.771225e+001,
5179687500, -5.776994e+001,
5181250000, -5.778476e+001,
5182812500, -5.780728e+001,
5184375000, -5.805032e+001,
5185937500, -5.794910e+001,
5187500000, -5.796788e+001,
5189062500, -5.808805e+001,
5190625000, -5.815133e+001,
5192187500, -5.836989e+001,
5193750000, -5.841553e+001,
5195312500, -5.833619e+001,
5196875000, -5.845279e+001,
5198437500, -5.845861e+001,
5200000000, -5.861046e+001,
5201562500, -5.860995e+001,
5203125000, -5.862022e+001,
5204687500, -5.896679e+001,
5206250000, -5.885840e+001,
5207812500, -5.869685e+001,
5209375000, -5.887880e+001,
5210937500, -5.892355e+001,
5212500000, -5.891249e+001,
5214062500, -5.890354e+001,
5215625000, -5.884439e+001,
5217187500, -5.910947e+001,
5218750000, -5.888052e+001,
5220312500, -5.894685e+001,
5221875000, -5.907719e+001,
5223437500, -5.907747e+001,
5225000000, -5.914322e+001,
5226562500, -5.909702e+001,
5228125000, -5.925437e+001,
5229687500, -5.928087e+001,
5231250000, -5.932294e+001,
5232812500, -5.935631e+001,
5234375000, -5.934753e+001,
5235937500, -5.932136e+001,
5237500000, -5.933947e+001,
5239062500, -5.927925e+001,
5240625000, -5.933146e+001,
5242187500, -5.922952e+001,
5243750000, -5.957944e+001,
5245312500, -5.932446e+001,
5246875000, -5.932105e+001,
5248437500, -5.935494e+001,
5250000000, -5.948664e+001,
5251562500, -5.923266e+001,
5253125000, -5.926725e+001,
5254687500, -5.937540e+001,
5256250000, -5.924409e+001,
5257812500, -5.927834e+001,
5259375000, -5.922887e+001,
5260937500, -5.907679e+001,
5262500000, -5.902262e+001,
5264062500, -5.910314e+001,
5265625000, -5.908069e+001,
5267187500, -5.896622e+001,
5268750000, -5.895085e+001,
5270312500, -5.890922e+001,
5271875000, -5.873830e+001,
5273437500, -5.886765e+001,
5275000000, -5.889093e+001,
5276562500, -5.875705e+001,
5278125000, -5.869730e+001,
5279687500, -5.879744e+001,
5281250000, -5.882701e+001,
5282812500, -5.880719e+001,
5284375000, -5.872898e+001,
5285937500, -5.887607e+001,
5287500000, -5.868312e+001,
5289062500, -5.877310e+001,
5290625000, -5.880093e+001,
5292187500, -5.876738e+001,
5293750000, -5.880075e+001,
5295312500, -5.886833e+001,
5296875000, -5.884351e+001,
5298437500, -5.885223e+001,
5300000000, -5.897066e+001,
5301562500, -5.887025e+001,
5303125000, -5.867540e+001,
5304687500, -5.878699e+001,
5306250000, -5.886655e+001,
5307812500, -5.892190e+001,
5309375000, -5.909825e+001,
5310937500, -5.895565e+001,
5312500000, -5.891847e+001,
5314062500, -5.891261e+001,
5315625000, -5.889800e+001,
5317187500, -5.889687e+001,
5318750000, -5.908213e+001,
5320312500, -5.902197e+001,
5321875000, -5.920309e+001,
5323437500, -5.915213e+001,
5325000000, -5.935048e+001,
5326562500, -5.933618e+001,
5328125000, -5.941801e+001,
5329687500, -5.935255e+001,
5331250000, -5.953514e+001,
5332812500, -5.963080e+001,
5334375000, -5.970409e+001,
5335937500, -5.971664e+001,
5337500000, -5.968202e+001,
5339062500, -5.979847e+001,
5340625000, -6.002004e+001,
5342187500, -6.012616e+001,
5343750000, -5.994949e+001,
5345312500, -6.005445e+001,
5346875000, -6.005465e+001,
5348437500, -5.985672e+001,
5350000000, -6.011917e+001,
5351562500, -6.041197e+001,
5353125000, -6.039547e+001,
5354687500, -6.038866e+001,
5356250000, -6.043029e+001,
5357812500, -6.045480e+001,
5359375000, -6.041295e+001,
5360937500, -6.038190e+001,
5362500000, -6.043179e+001,
5364062500, -6.036449e+001,
5365625000, -6.021330e+001,
5367187500, -6.049683e+001,
5368750000, -6.026559e+001,
5370312500, -6.027852e+001,
5371875000, -6.048853e+001,
5373437500, -6.037101e+001,
5375000000, -6.018808e+001,
5376562500, -6.024085e+001,
5378125000, -5.991608e+001,
5379687500, -6.004929e+001,
5381250000, -6.007926e+001,
5382812500, -5.986382e+001,
5384375000, -5.968543e+001,
5385937500, -5.964496e+001,
5387500000, -5.956779e+001,
5389062500, -5.959984e+001,
5390625000, -5.955629e+001,
5392187500, -5.944122e+001,
5393750000, -5.935150e+001,
5395312500, -5.932362e+001,
5396875000, -5.914669e+001,
5398437500, -5.910682e+001,
5400000000, -5.907315e+001,
5401562500, -5.905983e+001,
5403125000, -5.892631e+001,
5404687500, -5.893858e+001,
5406250000, -5.885219e+001,
5407812500, -5.883905e+001,
5409375000, -5.893732e+001,
5410937500, -5.881793e+001,
5412500000, -5.878073e+001,
5414062500, -5.877965e+001,
5415625000, -5.879583e+001,
5417187500, -5.877464e+001,
5418750000, -5.867801e+001,
5420312500, -5.858725e+001,
5421875000, -5.853086e+001,
5423437500, -5.854512e+001,
5425000000, -5.840485e+001,
5426562500, -5.844713e+001,
5428125000, -5.831054e+001,
5429687500, -5.819419e+001,
5431250000, -5.827178e+001,
5432812500, -5.816117e+001,
5434375000, -5.816203e+001,
5435937500, -5.815876e+001,
5437500000, -5.830959e+001,
5439062500, -5.813300e+001,
5440625000, -5.838736e+001,
5442187500, -5.827408e+001,
5443750000, -5.813142e+001,
5445312500, -5.813036e+001,
5446875000, -5.804446e+001,
5448437500, -5.798106e+001,
5450000000, -5.779798e+001,
5451562500, -5.779276e+001,
5453125000, -5.764592e+001,
5454687500, -5.770911e+001,
5456250000, -5.752271e+001,
5457812500, -5.770554e+001,
5459375000, -5.757238e+001,
5460937500, -5.740623e+001,
5462500000, -5.748800e+001,
5464062500, -5.747227e+001,
5465625000, -5.744905e+001,
5467187500, -5.739094e+001,
5468750000, -5.741560e+001,
5470312500, -5.730208e+001,
5471875000, -5.750219e+001,
5473437500, -5.723255e+001,
5475000000, -5.719775e+001,
5476562500, -5.715979e+001,
5478125000, -5.697448e+001,
5479687500, -5.707584e+001,
5481250000, -5.707044e+001,
5482812500, -5.693555e+001,
5484375000, -5.694117e+001,
5485937500, -5.681340e+001,
5487500000, -5.687794e+001,
5489062500, -5.678270e+001,
5490625000, -5.678092e+001,
5492187500, -5.682993e+001,
5493750000, -5.674538e+001,
5495312500, -5.676653e+001,
5496875000, -5.677873e+001,
5498437500, -5.670821e+001,
5500000000, -5.660052e+001,
