"S21 Log Mag"
"Frequency (Hz)","dB",
3000000000, -4.793335e+001,
3001562500, -4.808670e+001,
3003125000, -4.808389e+001,
3004687500, -4.795415e+001,
3006250000, -4.797315e+001,
3007812500, -4.790528e+001,
3009375000, -4.772422e+001,
3010937500, -4.777202e+001,
3012500000, -4.793637e+001,
3014062500, -4.758818e+001,
3015625000, -4.769521e+001,
3017187500, -4.769541e+001,
3018750000, -4.762868e+001,
3020312500, -4.750075e+001,
3021875000, -4.761694e+001,
3023437500, -4.742814e+001,
3025000000, -4.723592e+001,
3026562500, -4.749776e+001,
3028125000, -4.731908e+001,
3029687500, -4.722517e+001,
3031250000, -4.728774e+001,
3032812500, -4.733835e+001,
3034375000, -4.708603e+001,
3035937500, -4.717354e+001,
3037500000, -4.724533e+001,
3039062500, -4.677839e+001,
3040625000, -4.686315e+001,
3042187500, -4.717743e+001,
3043750000, -4.684023e+001,
3045312500, -4.676603e+001,
3046875000, -4.694627e+001,
3048437500, -4.693298e+001,
3050000000, -4.657584e+001,
3051562500, -4.686164e+001,
3053125000, -4.686298e+001,
3054687500, -4.638357e+001,
3056250000, -4.646687e+001,
3057812500, -4.689748e+001,
3059375000, -4.663441e+001,
3060937500, -4.645515e+001,
3062500000, -4.673169e+001,
3064062500, -4.676885e+001,
3065625000, -4.639153e+001,
3067187500, -4.650566e+001,
3068750000, -4.666679e+001,
3070312500, -4.637252e+001,
3071875000, -4.622550e+001,
3073437500, -4.644803e+001,
3075000000, -4.652645e+001,
3076562500, -4.629972e+001,
3078125000, -4.627157e+001,
3079687500, -4.670291e+001,
3081250000, -4.628758e+001,
3082812500, -4.623957e+001,
3084375000, -4.643470e+001,
3085937500, -4.634844e+001,
3087500000, -4.610924e+001,
3089062500, -4.617676e+001,
3090625000, -4.631364e+001,
3092187500, -4.622626e+001,
3093750000, -4.614021e+001,
3095312500, -4.637386e+001,
3096875000, -4.647961e+001,
3098437500, -4.604222e+001,
3100000000, -4.603680e+001,
3101562500, -4.644707e+001,
3103125000, -4.613195e+001,
3104687500, -4.582718e+001,
3106250000, -4.612378e+001,
3107812500, -4.628012e+001,
3109375000, -4.606284e+001,
3110937500, -4.585533e+001,
3112500000, -4.618048e+001,
3114062500, -4.637627e+001,
3115625000, -4.605649e+001,
3117187500, -4.576755e+001,
3118750000, -4.608830e+001,
3120312500, -4.638240e+001,
3121875000, -4.565773e+001,
3123437500, -4.572163e+001,
3125000000, -4.618640e+001,
3126562500, -4.611844e+001,
3128125000, -4.578917e+001,
3129687500, -4.570342e+001,
3131250000, -4.606110e+001,
3132812500, -4.626210e+001,
3134375000, -4.586597e+001,
3135937500, -4.550631e+001,
3137500000, -4.603240e+001,
3139062500, -4.605569e+001,
3140625000, -4.546726e+001,
3142187500, -4.565006e+001,
3143750000, -4.590036e+001,
3145312500, -4.593255e+001,
3146875000, -4.567384e+001,
3148437500, -4.557204e+001,
3150000000, -4.580815e+001,
3151562500, -4.591567e+001,
3153125000, -4.586481e+001,
3154687500, -4.558886e+001,
3156250000, -4.575431e+001,
3157812500, -4.593618e+001,
3159375000, -4.561177e+001,
3160937500, -4.549809e+001,
3162500000, -4.580912e+001,
3164062500, -4.595561e+001,
3165625000, -4.570218e+001,
3167187500, -4.562251e+001,
3168750000, -4.585974e+001,
3170312500, -4.598082e+001,
3171875000, -4.564555e+001,
3173437500, -4.619381e+001,
3175000000, -4.583310e+001,
3176562500, -4.602660e+001,
3178125000, -4.603689e+001,
3179687500, -4.565173e+001,
3181250000, -4.591042e+001,
3182812500, -4.631802e+001,
3184375000, -4.618854e+001,
3185937500, -4.593860e+001,
3187500000, -4.601223e+001,
3189062500, -4.639551e+001,
3190625000, -4.644408e+001,
3192187500, -4.597326e+001,
3193750000, -4.648063e+001,
3195312500, -4.637404e+001,
3196875000, -4.670217e+001,
3198437500, -4.662250e+001,
3200000000, -4.608348e+001,
3201562500, -4.628767e+001,
3203125000, -4.678456e+001,
3204687500, -4.677317e+001,
3206250000, -4.672105e+001,
3207812500, -4.638454e+001,
3209375000, -4.683404e+001,
3210937500, -4.695961e+001,
3212500000, -4.684670e+001,
3214062500, -4.683669e+001,
3215625000, -4.693285e+001,
3217187500, -4.702095e+001,
3218750000, -4.733660e+001,
3220312500, -4.710847e+001,
3221875000, -4.680328e+001,
3223437500, -4.700581e+001,
3225000000, -4.710317e+001,
3226562500, -4.752998e+001,
3228125000, -4.730417e+001,
3229687500, -4.711012e+001,
3231250000, -4.756166e+001,
3232812500, -4.732008e+001,
3234375000, -4.733887e+001,
3235937500, -4.764370e+001,
3237500000, -4.759055e+001,
3239062500, -4.739621e+001,
3240625000, -4.768790e+001,
3242187500, -4.771555e+001,
3243750000, -4.781982e+001,
3245312500, -4.752346e+001,
3246875000, -4.734530e+001,
3248437500, -4.786256e+001,
3250000000, -4.773791e+001,
3251562500, -4.778581e+001,
3253125000, -4.807059e+001,
3254687500, -4.786589e+001,
3256250000, -4.756089e+001,
3257812500, -4.798716e+001,
3259375000, -4.812114e+001,
3260937500, -4.805738e+001,
3262500000, -4.790642e+001,
3264062500, -4.763643e+001,
3265625000, -4.792463e+001,
3267187500, -4.811160e+001,
3268750000, -4.792138e+001,
3270312500, -4.780582e+001,
3271875000, -4.786036e+001,
3273437500, -4.777754e+001,
3275000000, -4.790520e+001,
3276562500, -4.824826e+001,
3278125000, -4.776665e+001,
3279687500, -4.779794e+001,
3281250000, -4.775359e+001,
3282812500, -4.811815e+001,
3284375000, -4.779378e+001,
3285937500, -4.786556e+001,
3287500000, -4.745396e+001,
3289062500, -4.753460e+001,
3290625000, -4.765002e+001,
3292187500, -4.767778e+001,
3293750000, -4.754422e+001,
3295312500, -4.762725e+001,
3296875000, -4.755191e+001,
3298437500, -4.703807e+001,
3300000000, -4.738876e+001,
3301562500, -4.783707e+001,
3303125000, -4.705206e+001,
3304687500, -4.738141e+001,
3306250000, -4.772200e+001,
3307812500, -4.706100e+001,
3309375000, -4.712994e+001,
3310937500, -4.711087e+001,
3312500000, -4.699799e+001,
3314062500, -4.706062e+001,
3315625000, -4.684893e+001,
3317187500, -4.663206e+001,
3318750000, -4.663993e+001,
3320312500, -4.738962e+001,
3321875000, -4.690590e+001,
3323437500, -4.637691e+001,
3325000000, -4.650170e+001,
3326562500, -4.643925e+001,
3328125000, -4.651305e+001,
3329687500, -4.680969e+001,
3331250000, -4.671275e+001,
3332812500, -4.662100e+001,
3334375000, -4.614695e+001,
3335937500, -4.603009e+001,
3337500000, -4.624266e+001,
3339062500, -4.631633e+001,
3340625000, -4.661849e+001,
3342187500, -4.607276e+001,
3343750000, -4.524704e+001,
3345312500, -4.611195e+001,
3346875000, -4.716858e+001,
3348437500, -4.606971e+001,
3350000000, -4.589943e+001,
3351562500, -4.608086e+001,
3353125000, -4.596236e+001,
3354687500, -4.591368e+001,
3356250000, -4.633792e+001,
3357812500, -4.659175e+001,
3359375000, -4.631861e+001,
3360937500, -4.598862e+001,
3362500000, -4.583646e+001,
3364062500, -4.582559e+001,
3365625000, -4.591421e+001,
3367187500, -4.664678e+001,
3368750000, -4.585342e+001,
3370312500, -4.566407e+001,
3371875000, -4.651933e+001,
3373437500, -4.653354e+001,
3375000000, -4.605046e+001,
3376562500, -4.620386e+001,
3378125000, -4.670128e+001,
3379687500, -4.651990e+001,
3381250000, -4.610627e+001,
3382812500, -4.635540e+001,
3384375000, -4.697467e+001,
3385937500, -4.658386e+001,
3387500000, -4.618340e+001,
3389062500, -4.700804e+001,
3390625000, -4.706956e+001,
3392187500, -4.615817e+001,
3393750000, -4.631155e+001,
3395312500, -4.673986e+001,
3396875000, -4.670922e+001,
3398437500, -4.693164e+001,
3400000000, -4.762694e+001,
3401562500, -4.729123e+001,
3403125000, -4.688282e+001,
3404687500, -4.664882e+001,
3406250000, -4.738465e+001,
3407812500, -4.762326e+001,
3409375000, -4.736786e+001,
3410937500, -4.754579e+001,
3412500000, -4.761016e+001,
3414062500, -4.724491e+001,
3415625000, -4.663806e+001,
3417187500, -4.784526e+001,
3418750000, -4.795928e+001,
3420312500, -4.736836e+001,
3421875000, -4.714808e+001,
3423437500, -4.724721e+001,
3425000000, -4.728724e+001,
3426562500, -4.684882e+001,
3428125000, -4.750522e+001,
3429687500, -4.902803e+001,
3431250000, -4.800835e+001,
3432812500, -4.645465e+001,
3434375000, -4.687508e+001,
3435937500, -4.795253e+001,
3437500000, -4.813866e+001,
3439062500, -4.778560e+001,
3440625000, -4.771939e+001,
3442187500, -4.804553e+001,
3443750000, -4.708218e+001,
3445312500, -4.702605e+001,
3446875000, -4.716750e+001,
3448437500, -4.790081e+001,
3450000000, -4.789923e+001,
3451562500, -4.739213e+001,
3453125000, -4.744414e+001,
3454687500, -4.689231e+001,
3456250000, -4.711614e+001,
3457812500, -4.694881e+001,
3459375000, -4.822452e+001,
3460937500, -4.830991e+001,
3462500000, -4.711179e+001,
3464062500, -4.723399e+001,
3465625000, -4.694510e+001,
3467187500, -4.760676e+001,
3468750000, -4.803779e+001,
3470312500, -4.736903e+001,
3471875000, -4.771047e+001,
3473437500, -4.801732e+001,
3475000000, -4.665851e+001,
3476562500, -4.659040e+001,
3478125000, -4.735746e+001,
3479687500, -4.708680e+001,
3481250000, -4.698808e+001,
3482812500, -4.743993e+001,
3484375000, -4.817361e+001,
3485937500, -4.736261e+001,
3487500000, -4.686519e+001,
3489062500, -4.669948e+001,
3490625000, -4.695094e+001,
3492187500, -4.782277e+001,
3493750000, -4.740356e+001,
3495312500, -4.722345e+001,
3496875000, -4.726487e+001,
3498437500, -4.754782e+001,
3500000000, -4.745506e+001,
3501562500, -4.793209e+001,
3503125000, -4.737040e+001,
3504687500, -4.778672e+001,
3506250000, -4.780223e+001,
3507812500, -4.695901e+001,
3509375000, -4.781256e+001,
3510937500, -4.705717e+001,
3512500000, -4.573421e+001,
3514062500, -4.609864e+001,
3515625000, -4.849047e+001,
3517187500, -4.970317e+001,
3518750000, -4.851278e+001,
3520312500, -4.763081e+001,
3521875000, -4.760413e+001,
3523437500, -4.758823e+001,
3525000000, -4.750552e+001,
3526562500, -4.698258e+001,
3528125000, -4.720535e+001,
3529687500, -4.977272e+001,
3531250000, -4.871408e+001,
3532812500, -4.801996e+001,
3534375000, -4.806833e+001,
3535937500, -4.691878e+001,
3537500000, -4.796157e+001,
3539062500, -5.126115e+001,
3540625000, -4.823677e+001,
3542187500, -4.740548e+001,
3543750000, -4.796265e+001,
3545312500, -4.920008e+001,
3546875000, -4.613910e+001,
3548437500, -4.492567e+001,
3550000000, -4.747780e+001,
3551562500, -5.134721e+001,
3553125000, -5.178602e+001,
3554687500, -4.968302e+001,
3556250000, -4.804858e+001,
3557812500, -4.720135e+001,
3559375000, -4.782170e+001,
3560937500, -4.832989e+001,
3562500000, -4.855869e+001,
3564062500, -4.860739e+001,
3565625000, -4.981754e+001,
3567187500, -5.027222e+001,
3568750000, -4.926472e+001,
3570312500, -4.659289e+001,
3571875000, -4.630602e+001,
3573437500, -4.854601e+001,
3575000000, -5.056122e+001,
3576562500, -5.096093e+001,
3578125000, -5.036463e+001,
3579687500, -4.870212e+001,
3581250000, -4.809800e+001,
3582812500, -4.704117e+001,
3584375000, -4.650076e+001,
3585937500, -4.652436e+001,
3587500000, -4.860563e+001,
3589062500, -5.213612e+001,
3590625000, -5.261776e+001,
3592187500, -5.014968e+001,
3593750000, -4.825632e+001,
3595312500, -4.721155e+001,
3596875000, -4.795731e+001,
3598437500, -4.877539e+001,
3600000000, -5.033990e+001,
3601562500, -5.115098e+001,
3603125000, -5.165241e+001,
3604687500, -5.116563e+001,
3606250000, -4.812941e+001,
3607812500, -4.593265e+001,
3609375000, -4.550164e+001,
3610937500, -4.585289e+001,
3612500000, -4.789186e+001,
3614062500, -5.259334e+001,
3615625000, -5.635661e+001,
3617187500, -5.087427e+001,
3618750000, -4.835202e+001,
3620312500, -4.762781e+001,
3621875000, -4.710731e+001,
3623437500, -4.788817e+001,
3625000000, -4.772898e+001,
3626562500, -4.839074e+001,
3628125000, -4.937342e+001,
3629687500, -5.275628e+001,
3631250000, -5.336076e+001,
3632812500, -4.877646e+001,
3634375000, -4.580972e+001,
3635937500, -4.562158e+001,
3637500000, -4.842123e+001,
3639062500, -5.249538e+001,
3640625000, -5.534320e+001,
3642187500, -5.604158e+001,
3643750000, -5.041146e+001,
3645312500, -4.625758e+001,
3646875000, -4.491171e+001,
3648437500, -4.432440e+001,
3650000000, -4.488202e+001,
3651562500, -4.505806e+001,
3653125000, -4.731789e+001,
3654687500, -5.470010e+001,
3656250000, -5.661596e+001,
3657812500, -5.410378e+001,
3659375000, -5.033121e+001,
3660937500, -4.869233e+001,
3662500000, -4.751657e+001,
3664062500, -4.736127e+001,
3665625000, -4.772761e+001,
3667187500, -4.878731e+001,
3668750000, -5.000648e+001,
3670312500, -5.950374e+001,
3671875000, -4.997640e+001,
3673437500, -4.583980e+001,
3675000000, -4.445202e+001,
3676562500, -4.559687e+001,
3678125000, -4.902209e+001,
3679687500, -5.214088e+001,
3681250000, -5.263581e+001,
3682812500, -6.461667e+001,
3684375000, -5.339152e+001,
3685937500, -4.784820e+001,
3687500000, -4.576963e+001,
3689062500, -4.442653e+001,
3690625000, -4.407192e+001,
3692187500, -4.436442e+001,
3693750000, -4.468680e+001,
3695312500, -4.926582e+001,
3696875000, -5.465601e+001,
3698437500, -6.011514e+001,
3700000000, -5.613647e+001,
3701562500, -5.101614e+001,
3703125000, -4.965054e+001,
3704687500, -4.902613e+001,
3706250000, -4.890999e+001,
3707812500, -4.875445e+001,
3709375000, -5.002010e+001,
3710937500, -5.873566e+001,
3712500000, -5.543765e+001,
3714062500, -4.636948e+001,
3715625000, -4.375213e+001,
3717187500, -4.351560e+001,
3718750000, -4.526484e+001,
3720312500, -4.869361e+001,
3721875000, -4.813439e+001,
3723437500, -4.772757e+001,
3725000000, -5.051206e+001,
3726562500, -5.444715e+001,
3728125000, -5.033390e+001,
3729687500, -4.844303e+001,
3731250000, -4.762683e+001,
3732812500, -4.676406e+001,
3734375000, -4.512341e+001,
3735937500, -4.417512e+001,
3737500000, -4.660610e+001,
3739062500, -5.416269e+001,
3740625000, -6.180139e+001,
3742187500, -5.905086e+001,
3743750000, -4.931834e+001,
3745312500, -4.583855e+001,
3746875000, -4.589400e+001,
3748437500, -4.771470e+001,
3750000000, -4.874443e+001,
3751562500, -4.789364e+001,
3753125000, -4.889749e+001,
3754687500, -4.996257e+001,
3756250000, -4.890983e+001,
3757812500, -4.506778e+001,
3759375000, -4.370827e+001,
3760937500, -4.305951e+001,
3762500000, -4.255980e+001,
3764062500, -4.398316e+001,
3765625000, -4.320894e+001,
3767187500, -4.295504e+001,
3768750000, -4.499770e+001,
3770312500, -5.046990e+001,
3771875000, -6.273438e+001,
3773437500, -5.858995e+001,
3775000000, -5.612967e+001,
3776562500, -5.071707e+001,
3778125000, -4.758693e+001,
3779687500, -4.592672e+001,
3781250000, -4.521878e+001,
3782812500, -4.996547e+001,
3784375000, -5.370035e+001,
3785937500, -5.034875e+001,
3787500000, -4.487634e+001,
3789062500, -4.226898e+001,
3790625000, -4.143969e+001,
3792187500, -4.120607e+001,
3793750000, -4.339035e+001,
3795312500, -4.542077e+001,
3796875000, -4.348310e+001,
3798437500, -4.271297e+001,
3800000000, -4.237683e+001,
3801562500, -4.182739e+001,
3803125000, -4.054824e+001,
3804687500, -3.878098e+001,
3806250000, -3.802583e+001,
3807812500, -3.928856e+001,
3809375000, -4.271123e+001,
3810937500, -4.423965e+001,
3812500000, -4.293848e+001,
3814062500, -4.146489e+001,
3815625000, -4.224780e+001,
3817187500, -4.438431e+001,
3818750000, -4.758160e+001,
3820312500, -4.741902e+001,
3821875000, -4.974643e+001,
3823437500, -5.589886e+001,
3825000000, -5.165622e+001,
3826562500, -5.371442e+001,
3828125000, -5.433191e+001,
3829687500, -5.311489e+001,
3831250000, -5.242899e+001,
3832812500, -5.445139e+001,
3834375000, -5.053885e+001,
3835937500, -4.551380e+001,
3837500000, -4.048132e+001,
3839062500, -3.879946e+001,
3840625000, -3.956536e+001,
3842187500, -4.188762e+001,
3843750000, -4.264205e+001,
3845312500, -4.200867e+001,
3846875000, -4.064285e+001,
3848437500, -4.051052e+001,
3850000000, -3.885329e+001,
3851562500, -3.804247e+001,
3853125000, -3.845104e+001,
3854687500, -3.806128e+001,
3856250000, -3.724895e+001,
3857812500, -3.933089e+001,
3859375000, -4.393448e+001,
3860937500, -4.278445e+001,
3862500000, -4.217256e+001,
3864062500, -4.280465e+001,
3865625000, -4.168901e+001,
3867187500, -4.367662e+001,
3868750000, -4.607156e+001,
3870312500, -4.322270e+001,
3871875000, -4.076388e+001,
3873437500, -3.978096e+001,
3875000000, -3.722630e+001,
3876562500, -3.706483e+001,
3878125000, -3.857656e+001,
3879687500, -3.932507e+001,
3881250000, -3.734847e+001,
3882812500, -3.602863e+001,
3884375000, -3.591177e+001,
3885937500, -3.982008e+001,
3887500000, -4.627152e+001,
3889062500, -4.481742e+001,
3890625000, -4.250132e+001,
3892187500, -4.014651e+001,
3893750000, -3.889381e+001,
3895312500, -3.841372e+001,
3896875000, -3.823759e+001,
3898437500, -3.728083e+001,
3900000000, -3.549710e+001,
3901562500, -3.378738e+001,
3903125000, -3.349237e+001,
3904687500, -3.247366e+001,
3906250000, -3.362257e+001,
3907812500, -3.659838e+001,
3909375000, -3.880370e+001,
3910937500, -3.764781e+001,
3912500000, -3.680454e+001,
3914062500, -3.798130e+001,
3915625000, -4.304890e+001,
3917187500, -5.511404e+001,
3918750000, -4.740495e+001,
3920312500, -4.136555e+001,
3921875000, -3.794897e+001,
3923437500, -3.554480e+001,
3925000000, -3.424128e+001,
3926562500, -3.314621e+001,
3928125000, -3.280426e+001,
3929687500, -3.306527e+001,
3931250000, -3.197359e+001,
3932812500, -3.030384e+001,
3934375000, -2.860613e+001,
3935937500, -2.803429e+001,
3937500000, -2.945593e+001,
3939062500, -3.111865e+001,
3940625000, -3.261552e+001,
3942187500, -3.155658e+001,
3943750000, -3.092218e+001,
3945312500, -3.157188e+001,
3946875000, -3.178801e+001,
3948437500, -3.376119e+001,
3950000000, -3.566146e+001,
3951562500, -3.357914e+001,
3953125000, -3.193955e+001,
3954687500, -3.143039e+001,
3956250000, -3.226232e+001,
3957812500, -3.107969e+001,
3959375000, -2.995983e+001,
3960937500, -2.916195e+001,
3962500000, -2.929121e+001,
3964062500, -2.884230e+001,
3965625000, -2.899726e+001,
3967187500, -3.000465e+001,
3968750000, -3.074151e+001,
3970312500, -2.996098e+001,
3971875000, -3.060858e+001,
3973437500, -3.341498e+001,
3975000000, -3.568312e+001,
3976562500, -3.460874e+001,
3978125000, -3.257482e+001,
3979687500, -3.096731e+001,
3981250000, -3.056342e+001,
3982812500, -3.111361e+001,
3984375000, -3.183680e+001,
3985937500, -3.269247e+001,
3987500000, -3.233381e+001,
3989062500, -2.980602e+001,
3990625000, -2.701705e+001,
3992187500, -2.619453e+001,
3993750000, -2.660618e+001,
3995312500, -2.655368e+001,
3996875000, -2.639831e+001,
3998437500, -2.678248e+001,
4000000000, -2.725302e+001,
4001562500, -2.761769e+001,
4003125000, -2.779808e+001,
4004687500, -2.823387e+001,
4006250000, -2.844922e+001,
4007812500, -2.864409e+001,
4009375000, -2.864577e+001,
4010937500, -2.873915e+001,
4012500000, -2.905626e+001,
4014062500, -2.916811e+001,
4015625000, -2.849384e+001,
4017187500, -2.742804e+001,
4018750000, -2.709464e+001,
4020312500, -2.660953e+001,
4021875000, -2.760649e+001,
4023437500, -2.940012e+001,
4025000000, -3.078048e+001,
4026562500, -3.115999e+001,
4028125000, -2.947504e+001,
4029687500, -2.683049e+001,
4031250000, -2.686185e+001,
4032812500, -2.754058e+001,
4034375000, -2.861319e+001,
4035937500, -2.985345e+001,
4037500000, -2.824349e+001,
4039062500, -2.541564e+001,
4040625000, -2.491845e+001,
4042187500, -2.575476e+001,
4043750000, -2.695201e+001,
4045312500, -2.800196e+001,
4046875000, -2.970729e+001,
4048437500, -2.899847e+001,
4050000000, -2.651887e+001,
4051562500, -2.427988e+001,
4053125000, -2.343302e+001,
4054687500, -2.307712e+001,
4056250000, -2.327470e+001,
4057812500, -2.369354e+001,
4059375000, -2.378326e+001,
4060937500, -2.444852e+001,
4062500000, -2.588775e+001,
4064062500, -2.480675e+001,
4065625000, -2.285534e+001,
4067187500, -2.271538e+001,
4068750000, -2.338244e+001,
4070312500, -2.375955e+001,
4071875000, -2.397985e+001,
4073437500, -2.493314e+001,
4075000000, -2.664272e+001,
4076562500, -2.884470e+001,
4078125000, -3.000453e+001,
4079687500, -2.892007e+001,
4081250000, -2.822161e+001,
4082812500, -2.876977e+001,
4084375000, -2.981800e+001,
4085937500, -3.139915e+001,
4087500000, -3.310490e+001,
4089062500, -3.563096e+001,
4090625000, -3.845557e+001,
4092187500, -4.213947e+001,
4093750000, -3.886314e+001,
4095312500, -3.868407e+001,
4096875000, -4.031338e+001,
4098437500, -3.698277e+001,
4100000000, -3.456873e+001,
4101562500, -3.480064e+001,
4103125000, -3.418616e+001,
4104687500, -3.442741e+001,
4106250000, -3.454562e+001,
4107812500, -3.321476e+001,
4109375000, -3.236968e+001,
4110937500, -3.099779e+001,
4112500000, -3.020254e+001,
4114062500, -3.010519e+001,
4115625000, -3.019823e+001,
4117187500, -3.074704e+001,
4118750000, -3.065096e+001,
4120312500, -3.139607e+001,
4121875000, -3.257601e+001,
4123437500, -3.383360e+001,
4125000000, -3.202023e+001,
4126562500, -2.859181e+001,
4128125000, -2.714037e+001,
4129687500, -2.666538e+001,
4131250000, -2.703706e+001,
4132812500, -2.695786e+001,
4134375000, -2.679940e+001,
4135937500, -2.609554e+001,
4137500000, -2.576901e+001,
4139062500, -2.503662e+001,
4140625000, -2.467299e+001,
4142187500, -2.390248e+001,
4143750000, -2.293462e+001,
4145312500, -2.162268e+001,
4146875000, -2.138793e+001,
4148437500, -2.166526e+001,
4150000000, -2.184813e+001,
4151562500, -2.197037e+001,
4153125000, -2.154329e+001,
4154687500, -2.097933e+001,
4156250000, -2.016030e+001,
4157812500, -1.921453e+001,
4159375000, -1.793429e+001,
4160937500, -1.704202e+001,
4162500000, -1.692718e+001,
4164062500, -1.750734e+001,
4165625000, -1.805400e+001,
4167187500, -1.810972e+001,
4168750000, -1.804526e+001,
4170312500, -1.730775e+001,
4171875000, -1.645783e+001,
4173437500, -1.523191e+001,
4175000000, -1.448775e+001,
4176562500, -1.444813e+001,
4178125000, -1.452046e+001,
4179687500, -1.409079e+001,
4181250000, -1.359768e+001,
4182812500, -1.339776e+001,
4184375000, -1.322494e+001,
4185937500, -1.281553e+001,
4187500000, -1.200908e+001,
4189062500, -1.124190e+001,
4190625000, -1.120962e+001,
4192187500, -1.258165e+001,
4193750000, -1.467061e+001,
4195312500, -1.539729e+001,
4196875000, -1.430133e+001,
4198437500, -1.346603e+001,
4200000000, -1.216797e+001,
4201562500, -1.113192e+001,
4203125000, -1.082122e+001,
4204687500, -1.135215e+001,
4206250000, -1.462494e+001,
4207812500, -2.014002e+001,
4209375000, -1.974825e+001,
4210937500, -1.516888e+001,
4212500000, -1.300344e+001,
4214062500, -1.276677e+001,
4215625000, -1.294805e+001,
4217187500, -1.269050e+001,
4218750000, -1.271917e+001,
4220312500, -1.451166e+001,
4221875000, -1.662993e+001,
4223437500, -1.561723e+001,
4225000000, -1.386539e+001,
4226562500, -1.223490e+001,
4228125000, -1.107177e+001,
4229687500, -1.010961e+001,
4231250000, -9.483252e+000,
4232812500, -9.452120e+000,
4234375000, -9.642547e+000,
4235937500, -9.860714e+000,
4237500000, -1.059813e+001,
4239062500, -1.100551e+001,
4240625000, -1.051396e+001,
4242187500, -9.458134e+000,
4243750000, -8.646903e+000,
4245312500, -8.083858e+000,
4246875000, -7.716740e+000,
4248437500, -8.385239e+000,
4250000000, -8.675947e+000,
4251562500, -9.231664e+000,
4253125000, -9.784021e+000,
4254687500, -9.881111e+000,
4256250000, -9.511508e+000,
4257812500, -9.008864e+000,
4259375000, -8.004651e+000,
4260937500, -7.091161e+000,
4262500000, -7.549428e+000,
4264062500, -8.966893e+000,
4265625000, -1.077531e+001,
4267187500, -1.122185e+001,
4268750000, -1.075817e+001,
4270312500, -1.055022e+001,
4271875000, -1.007392e+001,
4273437500, -9.157241e+000,
4275000000, -8.812940e+000,
4276562500, -9.724992e+000,
4278125000, -1.152161e+001,
4279687500, -1.287307e+001,
4281250000, -1.293126e+001,
4282812500, -1.262963e+001,
4284375000, -1.219931e+001,
4285937500, -1.177404e+001,
4287500000, -1.150453e+001,
4289062500, -1.148151e+001,
4290625000, -1.210655e+001,
4292187500, -1.321262e+001,
4293750000, -1.417198e+001,
4295312500, -1.404944e+001,
4296875000, -1.341596e+001,
4298437500, -1.308463e+001,
4300000000, -1.311716e+001,
4301562500, -1.306103e+001,
4303125000, -1.297324e+001,
4304687500, -1.334949e+001,
4306250000, -1.334821e+001,
4307812500, -1.264417e+001,
4309375000, -1.220545e+001,
4310937500, -1.217351e+001,
4312500000, -1.235876e+001,
4314062500, -1.272748e+001,
4315625000, -1.310219e+001,
4317187500, -1.269052e+001,
4318750000, -1.182624e+001,
4320312500, -1.178222e+001,
4321875000, -1.226898e+001,
4323437500, -1.261605e+001,
4325000000, -1.292628e+001,
4326562500, -1.343368e+001,
4328125000, -1.337728e+001,
4329687500, -1.330909e+001,
4331250000, -1.266558e+001,
4332812500, -1.160373e+001,
4334375000, -1.132196e+001,
4335937500, -1.126053e+001,
4337500000, -1.129258e+001,
4339062500, -1.176530e+001,
4340625000, -1.319683e+001,
4342187500, -1.453612e+001,
4343750000, -1.396833e+001,
4345312500, -1.292912e+001,
4346875000, -1.208065e+001,
4348437500, -1.148868e+001,
4350000000, -1.138231e+001,
4351562500, -1.191405e+001,
4353125000, -1.244875e+001,
4354687500, -1.218969e+001,
4356250000, -1.177541e+001,
4357812500, -1.190282e+001,
4359375000, -1.265017e+001,
4360937500, -1.393916e+001,
4362500000, -1.484922e+001,
4364062500, -1.414014e+001,
4365625000, -1.294887e+001,
4367187500, -1.263231e+001,
4368750000, -1.370892e+001,
4370312500, -1.543355e+001,
4371875000, -1.700406e+001,
4373437500, -1.812373e+001,
4375000000, -1.803631e+001,
4376562500, -1.885802e+001,
4378125000, -2.009281e+001,
4379687500, -2.112779e+001,
4381250000, -2.091195e+001,
4382812500, -2.013824e+001,
4384375000, -1.852377e+001,
4385937500, -1.781380e+001,
4387500000, -1.751239e+001,
4389062500, -1.743855e+001,
4390625000, -1.845887e+001,
4392187500, -1.901945e+001,
4393750000, -1.642513e+001,
4395312500, -1.516471e+001,
4396875000, -1.495228e+001,
4398437500, -1.474469e+001,
4400000000, -1.445889e+001,
4401562500, -1.383562e+001,
4403125000, -1.310428e+001,
4404687500, -1.280842e+001,
4406250000, -1.304056e+001,
4407812500, -1.325303e+001,
4409375000, -1.286657e+001,
4410937500, -1.257891e+001,
4412500000, -1.225318e+001,
4414062500, -1.204659e+001,
4415625000, -1.197960e+001,
4417187500, -1.208453e+001,
4418750000, -1.242265e+001,
4420312500, -1.293527e+001,
4421875000, -1.292447e+001,
4423437500, -1.261191e+001,
4425000000, -1.273236e+001,
4426562500, -1.294470e+001,
4428125000, -1.311462e+001,
4429687500, -1.319433e+001,
4431250000, -1.321999e+001,
4432812500, -1.334842e+001,
4434375000, -1.381406e+001,
4435937500, -1.381318e+001,
4437500000, -1.397545e+001,
4439062500, -1.425911e+001,
4440625000, -1.443279e+001,
4442187500, -1.449030e+001,
4443750000, -1.449041e+001,
4445312500, -1.458651e+001,
4446875000, -1.480650e+001,
4448437500, -1.508134e+001,
4450000000, -1.500351e+001,
4451562500, -1.497479e+001,
4453125000, -1.506190e+001,
4454687500, -1.532487e+001,
4456250000, -1.548171e+001,
4457812500, -1.547815e+001,
4459375000, -1.542948e+001,
4460937500, -1.541412e+001,
4462500000, -1.534421e+001,
4464062500, -1.505941e+001,
4465625000, -1.456076e+001,
4467187500, -1.453187e+001,
4468750000, -1.446566e+001,
4470312500, -1.430440e+001,
4471875000, -1.404831e+001,
4473437500, -1.393553e+001,
4475000000, -1.413563e+001,
4476562500, -1.456885e+001,
4478125000, -1.464835e+001,
4479687500, -1.446236e+001,
4481250000, -1.434099e+001,
4482812500, -1.450951e+001,
4484375000, -1.514758e+001,
4485937500, -1.600934e+001,
4487500000, -1.677700e+001,
4489062500, -1.714689e+001,
4490625000, -1.689987e+001,
4492187500, -1.609701e+001,
4493750000, -1.582357e+001,
4495312500, -1.654197e+001,
4496875000, -1.754775e+001,
4498437500, -1.798559e+001,
4500000000, -1.783152e+001,
4501562500, -1.732114e+001,
4503125000, -1.672536e+001,
4504687500, -1.647958e+001,
4506250000, -1.674962e+001,
4507812500, -1.713565e+001,
4509375000, -1.706192e+001,
4510937500, -1.663731e+001,
4512500000, -1.630793e+001,
4514062500, -1.613437e+001,
4515625000, -1.596990e+001,
4517187500, -1.569005e+001,
4518750000, -1.522354e+001,
4520312500, -1.478778e+001,
4521875000, -1.446857e+001,
4523437500, -1.422259e+001,
4525000000, -1.388662e+001,
4526562500, -1.363192e+001,
4528125000, -1.353078e+001,
4529687500, -1.344111e+001,
4531250000, -1.339076e+001,
4532812500, -1.344533e+001,
4534375000, -1.348751e+001,
4535937500, -1.350883e+001,
4537500000, -1.383622e+001,
4539062500, -1.452816e+001,
4540625000, -1.524979e+001,
4542187500, -1.545656e+001,
4543750000, -1.496199e+001,
4545312500, -1.450999e+001,
4546875000, -1.472542e+001,
4548437500, -1.538292e+001,
4550000000, -1.585043e+001,
4551562500, -1.587988e+001,
4553125000, -1.537757e+001,
4554687500, -1.516574e+001,
4556250000, -1.557507e+001,
4557812500, -1.584236e+001,
4559375000, -1.560941e+001,
4560937500, -1.527845e+001,
4562500000, -1.528967e+001,
4564062500, -1.557094e+001,
4565625000, -1.562751e+001,
4567187500, -1.511184e+001,
4568750000, -1.461854e+001,
4570312500, -1.447732e+001,
4571875000, -1.452202e+001,
4573437500, -1.442234e+001,
4575000000, -1.443425e+001,
4576562500, -1.465924e+001,
4578125000, -1.517940e+001,
4579687500, -1.574260e+001,
4581250000, -1.610520e+001,
4582812500, -1.642601e+001,
4584375000, -1.699581e+001,
4585937500, -1.791178e+001,
4587500000, -1.920259e+001,
4589062500, -2.012391e+001,
4590625000, -2.020055e+001,
4592187500, -2.008773e+001,
4593750000, -2.050129e+001,
4595312500, -2.157459e+001,
4596875000, -2.233056e+001,
4598437500, -2.225763e+001,
4600000000, -2.206735e+001,
4601562500, -2.222533e+001,
4603125000, -2.278090e+001,
4604687500, -2.329522e+001,
4606250000, -2.337921e+001,
4607812500, -2.321882e+001,
4609375000, -2.328117e+001,
4610937500, -2.338056e+001,
4612500000, -2.297075e+001,
4614062500, -2.240914e+001,
4615625000, -2.229870e+001,
4617187500, -2.249527e+001,
4618750000, -2.230159e+001,
4620312500, -2.169123e+001,
4621875000, -2.127210e+001,
4623437500, -2.127015e+001,
4625000000, -2.157315e+001,
4626562500, -2.170581e+001,
4628125000, -2.157546e+001,
4629687500, -2.126493e+001,
4631250000, -2.099400e+001,
4632812500, -2.069888e+001,
4634375000, -2.055726e+001,
4635937500, -2.060963e+001,
4637500000, -2.056120e+001,
4639062500, -2.030481e+001,
4640625000, -2.016711e+001,
4642187500, -2.039791e+001,
4643750000, -2.074689e+001,
4645312500, -2.075359e+001,
4646875000, -2.042851e+001,
4648437500, -2.031857e+001,
4650000000, -2.016876e+001,
4651562500, -1.970354e+001,
4653125000, -1.940122e+001,
4654687500, -1.966731e+001,
4656250000, -1.979733e+001,
4657812500, -1.962553e+001,
4659375000, -1.991557e+001,
4660937500, -2.035364e+001,
4662500000, -2.062848e+001,
4664062500, -2.095153e+001,
4665625000, -2.124088e+001,
4667187500, -2.109725e+001,
4668750000, -2.089173e+001,
4670312500, -2.110831e+001,
4671875000, -2.131039e+001,
4673437500, -2.098951e+001,
4675000000, -2.080076e+001,
4676562500, -2.134195e+001,
4678125000, -2.177732e+001,
4679687500, -2.167981e+001,
4681250000, -2.157413e+001,
4682812500, -2.169103e+001,
4684375000, -2.167188e+001,
4685937500, -2.185135e+001,
4687500000, -2.236011e+001,
4689062500, -2.276130e+001,
4690625000, -2.308444e+001,
4692187500, -2.359723e+001,
4693750000, -2.444488e+001,
4695312500, -2.516504e+001,
4696875000, -2.540282e+001,
4698437500, -2.523645e+001,
4700000000, -2.501873e+001,
4701562500, -2.464412e+001,
4703125000, -2.397726e+001,
4704687500, -2.361334e+001,
4706250000, -2.377975e+001,
4707812500, -2.376746e+001,
4709375000, -2.395730e+001,
4710937500, -2.459193e+001,
4712500000, -2.465540e+001,
4714062500, -2.469036e+001,
4715625000, -2.461526e+001,
4717187500, -2.392816e+001,
4718750000, -2.340951e+001,
4720312500, -2.290713e+001,
4721875000, -2.249638e+001,
4723437500, -2.198553e+001,
4725000000, -2.170734e+001,
4726562500, -2.139754e+001,
4728125000, -2.088908e+001,
4729687500, -2.044008e+001,
4731250000, -2.041148e+001,
4732812500, -2.076980e+001,
4734375000, -2.133590e+001,
4735937500, -2.197745e+001,
4737500000, -2.253291e+001,
4739062500, -2.306795e+001,
4740625000, -2.356240e+001,
4742187500, -2.432259e+001,
4743750000, -2.530071e+001,
4745312500, -2.622551e+001,
4746875000, -2.698593e+001,
4748437500, -2.756823e+001,
4750000000, -2.751930e+001,
4751562500, -2.675440e+001,
4753125000, -2.594300e+001,
4754687500, -2.591663e+001,
4756250000, -2.629004e+001,
4757812500, -2.706337e+001,
4759375000, -2.825157e+001,
4760937500, -2.903007e+001,
4762500000, -2.933534e+001,
4764062500, -2.903276e+001,
4765625000, -2.856644e+001,
4767187500, -2.847153e+001,
4768750000, -2.894074e+001,
4770312500, -2.897521e+001,
4771875000, -2.823630e+001,
4773437500, -2.682421e+001,
4775000000, -2.594297e+001,
4776562500, -2.605770e+001,
4778125000, -2.711736e+001,
4779687500, -2.821983e+001,
4781250000, -2.859993e+001,
4782812500, -2.811989e+001,
4784375000, -2.694045e+001,
4785937500, -2.606979e+001,
4787500000, -2.564093e+001,
4789062500, -2.549005e+001,
4790625000, -2.495005e+001,
4792187500, -2.431800e+001,
4793750000, -2.425483e+001,
4795312500, -2.480189e+001,
4796875000, -2.570539e+001,
4798437500, -2.614335e+001,
4800000000, -2.546902e+001,
4801562500, -2.551201e+001,
4803125000, -2.589530e+001,
4804687500, -2.690426e+001,
4806250000, -2.777198e+001,
4807812500, -2.782034e+001,
4809375000, -2.827055e+001,
4810937500, -2.918716e+001,
4812500000, -3.057284e+001,
4814062500, -3.073098e+001,
4815625000, -2.931290e+001,
4817187500, -2.879754e+001,
4818750000, -2.918689e+001,
4820312500, -2.994563e+001,
4821875000, -2.889189e+001,
4823437500, -2.819435e+001,
4825000000, -2.904417e+001,
4826562500, -3.028084e+001,
4828125000, -2.948882e+001,
4829687500, -2.850384e+001,
4831250000, -2.923189e+001,
4832812500, -3.060361e+001,
4834375000, -2.984873e+001,
4835937500, -2.890745e+001,
4837500000, -2.995709e+001,
4839062500, -3.153973e+001,
4840625000, -3.037067e+001,
4842187500, -3.019720e+001,
4843750000, -3.276378e+001,
4845312500, -3.285018e+001,
4846875000, -3.170329e+001,
4848437500, -3.405917e+001,
4850000000, -3.550183e+001,
4851562500, -3.377048e+001,
4853125000, -3.659628e+001,
4854687500, -3.818637e+001,
4856250000, -3.543924e+001,
4857812500, -3.915005e+001,
4859375000, -3.864951e+001,
4860937500, -3.663322e+001,
4862500000, -4.126740e+001,
4864062500, -3.900957e+001,
4865625000, -3.927919e+001,
4867187500, -4.451426e+001,
4868750000, -3.952279e+001,
4870312500, -4.699681e+001,
4871875000, -4.178519e+001,
4873437500, -4.471635e+001,
4875000000, -4.484592e+001,
4876562500, -4.468105e+001,
4878125000, -4.662013e+001,
4879687500, -4.452912e+001,
4881250000, -4.656648e+001,
4882812500, -4.722957e+001,
4884375000, -4.624989e+001,
4885937500, -5.622350e+001,
4887500000, -4.622631e+001,
4889062500, -5.149075e+001,
4890625000, -5.069209e+001,
4892187500, -4.654089e+001,
4893750000, -5.090091e+001,
4895312500, -5.721302e+001,
4896875000, -5.162857e+001,
4898437500, -4.928274e+001,
4900000000, -4.944953e+001,
4901562500, -4.951865e+001,
4903125000, -5.079701e+001,
4904687500, -5.082537e+001,
4906250000, -5.139772e+001,
4907812500, -5.178711e+001,
4909375000, -5.191967e+001,
4910937500, -5.187534e+001,
4912500000, -5.186222e+001,
4914062500, -5.192054e+001,
4915625000, -5.203285e+001,
4917187500, -5.202824e+001,
4918750000, -5.217785e+001,
4920312500, -5.221837e+001,
4921875000, -5.222200e+001,
4923437500, -5.227100e+001,
4925000000, -5.229920e+001,
4926562500, -5.239637e+001,
4928125000, -5.243481e+001,
4929687500, -5.241494e+001,
4931250000, -5.250519e+001,
4932812500, -5.249260e+001,
4934375000, -5.249018e+001,
4935937500, -5.264715e+001,
4937500000, -5.265512e+001,
4939062500, -5.271112e+001,
4940625000, -5.271041e+001,
4942187500, -5.286605e+001,
4943750000, -5.277605e+001,
4945312500, -5.277971e+001,
4946875000, -5.285100e+001,
4948437500, -5.283224e+001,
4950000000, -5.288824e+001,
4951562500, -5.293477e+001,
4953125000, -5.292240e+001,
4954687500, -5.299356e+001,
4956250000, -5.304079e+001,
4957812500, -5.296766e+001,
4959375000, -5.297760e+001,
4960937500, -5.307665e+001,
4962500000, -5.314399e+001,
4964062500, -5.322933e+001,
4965625000, -5.321547e+001,
4967187500, -5.328854e+001,
4968750000, -5.335704e+001,
4970312500, -5.347261e+001,
4971875000, -5.352717e+001,
4973437500, -5.348182e+001,
4975000000, -5.352242e+001,
4976562500, -5.353505e+001,
4978125000, -5.360048e+001,
4979687500, -5.351682e+001,
4981250000, -5.360987e+001,
4982812500, -5.363396e+001,
4984375000, -5.360204e+001,
4985937500, -5.362730e+001,
4987500000, -5.369764e+001,
4989062500, -5.362222e+001,
4990625000, -5.372553e+001,
4992187500, -5.382387e+001,
4993750000, -5.381879e+001,
4995312500, -5.390133e+001,
4996875000, -5.386014e+001,
4998437500, -5.394901e+001,
5000000000, -5.403979e+001,
5001562500, -5.398640e+001,
5003125000, -5.406141e+001,
5004687500, -5.413870e+001,
5006250000, -5.420536e+001,
5007812500, -5.418091e+001,
5009375000, -5.422865e+001,
5010937500, -5.419070e+001,
5012500000, -5.433794e+001,
5014062500, -5.436132e+001,
5015625000, -5.428431e+001,
5017187500, -5.444693e+001,
5018750000, -5.439436e+001,
5020312500, -5.441492e+001,
5021875000, -5.440073e+001,
5023437500, -5.446030e+001,
5025000000, -5.443125e+001,
5026562500, -5.446438e+001,
5028125000, -5.453851e+001,
5029687500, -5.456570e+001,
5031250000, -5.452819e+001,
5032812500, -5.461967e+001,
5034375000, -5.456457e+001,
5035937500, -5.466542e+001,
5037500000, -5.461079e+001,
5039062500, -5.466620e+001,
5040625000, -5.472389e+001,
5042187500, -5.482870e+001,
5043750000, -5.477527e+001,
5045312500, -5.485777e+001,
5046875000, -5.486063e+001,
5048437500, -5.495123e+001,
5050000000, -5.500598e+001,
5051562500, -5.494442e+001,
5053125000, -5.498869e+001,
5054687500, -5.500204e+001,
5056250000, -5.506007e+001,
5057812500, -5.504293e+001,
5059375000, -5.509148e+001,
5060937500, -5.520538e+001,
5062500000, -5.525217e+001,
5064062500, -5.518669e+001,
5065625000, -5.507411e+001,
5067187500, -5.519818e+001,
5068750000, -5.516888e+001,
5070312500, -5.531086e+001,
5071875000, -5.522333e+001,
5073437500, -5.528623e+001,
5075000000, -5.527099e+001,
5076562500, -5.540311e+001,
5078125000, -5.535663e+001,
5079687500, -5.523005e+001,
5081250000, -5.528130e+001,
5082812500, -5.529403e+001,
5084375000, -5.527670e+001,
5085937500, -5.529467e+001,
5087500000, -5.525367e+001,
5089062500, -5.534109e+001,
5090625000, -5.530994e+001,
5092187500, -5.524655e+001,
5093750000, -5.535749e+001,
5095312500, -5.530870e+001,
5096875000, -5.531350e+001,
5098437500, -5.535527e+001,
5100000000, -5.537062e+001,
5101562500, -5.526272e+001,
5103125000, -5.539567e+001,
5104687500, -5.541094e+001,
5106250000, -5.532907e+001,
5107812500, -5.539907e+001,
5109375000, -5.540570e+001,
5110937500, -5.542907e+001,
5112500000, -5.544758e+001,
5114062500, -5.549381e+001,
5115625000, -5.551463e+001,
5117187500, -5.551502e+001,
5118750000, -5.552978e+001,
5120312500, -5.565340e+001,
5121875000, -5.558371e+001,
5123437500, -5.557316e+001,
5125000000, -5.572131e+001,
5126562500, -5.568337e+001,
5128125000, -5.577676e+001,
5129687500, -5.578343e+001,
5131250000, -5.574014e+001,
5132812500, -5.587090e+001,
5134375000, -5.581739e+001,
5135937500, -5.592016e+001,
5137500000, -5.595092e+001,
5139062500, -5.603641e+001,
5140625000, -5.611372e+001,
5142187500, -5.618397e+001,
5143750000, -5.623841e+001,
5145312500, -5.632145e+001,
5146875000, -5.637267e+001,
5148437500, -5.634607e+001,
5150000000, -5.636642e+001,
5151562500, -5.654168e+001,
5153125000, -5.660499e+001,
5154687500, -5.663596e+001,
5156250000, -5.675374e+001,
5157812500, -5.681402e+001,
5159375000, -5.687282e+001,
5160937500, -5.695861e+001,
5162500000, -5.704353e+001,
5164062500, -5.712853e+001,
5165625000, -5.711963e+001,
5167187500, -5.735225e+001,
5168750000, -5.737347e+001,
5170312500, -5.756465e+001,
5171875000, -5.746135e+001,
5173437500, -5.765590e+001,
5175000000, -5.764193e+001,
5176562500, -5.766841e+001,
5178125000, -5.778257e+001,
5179687500, -5.789269e+001,
5181250000, -5.790295e+001,
5182812500, -5.812452e+001,
5184375000, -5.812227e+001,
5185937500, -5.820141e+001,
5187500000, -5.815231e+001,
5189062500, -5.811661e+001,
5190625000, -5.830733e+001,
5192187500, -5.866273e+001,
5193750000, -5.853686e+001,
5195312500, -5.854672e+001,
5196875000, -5.863815e+001,
5198437500, -5.871848e+001,
5200000000, -5.894561e+001,
5201562500, -5.865276e+001,
5203125000, -5.883626e+001,
5204687500, -5.904813e+001,
5206250000, -5.896146e+001,
5207812500, -5.893963e+001,
5209375000, -5.907589e+001,
5210937500, -5.921545e+001,
5212500000, -5.921636e+001,
5214062500, -5.928350e+001,
5215625000, -5.935260e+001,
5217187500, -5.944882e+001,
5218750000, -5.960378e+001,
5220312500, -5.955666e+001,
5221875000, -5.965147e+001,
5223437500, -5.964788e+001,
5225000000, -5.956548e+001,
5226562500, -5.970611e+001,
5228125000, -5.974495e+001,
5229687500, -5.978456e+001,
5231250000, -5.987494e+001,
5232812500, -5.988211e+001,
5234375000, -5.995003e+001,
5235937500, -5.989367e+001,
5237500000, -5.995875e+001,
5239062500, -5.998177e+001,
5240625000, -5.999424e+001,
5242187500, -5.992554e+001,
5243750000, -6.006396e+001,
5245312500, -6.006684e+001,
5246875000, -5.997829e+001,
5248437500, -6.011897e+001,
5250000000, -6.014812e+001,
5251562500, -6.007339e+001,
5253125000, -6.005107e+001,
5254687500, -6.023286e+001,
5256250000, -6.007490e+001,
5257812500, -6.023542e+001,
5259375000, -6.031794e+001,
5260937500, -6.041397e+001,
5262500000, -6.037278e+001,
5264062500, -6.042831e+001,
5265625000, -6.022659e+001,
5267187500, -6.040212e+001,
5268750000, -6.041766e+001,
5270312500, -6.033894e+001,
5271875000, -6.015976e+001,
5273437500, -6.028099e+001,
5275000000, -6.024701e+001,
5276562500, -6.042595e+001,
5278125000, -6.034150e+001,
5279687500, -6.019971e+001,
5281250000, -6.030391e+001,
5282812500, -6.054272e+001,
5284375000, -6.044127e+001,
5285937500, -6.032813e+001,
5287500000, -6.064501e+001,
5289062500, -6.056987e+001,
5290625000, -6.053945e+001,
5292187500, -6.054618e+001,
5293750000, -6.047670e+001,
5295312500, -6.049403e+001,
5296875000, -6.026089e+001,
5298437500, -6.030527e+001,
5300000000, -6.024059e+001,
5301562500, -6.041162e+001,
5303125000, -6.030196e+001,
5304687500, -6.023932e+001,
5306250000, -6.036121e+001,
5307812500, -6.029726e+001,
5309375000, -6.049073e+001,
5310937500, -6.050808e+001,
5312500000, -6.041864e+001,
5314062500, -6.046095e+001,
5315625000, -6.064566e+001,
5317187500, -6.059232e+001,
5318750000, -6.033692e+001,
5320312500, -6.053008e+001,
5321875000, -6.064322e+001,
5323437500, -6.071019e+001,
5325000000, -6.057632e+001,
5326562500, -6.074576e+001,
5328125000, -6.077189e+001,
5329687500, -6.078940e+001,
5331250000, -6.076352e+001,
5332812500, -6.094975e+001,
5334375000, -6.095105e+001,
5335937500, -6.089561e+001,
5337500000, -6.087000e+001,
5339062500, -6.090266e+001,
5340625000, -6.138577e+001,
5342187500, -6.125409e+001,
5343750000, -6.123412e+001,
5345312500, -6.113660e+001,
5346875000, -6.126339e+001,
5348437500, -6.109145e+001,
5350000000, -6.116307e+001,
5351562500, -6.114927e+001,
5353125000, -6.100555e+001,
5354687500, -6.105703e+001,
5356250000, -6.099335e+001,
5357812500, -6.118089e+001,
5359375000, -6.121083e+001,
5360937500, -6.120988e+001,
5362500000, -6.116367e+001,
5364062500, -6.124132e+001,
5365625000, -6.118008e+001,
5367187500, -6.120253e+001,
5368750000, -6.100318e+001,
5370312500, -6.099454e+001,
5371875000, -6.106298e+001,
5373437500, -6.096168e+001,
5375000000, -6.079952e+001,
5376562500, -6.075068e+001,
5378125000, -6.081483e+001,
5379687500, -6.050029e+001,
5381250000, -6.049437e+001,
5382812500, -6.061147e+001,
5384375000, -6.050718e+001,
5385937500, -6.058511e+001,
5387500000, -6.034174e+001,
5389062500, -6.054592e+001,
5390625000, -6.044653e+001,
5392187500, -6.028124e+001,
5393750000, -6.004280e+001,
5395312500, -6.015340e+001,
5396875000, -6.000607e+001,
5398437500, -5.973530e+001,
5400000000, -5.965004e+001,
5401562500, -5.967679e+001,
5403125000, -5.975987e+001,
5404687500, -5.960748e+001,
5406250000, -5.947663e+001,
5407812500, -5.955124e+001,
5409375000, -5.949718e+001,
5410937500, -5.943295e+001,
5412500000, -5.937181e+001,
5414062500, -5.929147e+001,
5415625000, -5.919684e+001,
5417187500, -5.914785e+001,
5418750000, -5.889044e+001,
5420312500, -5.888790e+001,
5421875000, -5.874353e+001,
5423437500, -5.868953e+001,
5425000000, -5.848867e+001,
5426562500, -5.841357e+001,
5428125000, -5.823623e+001,
5429687500, -5.826822e+001,
5431250000, -5.812557e+001,
5432812500, -5.805532e+001,
5434375000, -5.788617e+001,
5435937500, -5.784484e+001,
5437500000, -5.796227e+001,
5439062500, -5.786853e+001,
5440625000, -5.790975e+001,
5442187500, -5.780530e+001,
5443750000, -5.792897e+001,
5445312500, -5.769088e+001,
5446875000, -5.778406e+001,
5448437500, -5.756675e+001,
5450000000, -5.755632e+001,
5451562500, -5.757822e+001,
5453125000, -5.753492e+001,
5454687500, -5.751184e+001,
5456250000, -5.749485e+001,
5457812500, -5.742629e+001,
5459375000, -5.746220e+001,
5460937500, -5.744049e+001,
5462500000, -5.743636e+001,
5464062500, -5.731059e+001,
5465625000, -5.722230e+001,
5467187500, -5.730948e+001,
5468750000, -5.739173e+001,
5470312500, -5.710365e+001,
5471875000, -5.723879e+001,
5473437500, -5.712734e+001,
5475000000, -5.708826e+001,
5476562500, -5.708006e+001,
5478125000, -5.704931e+001,
5479687500, -5.700353e+001,
5481250000, -5.695200e+001,
5482812500, -5.685715e+001,
5484375000, -5.705806e+001,
5485937500, -5.684213e+001,
5487500000, -5.681462e+001,
5489062500, -5.681498e+001,
5490625000, -5.668563e+001,
5492187500, -5.679669e+001,
5493750000, -5.693443e+001,
5495312500, -5.686719e+001,
5496875000, -5.668264e+001,
5498437500, -5.678154e+001,
5500000000, -5.670337e+001,
