"S21 Log Mag"
"Frequency (Hz)","dB",
3000000000, -4.760264e+001,
3001562500, -4.774814e+001,
3003125000, -4.770965e+001,
3004687500, -4.765101e+001,
3006250000, -4.761193e+001,
3007812500, -4.767504e+001,
3009375000, -4.742128e+001,
3010937500, -4.743710e+001,
3012500000, -4.753273e+001,
3014062500, -4.734883e+001,
3015625000, -4.731941e+001,
3017187500, -4.738700e+001,
3018750000, -4.728163e+001,
3020312500, -4.730148e+001,
3021875000, -4.728250e+001,
3023437500, -4.724809e+001,
3025000000, -4.695626e+001,
3026562500, -4.714544e+001,
3028125000, -4.708483e+001,
3029687500, -4.689030e+001,
3031250000, -4.692567e+001,
3032812500, -4.692388e+001,
3034375000, -4.672971e+001,
3035937500, -4.687343e+001,
3037500000, -4.677770e+001,
3039062500, -4.678194e+001,
3040625000, -4.647079e+001,
3042187500, -4.663948e+001,
3043750000, -4.666876e+001,
3045312500, -4.648357e+001,
3046875000, -4.647406e+001,
3048437500, -4.660800e+001,
3050000000, -4.640804e+001,
3051562500, -4.639733e+001,
3053125000, -4.643690e+001,
3054687500, -4.651101e+001,
3056250000, -4.624110e+001,
3057812500, -4.618314e+001,
3059375000, -4.640834e+001,
3060937500, -4.627477e+001,
3062500000, -4.611962e+001,
3064062500, -4.629890e+001,
3065625000, -4.630874e+001,
3067187500, -4.608543e+001,
3068750000, -4.618139e+001,
3070312500, -4.623856e+001,
3071875000, -4.625161e+001,
3073437500, -4.591702e+001,
3075000000, -4.606086e+001,
3076562500, -4.618852e+001,
3078125000, -4.603946e+001,
3079687500, -4.585359e+001,
3081250000, -4.615108e+001,
3082812500, -4.607963e+001,
3084375000, -4.586340e+001,
3085937500, -4.594988e+001,
3087500000, -4.611545e+001,
3089062500, -4.613646e+001,
3090625000, -4.571159e+001,
3092187500, -4.580234e+001,
3093750000, -4.605976e+001,
3095312500, -4.591788e+001,
3096875000, -4.572671e+001,
3098437500, -4.594810e+001,
3100000000, -4.603126e+001,
3101562500, -4.570395e+001,
3103125000, -4.563056e+001,
3104687500, -4.589613e+001,
3106250000, -4.603362e+001,
3107812500, -4.564198e+001,
3109375000, -4.549882e+001,
3110937500, -4.579792e+001,
3112500000, -4.591457e+001,
3114062500, -4.554745e+001,
3115625000, -4.561786e+001,
3117187500, -4.592445e+001,
3118750000, -4.576612e+001,
3120312500, -4.544783e+001,
3121875000, -4.542499e+001,
3123437500, -4.581731e+001,
3125000000, -4.584176e+001,
3126562500, -4.536196e+001,
3128125000, -4.525006e+001,
3129687500, -4.565578e+001,
3131250000, -4.569602e+001,
3132812500, -4.531438e+001,
3134375000, -4.543091e+001,
3135937500, -4.568197e+001,
3137500000, -4.563140e+001,
3139062500, -4.524712e+001,
3140625000, -4.517156e+001,
3142187500, -4.567219e+001,
3143750000, -4.579647e+001,
3145312500, -4.534398e+001,
3146875000, -4.504668e+001,
3148437500, -4.539734e+001,
3150000000, -4.577235e+001,
3151562500, -4.539167e+001,
3153125000, -4.519135e+001,
3154687500, -4.554090e+001,
3156250000, -4.566422e+001,
3157812500, -4.547887e+001,
3159375000, -4.504310e+001,
3160937500, -4.522896e+001,
3162500000, -4.578234e+001,
3164062500, -4.568624e+001,
3165625000, -4.509592e+001,
3167187500, -4.499462e+001,
3168750000, -4.553625e+001,
3170312500, -4.581583e+001,
3171875000, -4.530383e+001,
3173437500, -4.529325e+001,
3175000000, -4.557856e+001,
3176562500, -4.596403e+001,
3178125000, -4.574144e+001,
3179687500, -4.508530e+001,
3181250000, -4.545108e+001,
3182812500, -4.602148e+001,
3184375000, -4.606702e+001,
3185937500, -4.557261e+001,
3187500000, -4.523143e+001,
3189062500, -4.584406e+001,
3190625000, -4.633994e+001,
3192187500, -4.581456e+001,
3193750000, -4.568680e+001,
3195312500, -4.580213e+001,
3196875000, -4.631974e+001,
3198437500, -4.640107e+001,
3200000000, -4.583296e+001,
3201562500, -4.561120e+001,
3203125000, -4.616944e+001,
3204687500, -4.684398e+001,
3206250000, -4.630302e+001,
3207812500, -4.588675e+001,
3209375000, -4.576849e+001,
3210937500, -4.675749e+001,
3212500000, -4.677007e+001,
3214062500, -4.634871e+001,
3215625000, -4.624096e+001,
3217187500, -4.633381e+001,
3218750000, -4.701103e+001,
3220312500, -4.709275e+001,
3221875000, -4.646487e+001,
3223437500, -4.606385e+001,
3225000000, -4.668337e+001,
3226562500, -4.732591e+001,
3228125000, -4.697963e+001,
3229687500, -4.643807e+001,
3231250000, -4.641011e+001,
3232812500, -4.718153e+001,
3234375000, -4.740679e+001,
3235937500, -4.708480e+001,
3237500000, -4.684816e+001,
3239062500, -4.655807e+001,
3240625000, -4.741544e+001,
3242187500, -4.795242e+001,
3243750000, -4.729846e+001,
3245312500, -4.675945e+001,
3246875000, -4.676923e+001,
3248437500, -4.777170e+001,
3250000000, -4.785963e+001,
3251562500, -4.733302e+001,
3253125000, -4.677351e+001,
3254687500, -4.698996e+001,
3256250000, -4.801841e+001,
3257812500, -4.766321e+001,
3259375000, -4.767492e+001,
3260937500, -4.689146e+001,
3262500000, -4.687573e+001,
3264062500, -4.793447e+001,
3265625000, -4.827000e+001,
3267187500, -4.755646e+001,
3268750000, -4.692142e+001,
3270312500, -4.693483e+001,
3271875000, -4.787394e+001,
3273437500, -4.796767e+001,
3275000000, -4.746219e+001,
3276562500, -4.671375e+001,
3278125000, -4.699229e+001,
3279687500, -4.802369e+001,
3281250000, -4.763276e+001,
3282812500, -4.794779e+001,
3284375000, -4.705939e+001,
3285937500, -4.629189e+001,
3287500000, -4.734734e+001,
3289062500, -4.834727e+001,
3290625000, -4.773250e+001,
3292187500, -4.686485e+001,
3293750000, -4.656168e+001,
3295312500, -4.715367e+001,
3296875000, -4.740534e+001,
3298437500, -4.762561e+001,
3300000000, -4.666903e+001,
3301562500, -4.633518e+001,
3303125000, -4.700084e+001,
3304687500, -4.719524e+001,
3306250000, -4.729251e+001,
3307812500, -4.755064e+001,
3309375000, -4.600909e+001,
3310937500, -4.562503e+001,
3312500000, -4.686981e+001,
3314062500, -4.779782e+001,
3315625000, -4.695021e+001,
3317187500, -4.600434e+001,
3318750000, -4.607561e+001,
3320312500, -4.630311e+001,
3321875000, -4.661460e+001,
3323437500, -4.683517e+001,
3325000000, -4.618151e+001,
3326562500, -4.562179e+001,
3328125000, -4.589978e+001,
3329687500, -4.611297e+001,
3331250000, -4.643415e+001,
3332812500, -4.709548e+001,
3334375000, -4.621045e+001,
3335937500, -4.437946e+001,
3337500000, -4.531902e+001,
3339062500, -4.695610e+001,
3340625000, -4.660452e+001,
3342187500, -4.577287e+001,
3343750000, -4.531815e+001,
3345312500, -4.563391e+001,
3346875000, -4.571500e+001,
3348437500, -4.602377e+001,
3350000000, -4.623823e+001,
3351562500, -4.571104e+001,
3353125000, -4.521869e+001,
3354687500, -4.531614e+001,
3356250000, -4.525575e+001,
3357812500, -4.627249e+001,
3359375000, -4.723560e+001,
3360937500, -4.597844e+001,
3362500000, -4.404938e+001,
3364062500, -4.492368e+001,
3365625000, -4.672465e+001,
3367187500, -4.659854e+001,
3368750000, -4.580713e+001,
3370312500, -4.544158e+001,
3371875000, -4.582428e+001,
3373437500, -4.552247e+001,
3375000000, -4.605907e+001,
3376562500, -4.594674e+001,
3378125000, -4.642404e+001,
3379687500, -4.619086e+001,
3381250000, -4.574054e+001,
3382812500, -4.480677e+001,
3384375000, -4.587786e+001,
3385937500, -4.741898e+001,
3387500000, -4.742883e+001,
3389062500, -4.597874e+001,
3390625000, -4.485511e+001,
3392187500, -4.591250e+001,
3393750000, -4.733501e+001,
3395312500, -4.705350e+001,
3396875000, -4.638972e+001,
3398437500, -4.634940e+001,
3400000000, -4.633927e+001,
3401562500, -4.593841e+001,
3403125000, -4.700920e+001,
3404687500, -4.635762e+001,
3406250000, -4.742970e+001,
3407812500, -4.815064e+001,
3409375000, -4.635574e+001,
3410937500, -4.519302e+001,
3412500000, -4.629826e+001,
3414062500, -4.713820e+001,
3415625000, -4.845520e+001,
3417187500, -4.726498e+001,
3418750000, -4.621663e+001,
3420312500, -4.635485e+001,
3421875000, -4.700701e+001,
3423437500, -4.746551e+001,
3425000000, -4.689891e+001,
3426562500, -4.737971e+001,
3428125000, -4.740018e+001,
3429687500, -4.595607e+001,
3431250000, -4.676729e+001,
3432812500, -4.683090e+001,
3434375000, -4.645266e+001,
3435937500, -4.812336e+001,
3437500000, -4.855718e+001,
3439062500, -4.690567e+001,
3440625000, -4.495805e+001,
3442187500, -4.645615e+001,
3443750000, -4.770852e+001,
3445312500, -4.755751e+001,
3446875000, -4.694343e+001,
3448437500, -4.665625e+001,
3450000000, -4.689328e+001,
3451562500, -4.715870e+001,
3453125000, -4.638629e+001,
3454687500, -4.615401e+001,
3456250000, -4.769019e+001,
3457812500, -4.831662e+001,
3459375000, -4.587697e+001,
3460937500, -4.626473e+001,
3462500000, -4.624028e+001,
3464062500, -4.551303e+001,
3465625000, -4.681868e+001,
3467187500, -4.842795e+001,
3468750000, -4.755513e+001,
3470312500, -4.578378e+001,
3471875000, -4.592243e+001,
3473437500, -4.711335e+001,
3475000000, -4.621551e+001,
3476562500, -4.624995e+001,
3478125000, -4.730759e+001,
3479687500, -4.689547e+001,
3481250000, -4.719725e+001,
3482812500, -4.685506e+001,
3484375000, -4.555723e+001,
3485937500, -4.547431e+001,
3487500000, -4.719885e+001,
3489062500, -4.915987e+001,
3490625000, -4.570306e+001,
3492187500, -4.649929e+001,
3493750000, -4.582524e+001,
3495312500, -4.567624e+001,
3496875000, -4.631093e+001,
3498437500, -4.714003e+001,
3500000000, -4.745472e+001,
3501562500, -4.636528e+001,
3503125000, -4.706029e+001,
3504687500, -4.728851e+001,
3506250000, -4.589835e+001,
3507812500, -4.601956e+001,
3509375000, -4.590211e+001,
3510937500, -4.763324e+001,
3512500000, -4.876475e+001,
3514062500, -4.779426e+001,
3515625000, -4.622231e+001,
3517187500, -4.462050e+001,
3518750000, -4.516064e+001,
3520312500, -4.851470e+001,
3521875000, -4.811147e+001,
3523437500, -4.684792e+001,
3525000000, -4.788839e+001,
3526562500, -4.679033e+001,
3528125000, -4.583501e+001,
3529687500, -4.715413e+001,
3531250000, -4.714059e+001,
3532812500, -4.702644e+001,
3534375000, -4.688072e+001,
3535937500, -4.895647e+001,
3537500000, -4.988311e+001,
3539062500, -4.614207e+001,
3540625000, -4.516321e+001,
3542187500, -4.518760e+001,
3543750000, -4.751606e+001,
3545312500, -5.102333e+001,
3546875000, -5.168193e+001,
3548437500, -4.821694e+001,
3550000000, -4.590017e+001,
3551562500, -4.429175e+001,
3553125000, -4.598148e+001,
3554687500, -5.072243e+001,
3556250000, -4.794274e+001,
3557812500, -4.823409e+001,
3559375000, -4.823452e+001,
3560937500, -4.885670e+001,
3562500000, -4.811015e+001,
3564062500, -4.783809e+001,
3565625000, -4.681997e+001,
3567187500, -4.604436e+001,
3568750000, -4.925980e+001,
3570312500, -5.356733e+001,
3571875000, -5.041636e+001,
3573437500, -4.740499e+001,
3575000000, -4.553769e+001,
3576562500, -4.397519e+001,
3578125000, -4.522808e+001,
3579687500, -4.867206e+001,
3581250000, -5.654853e+001,
3582812500, -5.277148e+001,
3584375000, -4.840984e+001,
3585937500, -4.637481e+001,
3587500000, -4.544773e+001,
3589062500, -4.780878e+001,
3590625000, -4.843618e+001,
3592187500, -4.907815e+001,
3593750000, -4.866034e+001,
3595312500, -4.933123e+001,
3596875000, -5.136626e+001,
3598437500, -4.873888e+001,
3600000000, -4.628281e+001,
3601562500, -4.660805e+001,
3603125000, -4.608734e+001,
3604687500, -5.009081e+001,
3606250000, -5.715673e+001,
3607812500, -5.548827e+001,
3609375000, -4.727803e+001,
3610937500, -4.470832e+001,
3612500000, -4.424127e+001,
3614062500, -4.491436e+001,
3615625000, -4.561891e+001,
3617187500, -4.932458e+001,
3618750000, -6.369418e+001,
3620312500, -5.151520e+001,
3621875000, -4.724918e+001,
3623437500, -4.552768e+001,
3625000000, -4.663309e+001,
3626562500, -4.805974e+001,
3628125000, -4.840878e+001,
3629687500, -4.959635e+001,
3631250000, -5.311441e+001,
3632812500, -5.334704e+001,
3634375000, -4.971606e+001,
3635937500, -4.620776e+001,
3637500000, -4.537679e+001,
3639062500, -4.247190e+001,
3640625000, -4.316492e+001,
3642187500, -4.908048e+001,
3643750000, -5.958968e+001,
3645312500, -5.895360e+001,
3646875000, -5.387127e+001,
3648437500, -4.556597e+001,
3650000000, -4.461042e+001,
3651562500, -4.452424e+001,
3653125000, -4.494033e+001,
3654687500, -4.612325e+001,
3656250000, -5.067983e+001,
3657812500, -5.821291e+001,
3659375000, -4.999012e+001,
3660937500, -4.754909e+001,
3662500000, -4.347646e+001,
3664062500, -4.498299e+001,
3665625000, -4.683825e+001,
3667187500, -4.797091e+001,
3668750000, -5.128091e+001,
3670312500, -6.240441e+001,
3671875000, -5.417752e+001,
3673437500, -4.768579e+001,
3675000000, -4.397813e+001,
3676562500, -4.251219e+001,
3678125000, -4.188923e+001,
3679687500, -4.292506e+001,
3681250000, -4.597594e+001,
3682812500, -4.865440e+001,
3684375000, -5.457228e+001,
3685937500, -7.662430e+001,
3687500000, -5.344767e+001,
3689062500, -4.762498e+001,
3690625000, -4.842015e+001,
3692187500, -4.774501e+001,
3693750000, -4.612070e+001,
3695312500, -4.977675e+001,
3696875000, -5.707828e+001,
3698437500, -5.438140e+001,
3700000000, -4.843808e+001,
3701562500, -4.548497e+001,
3703125000, -4.510565e+001,
3704687500, -4.231940e+001,
3706250000, -4.041087e+001,
3707812500, -4.143426e+001,
3709375000, -4.616533e+001,
3710937500, -5.047543e+001,
3712500000, -5.266471e+001,
3714062500, -4.875137e+001,
3715625000, -4.558488e+001,
3717187500, -4.366624e+001,
3718750000, -4.481879e+001,
3720312500, -4.462876e+001,
3721875000, -4.599128e+001,
3723437500, -4.581840e+001,
3725000000, -4.948550e+001,
3726562500, -4.909940e+001,
3728125000, -4.731669e+001,
3729687500, -5.613318e+001,
3731250000, -4.946951e+001,
3732812500, -4.820819e+001,
3734375000, -5.224500e+001,
3735937500, -5.401054e+001,
3737500000, -5.864027e+001,
3739062500, -5.570862e+001,
3740625000, -5.665021e+001,
3742187500, -4.620049e+001,
3743750000, -4.284166e+001,
3745312500, -4.389321e+001,
3746875000, -4.221375e+001,
3748437500, -3.779836e+001,
3750000000, -3.808565e+001,
3751562500, -3.999064e+001,
3753125000, -4.302485e+001,
3754687500, -4.811562e+001,
3756250000, -5.810488e+001,
3757812500, -5.435083e+001,
3759375000, -4.817587e+001,
3760937500, -5.009801e+001,
3762500000, -5.954272e+001,
3764062500, -5.322315e+001,
3765625000, -4.810860e+001,
3767187500, -5.084619e+001,
3768750000, -4.917728e+001,
3770312500, -4.083292e+001,
3771875000, -4.002819e+001,
3773437500, -4.171029e+001,
3775000000, -4.475146e+001,
3776562500, -4.567309e+001,
3778125000, -4.436161e+001,
3779687500, -4.438382e+001,
3781250000, -4.894361e+001,
3782812500, -5.134305e+001,
3784375000, -4.971246e+001,
3785937500, -5.195649e+001,
3787500000, -4.586723e+001,
3789062500, -4.266066e+001,
3790625000, -4.195603e+001,
3792187500, -3.937796e+001,
3793750000, -4.100320e+001,
3795312500, -4.119535e+001,
3796875000, -3.837011e+001,
3798437500, -4.129610e+001,
3800000000, -4.671127e+001,
3801562500, -4.251869e+001,
3803125000, -4.425172e+001,
3804687500, -4.874581e+001,
3806250000, -4.301071e+001,
3807812500, -4.267451e+001,
3809375000, -4.418177e+001,
3810937500, -4.485118e+001,
3812500000, -4.510913e+001,
3814062500, -4.558274e+001,
3815625000, -3.963874e+001,
3817187500, -3.785188e+001,
3818750000, -3.797968e+001,
3820312500, -3.823867e+001,
3821875000, -3.996815e+001,
3823437500, -4.111013e+001,
3825000000, -3.797034e+001,
3826562500, -3.738981e+001,
3828125000, -3.894479e+001,
3829687500, -4.153416e+001,
3831250000, -4.270311e+001,
3832812500, -4.182168e+001,
3834375000, -3.936074e+001,
3835937500, -3.859686e+001,
3837500000, -3.905111e+001,
3839062500, -4.083516e+001,
3840625000, -4.526898e+001,
3842187500, -4.166502e+001,
3843750000, -3.926760e+001,
3845312500, -3.926907e+001,
3846875000, -4.249587e+001,
3848437500, -4.119490e+001,
3850000000, -3.884605e+001,
3851562500, -3.900723e+001,
3853125000, -3.879827e+001,
3854687500, -3.933346e+001,
3856250000, -3.772428e+001,
3857812500, -3.730080e+001,
3859375000, -3.732294e+001,
3860937500, -3.633459e+001,
3862500000, -3.700383e+001,
3864062500, -3.869149e+001,
3865625000, -3.761609e+001,
3867187500, -3.499047e+001,
3868750000, -3.396044e+001,
3870312500, -3.470880e+001,
3871875000, -3.607695e+001,
3873437500, -3.682533e+001,
3875000000, -3.603722e+001,
3876562500, -3.607621e+001,
3878125000, -3.577618e+001,
3879687500, -3.583735e+001,
3881250000, -3.670513e+001,
3882812500, -3.777115e+001,
3884375000, -3.580589e+001,
3885937500, -3.402628e+001,
3887500000, -3.415244e+001,
3889062500, -3.493024e+001,
3890625000, -3.681844e+001,
3892187500, -3.968361e+001,
3893750000, -3.620863e+001,
3895312500, -3.481407e+001,
3896875000, -3.553870e+001,
3898437500, -3.526192e+001,
3900000000, -3.450773e+001,
3901562500, -3.353824e+001,
3903125000, -3.384768e+001,
3904687500, -3.544850e+001,
3906250000, -3.539957e+001,
3907812500, -3.447109e+001,
3909375000, -3.285736e+001,
3910937500, -3.210558e+001,
3912500000, -3.118715e+001,
3914062500, -2.974154e+001,
3915625000, -2.991527e+001,
3917187500, -3.097821e+001,
3918750000, -3.188259e+001,
3920312500, -3.183296e+001,
3921875000, -3.095888e+001,
3923437500, -3.018039e+001,
3925000000, -2.933017e+001,
3926562500, -2.928249e+001,
3928125000, -3.007447e+001,
3929687500, -3.053062e+001,
3931250000, -3.053440e+001,
3932812500, -3.029850e+001,
3934375000, -3.071573e+001,
3935937500, -3.161496e+001,
3937500000, -3.102513e+001,
3939062500, -3.083662e+001,
3940625000, -3.252617e+001,
3942187500, -3.075834e+001,
3943750000, -2.981582e+001,
3945312500, -2.907031e+001,
3946875000, -2.893444e+001,
3948437500, -2.947428e+001,
3950000000, -3.088003e+001,
3951562500, -3.115723e+001,
3953125000, -2.989879e+001,
3954687500, -2.837141e+001,
3956250000, -2.906498e+001,
3957812500, -2.853222e+001,
3959375000, -2.898855e+001,
3960937500, -2.928984e+001,
3962500000, -2.910362e+001,
3964062500, -2.836490e+001,
3965625000, -2.856038e+001,
3967187500, -2.935086e+001,
3968750000, -2.929272e+001,
3970312500, -2.699696e+001,
3971875000, -2.628832e+001,
3973437500, -2.708640e+001,
3975000000, -2.696193e+001,
3976562500, -2.506187e+001,
3978125000, -2.383811e+001,
3979687500, -2.456033e+001,
3981250000, -2.525751e+001,
3982812500, -2.605477e+001,
3984375000, -2.577359e+001,
3985937500, -2.471962e+001,
3987500000, -2.461340e+001,
3989062500, -2.445194e+001,
3990625000, -2.516538e+001,
3992187500, -2.606192e+001,
3993750000, -2.668987e+001,
3995312500, -2.562741e+001,
3996875000, -2.576747e+001,
3998437500, -2.635732e+001,
4000000000, -2.714857e+001,
4001562500, -2.760869e+001,
4003125000, -2.755437e+001,
4004687500, -2.681758e+001,
4006250000, -2.648214e+001,
4007812500, -2.633556e+001,
4009375000, -2.674760e+001,
4010937500, -2.820652e+001,
4012500000, -2.706620e+001,
4014062500, -2.671931e+001,
4015625000, -2.621227e+001,
4017187500, -2.554132e+001,
4018750000, -2.624887e+001,
4020312500, -2.741159e+001,
4021875000, -2.942936e+001,
4023437500, -2.723432e+001,
4025000000, -2.726991e+001,
4026562500, -2.752575e+001,
4028125000, -2.846245e+001,
4029687500, -2.939657e+001,
4031250000, -2.833790e+001,
4032812500, -2.711106e+001,
4034375000, -2.680797e+001,
4035937500, -2.676700e+001,
4037500000, -2.622121e+001,
4039062500, -2.351621e+001,
4040625000, -2.153366e+001,
4042187500, -2.273181e+001,
4043750000, -2.391746e+001,
4045312500, -2.343269e+001,
4046875000, -2.208296e+001,
4048437500, -2.026391e+001,
4050000000, -2.090632e+001,
4051562500, -2.168671e+001,
4053125000, -2.183113e+001,
4054687500, -2.212571e+001,
4056250000, -2.159819e+001,
4057812500, -1.970808e+001,
4059375000, -1.836901e+001,
4060937500, -1.894198e+001,
4062500000, -2.046963e+001,
4064062500, -2.151727e+001,
4065625000, -2.207451e+001,
4067187500, -2.428699e+001,
4068750000, -2.288449e+001,
4070312500, -2.184604e+001,
4071875000, -2.177871e+001,
4073437500, -2.202622e+001,
4075000000, -2.342738e+001,
4076562500, -2.692591e+001,
4078125000, -2.891854e+001,
4079687500, -2.582486e+001,
4081250000, -2.447478e+001,
4082812500, -2.494410e+001,
4084375000, -2.589462e+001,
4085937500, -2.695004e+001,
4087500000, -2.718706e+001,
4089062500, -2.657299e+001,
4090625000, -2.666654e+001,
4092187500, -2.569689e+001,
4093750000, -2.557334e+001,
4095312500, -2.645162e+001,
4096875000, -2.967027e+001,
4098437500, -3.231256e+001,
4100000000, -2.749096e+001,
4101562500, -2.485936e+001,
4103125000, -2.469023e+001,
4104687500, -2.577525e+001,
4106250000, -2.670848e+001,
4107812500, -2.754658e+001,
4109375000, -2.832962e+001,
4110937500, -2.868689e+001,
4112500000, -2.791834e+001,
4114062500, -2.772587e+001,
4115625000, -2.614994e+001,
4117187500, -2.512149e+001,
4118750000, -2.438672e+001,
4120312500, -2.347043e+001,
4121875000, -2.293066e+001,
4123437500, -2.355962e+001,
4125000000, -2.503956e+001,
4126562500, -2.590718e+001,
4128125000, -2.579754e+001,
4129687500, -2.627371e+001,
4131250000, -2.602350e+001,
4132812500, -2.528689e+001,
4134375000, -2.464832e+001,
4135937500, -2.360454e+001,
4137500000, -2.218095e+001,
4139062500, -2.140290e+001,
4140625000, -2.170848e+001,
4142187500, -2.127979e+001,
4143750000, -2.148479e+001,
4145312500, -2.111405e+001,
4146875000, -2.080466e+001,
4148437500, -2.026915e+001,
4150000000, -1.928239e+001,
4151562500, -1.803920e+001,
4153125000, -1.827025e+001,
4154687500, -1.922694e+001,
4156250000, -2.073372e+001,
4157812500, -2.137082e+001,
4159375000, -2.125958e+001,
4160937500, -2.090571e+001,
4162500000, -2.059827e+001,
4164062500, -2.032239e+001,
4165625000, -1.988069e+001,
4167187500, -1.939196e+001,
4168750000, -1.844419e+001,
4170312500, -1.765646e+001,
4171875000, -1.719011e+001,
4173437500, -1.708974e+001,
4175000000, -1.715261e+001,
4176562500, -1.680668e+001,
4178125000, -1.587676e+001,
4179687500, -1.450341e+001,
4181250000, -1.369151e+001,
4182812500, -1.312836e+001,
4184375000, -1.228785e+001,
4185937500, -1.163800e+001,
4187500000, -1.156194e+001,
4189062500, -1.164379e+001,
4190625000, -1.184895e+001,
4192187500, -1.209184e+001,
4193750000, -1.218468e+001,
4195312500, -1.150706e+001,
4196875000, -1.023790e+001,
4198437500, -8.641871e+000,
4200000000, -7.540177e+000,
4201562500, -7.561828e+000,
4203125000, -8.593668e+000,
4204687500, -1.028417e+001,
4206250000, -1.201029e+001,
4207812500, -1.267837e+001,
4209375000, -1.200301e+001,
4210937500, -1.076795e+001,
4212500000, -9.418351e+000,
4214062500, -8.455622e+000,
4215625000, -9.257731e+000,
4217187500, -1.181179e+001,
4218750000, -1.479020e+001,
4220312500, -1.611368e+001,
4221875000, -1.529455e+001,
4223437500, -1.408458e+001,
4225000000, -1.351400e+001,
4226562500, -1.242166e+001,
4228125000, -1.074307e+001,
4229687500, -1.131567e+001,
4231250000, -1.373054e+001,
4232812500, -1.541532e+001,
4234375000, -1.578648e+001,
4235937500, -1.523878e+001,
4237500000, -1.462222e+001,
4239062500, -1.381094e+001,
4240625000, -1.252633e+001,
4242187500, -1.109215e+001,
4243750000, -1.013837e+001,
4245312500, -1.057354e+001,
4246875000, -1.122005e+001,
4248437500, -1.118152e+001,
4250000000, -1.130547e+001,
4251562500, -1.158001e+001,
4253125000, -1.174040e+001,
4254687500, -1.194402e+001,
4256250000, -1.115679e+001,
4257812500, -9.876374e+000,
4259375000, -9.184719e+000,
4260937500, -9.741858e+000,
4262500000, -1.127271e+001,
4264062500, -1.264349e+001,
4265625000, -1.321462e+001,
4267187500, -1.332215e+001,
4268750000, -1.298423e+001,
4270312500, -1.154619e+001,
4271875000, -9.442743e+000,
4273437500, -8.761584e+000,
4275000000, -1.015752e+001,
4276562500, -1.227041e+001,
4278125000, -1.277103e+001,
4279687500, -1.232891e+001,
4281250000, -1.219610e+001,
4282812500, -1.162659e+001,
4284375000, -9.969439e+000,
4285937500, -8.340992e+000,
4287500000, -7.840786e+000,
4289062500, -8.386784e+000,
4290625000, -8.931242e+000,
4292187500, -9.268168e+000,
4293750000, -9.922058e+000,
4295312500, -1.021628e+001,
4296875000, -9.522946e+000,
4298437500, -8.360254e+000,
4300000000, -7.275078e+000,
4301562500, -6.894692e+000,
4303125000, -7.450585e+000,
4304687500, -8.553785e+000,
4306250000, -9.478669e+000,
4307812500, -9.718881e+000,
4309375000, -9.379386e+000,
4310937500, -8.556245e+000,
4312500000, -7.616472e+000,
4314062500, -7.417843e+000,
4315625000, -8.638098e+000,
4317187500, -1.065267e+001,
4318750000, -1.196009e+001,
4320312500, -1.247282e+001,
4321875000, -1.265880e+001,
4323437500, -1.194778e+001,
4325000000, -1.055067e+001,
4326562500, -9.712023e+000,
4328125000, -1.045173e+001,
4329687500, -1.214138e+001,
4331250000, -1.301415e+001,
4332812500, -1.277342e+001,
4334375000, -1.202975e+001,
4335937500, -1.107987e+001,
4337500000, -1.010257e+001,
4339062500, -9.294615e+000,
4340625000, -9.124432e+000,
4342187500, -1.014392e+001,
4343750000, -1.112113e+001,
4345312500, -1.146426e+001,
4346875000, -1.131405e+001,
4348437500, -1.084279e+001,
4350000000, -9.975213e+000,
4351562500, -9.273963e+000,
4353125000, -9.808198e+000,
4354687500, -1.162574e+001,
4356250000, -1.335161e+001,
4357812500, -1.430842e+001,
4359375000, -1.460686e+001,
4360937500, -1.420023e+001,
4362500000, -1.301270e+001,
4364062500, -1.196697e+001,
4365625000, -1.251570e+001,
4367187500, -1.351116e+001,
4368750000, -1.403174e+001,
4370312500, -1.442983e+001,
4371875000, -1.502650e+001,
4373437500, -1.514683e+001,
4375000000, -1.358795e+001,
4376562500, -1.224917e+001,
4378125000, -1.180364e+001,
4379687500, -1.196757e+001,
4381250000, -1.241637e+001,
4382812500, -1.278417e+001,
4384375000, -1.250280e+001,
4385937500, -1.171955e+001,
4387500000, -1.106579e+001,
4389062500, -1.114621e+001,
4390625000, -1.176192e+001,
4392187500, -1.247029e+001,
4393750000, -1.279976e+001,
4395312500, -1.260662e+001,
4396875000, -1.195738e+001,
4398437500, -1.150169e+001,
4400000000, -1.166334e+001,
4401562500, -1.193773e+001,
4403125000, -1.218454e+001,
4404687500, -1.215313e+001,
4406250000, -1.209658e+001,
4407812500, -1.201282e+001,
4409375000, -1.192132e+001,
4410937500, -1.212889e+001,
4412500000, -1.262054e+001,
4414062500, -1.306723e+001,
4415625000, -1.312275e+001,
4417187500, -1.287256e+001,
4418750000, -1.246502e+001,
4420312500, -1.223462e+001,
4421875000, -1.260402e+001,
4423437500, -1.300187e+001,
4425000000, -1.322027e+001,
4426562500, -1.329689e+001,
4428125000, -1.336714e+001,
4429687500, -1.374531e+001,
4431250000, -1.463504e+001,
4432812500, -1.506478e+001,
4434375000, -1.479645e+001,
4435937500, -1.495574e+001,
4437500000, -1.500259e+001,
4439062500, -1.486884e+001,
4440625000, -1.523540e+001,
4442187500, -1.654169e+001,
4443750000, -1.755031e+001,
4445312500, -1.797888e+001,
4446875000, -1.840313e+001,
4448437500, -1.808522e+001,
4450000000, -1.759719e+001,
4451562500, -1.805884e+001,
4453125000, -1.842228e+001,
4454687500, -1.832671e+001,
4456250000, -1.815176e+001,
4457812500, -1.799999e+001,
4459375000, -1.823645e+001,
4460937500, -1.916204e+001,
4462500000, -1.941522e+001,
4464062500, -1.873615e+001,
4465625000, -1.779531e+001,
4467187500, -1.729864e+001,
4468750000, -1.709581e+001,
4470312500, -1.702322e+001,
4471875000, -1.702195e+001,
4473437500, -1.683432e+001,
4475000000, -1.673354e+001,
4476562500, -1.716059e+001,
4478125000, -1.791898e+001,
4479687500, -1.831645e+001,
4481250000, -1.811641e+001,
4482812500, -1.754945e+001,
4484375000, -1.724654e+001,
4485937500, -1.742397e+001,
4487500000, -1.805037e+001,
4489062500, -1.815814e+001,
4490625000, -1.764436e+001,
4492187500, -1.684152e+001,
4493750000, -1.556386e+001,
4495312500, -1.474654e+001,
4496875000, -1.469505e+001,
4498437500, -1.484350e+001,
4500000000, -1.461361e+001,
4501562500, -1.391841e+001,
4503125000, -1.345834e+001,
4504687500, -1.383745e+001,
4506250000, -1.472041e+001,
4507812500, -1.547228e+001,
4509375000, -1.575994e+001,
4510937500, -1.553105e+001,
4512500000, -1.522927e+001,
4514062500, -1.562700e+001,
4515625000, -1.666340e+001,
4517187500, -1.725011e+001,
4518750000, -1.662122e+001,
4520312500, -1.534472e+001,
4521875000, -1.454012e+001,
4523437500, -1.445997e+001,
4525000000, -1.473167e+001,
4526562500, -1.465429e+001,
4528125000, -1.425242e+001,
4529687500, -1.409855e+001,
4531250000, -1.447441e+001,
4532812500, -1.493386e+001,
4534375000, -1.525054e+001,
4535937500, -1.520098e+001,
4537500000, -1.487357e+001,
4539062500, -1.476654e+001,
4540625000, -1.492924e+001,
4542187500, -1.535287e+001,
4543750000, -1.566131e+001,
4545312500, -1.570109e+001,
4546875000, -1.559753e+001,
4548437500, -1.540446e+001,
4550000000, -1.506989e+001,
4551562500, -1.494887e+001,
4553125000, -1.497643e+001,
4554687500, -1.493241e+001,
4556250000, -1.467704e+001,
4557812500, -1.435766e+001,
4559375000, -1.427588e+001,
4560937500, -1.442441e+001,
4562500000, -1.461680e+001,
4564062500, -1.457868e+001,
4565625000, -1.452504e+001,
4567187500, -1.487898e+001,
4568750000, -1.565429e+001,
4570312500, -1.618619e+001,
4571875000, -1.608106e+001,
4573437500, -1.564112e+001,
4575000000, -1.547324e+001,
4576562500, -1.557581e+001,
4578125000, -1.549421e+001,
4579687500, -1.511673e+001,
4581250000, -1.470429e+001,
4582812500, -1.476901e+001,
4584375000, -1.506238e+001,
4585937500, -1.514140e+001,
4587500000, -1.500567e+001,
4589062500, -1.511769e+001,
4590625000, -1.564232e+001,
4592187500, -1.613363e+001,
4593750000, -1.642915e+001,
4595312500, -1.639521e+001,
4596875000, -1.615229e+001,
4598437500, -1.605677e+001,
4600000000, -1.634691e+001,
4601562500, -1.686712e+001,
4603125000, -1.725252e+001,
4604687500, -1.754272e+001,
4606250000, -1.780617e+001,
4607812500, -1.814352e+001,
4609375000, -1.847330e+001,
4610937500, -1.883700e+001,
4612500000, -1.965472e+001,
4614062500, -2.077940e+001,
4615625000, -2.182308e+001,
4617187500, -2.234158e+001,
4618750000, -2.249722e+001,
4620312500, -2.321479e+001,
4621875000, -2.430092e+001,
4623437500, -2.413057e+001,
4625000000, -2.351778e+001,
4626562500, -2.328705e+001,
4628125000, -2.319950e+001,
4629687500, -2.295649e+001,
4631250000, -2.317549e+001,
4632812500, -2.393705e+001,
4634375000, -2.462313e+001,
4635937500, -2.408196e+001,
4637500000, -2.297723e+001,
4639062500, -2.247883e+001,
4640625000, -2.206244e+001,
4642187500, -2.130158e+001,
4643750000, -2.080024e+001,
4645312500, -2.058814e+001,
4646875000, -2.039487e+001,
4648437500, -2.050315e+001,
4650000000, -2.108500e+001,
4651562500, -2.145932e+001,
4653125000, -2.119410e+001,
4654687500, -2.088227e+001,
4656250000, -2.073766e+001,
4657812500, -2.046265e+001,
4659375000, -2.028782e+001,
4660937500, -2.032822e+001,
4662500000, -2.020493e+001,
4664062500, -1.989534e+001,
4665625000, -1.990026e+001,
4667187500, -2.026522e+001,
4668750000, -2.045417e+001,
4670312500, -2.035470e+001,
4671875000, -2.015224e+001,
4673437500, -1.990255e+001,
4675000000, -1.961845e+001,
4676562500, -1.938057e+001,
4678125000, -1.915849e+001,
4679687500, -1.895387e+001,
4681250000, -1.891908e+001,
4682812500, -1.916396e+001,
4684375000, -1.955287e+001,
4685937500, -1.972733e+001,
4687500000, -1.981682e+001,
4689062500, -1.990123e+001,
4690625000, -1.983604e+001,
4692187500, -1.972118e+001,
4693750000, -1.973876e+001,
4695312500, -1.982919e+001,
4696875000, -2.001615e+001,
4698437500, -2.049120e+001,
4700000000, -2.122074e+001,
4701562500, -2.179396e+001,
4703125000, -2.205257e+001,
4704687500, -2.231499e+001,
4706250000, -2.258066e+001,
4707812500, -2.274803e+001,
4709375000, -2.271528e+001,
4710937500, -2.283276e+001,
4712500000, -2.319294e+001,
4714062500, -2.372725e+001,
4715625000, -2.399452e+001,
4717187500, -2.408178e+001,
4718750000, -2.397887e+001,
4720312500, -2.372929e+001,
4721875000, -2.341488e+001,
4723437500, -2.314420e+001,
4725000000, -2.310174e+001,
4726562500, -2.324248e+001,
4728125000, -2.357314e+001,
4729687500, -2.371038e+001,
4731250000, -2.383535e+001,
4732812500, -2.328403e+001,
4734375000, -2.256565e+001,
4735937500, -2.172004e+001,
4737500000, -2.107596e+001,
4739062500, -2.082582e+001,
4740625000, -2.064189e+001,
4742187500, -2.074437e+001,
4743750000, -2.085775e+001,
4745312500, -2.086463e+001,
4746875000, -2.072077e+001,
4748437500, -2.068745e+001,
4750000000, -2.084397e+001,
4751562500, -2.161767e+001,
4753125000, -2.255801e+001,
4754687500, -2.329081e+001,
4756250000, -2.382233e+001,
4757812500, -2.407090e+001,
4759375000, -2.420052e+001,
4760937500, -2.460651e+001,
4762500000, -2.539853e+001,
4764062500, -2.626518e+001,
4765625000, -2.671065e+001,
4767187500, -2.677453e+001,
4768750000, -2.627569e+001,
4770312500, -2.549655e+001,
4771875000, -2.490458e+001,
4773437500, -2.458812e+001,
4775000000, -2.467687e+001,
4776562500, -2.473912e+001,
4778125000, -2.441774e+001,
4779687500, -2.388758e+001,
4781250000, -2.325551e+001,
4782812500, -2.296855e+001,
4784375000, -2.336489e+001,
4785937500, -2.386344e+001,
4787500000, -2.415568e+001,
4789062500, -2.405520e+001,
4790625000, -2.413391e+001,
4792187500, -2.434288e+001,
4793750000, -2.513453e+001,
4795312500, -2.640767e+001,
4796875000, -2.702846e+001,
4798437500, -2.645040e+001,
4800000000, -2.502853e+001,
4801562500, -2.458475e+001,
4803125000, -2.456389e+001,
4804687500, -2.451797e+001,
4806250000, -2.398787e+001,
4807812500, -2.340164e+001,
4809375000, -2.333634e+001,
4810937500, -2.402724e+001,
4812500000, -2.472842e+001,
4814062500, -2.513054e+001,
4815625000, -2.486705e+001,
4817187500, -2.493942e+001,
4818750000, -2.571576e+001,
4820312500, -2.659035e+001,
4821875000, -2.618905e+001,
4823437500, -2.557950e+001,
4825000000, -2.545017e+001,
4826562500, -2.596457e+001,
4828125000, -2.648814e+001,
4829687500, -2.579302e+001,
4831250000, -2.559155e+001,
4832812500, -2.630441e+001,
4834375000, -2.718634e+001,
4835937500, -2.674155e+001,
4837500000, -2.593546e+001,
4839062500, -2.658151e+001,
4840625000, -2.777002e+001,
4842187500, -2.754369e+001,
4843750000, -2.673754e+001,
4845312500, -2.755576e+001,
4846875000, -2.879208e+001,
4848437500, -2.827842e+001,
4850000000, -2.795473e+001,
4851562500, -2.926596e+001,
4853125000, -2.960344e+001,
4854687500, -2.873210e+001,
4856250000, -2.949668e+001,
4857812500, -3.092981e+001,
4859375000, -3.004619e+001,
4860937500, -3.063745e+001,
4862500000, -3.250721e+001,
4864062500, -3.151500e+001,
4865625000, -3.237640e+001,
4867187500, -3.534848e+001,
4868750000, -3.328492e+001,
4870312500, -3.445515e+001,
4871875000, -3.745626e+001,
4873437500, -3.474926e+001,
4875000000, -3.702271e+001,
4876562500, -3.704349e+001,
4878125000, -3.710008e+001,
4879687500, -4.292665e+001,
4881250000, -3.793108e+001,
4882812500, -4.259316e+001,
4884375000, -3.925214e+001,
4885937500, -4.180436e+001,
4887500000, -4.174859e+001,
4889062500, -4.293444e+001,
4890625000, -4.415505e+001,
4892187500, -4.523288e+001,
4893750000, -4.440993e+001,
4895312500, -4.910646e+001,
4896875000, -4.462407e+001,
4898437500, -6.812244e+001,
4900000000, -4.576668e+001,
4901562500, -5.041650e+001,
4903125000, -5.366268e+001,
4904687500, -4.809327e+001,
4906250000, -5.007417e+001,
4907812500, -5.334711e+001,
4909375000, -5.088055e+001,
4910937500, -4.964774e+001,
4912500000, -5.024832e+001,
4914062500, -5.105231e+001,
4915625000, -5.142386e+001,
4917187500, -5.126616e+001,
4918750000, -5.126129e+001,
4920312500, -5.126211e+001,
4921875000, -5.138145e+001,
4923437500, -5.142632e+001,
4925000000, -5.152530e+001,
4926562500, -5.153069e+001,
4928125000, -5.157672e+001,
4929687500, -5.168718e+001,
4931250000, -5.164892e+001,
4932812500, -5.168917e+001,
4934375000, -5.182853e+001,
4935937500, -5.184768e+001,
4937500000, -5.190686e+001,
4939062500, -5.192102e+001,
4940625000, -5.189484e+001,
4942187500, -5.195903e+001,
4943750000, -5.200423e+001,
4945312500, -5.203758e+001,
4946875000, -5.211390e+001,
4948437500, -5.204618e+001,
4950000000, -5.205331e+001,
4951562500, -5.211761e+001,
4953125000, -5.224059e+001,
4954687500, -5.225933e+001,
4956250000, -5.232788e+001,
4957812500, -5.235611e+001,
4959375000, -5.237626e+001,
4960937500, -5.218722e+001,
4962500000, -5.224715e+001,
4964062500, -5.248323e+001,
4965625000, -5.237958e+001,
4967187500, -5.211087e+001,
4968750000, -5.199432e+001,
4970312500, -5.205389e+001,
4971875000, -5.218550e+001,
4973437500, -5.229621e+001,
4975000000, -5.239539e+001,
4976562500, -5.263508e+001,
4978125000, -5.274201e+001,
4979687500, -5.285523e+001,
4981250000, -5.291395e+001,
4982812500, -5.299537e+001,
4984375000, -5.297802e+001,
4985937500, -5.285909e+001,
4987500000, -5.267283e+001,
4989062500, -5.264911e+001,
4990625000, -5.248892e+001,
4992187500, -5.252021e+001,
4993750000, -5.247553e+001,
4995312500, -5.255138e+001,
4996875000, -5.259503e+001,
4998437500, -5.268673e+001,
5000000000, -5.277427e+001,
5001562500, -5.276892e+001,
5003125000, -5.289483e+001,
5004687500, -5.302127e+001,
5006250000, -5.313173e+001,
5007812500, -5.313478e+001,
5009375000, -5.316392e+001,
5010937500, -5.336571e+001,
5012500000, -5.345710e+001,
5014062500, -5.351305e+001,
5015625000, -5.369422e+001,
5017187500, -5.362976e+001,
5018750000, -5.365865e+001,
5020312500, -5.381934e+001,
5021875000, -5.388747e+001,
5023437500, -5.387180e+001,
5025000000, -5.394378e+001,
5026562500, -5.397673e+001,
5028125000, -5.400585e+001,
5029687500, -5.413733e+001,
5031250000, -5.415874e+001,
5032812500, -5.399362e+001,
5034375000, -5.403972e+001,
5035937500, -5.396433e+001,
5037500000, -5.388161e+001,
5039062500, -5.382373e+001,
5040625000, -5.381356e+001,
5042187500, -5.365007e+001,
5043750000, -5.360545e+001,
5045312500, -5.358017e+001,
5046875000, -5.342341e+001,
5048437500, -5.344375e+001,
5050000000, -5.344041e+001,
5051562500, -5.351558e+001,
5053125000, -5.343626e+001,
5054687500, -5.343402e+001,
5056250000, -5.345925e+001,
5057812500, -5.354152e+001,
5059375000, -5.350272e+001,
5060937500, -5.351035e+001,
5062500000, -5.349226e+001,
5064062500, -5.346765e+001,
5065625000, -5.350248e+001,
5067187500, -5.342954e+001,
5068750000, -5.355418e+001,
5070312500, -5.342595e+001,
5071875000, -5.351183e+001,
5073437500, -5.353342e+001,
5075000000, -5.349245e+001,
5076562500, -5.344361e+001,
5078125000, -5.342675e+001,
5079687500, -5.346738e+001,
5081250000, -5.340796e+001,
5082812500, -5.339761e+001,
5084375000, -5.335945e+001,
5085937500, -5.343987e+001,
5087500000, -5.347511e+001,
5089062500, -5.340724e+001,
5090625000, -5.354066e+001,
5092187500, -5.347415e+001,
5093750000, -5.358942e+001,
5095312500, -5.367865e+001,
5096875000, -5.368351e+001,
5098437500, -5.374781e+001,
5100000000, -5.373489e+001,
5101562500, -5.373924e+001,
5103125000, -5.378617e+001,
5104687500, -5.384132e+001,
5106250000, -5.380024e+001,
5107812500, -5.390414e+001,
5109375000, -5.394979e+001,
5110937500, -5.399760e+001,
5112500000, -5.396700e+001,
5114062500, -5.401673e+001,
5115625000, -5.406874e+001,
5117187500, -5.413239e+001,
5118750000, -5.419081e+001,
5120312500, -5.426743e+001,
5121875000, -5.432324e+001,
5123437500, -5.435402e+001,
5125000000, -5.443922e+001,
5126562500, -5.462061e+001,
5128125000, -5.459201e+001,
5129687500, -5.471577e+001,
5131250000, -5.474570e+001,
5132812500, -5.486317e+001,
5134375000, -5.487588e+001,
5135937500, -5.508828e+001,
5137500000, -5.515993e+001,
5139062500, -5.515162e+001,
5140625000, -5.533754e+001,
5142187500, -5.533345e+001,
5143750000, -5.540810e+001,
5145312500, -5.551680e+001,
5146875000, -5.561615e+001,
5148437500, -5.559271e+001,
5150000000, -5.561644e+001,
5151562500, -5.574572e+001,
5153125000, -5.588242e+001,
5154687500, -5.591431e+001,
5156250000, -5.599000e+001,
5157812500, -5.590823e+001,
5159375000, -5.601583e+001,
5160937500, -5.589907e+001,
5162500000, -5.594983e+001,
5164062500, -5.601159e+001,
5165625000, -5.597017e+001,
5167187500, -5.603902e+001,
5168750000, -5.591234e+001,
5170312500, -5.608178e+001,
5171875000, -5.605817e+001,
5173437500, -5.599299e+001,
5175000000, -5.598243e+001,
5176562500, -5.612104e+001,
5178125000, -5.595839e+001,
5179687500, -5.604814e+001,
5181250000, -5.612271e+001,
5182812500, -5.608514e+001,
5184375000, -5.611427e+001,
5185937500, -5.630225e+001,
5187500000, -5.626863e+001,
5189062500, -5.633122e+001,
5190625000, -5.631822e+001,
5192187500, -5.647238e+001,
5193750000, -5.633201e+001,
5195312500, -5.643932e+001,
5196875000, -5.651165e+001,
5198437500, -5.646207e+001,
5200000000, -5.663438e+001,
5201562500, -5.664305e+001,
5203125000, -5.680083e+001,
5204687500, -5.665346e+001,
5206250000, -5.675929e+001,
5207812500, -5.687988e+001,
5209375000, -5.680482e+001,
5210937500, -5.703038e+001,
5212500000, -5.693773e+001,
5214062500, -5.706253e+001,
5215625000, -5.711343e+001,
5217187500, -5.715390e+001,
5218750000, -5.720983e+001,
5220312500, -5.717976e+001,
5221875000, -5.717830e+001,
5223437500, -5.739909e+001,
5225000000, -5.743757e+001,
5226562500, -5.742363e+001,
5228125000, -5.749092e+001,
5229687500, -5.757853e+001,
5231250000, -5.763239e+001,
5232812500, -5.773781e+001,
5234375000, -5.772431e+001,
5235937500, -5.774459e+001,
5237500000, -5.780294e+001,
5239062500, -5.774292e+001,
5240625000, -5.792615e+001,
5242187500, -5.788396e+001,
5243750000, -5.786845e+001,
5245312500, -5.781783e+001,
5246875000, -5.783254e+001,
5248437500, -5.789508e+001,
5250000000, -5.787814e+001,
5251562500, -5.794685e+001,
5253125000, -5.789056e+001,
5254687500, -5.784713e+001,
5256250000, -5.793032e+001,
5257812500, -5.799903e+001,
5259375000, -5.790004e+001,
5260937500, -5.796482e+001,
5262500000, -5.786744e+001,
5264062500, -5.787601e+001,
5265625000, -5.789531e+001,
5267187500, -5.793261e+001,
5268750000, -5.788253e+001,
5270312500, -5.786875e+001,
5271875000, -5.773940e+001,
5273437500, -5.780993e+001,
5275000000, -5.789209e+001,
5276562500, -5.791996e+001,
5278125000, -5.787433e+001,
5279687500, -5.805227e+001,
5281250000, -5.798737e+001,
5282812500, -5.805307e+001,
5284375000, -5.818042e+001,
5285937500, -5.808849e+001,
5287500000, -5.813298e+001,
5289062500, -5.805918e+001,
5290625000, -5.820184e+001,
5292187500, -5.817332e+001,
5293750000, -5.817428e+001,
5295312500, -5.824109e+001,
5296875000, -5.835151e+001,
5298437500, -5.831749e+001,
5300000000, -5.837758e+001,
5301562500, -5.843982e+001,
5303125000, -5.845178e+001,
5304687500, -5.866199e+001,
5306250000, -5.879670e+001,
5307812500, -5.877963e+001,
5309375000, -5.880719e+001,
5310937500, -5.886293e+001,
5312500000, -5.899623e+001,
5314062500, -5.881606e+001,
5315625000, -5.896692e+001,
5317187500, -5.888880e+001,
5318750000, -5.919873e+001,
5320312500, -5.917118e+001,
5321875000, -5.929818e+001,
5323437500, -5.940790e+001,
5325000000, -5.931446e+001,
5326562500, -5.947246e+001,
5328125000, -5.945874e+001,
5329687500, -5.968308e+001,
5331250000, -5.967474e+001,
5332812500, -5.967469e+001,
5334375000, -5.974036e+001,
5335937500, -5.992236e+001,
5337500000, -5.996320e+001,
5339062500, -5.991811e+001,
5340625000, -6.014116e+001,
5342187500, -6.003613e+001,
5343750000, -6.002758e+001,
5345312500, -6.016362e+001,
5346875000, -6.027297e+001,
5348437500, -6.026086e+001,
5350000000, -6.040966e+001,
5351562500, -6.033737e+001,
5353125000, -6.021276e+001,
5354687500, -6.039014e+001,
5356250000, -6.028128e+001,
5357812500, -6.015704e+001,
5359375000, -6.015070e+001,
5360937500, -6.008142e+001,
5362500000, -6.005159e+001,
5364062500, -5.993615e+001,
5365625000, -6.014114e+001,
5367187500, -5.995098e+001,
5368750000, -6.003056e+001,
5370312500, -5.994436e+001,
5371875000, -5.991524e+001,
5373437500, -5.992120e+001,
5375000000, -5.976151e+001,
5376562500, -5.990539e+001,
5378125000, -5.983733e+001,
5379687500, -5.962135e+001,
5381250000, -5.955554e+001,
5382812500, -5.950104e+001,
5384375000, -5.945267e+001,
5385937500, -5.941973e+001,
5387500000, -5.911913e+001,
5389062500, -5.923794e+001,
5390625000, -5.904969e+001,
5392187500, -5.914961e+001,
5393750000, -5.888092e+001,
5395312500, -5.887973e+001,
5396875000, -5.872102e+001,
5398437500, -5.867573e+001,
5400000000, -5.863573e+001,
5401562500, -5.856932e+001,
5403125000, -5.838944e+001,
5404687500, -5.854874e+001,
5406250000, -5.839872e+001,
5407812500, -5.848253e+001,
5409375000, -5.828084e+001,
5410937500, -5.828086e+001,
5412500000, -5.815071e+001,
5414062500, -5.822884e+001,
5415625000, -5.799520e+001,
5417187500, -5.788263e+001,
5418750000, -5.786654e+001,
5420312500, -5.779494e+001,
5421875000, -5.787123e+001,
5423437500, -5.774609e+001,
5425000000, -5.768948e+001,
5426562500, -5.763412e+001,
5428125000, -5.768789e+001,
5429687500, -5.751192e+001,
5431250000, -5.754322e+001,
5432812500, -5.754560e+001,
5434375000, -5.746279e+001,
5435937500, -5.747488e+001,
5437500000, -5.757209e+001,
5439062500, -5.756907e+001,
5440625000, -5.752000e+001,
5442187500, -5.746809e+001,
5443750000, -5.749882e+001,
5445312500, -5.745577e+001,
5446875000, -5.723169e+001,
5448437500, -5.735599e+001,
5450000000, -5.721079e+001,
5451562500, -5.716686e+001,
5453125000, -5.717044e+001,
5454687500, -5.711220e+001,
5456250000, -5.719945e+001,
5457812500, -5.695822e+001,
5459375000, -5.717559e+001,
5460937500, -5.700383e+001,
5462500000, -5.706871e+001,
5464062500, -5.705101e+001,
5465625000, -5.710230e+001,
5467187500, -5.717256e+001,
5468750000, -5.710201e+001,
5470312500, -5.706118e+001,
5471875000, -5.716288e+001,
5473437500, -5.725720e+001,
5475000000, -5.713518e+001,
5476562500, -5.699556e+001,
5478125000, -5.710950e+001,
5479687500, -5.709320e+001,
5481250000, -5.698972e+001,
5482812500, -5.693761e+001,
5484375000, -5.677014e+001,
5485937500, -5.686649e+001,
5487500000, -5.674010e+001,
5489062500, -5.689697e+001,
5490625000, -5.684109e+001,
5492187500, -5.698606e+001,
5493750000, -5.687988e+001,
5495312500, -5.688491e+001,
5496875000, -5.683789e+001,
5498437500, -5.683475e+001,
5500000000, -5.675729e+001,
