"S12 Phase"
"Frequency (Hz)","Deg",
4000000000, -5.824147e+001,
4000825000, -5.848597e+001,
4001650000, -5.403080e+001,
4002475000, -4.868293e+001,
4003300000, -4.583065e+001,
4004125000, -4.582001e+001,
4004950000, -4.686140e+001,
4005775000, -4.848065e+001,
4006600000, -5.096344e+001,
4007425000, -5.353188e+001,
4008250000, -5.704187e+001,
4009075000, -6.065385e+001,
4009900000, -6.452356e+001,
4010725000, -6.748636e+001,
4011550000, -7.038983e+001,
4012375000, -7.261858e+001,
4013200000, -7.137050e+001,
4014025000, -6.823437e+001,
4014850000, -6.607619e+001,
4015675000, -6.435473e+001,
4016500000, -6.352465e+001,
4017325000, -6.428696e+001,
4018150000, -6.454904e+001,
4018975000, -6.398160e+001,
4019800000, -6.515008e+001,
4020625000, -6.927585e+001,
4021450000, -7.248934e+001,
4022275000, -7.608402e+001,
4023100000, -7.999197e+001,
4023925000, -8.449010e+001,
4024750000, -8.554513e+001,
4025575000, -8.708373e+001,
4026400000, -8.581675e+001,
4027225000, -8.159717e+001,
4028050000, -7.792112e+001,
4028875000, -7.842793e+001,
4029700000, -8.123128e+001,
4030525000, -8.333535e+001,
4031350000, -8.536794e+001,
4032175000, -8.776647e+001,
4033000000, -8.905331e+001,
4033825000, -8.885455e+001,
4034650000, -8.931717e+001,
4035475000, -8.993244e+001,
4036300000, -9.102366e+001,
4037125000, -9.401889e+001,
4037950000, -9.837637e+001,
4038775000, -1.035566e+002,
4039600000, -1.064576e+002,
4040425000, -1.037997e+002,
4041250000, -1.016642e+002,
4042075000, -1.015129e+002,
4042900000, -1.023056e+002,
4043725000, -1.015962e+002,
4044550000, -1.028002e+002,
4045375000, -1.044419e+002,
4046200000, -1.053780e+002,
4047025000, -1.041648e+002,
4047850000, -1.028276e+002,
4048675000, -1.036850e+002,
4049500000, -1.071094e+002,
4050325000, -1.122219e+002,
4051150000, -1.190141e+002,
4051975000, -1.240382e+002,
4052800000, -1.253651e+002,
4053625000, -1.246024e+002,
4054450000, -1.245754e+002,
4055275000, -1.238747e+002,
4056100000, -1.201261e+002,
4056925000, -1.170089e+002,
4057750000, -1.157784e+002,
4058575000, -1.140371e+002,
4059400000, -1.130244e+002,
4060225000, -1.154070e+002,
4061050000, -1.193147e+002,
4061875000, -1.251676e+002,
4062700000, -1.297319e+002,
4063525000, -1.314735e+002,
4064350000, -1.336961e+002,
4065175000, -1.347552e+002,
4066000000, -1.345270e+002,
4066825000, -1.353509e+002,
4067650000, -1.345200e+002,
4068475000, -1.345332e+002,
4069300000, -1.360462e+002,
4070125000, -1.387739e+002,
4070950000, -1.393469e+002,
4071775000, -1.378162e+002,
4072600000, -1.368172e+002,
4073425000, -1.380484e+002,
4074250000, -1.400676e+002,
4075075000, -1.420411e+002,
4075900000, -1.439234e+002,
4076725000, -1.455275e+002,
4077550000, -1.490990e+002,
4078375000, -1.554260e+002,
4079200000, -1.593680e+002,
4080025000, -1.578142e+002,
4080850000, -1.522128e+002,
4081675000, -1.497516e+002,
4082500000, -1.502405e+002,
4083325000, -1.520232e+002,
4084150000, -1.551751e+002,
4084975000, -1.565016e+002,
4085800000, -1.581689e+002,
4086625000, -1.583927e+002,
4087450000, -1.592067e+002,
4088275000, -1.609955e+002,
4089100000, -1.632444e+002,
4089925000, -1.649022e+002,
4090750000, -1.656857e+002,
4091575000, -1.685224e+002,
4092400000, -1.714560e+002,
4093225000, -1.720352e+002,
4094050000, -1.712983e+002,
4094875000, -1.736383e+002,
4095700000, -1.758471e+002,
4096525000, 1.797720e+002,
4097350000, 1.756801e+002,
4098175000, 1.753938e+002,
4099000000, -1.776679e+002,
4099825000, -1.713240e+002,
4100650000, -1.710227e+002,
4101475000, -1.731868e+002,
4102300000, -1.743911e+002,
4103125000, -1.757602e+002,
4103950000, -1.789220e+002,
4104775000, 1.781433e+002,
4105600000, 1.759980e+002,
4106425000, 1.765637e+002,
4107250000, 1.751215e+002,
4108075000, 1.730910e+002,
4108900000, 1.718446e+002,
4109725000, 1.725366e+002,
4110550000, 1.706582e+002,
4111375000, 1.684345e+002,
4112200000, 1.635947e+002,
4113025000, 1.610973e+002,
4113850000, 1.608988e+002,
4114675000, 1.659923e+002,
4115500000, 1.700677e+002,
4116325000, 1.682853e+002,
4117150000, 1.647848e+002,
4117975000, 1.608895e+002,
4118800000, 1.562298e+002,
4119625000, 1.521875e+002,
4120450000, 1.525885e+002,
4121275000, 1.544374e+002,
4122100000, 1.535541e+002,
4122925000, 1.519703e+002,
4123750000, 1.517850e+002,
4124575000, 1.538660e+002,
4125400000, 1.544533e+002,
4126225000, 1.525218e+002,
4127050000, 1.496720e+002,
4127875000, 1.462188e+002,
4128700000, 1.465362e+002,
4129525000, 1.486080e+002,
4130350000, 1.476253e+002,
4131175000, 1.490885e+002,
4132000000, 1.504213e+002,
4132825000, 1.497530e+002,
4133650000, 1.466385e+002,
4134475000, 1.425785e+002,
4135300000, 1.370379e+002,
4136125000, 1.321748e+002,
4136950000, 1.317152e+002,
4137775000, 1.333999e+002,
4138600000, 1.330540e+002,
4139425000, 1.307792e+002,
4140250000, 1.268579e+002,
4141075000, 1.249324e+002,
4141900000, 1.248666e+002,
4142725000, 1.370707e+002,
4143550000, 1.445191e+002,
4144375000, 1.451315e+002,
4145200000, 1.420452e+002,
4146025000, 1.353638e+002,
4146850000, 1.293491e+002,
4147675000, 1.254917e+002,
4148500000, 1.224727e+002,
4149325000, 1.204151e+002,
4150150000, 1.202519e+002,
4150975000, 1.221854e+002,
4151800000, 1.214458e+002,
4152625000, 1.221605e+002,
4153450000, 1.211724e+002,
4154275000, 1.193111e+002,
4155100000, 1.198062e+002,
4155925000, 1.231950e+002,
4156750000, 1.226719e+002,
4157575000, 1.220313e+002,
4158400000, 1.199247e+002,
4159225000, 1.174325e+002,
4160050000, 1.150960e+002,
4160875000, 1.117599e+002,
4161700000, 1.061500e+002,
4162525000, 1.007651e+002,
4163350000, 9.369981e+001,
4164175000, 8.712075e+001,
4165000000, 8.989569e+001,
4165825000, 1.131397e+002,
4166650000, 1.186699e+002,
4167475000, 1.178093e+002,
4168300000, 1.163808e+002,
4169125000, 1.145363e+002,
4169950000, 1.115577e+002,
4170775000, 1.065574e+002,
4171600000, 1.009760e+002,
4172425000, 9.240461e+001,
4173250000, 8.799322e+001,
4174075000, 8.495554e+001,
4174900000, 8.484816e+001,
4175725000, 8.654571e+001,
4176550000, 8.898978e+001,
4177375000, 9.269990e+001,
4178200000, 1.037573e+002,
4179025000, 1.077447e+002,
4179850000, 1.046541e+002,
4180675000, 1.006047e+002,
4181500000, 9.588571e+001,
4182325000, 8.934403e+001,
4183150000, 8.427336e+001,
4183975000, 8.236522e+001,
4184800000, 8.110679e+001,
4185625000, 7.578975e+001,
4186450000, 6.964528e+001,
4187275000, 6.278737e+001,
4188100000, 6.934242e+001,
4188925000, 9.871086e+001,
4189750000, 1.018138e+002,
4190575000, 1.009817e+002,
4191400000, 9.999353e+001,
4192225000, 9.603522e+001,
4193050000, 9.034082e+001,
4193875000, 8.475134e+001,
4194700000, 7.892576e+001,
4195525000, 7.445977e+001,
4196350000, 7.011439e+001,
4197175000, 6.489876e+001,
4198000000, 5.993083e+001,
4198825000, 5.600367e+001,
4199650000, 5.290029e+001,
4200475000, 4.963551e+001,
4201300000, 4.717869e+001,
4202125000, 4.895024e+001,
4202950000, 5.575256e+001,
4203775000, 6.146765e+001,
4204600000, 6.652443e+001,
4205425000, 7.317010e+001,
4206250000, 7.840964e+001,
4207075000, 7.759408e+001,
4207900000, 6.751937e+001,
4208725000, 5.609035e+001,
4209550000, 4.457863e+001,
4210375000, 3.018046e+001,
4211200000, 1.746860e+001,
4212025000, 2.030237e+001,
4212850000, 3.553066e+001,
4213675000, 5.423230e+001,
4214500000, 5.995168e+001,
4215325000, 5.758371e+001,
4216150000, 5.586959e+001,
4216975000, 5.311726e+001,
4217800000, 5.095443e+001,
4218625000, 4.603980e+001,
4219450000, 3.702368e+001,
4220275000, 2.982960e+001,
4221100000, 2.848061e+001,
4221925000, 2.641605e+001,
4222750000, 3.142710e+001,
4223575000, 4.760250e+001,
4224400000, 5.220827e+001,
4225225000, 4.942412e+001,
4226050000, 5.008106e+001,
4226875000, 5.081254e+001,
4227700000, 4.395607e+001,
4228525000, 3.390570e+001,
4229350000, 2.357679e+001,
4230175000, 1.338729e+001,
4231000000, 6.230210e+000,
4231825000, -1.712595e+000,
4232650000, -1.086620e+001,
4233475000, -1.151571e+001,
4234300000, -1.701126e+001,
4235125000, -3.022155e+001,
4235950000, -4.644209e+001,
4236775000, 8.320662e+001,
4237600000, 8.148816e+001,
4238425000, 6.223797e+001,
4239250000, 4.969073e+001,
4240075000, 4.572857e+001,
4240900000, 4.351703e+001,
4241725000, 3.271499e+001,
4242550000, 2.268606e+001,
4243375000, 1.537953e+001,
4244200000, 1.281062e+001,
4245025000, 1.381929e+001,
4245850000, 1.107233e+001,
4246675000, 6.526529e+000,
4247500000, 4.359584e+000,
4248325000, 1.953748e+000,
4249150000, -2.918506e+000,
4249975000, -5.630510e+000,
4250800000, -1.373489e+001,
4251625000, -2.449664e+001,
4252450000, -3.740613e+001,
4253275000, -4.674780e+001,
4254100000, -5.085436e+001,
4254925000, -5.470778e+001,
4255750000, -5.428564e+001,
4256575000, -4.828670e+001,
4257400000, -3.137819e+001,
4258225000, 9.138955e-002,
4259050000, 2.079928e+001,
4259875000, 3.884167e+001,
4260700000, 3.144372e+001,
4261525000, 1.872622e+001,
4262350000, 5.225530e+000,
4263175000, -2.730587e+000,
4264000000, -6.728195e+000,
4264825000, -7.708143e+000,
4265650000, -1.323161e+001,
4266475000, -2.550714e+001,
4267300000, -3.985781e+001,
4268125000, -5.604519e+001,
4268950000, -7.135661e+001,
4269775000, -8.593539e+001,
4270600000, -1.009354e+002,
4271425000, -1.195819e+002,
4272250000, -1.474024e+002,
4273075000, 1.680311e+002,
4273900000, 1.183664e+002,
4274725000, 8.025286e+001,
4275550000, 5.926022e+001,
4276375000, 3.959228e+001,
4277200000, 1.907973e+001,
4278025000, 7.082921e-002,
4278850000, -1.610691e+001,
4279675000, -3.027189e+001,
4280500000, -4.150446e+001,
4281325000, -5.128165e+001,
4282150000, -6.305833e+001,
4282975000, -7.412233e+001,
4283800000, -8.984549e+001,
4284625000, -1.083552e+002,
4285450000, -1.300744e+002,
4286275000, -1.563379e+002,
4287100000, 1.631882e+002,
4287925000, 9.294019e+001,
4288750000, 4.600160e+001,
4289575000, 2.555243e+001,
4290400000, 1.264286e+001,
4291225000, 5.835829e-001,
4292050000, -1.765735e+001,
4292875000, -4.418579e+001,
4293700000, -7.451204e+001,
4294525000, -9.092286e+001,
4295350000, -8.926027e+001,
4296175000, -9.287474e+001,
4297000000, -9.791500e+001,
4297825000, -9.292414e+001,
4298650000, -7.974426e+001,
4299475000, -5.167914e+001,
4300300000, 1.556784e+001,
4301125000, 9.310794e+000,
4301950000, -9.040904e+000,
4302775000, -3.088797e+001,
4303600000, -4.924246e+001,
4304425000, -6.639237e+001,
4305250000, -8.698753e+001,
4306075000, -1.115750e+002,
4306900000, -1.332405e+002,
4307725000, -1.498126e+002,
4308550000, -1.599305e+002,
4309375000, -1.722543e+002,
4310200000, 1.676483e+002,
4311025000, 1.403094e+002,
4311850000, 9.951935e+001,
4312675000, 6.013618e+001,
4313500000, 2.483106e+001,
4314325000, -1.402932e+000,
4315150000, -2.091225e+001,
4315975000, -3.380295e+001,
4316800000, -4.470493e+001,
4317625000, -5.913989e+001,
4318450000, -6.739921e+001,
4319275000, -7.155338e+001,
4320100000, -7.682891e+001,
4320925000, -8.604038e+001,
4321750000, -1.025997e+002,
4322575000, -1.231877e+002,
4323400000, -1.475432e+002,
4324225000, -1.704472e+002,
4325050000, 1.709007e+002,
4325875000, 1.633851e+002,
4326700000, 1.543005e+002,
4327525000, 1.364728e+002,
4328350000, 1.146563e+002,
4329175000, 8.865891e+001,
4330000000, 6.374829e+001,
4330825000, 4.239598e+001,
4331650000, 1.397117e+001,
4332475000, -1.240505e+001,
4333300000, -3.129248e+001,
4334125000, -5.691122e+001,
4334950000, -8.343497e+001,
4335775000, -1.023019e+002,
4336600000, -1.127635e+002,
4337425000, -1.265128e+002,
4338250000, -1.400990e+002,
4339075000, -1.526475e+002,
4339900000, -1.734662e+002,
4340725000, 3.504457e+000,
4341550000, -2.866235e+001,
4342375000, -5.605250e+001,
4343200000, -7.382465e+001,
4344025000, -8.644053e+001,
4344850000, -9.432665e+001,
4345675000, -9.883405e+001,
4346500000, -1.054479e+002,
4347325000, -1.126029e+002,
4348150000, -1.216985e+002,
4348975000, -1.347297e+002,
4349800000, -1.509702e+002,
4350625000, -1.675534e+002,
4351450000, -1.798975e+002,
4352275000, 1.676984e+002,
4353100000, 1.490590e+002,
4353925000, 1.298416e+002,
4354750000, 1.134413e+002,
4355575000, 9.658527e+001,
4356400000, 8.481181e+001,
4357225000, 6.982155e+001,
4358050000, 5.653419e+001,
4358875000, 5.091830e+001,
4359700000, 4.489260e+001,
4360525000, 2.327708e+001,
4361350000, -1.501591e+000,
4362175000, -2.218573e+001,
4363000000, -3.994855e+001,
4363825000, -5.733587e+001,
4364650000, -7.832117e+001,
4365475000, -9.978475e+001,
4366300000, -1.196621e+002,
4367125000, -1.271449e+002,
4367950000, -1.157257e+002,
4368775000, -1.009062e+002,
4369600000, -8.613852e+001,
4370425000, -8.234833e+001,
4371250000, -8.786562e+001,
4372075000, -1.029861e+002,
4372900000, -1.293599e+002,
4373725000, -1.603221e+002,
4374550000, 1.726995e+002,
4375375000, 1.500607e+002,
4376200000, 1.331721e+002,
4377025000, 1.117013e+002,
4377850000, 9.479156e+001,
4378675000, 8.959695e+001,
4379500000, 9.476648e+001,
4380325000, 5.609485e+001,
4381150000, 2.550110e+000,
4381975000, -5.127417e+001,
4382800000, -9.903976e+001,
4383625000, -1.068630e+002,
4384450000, -9.101135e+001,
4385275000, -1.049176e+002,
4386100000, -1.278651e+002,
4386925000, -1.558869e+002,
4387750000, -1.754252e+002,
4388575000, 1.709888e+002,
4389400000, 1.482955e+002,
4390225000, 1.223166e+002,
4391050000, 9.818809e+001,
4391875000, 7.412736e+001,
4392700000, 4.801645e+001,
4393525000, 2.157547e+001,
4394350000, -6.661669e+000,
4395175000, -3.196385e+001,
4396000000, -5.003261e+001,
4396825000, -6.325241e+001,
4397650000, -7.650993e+001,
4398475000, -9.346059e+001,
4399300000, -1.161782e+002,
4400125000, -1.399883e+002,
4400950000, -1.602308e+002,
4401775000, 1.791073e+002,
4402600000, 1.470197e+002,
4403425000, 7.477115e+001,
4404250000, -2.710001e+001,
4405075000, -8.521703e+001,
4405900000, -1.314187e+002,
4406725000, -1.649656e+002,
4407550000, 1.764674e+002,
4408375000, 1.678980e+002,
4409200000, 1.616596e+002,
4410025000, 1.582138e+002,
4410850000, 1.598122e+002,
4411675000, 1.546427e+002,
4412500000, 1.403632e+002,
4413325000, 1.248204e+002,
4414150000, 1.107616e+002,
4414975000, 9.810893e+001,
4415800000, 9.596626e+001,
4416625000, 9.709444e+001,
4417450000, 8.986203e+001,
4418275000, 7.887870e+001,
4419100000, 7.604883e+001,
4419925000, 7.697420e+001,
4420750000, 7.838257e+001,
4421575000, 8.107101e+001,
4422400000, 8.448210e+001,
4423225000, 9.682080e+001,
4424050000, 9.976035e+001,
4424875000, 9.071277e+001,
4425700000, 7.564776e+001,
4426525000, 5.708889e+001,
4427350000, 3.094710e+001,
4428175000, -3.171539e+000,
4429000000, -3.907738e+001,
4429825000, -6.643924e+001,
4430650000, -8.388093e+001,
4431475000, -9.272976e+001,
4432300000, -9.916707e+001,
4433125000, -1.066644e+002,
4433950000, -1.167180e+002,
4434775000, -1.273309e+002,
4435600000, -1.388085e+002,
4436425000, -1.489956e+002,
4437250000, -1.572993e+002,
4438075000, -1.643213e+002,
4438900000, -1.722366e+002,
4439725000, 1.743460e+002,
4440550000, 1.578202e+002,
4441375000, 1.373474e+002,
4442200000, 1.163515e+002,
4443025000, 1.014206e+002,
4443850000, 9.151395e+001,
4444675000, 6.738725e+001,
4445500000, 3.324359e+001,
4446325000, 1.779601e+000,
4447150000, -3.013590e+001,
4447975000, -6.882856e+001,
4448800000, -1.017237e+002,
4449625000, -1.250160e+002,
4450450000, -1.435600e+002,
4451275000, -1.663306e+002,
4452100000, 1.654047e+002,
4452925000, 1.335781e+002,
4453750000, 1.041872e+002,
4454575000, 8.108868e+001,
4455400000, 6.291750e+001,
4456225000, 4.620248e+001,
4457050000, 2.894848e+001,
4457875000, 1.470030e+001,
4458700000, 6.952521e+000,
4459525000, -7.631810e-001,
4460350000, 2.903658e+001,
4461175000, 7.176143e+001,
4462000000, 7.275705e+001,
4462825000, 6.895596e+001,
4463650000, 6.053618e+001,
4464475000, 4.729320e+001,
4465300000, 2.752718e+001,
4466125000, 1.885119e+000,
4466950000, -3.202270e+001,
4467775000, -7.204642e+001,
4468600000, -1.070955e+002,
4469425000, -1.327318e+002,
4470250000, -1.515840e+002,
4471075000, -1.630567e+002,
4471900000, -1.702773e+002,
4472725000, -1.772713e+002,
4473550000, 1.748351e+002,
4474375000, 1.671001e+002,
4475200000, 1.556270e+002,
4476025000, 1.450318e+002,
4476850000, 1.343922e+002,
4477675000, 1.223502e+002,
4478500000, 1.215175e+002,
4479325000, 1.270842e+002,
4480150000, 1.559545e+002,
4480975000, 1.591293e+002,
4481800000, 1.385965e+002,
4482625000, 1.027251e+002,
4483450000, 6.424671e+001,
4484275000, 3.301655e+001,
4485100000, 7.720838e+000,
4485925000, -1.525349e+001,
4486750000, -3.272257e+001,
4487575000, -4.480806e+001,
4488400000, -5.887626e+001,
4489225000, -7.438508e+001,
4490050000, -8.708917e+001,
4490875000, -1.017431e+002,
4491700000, -1.160458e+002,
4492525000, -1.289182e+002,
4493350000, -1.377390e+002,
4494175000, -1.453370e+002,
4495000000, -1.531137e+002,
4495825000, -1.595543e+002,
4496650000, -1.622471e+002,
4497475000, -1.656175e+002,
4498300000, -1.704156e+002,
4499125000, -1.762483e+002,
4499950000, 1.677711e+002,
4500775000, 1.494216e+002,
4501600000, 1.326998e+002,
4502425000, 1.102055e+002,
4503250000, 8.418255e+001,
4504075000, 6.588714e+001,
4504900000, 5.181533e+001,
4505725000, 3.872423e+001,
4506550000, 2.676615e+001,
4507375000, 1.494465e+001,
4508200000, 2.414601e+000,
4509025000, -1.126763e+001,
4509850000, -2.587199e+001,
4510675000, -4.249393e+001,
4511500000, -6.085806e+001,
4512325000, -7.701640e+001,
4513150000, -8.994333e+001,
4513975000, -9.898508e+001,
4514800000, -9.632198e+001,
4515625000, -9.555537e+001,
4516450000, -9.749157e+001,
4517275000, -9.800151e+001,
4518100000, -1.026239e+002,
4518925000, -1.084434e+002,
4519750000, -1.133701e+002,
4520575000, -1.130452e+002,
4521400000, -1.074340e+002,
4522225000, -1.056542e+002,
4523050000, -1.096322e+002,
4523875000, -1.213327e+002,
4524700000, -1.350486e+002,
4525525000, -1.536240e+002,
4526350000, 1.792136e+002,
4527175000, 1.506379e+002,
4528000000, 1.254911e+002,
4528825000, 1.027457e+002,
4529650000, 8.341694e+001,
4530475000, 6.777254e+001,
4531300000, 5.515575e+001,
4532125000, 4.267312e+001,
4532950000, 3.338080e+001,
4533775000, 2.499325e+001,
4534600000, 1.293781e+001,
4535425000, -1.469733e-001,
4536250000, -1.199726e+001,
4537075000, -2.195514e+001,
4537900000, -3.158922e+001,
4538725000, -4.183723e+001,
4539550000, -4.774309e+001,
4540375000, -5.246850e+001,
4541200000, -6.083432e+001,
4542025000, -7.164039e+001,
4542850000, -8.280625e+001,
4543675000, -1.018903e+002,
4544500000, -1.220397e+002,
4545325000, -1.440711e+002,
4546150000, -1.631628e+002,
4546975000, 1.798001e+002,
4547800000, 1.658028e+002,
4548625000, 1.544096e+002,
4549450000, 1.428977e+002,
4550275000, 1.323673e+002,
4551100000, 1.223155e+002,
4551925000, 1.115860e+002,
4552750000, 1.019330e+002,
4553575000, 9.385706e+001,
4554400000, 8.768297e+001,
4555225000, 7.849963e+001,
4556050000, 7.076922e+001,
4556875000, 5.607956e+001,
4557700000, 3.934109e+001,
4558525000, 2.022833e+001,
4559350000, -3.021343e+000,
4560175000, -2.652543e+001,
4561000000, -4.974827e+001,
4561825000, -7.264350e+001,
4562650000, -9.335742e+001,
4563475000, -1.170529e+002,
4564300000, -1.413926e+002,
4565125000, -1.349256e+002,
4565950000, -1.193147e+002,
4566775000, -1.372029e+002,
4567600000, -1.503888e+002,
4568425000, -1.630633e+002,
4569250000, -1.751685e+002,
4570075000, 1.710937e+002,
4570900000, 1.662046e+002,
4571725000, 1.467870e+002,
4572550000, 1.323414e+002,
4573375000, 1.131247e+002,
4574200000, 9.455387e+001,
4575025000, 7.038878e+001,
4575850000, 4.618011e+001,
4576675000, 2.260002e+001,
4577500000, -9.814185e-002,
4578325000, -2.150488e+001,
4579150000, -3.818464e+001,
4579975000, -5.038443e+001,
4580800000, -5.858875e+001,
4581625000, -6.696248e+001,
4582450000, -7.611898e+001,
4583275000, -8.521587e+001,
4584100000, -9.227064e+001,
4584925000, -1.011103e+002,
4585750000, -1.090061e+002,
4586575000, -1.182736e+002,
4587400000, -1.306713e+002,
4588225000, -1.425645e+002,
4589050000, -1.507330e+002,
4589875000, -1.622659e+002,
4590700000, -1.794297e+002,
4591525000, 1.607441e+002,
4592350000, 1.391424e+002,
4593175000, 1.172067e+002,
4594000000, 9.687141e+001,
4594825000, 7.974220e+001,
4595650000, 6.693181e+001,
4596475000, 5.841489e+001,
4597300000, 5.278269e+001,
4598125000, 4.583218e+001,
4598950000, 3.529453e+001,
4599775000, 2.283930e+001,
4600600000, 1.047005e+001,
4601425000, -1.053801e+000,
4602250000, -1.269618e+001,
4603075000, -2.441276e+001,
4603900000, -3.550732e+001,
4604725000, -4.590693e+001,
4605550000, -5.801586e+001,
4606375000, -7.388404e+001,
4607200000, -9.367480e+001,
4608025000, -1.151207e+002,
4608850000, -1.361648e+002,
4609675000, -1.554962e+002,
4610500000, -1.715223e+002,
4611325000, 1.772291e+002,
4612150000, 1.668350e+002,
4612975000, 1.539956e+002,
4613800000, 1.406807e+002,
4614625000, 1.292549e+002,
4615450000, 1.189268e+002,
4616275000, 1.072656e+002,
4617100000, 9.265070e+001,
4617925000, 7.587437e+001,
4618750000, 5.901433e+001,
4619575000, 4.244026e+001,
4620400000, 2.558453e+001,
4621225000, 8.062754e+000,
4622050000, -9.975206e+000,
4622875000, -2.714294e+001,
4623700000, -4.098593e+001,
4624525000, -5.023752e+001,
4625350000, -5.547509e+001,
4626175000, -6.010707e+001,
4627000000, -6.769631e+001,
4627825000, -7.824286e+001,
4628650000, -9.127015e+001,
4629475000, -1.062911e+002,
4630300000, -1.222092e+002,
4631125000, -1.381948e+002,
4631950000, -1.541132e+002,
4632775000, -1.703124e+002,
4633600000, 1.739675e+002,
4634425000, 1.584562e+002,
4635250000, 1.450632e+002,
4636075000, 1.352064e+002,
4636900000, 1.275610e+002,
4637725000, 1.200915e+002,
4638550000, 1.117029e+002,
4639375000, 1.019640e+002,
4640200000, 9.027832e+001,
4641025000, 7.659093e+001,
4641850000, 6.181357e+001,
4642675000, 4.638731e+001,
4643500000, 3.077933e+001,
4644325000, 1.594954e+001,
4645150000, 2.311037e+000,
4645975000, -1.026329e+001,
4646800000, -2.207314e+001,
4647625000, -3.337168e+001,
4648450000, -4.441521e+001,
4649275000, -5.564805e+001,
4650100000, -6.703965e+001,
4650925000, -7.747774e+001,
4651750000, -8.426157e+001,
4652575000, -8.460645e+001,
4653400000, -8.263461e+001,
4654225000, -8.372582e+001,
4655050000, -8.826329e+001,
4655875000, -9.615005e+001,
4656700000, -1.069539e+002,
4657525000, -1.204464e+002,
4658350000, -1.353003e+002,
4659175000, -1.496951e+002,
4660000000, -1.634445e+002,
4660825000, -1.772793e+002,
4661650000, 1.685411e+002,
4662475000, 1.540545e+002,
4663300000, 1.412530e+002,
4664125000, 1.306665e+002,
4664950000, 1.220317e+002,
4665775000, 1.128938e+002,
4666600000, 1.005882e+002,
4667425000, 8.143406e+001,
4668250000, 5.567502e+001,
4669075000, 2.386544e+001,
4669900000, -2.003222e+001,
4670725000, -1.043014e+002,
4671550000, -1.536248e+002,
4672375000, -1.655436e+002,
4673200000, -1.772722e+002,
4674025000, 1.662731e+002,
4674850000, 1.482167e+002,
4675675000, 1.314311e+002,
4676500000, 1.155606e+002,
4677325000, 9.984478e+001,
4678150000, 8.421944e+001,
4678975000, 6.672190e+001,
4679800000, 4.664898e+001,
4680625000, 2.600227e+001,
4681450000, 7.019798e+000,
4682275000, -8.174156e+000,
4683100000, -1.912615e+001,
4683925000, -2.895931e+001,
4684750000, -4.055416e+001,
4685575000, -5.467339e+001,
4686400000, -6.918704e+001,
4687225000, -8.248227e+001,
4688050000, -9.552789e+001,
4688875000, -1.094670e+002,
4689700000, -1.239806e+002,
4690525000, -1.374815e+002,
4691350000, -1.511956e+002,
4692175000, -1.664580e+002,
4693000000, -1.740557e+002,
4693825000, 1.777791e+002,
4694650000, 1.772681e+002,
4695475000, 1.763577e+002,
4696300000, 1.654439e+002,
4697125000, 1.506483e+002,
4697950000, 1.367346e+002,
4698775000, 1.240833e+002,
4699600000, 1.110690e+002,
4700425000, 1.107373e+002,
4701250000, 1.665052e+002,
4702075000, 1.624421e+002,
4702900000, 1.332349e+002,
4703725000, 1.184685e+002,
4704550000, 1.045062e+002,
4705375000, 9.372727e+001,
4706200000, 6.919217e+001,
4707025000, 6.070769e+001,
4707850000, 5.447498e+001,
4708675000, 4.696097e+001,
4709500000, 3.115553e+001,
4710325000, 1.748195e+001,
4711150000, 5.524277e+000,
4711975000, -1.204125e+001,
4712800000, -3.082036e+001,
4713625000, -5.686219e+001,
4714450000, -7.241876e+001,
4715275000, -9.042542e+001,
4716100000, -1.029222e+002,
4716925000, -1.139580e+002,
4717750000, -1.217682e+002,
4718575000, -1.312412e+002,
4719400000, -1.433723e+002,
4720225000, -1.573504e+002,
4721050000, -1.713925e+002,
4721875000, 1.758299e+002,
4722700000, 1.605968e+002,
4723525000, 1.417734e+002,
4724350000, 1.172888e+002,
4725175000, 8.453503e+001,
4726000000, 3.671662e+001,
4726825000, -1.539582e+001,
4727650000, -5.410012e+001,
4728475000, -8.733039e+001,
4729300000, -1.200788e+002,
4730125000, -1.470184e+002,
4730950000, -1.670229e+002,
4731775000, 1.782683e+002,
4732600000, 1.673258e+002,
4733425000, 1.611557e+002,
4734250000, 1.589843e+002,
4735075000, 1.575272e+002,
4735900000, 1.516016e+002,
4736725000, 1.402397e+002,
4737550000, 1.268190e+002,
4738375000, 1.134988e+002,
4739200000, 9.984640e+001,
4740025000, 8.583172e+001,
4740850000, 7.178953e+001,
4741675000, 5.813343e+001,
4742500000, 4.399158e+001,
4743325000, 2.897101e+001,
4744150000, 1.410139e+001,
4744975000, 7.962153e-001,
4745800000, -1.163789e+001,
4746625000, -2.471861e+001,
4747450000, -3.862957e+001,
4748275000, -5.254708e+001,
4749100000, -6.635846e+001,
4749925000, -7.968271e+001,
4750750000, -9.198660e+001,
4751575000, -1.035523e+002,
4752400000, -1.149946e+002,
4753225000, -1.266536e+002,
4754050000, -1.391226e+002,
4754875000, -1.517726e+002,
4755700000, -1.634377e+002,
4756525000, -1.728534e+002,
4757350000, 1.792074e+002,
4758175000, 1.707932e+002,
4759000000, 1.615804e+002,
4759825000, 1.524251e+002,
4760650000, 1.442597e+002,
4761475000, 1.377041e+002,
4762300000, 1.346890e+002,
4763125000, 1.342552e+002,
4763950000, 1.333655e+002,
4764775000, 1.326197e+002,
4765600000, 1.259665e+002,
4766425000, 1.123727e+002,
4767250000, 9.333012e+001,
4768075000, 7.660249e+001,
4768900000, 6.402462e+001,
4769725000, 5.340936e+001,
4770550000, 3.949612e+001,
4771375000, 2.586113e+001,
4772200000, 1.258602e+001,
4773025000, -9.612919e-002,
4773850000, -1.224892e+001,
4774675000, -2.395734e+001,
4775500000, -3.589601e+001,
4776325000, -4.877755e+001,
4777150000, -6.298756e+001,
4777975000, -7.819391e+001,
4778800000, -9.337274e+001,
4779625000, -1.069618e+002,
4780450000, -1.200122e+002,
4781275000, -1.332006e+002,
4782100000, -1.453426e+002,
4782925000, -1.569011e+002,
4783750000, -1.682828e+002,
4784575000, -1.775226e+002,
4785400000, 1.745329e+002,
4786225000, 1.700643e+002,
4787050000, 1.702066e+002,
4787875000, 1.702899e+002,
4788700000, 1.539486e+002,
4789525000, 1.345943e+002,
4790350000, 1.150612e+002,
4791175000, 9.944217e+001,
4792000000, 8.638806e+001,
4792825000, 7.625606e+001,
4793650000, 6.674040e+001,
4794475000, 5.669414e+001,
4795300000, 4.531457e+001,
4796125000, 3.365775e+001,
4796950000, 2.194116e+001,
4797775000, 1.054498e+001,
4798600000, 7.128190e-002,
4799425000, -8.755530e+000,
4800250000, -1.584818e+001,
4801075000, -2.225083e+001,
4801900000, -2.907875e+001,
4802725000, -3.869045e+001,
4803550000, -5.455089e+001,
4804375000, -8.059416e+001,
4805200000, -1.102258e+002,
4806025000, -1.346080e+002,
4806850000, -1.538626e+002,
4807675000, -1.700997e+002,
4808500000, 1.772177e+002,
4809325000, 1.657103e+002,
4810150000, 1.563642e+002,
4810975000, 1.481302e+002,
4811800000, 1.416714e+002,
4812625000, 1.371192e+002,
4813450000, 1.328221e+002,
4814275000, 1.276473e+002,
4815100000, 1.209977e+002,
4815925000, 1.123492e+002,
4816750000, 1.013669e+002,
4817575000, 8.589115e+001,
4818400000, 6.415071e+001,
4819225000, 3.885288e+001,
4820050000, 1.428949e+001,
4820875000, -1.672912e+000,
4821700000, -1.073475e+001,
4822525000, -1.919489e+001,
4823350000, -2.907850e+001,
4824175000, -4.090882e+001,
4825000000, -5.325002e+001,
4825825000, -6.559187e+001,
4826650000, -7.600738e+001,
4827475000, -8.656012e+001,
4828300000, -9.807235e+001,
4829125000, -1.120416e+002,
4829950000, -1.294607e+002,
4830775000, -1.506519e+002,
4831600000, -1.761276e+002,
4832425000, 1.543705e+002,
4833250000, 1.240678e+002,
4834075000, 9.902231e+001,
4834900000, 8.370585e+001,
4835725000, 8.080366e+001,
4836550000, 8.659496e+001,
4837375000, 8.728951e+001,
4838200000, 8.192610e+001,
4839025000, 7.161925e+001,
4839850000, 6.047942e+001,
4840675000, 4.904270e+001,
4841500000, 3.728617e+001,
4842325000, 2.494966e+001,
4843150000, 1.140378e+001,
4843975000, -4.109987e+000,
4844800000, -2.255987e+001,
4845625000, -4.459882e+001,
4846450000, -6.813569e+001,
4847275000, -9.342945e+001,
4848100000, -1.086909e+002,
4848925000, -1.027755e+002,
4849750000, -9.558809e+001,
4850575000, -9.970019e+001,
4851400000, -1.101791e+002,
4852225000, -1.257954e+002,
4853050000, -1.468260e+002,
4853875000, -1.742560e+002,
4854700000, 1.538823e+002,
4855525000, 1.217515e+002,
4856350000, 9.185073e+001,
4857175000, 6.361389e+001,
4858000000, 3.473451e+001,
4858825000, 3.397482e+000,
4859650000, -3.178222e+001,
4860475000, -6.614542e+001,
4861300000, -9.049943e+001,
4862125000, -1.028213e+002,
4862950000, -1.075207e+002,
4863775000, -1.101156e+002,
4864600000, -1.152692e+002,
4865425000, -1.267293e+002,
4866250000, -1.422159e+002,
4867075000, -1.598384e+002,
4867900000, -1.778844e+002,
4868725000, 1.644505e+002,
4869550000, 1.464908e+002,
4870375000, 1.263159e+002,
4871200000, 1.014997e+002,
4872025000, 7.189309e+001,
4872850000, 4.239008e+001,
4873675000, 1.800942e+001,
4874500000, -1.018923e+000,
4875325000, -1.479119e+001,
4876150000, -2.455233e+001,
4876975000, -3.382517e+001,
4877800000, -4.453955e+001,
4878625000, -5.576227e+001,
4879450000, -6.666090e+001,
4880275000, -7.690870e+001,
4881100000, -8.624526e+001,
4881925000, -9.570761e+001,
4882750000, -1.078769e+002,
4883575000, -1.240451e+002,
4884400000, -1.437105e+002,
4885225000, -1.676593e+002,
4886050000, 1.636006e+002,
4886875000, 1.319713e+002,
4887700000, 1.013503e+002,
4888525000, 7.432914e+001,
4889350000, 5.282661e+001,
4890175000, 3.329386e+001,
4891000000, 1.299424e+001,
4891825000, -6.239389e+000,
4892650000, -2.391527e+001,
4893475000, -4.031020e+001,
4894300000, -5.533410e+001,
4895125000, -6.908067e+001,
4895950000, -8.216586e+001,
4896775000, -9.559167e+001,
4897600000, -1.101889e+002,
4898425000, -1.253373e+002,
4899250000, -1.422450e+002,
4900075000, -1.613060e+002,
4900900000, 1.772843e+002,
4901725000, 1.534210e+002,
4902550000, 1.264425e+002,
4903375000, 9.704092e+001,
4904200000, 6.660725e+001,
4905025000, 3.786234e+001,
4905850000, 1.249505e+001,
4906675000, -1.030365e+001,
4907500000, -3.075367e+001,
4908325000, -4.926968e+001,
4909150000, -6.560286e+001,
4909975000, -8.007939e+001,
4910800000, -9.412382e+001,
4911625000, -1.089435e+002,
4912450000, -1.255282e+002,
4913275000, -1.434752e+002,
4914100000, -1.617680e+002,
4914925000, -1.786398e+002,
4915750000, 1.692676e+002,
4916575000, -1.614508e+002,
4917400000, -7.942983e+001,
4918225000, -7.902329e+001,
4919050000, -8.563404e+001,
4919875000, -9.401435e+001,
4920700000, -1.062835e+002,
4921525000, -1.223463e+002,
4922350000, -1.413817e+002,
4923175000, -1.614404e+002,
4924000000, 1.778639e+002,
4924825000, 1.561287e+002,
4925650000, 1.321648e+002,
4926475000, 1.009166e+002,
4927300000, 5.860504e+001,
4928125000, 1.635441e+001,
4928950000, -1.619266e+001,
4929775000, -4.133755e+001,
4930600000, -6.164632e+001,
4931425000, -7.722059e+001,
4932250000, -8.805849e+001,
4933075000, -9.246066e+001,
4933900000, -9.264963e+001,
4934725000, -9.453821e+001,
4935550000, -1.023553e+002,
4936375000, -1.141147e+002,
4937200000, -1.275541e+002,
4938025000, -1.410891e+002,
4938850000, -1.550244e+002,
4939675000, -1.699838e+002,
4940500000, 1.731283e+002,
4941325000, 1.536785e+002,
4942150000, 1.316892e+002,
4942975000, 1.065431e+002,
4943800000, 7.798226e+001,
4944625000, 4.636491e+001,
4945450000, 1.339019e+001,
4946275000, -1.816558e+001,
4947100000, -4.647856e+001,
4947925000, -7.135544e+001,
4948750000, -9.371058e+001,
4949575000, -1.139245e+002,
4950400000, -1.331954e+002,
4951225000, -1.517114e+002,
4952050000, -1.705354e+002,
4952875000, 1.711347e+002,
4953700000, 1.536902e+002,
4954525000, 1.371980e+002,
4955350000, 1.225587e+002,
4956175000, 1.148506e+002,
4957000000, 1.395274e+002,
4957825000, -1.462658e+002,
4958650000, -1.439754e+002,
4959475000, -1.525535e+002,
4960300000, -1.627350e+002,
4961125000, -1.720850e+002,
4961950000, 1.795155e+002,
4962775000, 1.716268e+002,
4963600000, 1.629958e+002,
4964425000, 1.524184e+002,
4965250000, 1.390727e+002,
4966075000, 1.214468e+002,
4966900000, 8.277450e+001,
4967725000, -2.661897e+001,
4968550000, -6.756918e+001,
4969375000, -9.019990e+001,
4970200000, -1.091737e+002,
4971025000, -1.277050e+002,
4971850000, -1.464339e+002,
4972675000, -1.652318e+002,
4973500000, 1.754896e+002,
4974325000, 1.555596e+002,
4975150000, 1.348432e+002,
4975975000, 1.133576e+002,
4976800000, 9.091501e+001,
4977625000, 6.629511e+001,
4978450000, 3.609701e+001,
4979275000, -1.740414e+000,
4980100000, -4.487073e+001,
4980925000, -8.334988e+001,
4981750000, -1.142554e+002,
4982575000, -1.397248e+002,
4983400000, -1.618107e+002,
4984225000, 1.783127e+002,
4985050000, 1.610522e+002,
4985875000, 1.454379e+002,
4986700000, 1.312894e+002,
4987525000, 1.180496e+002,
4988350000, 1.062172e+002,
4989175000, 9.811273e+001,
4990000000, 1.035961e+002,
4990825000, 1.430489e+002,
4991650000, 1.675878e+002,
4992475000, 1.659205e+002,
4993300000, 1.562448e+002,
4994125000, 1.440066e+002,
4994950000, 1.297920e+002,
4995775000, 1.163963e+002,
4996600000, 1.039418e+002,
4997425000, 9.824149e+001,
4998250000, 1.373731e+002,
4999075000, -1.654606e+002,
4999900000, -1.687269e+002,
5000725000, -1.799036e+002,
5001550000, 1.664320e+002,
5002375000, 1.523639e+002,
5003200000, 1.389671e+002,
5004025000, 1.262105e+002,
5004850000, 1.143423e+002,
5005675000, 1.023092e+002,
5006500000, 9.027678e+001,
5007325000, 7.838602e+001,
5008150000, 6.844330e+001,
5008975000, 6.824717e+001,
5009800000, 1.170536e+002,
5010625000, 1.661398e+002,
5011450000, 1.668269e+002,
5012275000, 1.580754e+002,
5013100000, 1.462558e+002,
5013925000, 1.337675e+002,
5014750000, 1.219523e+002,
5015575000, 1.120297e+002,
5016400000, 1.043127e+002,
5017225000, 9.991319e+001,
5018050000, 9.703980e+001,
5018875000, 9.637395e+001,
5019700000, 9.746000e+001,
5020525000, 1.009648e+002,
5021350000, 1.045238e+002,
5022175000, 1.063103e+002,
5023000000, 1.042902e+002,
5023825000, 9.984679e+001,
5024650000, 9.422673e+001,
5025475000, 9.068043e+001,
5026300000, 9.222363e+001,
5027125000, 1.022437e+002,
5027950000, 1.137214e+002,
5028775000, 1.182205e+002,
5029600000, 1.141629e+002,
5030425000, 1.058301e+002,
5031250000, 9.564246e+001,
5032075000, 8.516727e+001,
5032900000, 7.596891e+001,
5033725000, 6.821469e+001,
5034550000, 6.367774e+001,
5035375000, 6.476906e+001,
5036200000, 7.509298e+001,
5037025000, 8.978582e+001,
5037850000, 9.771493e+001,
5038675000, 9.663458e+001,
5039500000, 9.152287e+001,
5040325000, 8.604258e+001,
5041150000, 8.177884e+001,
5041975000, 7.832664e+001,
5042800000, 7.714667e+001,
5043625000, 7.663567e+001,
5044450000, 7.548664e+001,
5045275000, 7.245961e+001,
5046100000, 6.744220e+001,
5046925000, 6.174090e+001,
5047750000, 5.757288e+001,
5048575000, 5.699365e+001,
5049400000, 6.216482e+001,
5050225000, 7.085707e+001,
5051050000, 7.610443e+001,
5051875000, 7.558964e+001,
5052700000, 7.195548e+001,
5053525000, 6.740075e+001,
5054350000, 6.240930e+001,
5055175000, 5.820339e+001,
5056000000, 5.530177e+001,
5056825000, 5.334915e+001,
5057650000, 5.201193e+001,
5058475000, 5.163087e+001,
5059300000, 5.164660e+001,
5060125000, 5.055518e+001,
5060950000, 4.966635e+001,
5061775000, 4.880540e+001,
5062600000, 4.911743e+001,
5063425000, 5.047203e+001,
5064250000, 5.235030e+001,
5065075000, 5.236972e+001,
5065900000, 5.116558e+001,
5066725000, 4.809804e+001,
5067550000, 4.448163e+001,
5068375000, 3.966506e+001,
5069200000, 3.510294e+001,
5070025000, 3.068313e+001,
5070850000, 2.807623e+001,
5071675000, 2.794792e+001,
5072500000, 3.047520e+001,
5073325000, 3.654629e+001,
5074150000, 4.101710e+001,
5074975000, 4.110563e+001,
5075800000, 3.763685e+001,
5076625000, 3.275140e+001,
5077450000, 2.808230e+001,
5078275000, 2.372787e+001,
5079100000, 2.099663e+001,
5079925000, 1.982715e+001,
5080750000, 1.888668e+001,
5081575000, 1.789120e+001,
5082400000, 1.697104e+001,
5083225000, 1.776857e+001,
5084050000, 1.981683e+001,
5084875000, 2.203366e+001,
5085700000, 2.261876e+001,
5086525000, 2.010496e+001,
5087350000, 1.524255e+001,
5088175000, 1.011887e+001,
5089000000, 5.690760e+000,
5089825000, 2.902374e+000,
5090650000, 1.610560e+000,
5091475000, 2.681305e+000,
5092300000, 4.895909e+000,
5093125000, 6.935549e+000,
5093950000, 7.691456e+000,
5094775000, 6.881612e+000,
5095600000, 4.900646e+000,
5096425000, 1.324732e+000,
5097250000, -2.532891e+000,
5098075000, -5.886548e+000,
5098900000, -7.755735e+000,
5099725000, -8.799514e+000,
5100550000, -9.477447e+000,
5101375000, -9.380364e+000,
5102200000, -9.563914e+000,
5103025000, -9.601277e+000,
5103850000, -1.000398e+001,
5104675000, -1.091425e+001,
5105500000, -1.196052e+001,
5106325000, -1.435938e+001,
5107150000, -1.742996e+001,
5107975000, -2.104328e+001,
5108800000, -2.430353e+001,
5109625000, -2.566331e+001,
5110450000, -2.468288e+001,
5111275000, -2.268266e+001,
5112100000, -2.148271e+001,
5112925000, -2.294863e+001,
5113750000, -2.604170e+001,
5114575000, -2.960252e+001,
5115400000, -3.208277e+001,
5116225000, -3.367440e+001,
5117050000, -3.496815e+001,
5117875000, -3.692284e+001,
5118700000, -3.808853e+001,
5119525000, -3.848411e+001,
5120350000, -3.814000e+001,
5121175000, -3.863719e+001,
5122000000, -3.978729e+001,
5122825000, -4.210729e+001,
5123650000, -4.519732e+001,
5124475000, -4.833990e+001,
5125300000, -4.965462e+001,
5126125000, -5.047002e+001,
5126950000, -5.086982e+001,
5127775000, -5.142819e+001,
5128600000, -5.207369e+001,
5129425000, -5.327168e+001,
5130250000, -5.466303e+001,
5131075000, -5.636102e+001,
5131900000, -5.877618e+001,
5132725000, -6.179732e+001,
5133550000, -6.415959e+001,
5134375000, -6.510488e+001,
5135200000, -6.385267e+001,
5136025000, -6.247518e+001,
5136850000, -6.364977e+001,
5137675000, -6.637081e+001,
5138500000, -6.981910e+001,
5139325000, -7.253463e+001,
5140150000, -7.421557e+001,
5140975000, -7.491500e+001,
5141800000, -7.419800e+001,
5142625000, -7.481940e+001,
5143450000, -7.603470e+001,
5144275000, -7.794813e+001,
5145100000, -7.994370e+001,
5145925000, -8.230403e+001,
5146750000, -8.414045e+001,
5147575000, -8.488486e+001,
5148400000, -8.597268e+001,
5149225000, -8.615162e+001,
5150050000, -8.721170e+001,
5150875000, -8.823744e+001,
5151700000, -9.022812e+001,
5152525000, -9.196155e+001,
5153350000, -9.407841e+001,
5154175000, -9.522956e+001,
5155000000, -9.596135e+001,
5155825000, -9.642935e+001,
5156650000, -9.750190e+001,
5157475000, -9.893063e+001,
5158300000, -1.006742e+002,
5159125000, -1.026971e+002,
5159950000, -1.037919e+002,
5160775000, -1.050777e+002,
5161600000, -1.054207e+002,
5162425000, -1.063830e+002,
5163250000, -1.081739e+002,
5164075000, -1.096627e+002,
5164900000, -1.114087e+002,
5165725000, -1.128575e+002,
5166550000, -1.139541e+002,
5167375000, -1.148777e+002,
5168200000, -1.155439e+002,
5169025000, -1.170379e+002,
5169850000, -1.185399e+002,
5170675000, -1.197531e+002,
5171500000, -1.211589e+002,
5172325000, -1.221945e+002,
5173150000, -1.234003e+002,
5173975000, -1.242177e+002,
5174800000, -1.259264e+002,
5175625000, -1.275731e+002,
5176450000, -1.291087e+002,
5177275000, -1.297640e+002,
5178100000, -1.306985e+002,
5178925000, -1.320595e+002,
5179750000, -1.335532e+002,
5180575000, -1.349739e+002,
5181400000, -1.358740e+002,
5182225000, -1.373047e+002,
5183050000, -1.379907e+002,
5183875000, -1.395227e+002,
5184700000, -1.409484e+002,
5185525000, -1.418910e+002,
5186350000, -1.425682e+002,
5187175000, -1.445385e+002,
5188000000, -1.451658e+002,
5188825000, -1.470011e+002,
5189650000, -1.482906e+002,
5190475000, -1.490699e+002,
5191300000, -1.503494e+002,
5192125000, -1.514941e+002,
5192950000, -1.526187e+002,
5193775000, -1.539461e+002,
5194600000, -1.549448e+002,
5195425000, -1.561151e+002,
5196250000, -1.571292e+002,
5197075000, -1.582896e+002,
5197900000, -1.595677e+002,
5198725000, -1.605472e+002,
5199550000, -1.619824e+002,
5200375000, -1.630549e+002,
5201200000, -1.640940e+002,
5202025000, -1.652851e+002,
5202850000, -1.662898e+002,
5203675000, -1.676882e+002,
5204500000, -1.686136e+002,
5205325000, -1.695931e+002,
5206150000, -1.710661e+002,
5206975000, -1.721774e+002,
5207800000, -1.733837e+002,
5208625000, -1.740447e+002,
5209450000, -1.753343e+002,
5210275000, -1.766259e+002,
5211100000, -1.779623e+002,
5211925000, -1.787933e+002,
5212750000, 1.799089e+002,
5213575000, 1.786513e+002,
5214400000, 1.774126e+002,
5215225000, 1.764464e+002,
5216050000, 1.753722e+002,
5216875000, 1.738854e+002,
5217700000, 1.731083e+002,
5218525000, 1.713995e+002,
5219350000, 1.704537e+002,
5220175000, 1.695994e+002,
5221000000, 1.680040e+002,
5221825000, 1.671881e+002,
5222650000, 1.654261e+002,
5223475000, 1.645253e+002,
5224300000, 1.631310e+002,
5225125000, 1.621079e+002,
5225950000, 1.608169e+002,
5226775000, 1.595683e+002,
5227600000, 1.587363e+002,
5228425000, 1.573642e+002,
5229250000, 1.562427e+002,
5230075000, 1.553195e+002,
5230900000, 1.539835e+002,
5231725000, 1.529787e+002,
5232550000, 1.518547e+002,
5233375000, 1.500729e+002,
5234200000, 1.498123e+002,
5235025000, 1.487374e+002,
5235850000, 1.469022e+002,
5236675000, 1.459828e+002,
5237500000, 1.449961e+002,
5238325000, 1.438594e+002,
5239150000, 1.425347e+002,
5239975000, 1.417289e+002,
5240800000, 1.406723e+002,
5241625000, 1.393283e+002,
5242450000, 1.382405e+002,
5243275000, 1.368247e+002,
5244100000, 1.359361e+002,
5244925000, 1.347606e+002,
5245750000, 1.340034e+002,
5246575000, 1.326033e+002,
5247400000, 1.315047e+002,
5248225000, 1.304438e+002,
5249050000, 1.288695e+002,
5249875000, 1.278693e+002,
5250700000, 1.269659e+002,
5251525000, 1.253694e+002,
5252350000, 1.244535e+002,
5253175000, 1.231930e+002,
5254000000, 1.221266e+002,
5254825000, 1.210844e+002,
5255650000, 1.195175e+002,
5256475000, 1.180303e+002,
5257300000, 1.168603e+002,
5258125000, 1.152324e+002,
5258950000, 1.141025e+002,
5259775000, 1.130024e+002,
5260600000, 1.113973e+002,
5261425000, 1.101134e+002,
5262250000, 1.087835e+002,
5263075000, 1.078717e+002,
5263900000, 1.063460e+002,
5264725000, 1.052336e+002,
5265550000, 1.036277e+002,
5266375000, 1.027237e+002,
5267200000, 1.010683e+002,
5268025000, 9.921895e+001,
5268850000, 9.829060e+001,
5269675000, 9.699416e+001,
5270500000, 9.542484e+001,
5271325000, 9.440491e+001,
5272150000, 9.370788e+001,
5272975000, 9.184144e+001,
5273800000, 9.080506e+001,
5274625000, 8.955172e+001,
5275450000, 8.847645e+001,
5276275000, 8.718037e+001,
5277100000, 8.598308e+001,
5277925000, 8.452562e+001,
5278750000, 8.332797e+001,
5279575000, 8.213120e+001,
5280400000, 8.057581e+001,
5281225000, 7.927049e+001,
5282050000, 7.852461e+001,
5282875000, 7.683052e+001,
5283700000, 7.559704e+001,
5284525000, 7.407676e+001,
5285350000, 7.308513e+001,
5286175000, 7.195143e+001,
5287000000, 7.038888e+001,
5287825000, 6.940551e+001,
5288650000, 6.825468e+001,
5289475000, 6.668716e+001,
5290300000, 6.553635e+001,
5291125000, 6.382924e+001,
5291950000, 6.279762e+001,
5292775000, 6.153020e+001,
5293600000, 6.041218e+001,
5294425000, 5.895205e+001,
5295250000, 5.758754e+001,
5296075000, 5.667767e+001,
5296900000, 5.493582e+001,
5297725000, 5.372948e+001,
5298550000, 5.265497e+001,
5299375000, 5.136015e+001,
5300200000, 4.981700e+001,
5301025000, 4.840505e+001,
5301850000, 4.716097e+001,
5302675000, 4.558724e+001,
5303500000, 4.433047e+001,
5304325000, 4.283158e+001,
5305150000, 4.118306e+001,
5305975000, 4.002809e+001,
5306800000, 3.852945e+001,
5307625000, 3.753046e+001,
5308450000, 3.602784e+001,
5309275000, 3.464603e+001,
5310100000, 3.391222e+001,
5310925000, 3.206386e+001,
5311750000, 3.073412e+001,
5312575000, 3.032869e+001,
5313400000, 2.834395e+001,
5314225000, 2.689682e+001,
5315050000, 2.610354e+001,
5315875000, 2.418804e+001,
5316700000, 2.317163e+001,
5317525000, 2.246987e+001,
5318350000, 2.155777e+001,
5319175000, 2.020374e+001,
5320000000, 1.892841e+001,
