"S12 Phase"
"Frequency (Hz)","Deg",
3554055820, 1.572110e+002,
3554959535.1125, 1.539270e+002,
3555863250.225, 1.514565e+002,
3556766965.3375, 1.491291e+002,
3557670680.45, 1.483571e+002,
3558574395.5625, 1.487557e+002,
3559478110.675, 1.451195e+002,
3560381825.7875, 1.419975e+002,
3561285540.9, 1.401244e+002,
3562189256.0125, 1.413561e+002,
3563092971.125, 1.449516e+002,
3563996686.2375, 1.464102e+002,
3564900401.35, 1.464517e+002,
3565804116.4625, 1.454307e+002,
3566707831.575, 1.444102e+002,
3567611546.6875, 1.438491e+002,
3568515261.8, 1.422989e+002,
3569418976.9125, 1.399743e+002,
3570322692.025, 1.376044e+002,
3571226407.1375, 1.349849e+002,
3572130122.25, 1.317835e+002,
3573033837.3625, 1.294752e+002,
3573937552.475, 1.303196e+002,
3574841267.5875, 1.307564e+002,
3575744982.7, 1.290658e+002,
3576648697.8125, 1.263378e+002,
3577552412.925, 1.276035e+002,
3578456128.0375, 1.333912e+002,
3579359843.15, 1.335870e+002,
3580263558.2625, 1.266228e+002,
3581167273.375, 1.190851e+002,
3582070988.4875, 1.143729e+002,
3582974703.6, 1.117731e+002,
3583878418.7125, 1.180236e+002,
3584782133.825, 1.212896e+002,
3585685848.9375, 1.222203e+002,
3586589564.05, 1.207420e+002,
3587493279.1625, 1.188530e+002,
3588396994.275, 1.211058e+002,
3589300709.3875, 1.260081e+002,
3590204424.5, 1.254547e+002,
3591108139.6125, 1.190880e+002,
3592011854.725, 1.137880e+002,
3592915569.8375, 1.104602e+002,
3593819284.95, 1.088960e+002,
3594723000.0625, 1.063464e+002,
3595626715.175, 1.030716e+002,
3596530430.2875, 1.026025e+002,
3597434145.4, 1.033854e+002,
3598337860.5125, 1.015494e+002,
3599241575.625, 9.806488e+001,
3600145290.7375, 9.509378e+001,
3601049005.85, 9.408372e+001,
3601952720.9625, 9.716314e+001,
3602856436.075, 1.056591e+002,
3603760151.1875, 1.075688e+002,
3604663866.3, 1.033327e+002,
3605567581.4125, 9.570036e+001,
3606471296.525, 9.297259e+001,
3607375011.6375, 9.305062e+001,
3608278726.75, 9.431094e+001,
3609182441.8625, 9.287917e+001,
3610086156.975, 8.877286e+001,
3610989872.0875, 8.556892e+001,
3611893587.2, 8.082698e+001,
3612797302.3125, 7.972534e+001,
3613701017.425, 8.830957e+001,
3614604732.5375, 9.625694e+001,
3615508447.65, 8.892588e+001,
3616412162.7625, 8.015328e+001,
3617315877.875, 7.570617e+001,
3618219592.9875, 7.557079e+001,
3619123308.1, 7.389586e+001,
3620027023.2125, 6.897742e+001,
3620930738.325, 6.617294e+001,
3621834453.4375, 7.213459e+001,
3622738168.55, 7.631586e+001,
3623641883.6625, 7.278722e+001,
3624545598.775, 6.985714e+001,
3625449313.8875, 6.938577e+001,
3626353029, 6.969453e+001,
3627256744.1125, 7.026932e+001,
3628160459.225, 6.982624e+001,
3629064174.3375, 6.856862e+001,
3629967889.45, 6.659447e+001,
3630871604.5625, 6.416515e+001,
3631775319.675, 6.199046e+001,
3632679034.7875, 6.276938e+001,
3633582749.9, 6.395135e+001,
3634486465.0125, 6.153662e+001,
3635390180.125, 5.806885e+001,
3636293895.2375, 5.381486e+001,
3637197610.35, 4.792323e+001,
3638101325.4625, 4.154852e+001,
3639005040.575, 3.831054e+001,
3639908755.6875, 4.087232e+001,
3640812470.8, 4.663177e+001,
3641716185.9125, 4.881785e+001,
3642619901.025, 4.782774e+001,
3643523616.1375, 4.843867e+001,
3644427331.25, 4.565320e+001,
3645331046.3625, 4.046525e+001,
3646234761.475, 4.021382e+001,
3647138476.5875, 3.984528e+001,
3648042191.7, 3.855237e+001,
3648945906.8125, 3.971689e+001,
3649849621.925, 3.766348e+001,
3650753337.0375, 3.034793e+001,
3651657052.15, 2.538946e+001,
3652560767.2625, 2.907280e+001,
3653464482.375, 4.121232e+001,
3654368197.4875, 4.648375e+001,
3655271912.6, 4.195537e+001,
3656175627.7125, 3.284110e+001,
3657079342.825, 2.547899e+001,
3657983057.9375, 2.148119e+001,
3658886773.05, 1.810479e+001,
3659790488.1625, 1.565500e+001,
3660694203.275, 1.430448e+001,
3661597918.3875, 1.495540e+001,
3662501633.5, 1.521448e+001,
3663405348.6125, 1.717773e+001,
3664309063.725, 1.884545e+001,
3665212778.8375, 1.993939e+001,
3666116493.95, 2.135972e+001,
3667020209.0625, 1.955723e+001,
3667923924.175, 1.490997e+001,
3668827639.2875, 7.690895e+000,
3669731354.4, 6.999869e+000,
3670635069.5125, 1.230191e+001,
3671538784.625, 1.597007e+001,
3672442499.7375, 1.629776e+001,
3673346214.85, 1.412818e+001,
3674249929.9625, 1.137285e+001,
3675153645.075, 8.800348e+000,
3676057360.1875, 4.445105e+000,
3676961075.3, -1.847650e+000,
3677864790.4125, -2.838864e+000,
3678768505.525, -3.742613e+000,
3679672220.6375, -7.109239e+000,
3680575935.75, -1.077023e+001,
3681479650.8625, -1.172519e+001,
3682383365.975, -1.198727e+001,
3683287081.0875, -9.538931e+000,
3684190796.2, -9.070786e+000,
3685094511.3125, -8.063938e+000,
3685998226.425, -1.133941e+001,
3686901941.5375, -1.801585e+001,
3687805656.65, -1.969280e+001,
3688709371.7625, -1.959076e+001,
3689613086.875, -1.634155e+001,
3690516801.9875, -8.589835e+000,
3691420517.1, -7.694358e+000,
3692324232.2125, -8.794617e+000,
3693227947.325, -9.514822e+000,
3694131662.4375, -9.625827e+000,
3695035377.55, -9.418512e+000,
3695939092.6625, -1.141954e+001,
3696842807.775, -1.749041e+001,
3697746522.8875, -2.584365e+001,
3698650238, -3.297392e+001,
3699553953.1125, -3.631731e+001,
3700457668.225, -3.419549e+001,
3701361383.3375, -2.115045e+001,
3702265098.45, -1.551103e+001,
3703168813.5625, -1.964647e+001,
3704072528.675, -2.713381e+001,
3704976243.7875, -3.280680e+001,
3705879958.9, -3.680982e+001,
3706783674.0125, -4.352234e+001,
3707687389.125, -4.510549e+001,
3708591104.2375, -4.387572e+001,
3709494819.35, -4.220420e+001,
3710398534.4625, -3.993881e+001,
3711302249.575, -3.809543e+001,
3712205964.6875, -3.998755e+001,
3713109679.8, -4.545297e+001,
3714013394.9125, -4.475098e+001,
3714917110.025, -3.667750e+001,
3715820825.1375, -2.768883e+001,
3716724540.25, -2.977693e+001,
3717628255.3625, -3.149111e+001,
3718531970.475, -3.312565e+001,
3719435685.5875, -3.651254e+001,
3720339400.7, -4.329056e+001,
3721243115.8125, -5.237695e+001,
3722146830.925, -5.974192e+001,
3723050546.0375, -6.307814e+001,
3723954261.15, -6.480587e+001,
3724857976.2625, -6.493258e+001,
3725761691.375, -6.471314e+001,
3726665406.4875, -6.442516e+001,
3727569121.6, -6.826707e+001,
3728472836.7125, -7.333332e+001,
3729376551.825, -7.624316e+001,
3730280266.9375, -7.753447e+001,
3731183982.05, -7.684974e+001,
3732087697.1625, -7.189051e+001,
3732991412.275, -6.674791e+001,
3733895127.3875, -6.916687e+001,
3734798842.5, -6.857285e+001,
3735702557.6125, -6.474652e+001,
3736606272.725, -6.394881e+001,
3737509987.8375, -6.692920e+001,
3738413702.95, -7.093501e+001,
3739317418.0625, -6.761318e+001,
3740221133.175, -5.921334e+001,
3741124848.2875, -6.130347e+001,
3742028563.4, -7.484306e+001,
3742932278.5125, -8.227690e+001,
3743835993.625, -8.506370e+001,
3744739708.7375, -8.358307e+001,
3745643423.85, -7.814141e+001,
3746547138.9625, -6.996334e+001,
3747450854.075, -6.160249e+001,
3748354569.1875, -6.357238e+001,
3749258284.3, -6.499134e+001,
3750161999.4125, -7.076571e+001,
3751065714.525, -8.287804e+001,
3751969429.6375, -9.362698e+001,
3752873144.75, -1.025045e+002,
3753776859.8625, -1.112031e+002,
3754680574.975, -1.135616e+002,
3755584290.0875, -1.207253e+002,
3756488005.2, -1.262615e+002,
3757391720.3125, -1.250112e+002,
3758295435.425, -1.011291e+002,
3759199150.5375, -8.000109e+001,
3760102865.65, -8.136602e+001,
3761006580.7625, -9.217183e+001,
3761910295.875, -1.005633e+002,
3762814010.9875, -1.043523e+002,
3763717726.1, -9.438911e+001,
3764621441.2125, -7.993135e+001,
3765525156.325, -8.015290e+001,
3766428871.4375, -8.510619e+001,
3767332586.55, -9.401264e+001,
3768236301.6625, -1.053764e+002,
3769140016.775, -1.129092e+002,
3770043731.8875, -1.181306e+002,
3770947447, -1.168171e+002,
3771851162.1125, -1.183052e+002,
3772754877.225, -1.198202e+002,
3773658592.3375, -1.205174e+002,
3774562307.45, -1.233721e+002,
3775466022.5625, -1.275864e+002,
3776369737.675, -1.331491e+002,
3777273452.7875, -1.331015e+002,
3778177167.9, -1.354027e+002,
3779080883.0125, -1.375610e+002,
3779984598.125, -1.413850e+002,
3780888313.2375, -1.431341e+002,
3781792028.35, -1.308581e+002,
3782695743.4625, -1.224617e+002,
3783599458.575, -1.283394e+002,
3784503173.6875, -1.384593e+002,
3785406888.8, -1.461398e+002,
3786310603.9125, -1.532908e+002,
3787214319.025, -1.568045e+002,
3788118034.1375, -1.518152e+002,
3789021749.25, -1.464133e+002,
3789925464.3625, -1.452249e+002,
3790829179.475, -1.464554e+002,
3791732894.5875, -1.527977e+002,
3792636609.7, -1.580325e+002,
3793540324.8125, -1.546414e+002,
3794444039.925, -1.206263e+002,
3795347755.0375, -9.954284e+001,
3796251470.15, -8.304899e+001,
3797155185.2625, -8.920223e+001,
3798058900.375, -9.570032e+001,
3798962615.4875, -1.105640e+002,
3799866330.6, -1.317627e+002,
3800770045.7125, -1.500104e+002,
3801673760.825, -1.648115e+002,
3802577475.9375, -1.761219e+002,
3803481191.05, 1.773326e+002,
3804384906.1625, 1.725558e+002,
3805288621.275, 1.723748e+002,
3806192336.3875, -1.782901e+002,
3807096051.5, -1.626067e+002,
3807999766.6125, -1.505505e+002,
3808903481.725, -1.505132e+002,
3809807196.8375, -1.551032e+002,
3810710911.95, -1.594612e+002,
3811614627.0625, -1.618690e+002,
3812518342.175, -1.662566e+002,
3813422057.2875, -1.704938e+002,
3814325772.4, -1.766495e+002,
3815229487.5125, 1.788676e+002,
3816133202.625, 1.744146e+002,
3817036917.7375, 1.697998e+002,
3817940632.85, 1.681832e+002,
3818844347.9625, 1.718293e+002,
3819748063.075, 1.747731e+002,
3820651778.1875, -1.792541e+002,
3821555493.3, -1.757243e+002,
3822459208.4125, -1.776143e+002,
3823362923.525, -1.784671e+002,
3824266638.6375, -1.744974e+002,
3825170353.75, -1.738244e+002,
3826074068.8625, 1.791379e+002,
3826977783.975, 1.612425e+002,
3827881499.0875, 1.406274e+002,
3828785214.2, 1.607770e+002,
3829688929.3125, -1.617042e+002,
3830592644.425, -1.664431e+002,
3831496359.5375, -1.774591e+002,
3832400074.65, 1.706375e+002,
3833303789.7625, 1.601400e+002,
3834207504.875, 1.491527e+002,
3835111219.9875, 1.412037e+002,
3836014935.1, 1.408885e+002,
3836918650.2125, 1.492202e+002,
3837822365.325, 1.559758e+002,
3838726080.4375, 1.465965e+002,
3839629795.55, 1.331986e+002,
3840533510.6625, 1.205074e+002,
3841437225.775, 1.080882e+002,
3842340940.8875, 1.019348e+002,
3843244656, 1.037028e+002,
3844148371.1125, 1.146369e+002,
3845052086.225, 1.328388e+002,
3845955801.3375, 1.520458e+002,
3846859516.45, 1.652252e+002,
3847763231.5625, -1.714715e+002,
3848666946.675, -1.584552e+002,
3849570661.7875, -1.656349e+002,
3850474376.9, 1.791881e+002,
3851378092.0125, 1.650697e+002,
3852281807.125, 1.547312e+002,
3853185522.2375, 1.443867e+002,
3854089237.35, 1.321213e+002,
3854992952.4625, 1.230665e+002,
3855896667.575, 1.171163e+002,
3856800382.6875, 1.170465e+002,
3857704097.8, 1.279950e+002,
3858607812.9125, 1.681616e+002,
3859511528.025, -1.754712e+002,
3860415243.1375, 1.765440e+002,
3861318958.25, 1.714482e+002,
3862222673.3625, 1.689651e+002,
3863126388.475, 1.623820e+002,
3864030103.5875, 1.521369e+002,
3864933818.7, 1.396779e+002,
3865837533.8125, 1.286626e+002,
3866741248.925, 1.314731e+002,
3867644964.0375, 1.479914e+002,
3868548679.15, 1.681921e+002,
3869452394.2625, 1.781154e+002,
3870356109.375, 1.770714e+002,
3871259824.4875, 1.684390e+002,
3872163539.6, 1.561354e+002,
3873067254.7125, 1.431705e+002,
3873970969.825, 1.294878e+002,
3874874684.9375, 1.161255e+002,
3875778400.05, 1.018426e+002,
3876682115.1625, 8.381331e+001,
3877585830.275, 6.170502e+001,
3878489545.3875, 2.979798e+001,
3879393260.5, -1.209109e+001,
3880296975.6125, -7.945728e+001,
3881200690.725, -1.428050e+002,
3882104405.8375, -1.786147e+002,
3883008120.95, 1.538786e+002,
3883911836.0625, 1.299587e+002,
3884815551.175, 1.130771e+002,
3885719266.2875, 1.061826e+002,
3886622981.4, 1.071345e+002,
3887526696.5125, 1.066421e+002,
3888430411.625, 1.027391e+002,
3889334126.7375, 9.738549e+001,
3890237841.85, 9.717652e+001,
3891141556.9625, 9.451230e+001,
3892045272.075, 8.785727e+001,
3892948987.1875, 7.724829e+001,
3893852702.3, 6.478508e+001,
3894756417.4125, 4.929676e+001,
3895660132.525, 3.406796e+001,
3896563847.6375, 2.011409e+001,
3897467562.75, 7.170467e+000,
3898371277.8625, -1.227871e+001,
3899274992.975, -3.394520e+001,
3900178708.0875, -5.923232e+001,
3901082423.2, -8.638311e+001,
3901986138.3125, -1.131240e+002,
3902889853.425, -1.363213e+002,
3903793568.5375, -1.557512e+002,
3904697283.65, -1.729727e+002,
3905600998.7625, 1.728349e+002,
3906504713.875, 1.573509e+002,
3907408428.9875, 1.471144e+002,
3908312144.1, 1.471322e+002,
3909215859.2125, 1.535469e+002,
3910119574.325, 1.579945e+002,
3911023289.4375, 1.533651e+002,
3911927004.55, 1.416478e+002,
3912830719.6625, 1.229883e+002,
3913734434.775, 1.058430e+002,
3914638149.8875, 1.108427e+002,
3915541865, 1.428101e+002,
3916445580.1125, 1.421998e+002,
3917349295.225, 1.274127e+002,
3918253010.3375, 1.069502e+002,
3919156725.45, 8.673545e+001,
3920060440.5625, 6.970644e+001,
3920964155.675, 5.810056e+001,
3921867870.7875, 4.849854e+001,
3922771585.9, 3.754409e+001,
3923675301.0125, 2.635169e+001,
3924579016.125, 8.447354e+000,
3925482731.2375, -1.814532e+001,
3926386446.35, -5.285754e+001,
3927290161.4625, -8.941468e+001,
3928193876.575, -1.296155e+002,
3929097591.6875, -1.654118e+002,
3930001306.8, 1.657274e+002,
3930905021.9125, 1.425789e+002,
3931808737.025, 1.248340e+002,
3932712452.1375, 1.107207e+002,
3933616167.25, 9.739269e+001,
3934519882.3625, 8.498927e+001,
3935423597.475, 7.347868e+001,
3936327312.5875, 6.124724e+001,
3937231027.7, 4.736388e+001,
3938134742.8125, 3.587260e+001,
3939038457.925, 2.285958e+001,
3939942173.0375, 8.541913e+000,
3940845888.15, -8.386455e+000,
3941749603.2625, -2.657254e+001,
3942653318.375, -4.415970e+001,
3943557033.4875, -5.453115e+001,
3944460748.6, 7.431482e+001,
3945364463.7125, 8.855833e+001,
3946268178.825, 8.183943e+001,
3947171893.9375, 7.109589e+001,
3948075609.05, 6.052352e+001,
3948979324.1625, 4.963117e+001,
3949883039.275, 4.064749e+001,
3950786754.3875, 3.889649e+001,
3951690469.5, 4.426669e+001,
3952594184.6125, 5.893638e+001,
3953497899.725, 6.649963e+001,
3954401614.8375, 5.689962e+001,
3955305329.95, 3.992886e+001,
3956209045.0625, 1.891159e+001,
3957112760.175, -6.985265e-001,
3958016475.2875, -1.619867e+001,
3958920190.4, -2.792295e+001,
3959823905.5125, -3.712290e+001,
3960727620.625, -4.696475e+001,
3961631335.7375, -5.967831e+001,
3962535050.85, -7.640645e+001,
3963438765.9625, -9.597981e+001,
3964342481.075, -1.140788e+002,
3965246196.1875, -1.271762e+002,
3966149911.3, -1.353180e+002,
3967053626.4125, -1.429046e+002,
3967957341.525, -1.573480e+002,
3968861056.6375, 1.770069e+002,
3969764771.75, 1.424294e+002,
3970668486.8625, 1.032285e+002,
3971572201.975, 6.426052e+001,
3972475917.0875, 2.793600e+001,
3973379632.2, -8.076785e+000,
3974283347.3125, -5.705225e+001,
3975187062.425, -1.260379e+002,
3976090777.5375, -1.758046e+002,
3976994492.65, 1.531834e+002,
3977898207.7625, 1.302978e+002,
3978801922.875, 1.158699e+002,
3979705637.9875, 1.050143e+002,
3980609353.1, 9.522443e+001,
3981513068.2125, 9.230364e+001,
3982416783.325, 8.620150e+001,
3983320498.4375, 7.668227e+001,
3984224213.55, 6.082529e+001,
3985127928.6625, 3.743381e+001,
3986031643.775, 1.221007e+001,
3986935358.8875, -1.242634e+001,
3987839074, -3.401248e+001,
3988742789.1125, -5.300873e+001,
3989646504.225, -7.156072e+001,
3990550219.3375, -8.973082e+001,
3991453934.45, -1.080407e+002,
3992357649.5625, -1.245581e+002,
3993261364.675, -1.400154e+002,
3994165079.7875, -1.548867e+002,
3995068794.9, -1.737381e+002,
3995972510.0125, 1.671078e+002,
3996876225.125, 1.420124e+002,
3997779940.2375, 1.084882e+002,
3998683655.35, 7.485805e+001,
3999587370.4625, 4.707480e+001,
4000491085.575, 1.976821e+001,
4001394800.6875, -8.359530e+000,
4002298515.8, -3.788292e+001,
4003202230.9125, -6.893347e+001,
4004105946.025, -9.347272e+001,
4005009661.1375, -1.118284e+002,
4005913376.25, -1.223303e+002,
4006817091.3625, -1.324147e+002,
4007720806.475, -1.406159e+002,
4008624521.5875, -1.528782e+002,
4009528236.7, 1.788171e+002,
4010431951.8125, 1.304112e+002,
4011335666.925, 4.478160e+001,
4012239382.0375, -1.773738e+001,
4013143097.15, -5.823732e+001,
4014046812.2625, -9.191017e+001,
4014950527.375, -1.232922e+002,
4015854242.4875, -1.500231e+002,
4016757957.6, -1.733715e+002,
4017661672.7125, 1.642839e+002,
4018565387.825, 1.425995e+002,
4019469102.9375, 1.229974e+002,
4020372818.05, 1.044205e+002,
4021276533.1625, 8.815714e+001,
4022180248.275, 7.014509e+001,
4023083963.3875, 5.219039e+001,
4023987678.5, 3.495615e+001,
4024891393.6125, 1.791617e+001,
4025795108.725, -3.487210e+000,
4026698823.8375, -3.948960e+001,
4027602538.95, -1.480178e+002,
4028506254.0625, 1.706266e+002,
4029409969.175, 1.475686e+002,
4030313684.2875, 1.267843e+002,
4031217399.4, 1.034916e+002,
4032121114.5125, 7.769479e+001,
4033024829.625, 5.226794e+001,
4033928544.7375, 3.019272e+001,
4034832259.85, 1.449810e+001,
4035735974.9625, 3.643489e+000,
4036639690.075, -1.040645e+001,
4037543405.1875, -2.353357e+001,
4038447120.3, -4.228820e+001,
4039350835.4125, -7.919103e+001,
4040254550.525, -1.695097e+002,
4041158265.6375, 1.384286e+002,
4042061980.75, 1.121104e+002,
4042965695.8625, 8.850689e+001,
4043869410.975, 6.600015e+001,
4044773126.0875, 4.597527e+001,
4045676841.2, 2.689002e+001,
4046580556.3125, 8.867337e+000,
4047484271.425, -9.476568e+000,
4048387986.5375, -2.851225e+001,
4049291701.65, -4.848162e+001,
4050195416.7625, -6.736198e+001,
4051099131.875, -8.250988e+001,
4052002846.9875, -9.140451e+001,
4052906562.1, -9.654036e+001,
4053810277.2125, -9.373845e+001,
4054713992.325, -8.524496e+001,
4055617707.4375, -7.287080e+001,
4056521422.55, -7.262813e+001,
4057425137.6625, -8.203839e+001,
4058328852.775, -9.748240e+001,
4059232567.8875, -1.123191e+002,
4060136283, -1.212696e+002,
4061039998.1125, -1.255323e+002,
4061943713.225, -1.302137e+002,
4062847428.3375, -1.361488e+002,
4063751143.45, -1.443388e+002,
4064654858.5625, -1.540976e+002,
4065558573.675, -1.642238e+002,
4066462288.7875, -1.744318e+002,
4067366003.9, 1.746249e+002,
4068269719.0125, 1.618793e+002,
4069173434.125, 1.475585e+002,
4070077149.2375, 1.323780e+002,
4070980864.35, 1.173683e+002,
4071884579.4625, 1.034621e+002,
4072788294.575, 9.141986e+001,
4073692009.6875, 7.908878e+001,
4074595724.8, 6.378219e+001,
4075499439.9125, 4.586354e+001,
4076403155.025, 2.704277e+001,
4077306870.1375, 9.498643e+000,
4078210585.25, -5.930894e+000,
4079114300.3625, -1.898373e+001,
4080018015.475, -3.071385e+001,
4080921730.5875, -3.249919e+001,
4081825445.7, -3.326634e+001,
4082729160.8125, -4.355028e+001,
4083632875.925, -6.505854e+001,
4084536591.0375, -8.818151e+001,
4085440306.15, -1.132945e+002,
4086344021.2625, -1.387812e+002,
4087247736.375, -1.636267e+002,
4088151451.4875, 1.715513e+002,
4089055166.6, 1.479724e+002,
4089958881.7125, 1.242137e+002,
4090862596.825, 1.008611e+002,
4091766311.9375, 7.796387e+001,
4092670027.05, 5.580202e+001,
4093573742.1625, 3.431279e+001,
4094477457.275, 1.363405e+001,
4095381172.3875, -3.386514e+000,
4096284887.5, -1.875263e+001,
4097188602.6125, -3.335382e+001,
4098092317.725, -5.042699e+001,
4098996032.8375, -6.692062e+001,
4099899747.95, -8.493872e+001,
4100803463.0625, -1.038469e+002,
4101707178.175, -1.233995e+002,
4102610893.2875, -1.393439e+002,
4103514608.4, -1.478952e+002,
4104418323.5125, -1.433966e+002,
4105322038.625, -1.307666e+002,
4106225753.7375, -1.277863e+002,
4107129468.85, -1.274801e+002,
4108033183.9625, -1.296139e+002,
4108936899.075, -1.409607e+002,
4109840614.1875, -1.635026e+002,
4110744329.3, 1.713030e+002,
4111648044.4125, 1.455713e+002,
4112551759.525, 1.213222e+002,
4113455474.6375, 9.935814e+001,
4114359189.75, 8.058132e+001,
4115262904.8625, 6.514753e+001,
4116166619.975, 5.120646e+001,
4117070335.0875, 3.763775e+001,
4117974050.2, 2.295386e+001,
4118877765.3125, 8.540002e+000,
4119781480.425, -5.179266e+000,
4120685195.5375, -1.866153e+001,
4121588910.65, -3.067942e+001,
4122492625.7625, -3.873825e+001,
4123396340.875, -4.523528e+001,
4124300055.9875, -5.136264e+001,
4125203771.1, -5.604326e+001,
4126107486.2125, -6.082343e+001,
4127011201.325, -6.524614e+001,
4127914916.4375, -6.897728e+001,
4128818631.55, -7.204152e+001,
4129722346.6625, -7.725609e+001,
4130626061.775, -8.646795e+001,
4131529776.8875, -9.913898e+001,
4132433492, -1.122508e+002,
4133337207.1125, -1.275732e+002,
4134240922.225, -1.466377e+002,
4135144637.3375, -1.690052e+002,
4136048352.45, 1.672966e+002,
4136952067.5625, 1.441949e+002,
4137855782.675, 1.212925e+002,
4138759497.7875, 9.920167e+001,
4139663212.9, 8.164363e+001,
4140566928.0125, 8.272250e+001,
4141470643.125, 1.656634e+002,
4142374358.2375, 1.733200e+002,
4143278073.35, 1.600255e+002,
4144181788.4625, 1.446546e+002,
4145085503.575, 1.316272e+002,
4145989218.6875, 1.179661e+002,
4146892933.8, 1.054872e+002,
4147796648.9125, 9.081353e+001,
4148700364.025, 7.329517e+001,
4149604079.1375, 5.470562e+001,
4150507794.25, 3.482833e+001,
4151411509.3625, 1.340469e+001,
4152315224.475, -7.225825e+000,
4153218939.5875, -2.717394e+001,
4154122654.7, -4.552252e+001,
4155026369.8125, -5.757852e+001,
4155930084.925, -5.501055e+001,
4156833800.0375, -4.727702e+001,
4157737515.15, -5.484826e+001,
4158641230.2625, -6.941057e+001,
4159544945.375, -8.559101e+001,
4160448660.4875, -1.023174e+002,
4161352375.6, -1.188978e+002,
4162256090.7125, -1.346533e+002,
4163159805.825, -1.503730e+002,
4164063520.9375, -1.647640e+002,
4164967236.05, -1.782010e+002,
4165870951.1625, 1.680930e+002,
4166774666.275, 1.541995e+002,
4167678381.3875, 1.399668e+002,
4168582096.5, 1.253686e+002,
4169485811.6125, 1.111722e+002,
4170389526.725, 9.740721e+001,
4171293241.8375, 8.252952e+001,
4172196956.95, 6.615826e+001,
4173100672.0625, 4.918436e+001,
4174004387.175, 3.770840e+001,
4174908102.2875, 3.043566e+001,
4175811817.4, 1.767652e+001,
4176715532.5125, -2.441182e+000,
4177619247.625, -2.353947e+001,
4178522962.7375, -4.330386e+001,
4179426677.85, -6.217612e+001,
4180330392.9625, -8.133581e+001,
4181234108.075, -1.001454e+002,
4182137823.1875, -1.193367e+002,
4183041538.3, -1.379291e+002,
4183945253.4125, -1.554321e+002,
4184848968.525, -1.716860e+002,
4185752683.6375, 1.758227e+002,
4186656398.75, 1.699617e+002,
4187560113.8625, 1.705974e+002,
4188463828.975, 1.709481e+002,
4189367544.0875, 1.639331e+002,
4190271259.2, 1.506130e+002,
4191174974.3125, 1.290571e+002,
4192078689.425, 1.033160e+002,
4192982404.5375, 7.785855e+001,
4193886119.65, 5.337721e+001,
4194789834.7625, 3.348084e+001,
4195693549.875, 1.610469e+001,
4196597264.9875, 1.950439e+000,
4197500980.1, -1.270205e+001,
4198404695.2125, -2.638276e+001,
4199308410.325, -3.959011e+001,
4200212125.4375, -5.338101e+001,
4201115840.55, -6.438992e+001,
4202019555.6625, -7.149393e+001,
4202923270.775, -7.628658e+001,
4203826985.8875, -8.368152e+001,
4204730701, -9.363409e+001,
4205634416.1125, -1.070391e+002,
4206538131.225, -1.239188e+002,
4207441846.3375, -1.448458e+002,
4208345561.45, -1.668633e+002,
4209249276.5625, 1.705509e+002,
4210152991.675, 1.511313e+002,
4211056706.7875, 1.341484e+002,
4211960421.9, 1.178430e+002,
4212864137.0125, 9.998092e+001,
4213767852.125, 8.379335e+001,
4214671567.2375, 6.996980e+001,
4215575282.35, 5.770393e+001,
4216478997.4625, 4.676516e+001,
4217382712.575, 3.634386e+001,
4218286427.6875, 2.620707e+001,
4219190142.8, 1.517156e+001,
4220093857.9125, 2.334352e+000,
4220997573.025, -1.327030e+001,
4221901288.1375, -3.268383e+001,
4222805003.25, -5.657872e+001,
4223708718.3625, -8.393002e+001,
4224612433.475, -1.112686e+002,
4225516148.5875, -1.359754e+002,
4226419863.7, -1.563469e+002,
4227323578.8125, -1.738549e+002,
4228227293.925, 1.703060e+002,
4229131009.0375, 1.547873e+002,
4230034724.15, 1.388096e+002,
4230938439.2625, 1.233511e+002,
4231842154.375, 1.086555e+002,
4232745869.4875, 9.345614e+001,
4233649584.6, 7.749457e+001,
4234553299.7125, 6.042434e+001,
4235457014.825, 4.156844e+001,
4236360729.9375, 2.159944e+001,
4237264445.05, 5.926968e-001,
4238168160.1625, -2.148675e+001,
4239071875.275, -4.410391e+001,
4239975590.3875, -6.586916e+001,
4240879305.5, -8.617757e+001,
4241783020.6125, -1.049132e+002,
4242686735.725, -1.216574e+002,
4243590450.8375, -1.360874e+002,
4244494165.95, -1.500511e+002,
4245397881.0625, -1.636976e+002,
4246301596.175, -1.776538e+002,
4247205311.2875, 1.681101e+002,
4248109026.4, 1.539895e+002,
4249012741.5125, 1.393741e+002,
4249916456.625, 1.237790e+002,
4250820171.7375, 1.077838e+002,
4251723886.85, 9.227056e+001,
4252627601.9625, 7.664928e+001,
4253531317.075, 6.106968e+001,
4254435032.1875, 4.633836e+001,
4255338747.3, 3.179734e+001,
4256242462.4125, 1.673744e+001,
4257146177.525, 1.823951e+000,
4258049892.6375, -1.292630e+001,
4258953607.75, -2.688120e+001,
4259857322.8625, -3.984620e+001,
4260761037.975, -5.206065e+001,
4261664753.0875, -6.419448e+001,
4262568468.2, -7.689165e+001,
4263472183.3125, -9.088078e+001,
4264375898.425, -1.062638e+002,
4265279613.5375, -1.229880e+002,
4266183328.65, -1.411047e+002,
4267087043.7625, -1.591758e+002,
4267990758.875, -1.769718e+002,
4268894473.9875, 1.656807e+002,
4269798189.1, 1.511805e+002,
4270701904.2125, 1.390795e+002,
4271605619.325, 1.271761e+002,
4272509334.4375, 1.136924e+002,
4273413049.55, 1.000839e+002,
4274316764.6625, 8.662324e+001,
4275220479.775, 7.301978e+001,
4276124194.8875, 5.872961e+001,
4277027910, 4.316929e+001,
4277931625.1125, 2.608374e+001,
4278835340.225, 8.025801e+000,
4279739055.3375, -1.144111e+001,
4280642770.45, -3.314678e+001,
4281546485.5625, -5.629652e+001,
4282450200.675, -7.989349e+001,
4283353915.7875, -1.024931e+002,
4284257630.9, -1.234183e+002,
4285161346.0125, -1.429628e+002,
4286065061.125, -1.625251e+002,
4286968776.2375, 1.775590e+002,
4287872491.35, 1.575091e+002,
4288776206.4625, 1.374508e+002,
4289679921.575, 1.170932e+002,
4290583636.6875, 9.582671e+001,
4291487351.8, 7.202508e+001,
4292391066.9125, 4.581917e+001,
4293294782.025, 1.868132e+001,
4294198497.1375, -8.226866e+000,
4295102212.25, -3.336545e+001,
4296005927.3625, -5.528960e+001,
4296909642.475, -7.423272e+001,
4297813357.5875, -9.111271e+001,
4298717072.7, -1.067862e+002,
4299620787.8125, -1.219429e+002,
4300524502.925, -1.376002e+002,
4301428218.0375, -1.547930e+002,
4302331933.15, -1.741195e+002,
4303235648.2625, 1.645477e+002,
4304139363.375, 1.419767e+002,
4305043078.4875, 1.196013e+002,
4305946793.6, 9.831559e+001,
4306850508.7125, 7.813525e+001,
4307754223.825, 5.959309e+001,
4308657938.9375, 4.337456e+001,
4309561654.05, 2.926512e+001,
4310465369.1625, 1.634425e+001,
4311369084.275, 3.133379e+000,
4312272799.3875, -1.222916e+001,
4313176514.5, -3.021548e+001,
4314080229.6125, -4.999112e+001,
4314983944.725, -7.154946e+001,
4315887659.8375, -9.520457e+001,
4316791374.95, -1.203201e+002,
4317695090.0625, -1.449637e+002,
4318598805.175, -1.678296e+002,
4319502520.2875, 1.716307e+002,
4320406235.4, 1.537372e+002,
4321309950.5125, 1.380684e+002,
4322213665.625, 1.240358e+002,
4323117380.7375, 1.107839e+002,
4324021095.85, 9.720342e+001,
4324924810.9625, 8.283553e+001,
4325828526.075, 6.813282e+001,
4326732241.1875, 5.079181e+001,
4327635956.3, 2.894836e+001,
4328539671.4125, 1.445373e+000,
4329443386.525, -3.048396e+001,
4330347101.6375, -6.102274e+001,
4331250816.75, -8.713178e+001,
4332154531.8625, -1.089919e+002,
4333058246.975, -1.285018e+002,
4333961962.0875, -1.461670e+002,
4334865677.2, -1.624669e+002,
4335769392.3125, -1.773854e+002,
4336673107.425, 1.677990e+002,
4337576822.5375, 1.488017e+002,
4338480537.65, 1.243984e+002,
4339384252.7625, 9.469126e+001,
4340287967.875, 6.099920e+001,
4341191682.9875, 2.443293e+001,
4342095398.1, -1.066484e+001,
4342999113.2125, -4.100706e+001,
4343902828.325, -6.665079e+001,
4344806543.4375, -8.859441e+001,
4345710258.55, -1.070766e+002,
4346613973.6625, -1.230667e+002,
4347517688.775, -1.375455e+002,
4348421403.8875, -1.520870e+002,
4349325119, -1.677608e+002,
4350228834.1125, 1.742718e+002,
4351132549.225, 1.542120e+002,
4352036264.3375, 1.328196e+002,
4352939979.45, 1.119709e+002,
4353843694.5625, 9.275437e+001,
4354747409.675, 7.505095e+001,
4355651124.7875, 5.820975e+001,
4356554839.9, 4.188200e+001,
4357458555.0125, 2.663926e+001,
4358362270.125, 1.230632e+001,
4359265985.2375, -2.107246e+000,
4360169700.35, -1.735922e+001,
4361073415.4625, -3.416440e+001,
4361977130.575, -5.318185e+001,
4362880845.6875, -7.352206e+001,
4363784560.8, -9.435697e+001,
4364688275.9125, -1.145582e+002,
4365591991.025, -1.331647e+002,
4366495706.1375, -1.497491e+002,
4367399421.25, -1.646409e+002,
4368303136.3625, -1.783073e+002,
4369206851.475, 1.683884e+002,
4370110566.5875, 1.545393e+002,
4371014281.7, 1.400438e+002,
4371917996.8125, 1.240503e+002,
4372821711.925, 1.060737e+002,
4373725427.0375, 8.564578e+001,
4374629142.15, 6.258580e+001,
4375532857.2625, 3.738649e+001,
4376436572.375, 1.214782e+001,
4377340287.4875, -1.137524e+001,
4378244002.6, -3.251461e+001,
4379147717.7125, -5.143184e+001,
4380051432.825, -6.873871e+001,
4380955147.9375, -8.606840e+001,
4381858863.05, -1.034439e+002,
4382762578.1625, -1.272698e+002,
4383666293.275, -1.589410e+002,
4384570008.3875, 1.638765e+002,
4385473723.5, 1.239978e+002,
4386377438.6125, 8.600709e+001,
4387281153.725, 5.167067e+001,
4388184868.8375, 2.174715e+001,
4389088583.95, -3.968914e+000,
4389992299.0625, -2.590443e+001,
4390896014.175, -4.538762e+001,
4391799729.2875, -6.260453e+001,
4392703444.4, -7.913646e+001,
4393607159.5125, -9.624878e+001,
4394510874.625, -1.148085e+002,
4395414589.7375, -1.347973e+002,
4396318304.85, -1.564715e+002,
4397222019.9625, -1.783617e+002,
4398125735.075, 1.617833e+002,
4399029450.1875, 1.435928e+002,
4399933165.3, 1.265558e+002,
4400836880.4125, 1.098166e+002,
4401740595.525, 9.293260e+001,
4402644310.6375, 7.606522e+001,
4403548025.75, 5.858059e+001,
4404451740.8625, 3.886806e+001,
4405355455.975, 1.707157e+001,
4406259171.0875, -6.710936e+000,
4407162886.2, -2.960851e+001,
4408066601.3125, -4.975412e+001,
4408970316.425, -6.741583e+001,
4409874031.5375, -8.351200e+001,
4410777746.65, -9.806596e+001,
4411681461.7625, -1.120126e+002,
4412585176.875, -1.256345e+002,
4413488891.9875, -1.388266e+002,
4414392607.1, -1.529408e+002,
4415296322.2125, -1.684661e+002,
4416200037.325, 1.716184e+002,
4417103752.4375, 1.466538e+002,
4418007467.55, 1.228307e+002,
4418911182.6625, 1.061027e+002,
4419814897.775, 9.896331e+001,
4420718612.8875, 1.076045e+002,
4421622328, 1.281830e+002,
4422526043.1125, 1.352789e+002,
4423429758.225, 1.319044e+002,
4424333473.3375, 1.264217e+002,
4425237188.45, 1.200262e+002,
4426140903.5625, 1.095959e+002,
4427044618.675, 9.360989e+001,
4427948333.7875, 7.203986e+001,
4428852048.9, 4.912784e+001,
4429755764.0125, 2.598701e+001,
4430659479.125, 4.748845e+000,
4431563194.2375, -1.680926e+001,
4432466909.35, -3.825815e+001,
4433370624.4625, -5.872060e+001,
4434274339.575, -7.898387e+001,
4435178054.6875, -1.004905e+002,
4436081769.8, -1.217925e+002,
4436985484.9125, -1.423562e+002,
4437889200.025, -1.616599e+002,
4438792915.1375, -1.788549e+002,
4439696630.25, 1.643130e+002,
4440600345.3625, 1.470762e+002,
4441504060.475, 1.286172e+002,
4442407775.5875, 1.092534e+002,
4443311490.7, 8.860207e+001,
4444215205.8125, 6.320439e+001,
4445118920.925, 3.331695e+001,
4446022636.0375, 2.258122e+000,
4446926351.15, -2.871461e+001,
4447830066.2625, -5.679870e+001,
4448733781.375, -8.201005e+001,
4449637496.4875, -1.041558e+002,
4450541211.6, -1.237962e+002,
4451444926.7125, -1.421093e+002,
4452348641.825, -1.586306e+002,
4453252356.9375, -1.733903e+002,
4454156072.05, 1.757245e+002,
4455059787.1625, 1.724772e+002,
4455963502.275, 1.780911e+002,
4456867217.3875, -1.727460e+002,
4457770932.5, -1.710183e+002,
4458674647.6125, -1.779248e+002,
4459578362.725, 1.704190e+002,
4460482077.8375, 1.560100e+002,
4461385792.95, 1.399471e+002,
4462289508.0625, 1.227081e+002,
4463193223.175, 1.041470e+002,
4464096938.2875, 8.427070e+001,
4465000653.4, 6.327263e+001,
4465904368.5125, 4.091190e+001,
4466808083.625, 1.771421e+001,
4467711798.7375, -5.388993e+000,
4468615513.85, -2.832450e+001,
4469519228.9625, -5.183800e+001,
4470422944.075, -7.520456e+001,
4471326659.1875, -9.762225e+001,
4472230374.3, -1.187056e+002,
4473134089.4125, -1.377880e+002,
4474037804.525, -1.553323e+002,
4474941519.6375, -1.713723e+002,
4475845234.75, 1.732156e+002,
4476748949.8625, 1.580584e+002,
4477652664.975, 1.425454e+002,
4478556380.0875, 1.252713e+002,
4479460095.2, 1.068393e+002,
4480363810.3125, 8.820862e+001,
4481267525.425, 7.027923e+001,
4482171240.5375, 5.368711e+001,
4483074955.65, 3.828670e+001,
4483978670.7625, 2.327416e+001,
4484882385.875, 7.456084e+000,
4485786100.9875, -1.042021e+001,
4486689816.1, -3.188254e+001,
4487593531.2125, -5.648794e+001,
4488497246.325, -8.170716e+001,
4489400961.4375, -1.076220e+002,
4490304676.55, -1.321885e+002,
4491208391.6625, -1.548787e+002,
4492112106.775, -1.754954e+002,
4493015821.8875, 1.652715e+002,
4493919537, 1.477451e+002,
4494823252.1125, 1.321626e+002,
4495726967.225, 1.200497e+002,
4496630682.3375, 1.113636e+002,
4497534397.45, 1.094844e+002,
4498438112.5625, 1.126469e+002,
4499341827.675, 1.166614e+002,
4500245542.7875, 1.152224e+002,
4501149257.9, 1.106486e+002,
4502052973.0125, 1.026765e+002,
4502956688.125, 9.329110e+001,
4503860403.2375, 8.304242e+001,
4504764118.35, 7.090470e+001,
4505667833.4625, 5.733229e+001,
4506571548.575, 4.134198e+001,
4507475263.6875, 2.368243e+001,
4508378978.8, 4.747917e+000,
4509282693.9125, -1.557913e+001,
4510186409.025, -3.855100e+001,
4511090124.1375, -6.480383e+001,
4511993839.25, -9.394907e+001,
4512897554.3625, -1.248526e+002,
4513801269.475, -1.537287e+002,
4514704984.5875, -1.779890e+002,
4515608699.7, 1.617035e+002,
4516512414.8125, 1.435531e+002,
4517416129.925, 1.277836e+002,
4518319845.0375, 1.138996e+002,
4519223560.15, 1.016242e+002,
4520127275.2625, 9.056014e+001,
4521030990.375, 7.962921e+001,
4521934705.4875, 6.862384e+001,
4522838420.6, 5.855664e+001,
4523742135.7125, 4.946875e+001,
4524645850.825, 4.222501e+001,
4525549565.9375, 3.657167e+001,
4526453281.05, 3.082468e+001,
4527356996.1625, 2.339790e+001,
4528260711.275, 1.354438e+001,
4529164426.3875, 1.559179e+000,
4530068141.5, -1.260613e+001,
4530971856.6125, -2.930810e+001,
4531875571.725, -4.829246e+001,
4532779286.8375, -7.845599e+001,
4533683001.95, -1.422892e+002,
4534586717.0625, 1.568475e+002,
4535490432.175, 1.280104e+002,
4536394147.2875, 1.084229e+002,
4537297862.4, 9.260110e+001,
4538201577.5125, 7.906794e+001,
4539105292.625, 6.725078e+001,
4540009007.7375, 5.799767e+001,
4540912722.85, 5.067862e+001,
4541816437.9625, 4.450479e+001,
4542720153.075, 3.948126e+001,
4543623868.1875, 3.453696e+001,
4544527583.3, 3.016529e+001,
4545431298.4125, 2.550286e+001,
4546335013.525, 1.979375e+001,
4547238728.6375, 1.312123e+001,
4548142443.75, 5.944714e+000,
4549046158.8625, -5.936768e-001,
4549949873.975, -6.313490e+000,
4550853589.0875, -1.021533e+001,
4551757304.2, -1.198098e+001,
4552661019.3125, -1.144561e+001,
4553564734.425, -8.723423e+000,
4554468449.5375, -5.920107e+000,
4555372164.65, -2.561123e+000,
4556275879.7625, 3.266333e+000,
4557179594.875, 1.734853e+001,
4558083309.9875, 3.514915e+001,
4558987025.1, 4.496491e+001,
4559890740.2125, 4.562239e+001,
4560794455.325, 4.113943e+001,
4561698170.4375, 3.516565e+001,
4562601885.55, 2.819320e+001,
4563505600.6625, 2.162222e+001,
4564409315.775, 1.417507e+001,
4565313030.8875, 6.398669e+000,
4566216746, -2.069564e+000,
4567120461.1125, -1.054485e+001,
4568024176.225, -1.972232e+001,
4568927891.3375, -2.868860e+001,
4569831606.45, -3.718270e+001,
4570735321.5625, -4.465408e+001,
4571639036.675, -5.095291e+001,
4572542751.7875, -5.446339e+001,
4573446466.9, -5.294469e+001,
4574350182.0125, -4.125345e+001,
4575253897.125, -1.646908e+001,
4576157612.2375, 8.652140e+000,
4577061327.35, 1.848376e+001,
4577965042.4625, 1.927454e+001,
4578868757.575, 1.548762e+001,
4579772472.6875, 9.466688e+000,
4580676187.8, 2.842972e+000,
4581579902.9125, -4.130662e+000,
4582483618.025, -1.113177e+001,
4583387333.1375, -1.855385e+001,
4584291048.25, -2.628095e+001,
4585194763.3625, -3.428208e+001,
4586098478.475, -4.261856e+001,
4587002193.5875, -5.079893e+001,
4587905908.7, -5.844421e+001,
4588809623.8125, -6.568631e+001,
4589713338.925, -7.206610e+001,
4590617054.0375, -7.651498e+001,
4591520769.15, -7.783867e+001,
4592424484.2625, -7.286651e+001,
4593328199.375, -4.695358e+001,
4594231914.4875, -1.538259e+001,
4595135629.6, -3.949487e+000,
4596039344.7125, -4.474324e+000,
4596943059.825, -9.598497e+000,
4597846774.9375, -1.724910e+001,
4598750490.05, -2.583132e+001,
4599654205.1625, -3.463253e+001,
4600557920.275, -4.298189e+001,
4601461635.3875, -5.140084e+001,
4602365350.5, -5.995474e+001,
4603269065.6125, -6.873674e+001,
4604172780.725, -7.757053e+001,
4605076495.8375, -8.592373e+001,
4605980210.95, -9.365374e+001,
4606883926.0625, -9.840066e+001,
4607787641.175, -9.887454e+001,
4608691356.2875, -8.942772e+001,
4609595071.4, -6.623303e+001,
4610498786.5125, -4.409972e+001,
4611402501.625, -3.563546e+001,
4612306216.7375, -3.420522e+001,
4613209931.85, -3.699864e+001,
4614113646.9625, -4.180733e+001,
4615017362.075, -4.923354e+001,
4615921077.1875, -5.790275e+001,
4616824792.3, -6.757008e+001,
4617728507.4125, -7.704782e+001,
4618632222.525, -8.665120e+001,
4619535937.6375, -9.552764e+001,
4620439652.75, -1.033648e+002,
4621343367.8625, -1.097490e+002,
4622247082.975, -1.130651e+002,
4623150798.0875, -1.091358e+002,
4624054513.2, -9.525210e+001,
4624958228.3125, -7.885767e+001,
4625861943.425, -7.095735e+001,
4626765658.5375, -6.902963e+001,
4627669373.65, -7.001984e+001,
4628573088.7625, -7.285830e+001,
4629476803.875, -7.653215e+001,
4630380518.9875, -8.212542e+001,
4631284234.1, -8.802214e+001,
4632187949.2125, -9.370714e+001,
4633091664.325, -9.982064e+001,
4633995379.4375, -1.048693e+002,
4634899094.55, -1.091136e+002,
4635802809.6625, -1.123994e+002,
4636706524.775, -1.149795e+002,
4637610239.8875, -1.156172e+002,
4638513955, -1.142917e+002,
4639417670.1125, -1.112213e+002,
4640321385.225, -1.066934e+002,
4641225100.3375, -1.020801e+002,
4642128815.45, -9.939835e+001,
4643032530.5625, -9.780761e+001,
4643936245.675, -9.860560e+001,
4644839960.7875, -1.010676e+002,
4645743675.9, -1.043205e+002,
4646647391.0125, -1.084239e+002,
4647551106.125, -1.135645e+002,
4648454821.2375, -1.186455e+002,
4649358536.35, -1.236578e+002,
4650262251.4625, -1.279275e+002,
4651165966.575, -1.317568e+002,
4652069681.6875, -1.341057e+002,
4652973396.8, -1.343821e+002,
4653877111.9125, -1.319058e+002,
4654780827.025, -1.275941e+002,
4655684542.1375, -1.222003e+002,
4656588257.25, -1.185375e+002,
4657491972.3625, -1.178335e+002,
4658395687.475, -1.195651e+002,
4659299402.5875, -1.231956e+002,
4660203117.7, -1.282439e+002,
4661106832.8125, -1.338488e+002,
4662010547.925, -1.399553e+002,
4662914263.0375, -1.451220e+002,
4663817978.15, -1.492788e+002,
4664721693.2625, -1.513042e+002,
4665625408.375, -1.511373e+002,
4666529123.4875, -1.485444e+002,
4667432838.6, -1.448597e+002,
4668336553.7125, -1.421123e+002,
4669240268.825, -1.408401e+002,
4670143983.9375, -1.417135e+002,
4671047699.05, -1.437236e+002,
4671951414.1625, -1.461812e+002,
4672855129.275, -1.489770e+002,
4673758844.3875, -1.518454e+002,
4674662559.5, -1.543442e+002,
4675566274.6125, -1.565526e+002,
4676469989.725, -1.587237e+002,
4677373704.8375, -1.607917e+002,
4678277419.95, -1.629132e+002,
4679181135.0625, -1.649341e+002,
4680084850.175, -1.663906e+002,
4680988565.2875, -1.669503e+002,
4681892280.4, -1.664371e+002,
4682795995.5125, -1.646670e+002,
4683699710.625, -1.626331e+002,
4684603425.7375, -1.616073e+002,
4685507140.85, -1.622903e+002,
4686410855.9625, -1.647476e+002,
4687314571.075, -1.686289e+002,
4688218286.1875, -1.730902e+002,
4689122001.3, -1.778251e+002,
4690025716.4125, 1.775395e+002,
4690929431.525, 1.741400e+002,
4691833146.6375, 1.729274e+002,
4692736861.75, 1.750361e+002,
4693640576.8625, 1.798109e+002,
4694544291.975, -1.757243e+002,
4695448007.0875, -1.733748e+002,
4696351722.2, -1.749722e+002,
4697255437.3125, -1.784842e+002,
4698159152.425, 1.759071e+002,
4699062867.5375, 1.702816e+002,
4699966582.65, 1.651980e+002,
4700870297.7625, 1.613882e+002,
4701774012.875, 1.594341e+002,
4702677727.9875, 1.604781e+002,
4703581443.1, 1.637321e+002,
4704485158.2125, 1.669484e+002,
4705388873.325, 1.688630e+002,
4706292588.4375, 1.689134e+002,
4707196303.55, 1.665398e+002,
4708100018.6625, 1.638999e+002,
4709003733.775, 1.599458e+002,
4709907448.8875, 1.564185e+002,
4710811164, 1.529230e+002,
4711714879.1125, 1.501166e+002,
4712618594.225, 1.483308e+002,
4713522309.3375, 1.482564e+002,
4714426024.45, 1.494008e+002,
4715329739.5625, 1.516264e+002,
4716233454.675, 1.528107e+002,
4717137169.7875, 1.527924e+002,
4718040884.9, 1.513555e+002,
4718944600.0125, 1.485998e+002,
4719848315.125, 1.451812e+002,
4720752030.2375, 1.412717e+002,
4721655745.35, 1.384038e+002,
4722559460.4625, 1.364608e+002,
4723463175.575, 1.360082e+002,
4724366890.6875, 1.369801e+002,
4725270605.8, 1.390356e+002,
4726174320.9125, 1.399435e+002,
4727078036.025, 1.400764e+002,
4727981751.1375, 1.378226e+002,
4728885466.25, 1.341778e+002,
4729789181.3625, 1.312469e+002,
4730692896.475, 1.283351e+002,
4731596611.5875, 1.271473e+002,
4732500326.7, 1.271343e+002,
4733404041.8125, 1.271006e+002,
4734307756.925, 1.273923e+002,
4735211472.0375, 1.264344e+002,
4736115187.15, 1.252893e+002,
4737018902.2625, 1.244487e+002,
4737922617.375, 1.231831e+002,
4738826332.4875, 1.220933e+002,
4739730047.6, 1.207156e+002,
4740633762.7125, 1.187600e+002,
4741537477.825, 1.166223e+002,
4742441192.9375, 1.142165e+002,
4743344908.05, 1.131729e+002,
4744248623.1625, 1.128038e+002,
4745152338.275, 1.139397e+002,
4746056053.3875, 1.154794e+002,
4746959768.5, 1.157570e+002,
4747863483.6125, 1.131034e+002,
4748767198.725, 1.082341e+002,
4749670913.8375, 1.039564e+002,
4750574628.95, 1.012948e+002,
4751478344.0625, 1.025622e+002,
4752382059.175, 1.054523e+002,
4753285774.2875, 1.072469e+002,
4754189489.4, 1.059930e+002,
4755093204.5125, 1.030159e+002,
4755996919.625, 9.922343e+001,
4756900634.7375, 9.601259e+001,
4757804349.85, 9.589888e+001,
4758708064.9625, 9.654055e+001,
4759611780.075, 9.722963e+001,
4760515495.1875, 9.622769e+001,
4761419210.3, 9.449593e+001,
4762322925.4125, 9.305954e+001,
4763226640.525, 9.111489e+001,
4764130355.6375, 9.027065e+001,
4765034070.75, 8.945276e+001,
4765937785.8625, 8.865538e+001,
4766841500.975, 8.742167e+001,
4767745216.0875, 8.637437e+001,
4768648931.2, 8.519543e+001,
4769552646.3125, 8.466926e+001,
4770456361.425, 8.347656e+001,
4771360076.5375, 8.192177e+001,
4772263791.65, 8.000233e+001,
4773167506.7625, 7.865414e+001,
4774071221.875, 7.789770e+001,
4774974936.9875, 7.697175e+001,
4775878652.1, 7.645240e+001,
4776782367.2125, 7.551908e+001,
4777686082.325, 7.394379e+001,
4778589797.4375, 7.218342e+001,
4779493512.55, 7.079788e+001,
4780397227.6625, 6.995993e+001,
4781300942.775, 6.909443e+001,
4782204657.8875, 6.803812e+001,
4783108373, 6.705732e+001,
4784012088.1125, 6.555985e+001,
4784915803.225, 6.388643e+001,
4785819518.3375, 6.294885e+001,
4786723233.45, 6.178005e+001,
4787626948.5625, 6.124683e+001,
4788530663.675, 5.989412e+001,
4789434378.7875, 5.878171e+001,
4790338093.9, 5.735783e+001,
4791241809.0125, 5.623290e+001,
4792145524.125, 5.459901e+001,
4793049239.2375, 5.364542e+001,
4793952954.35, 5.210458e+001,
4794856669.4625, 5.098397e+001,
4795760384.575, 4.998890e+001,
4796664099.6875, 4.863127e+001,
4797567814.8, 4.735798e+001,
4798471529.9125, 4.589757e+001,
4799375245.025, 4.457452e+001,
4800278960.1375, 4.328423e+001,
4801182675.25, 4.246553e+001,
4802086390.3625, 4.096703e+001,
4802990105.475, 3.973097e+001,
4803893820.5875, 3.847759e+001,
4804797535.7, 3.711601e+001,
4805701250.8125, 3.593069e+001,
4806604965.925, 3.460881e+001,
4807508681.0375, 3.317160e+001,
4808412396.15, 3.187691e+001,
4809316111.2625, 3.056707e+001,
4810219826.375, 2.931275e+001,
4811123541.4875, 2.790911e+001,
4812027256.6, 2.650038e+001,
4812930971.7125, 2.495682e+001,
4813834686.825, 2.381653e+001,
4814738401.9375, 2.203289e+001,
4815642117.05, 2.101022e+001,
4816545832.1625, 1.935346e+001,
4817449547.275, 1.805924e+001,
4818353262.3875, 1.671910e+001,
4819256977.5, 1.552181e+001,
4820160692.6125, 1.367322e+001,
4821064407.725, 1.237810e+001,
4821968122.8375, 1.085901e+001,
4822871837.95, 9.672819e+000,
4823775553.0625, 8.202448e+000,
4824679268.175, 6.550629e+000,
4825582983.2875, 5.143757e+000,
4826486698.4, 3.711987e+000,
4827390413.5125, 2.707458e+000,
4828294128.625, 1.188008e+000,
4829197843.7375, -2.668236e-001,
4830101558.85, -1.611147e+000,
4831005273.9625, -3.285842e+000,
4831908989.075, -4.641855e+000,
4832812704.1875, -6.197342e+000,
4833716419.3, -7.372696e+000,
4834620134.4125, -8.845961e+000,
4835523849.525, -9.883807e+000,
4836427564.6375, -1.164121e+001,
4837331279.75, -1.320876e+001,
4838234994.8625, -1.473047e+001,
4839138709.975, -1.583814e+001,
4840042425.0875, -1.775554e+001,
4840946140.2, -1.884280e+001,
4841849855.3125, -2.035796e+001,
4842753570.425, -2.185958e+001,
4843657285.5375, -2.332463e+001,
4844561000.65, -2.472875e+001,
4845464715.7625, -2.625770e+001,
4846368430.875, -2.758355e+001,
4847272145.9875, -2.899515e+001,
4848175861.1, -3.070859e+001,
4849079576.2125, -3.218946e+001,
4849983291.325, -3.343880e+001,
4850887006.4375, -3.487914e+001,
4851790721.55, -3.623070e+001,
4852694436.6625, -3.779540e+001,
4853598151.775, -3.895013e+001,
4854501866.8875, -4.071355e+001,
4855405582, -4.194280e+001,
4856309297.1125, -4.303122e+001,
4857213012.225, -4.470230e+001,
4858116727.3375, -4.607654e+001,
4859020442.45, -4.779841e+001,
4859924157.5625, -4.910712e+001,
4860827872.675, -5.062163e+001,
4861731587.7875, -5.175890e+001,
4862635302.9, -5.325607e+001,
4863539018.0125, -5.434276e+001,
4864442733.125, -5.579483e+001,
4865346448.2375, -5.748876e+001,
4866250163.35, -5.883711e+001,
4867153878.4625, -5.998958e+001,
4868057593.575, -6.127949e+001,
4868961308.6875, -6.250625e+001,
4869865023.8, -6.439506e+001,
4870768738.9125, -6.558834e+001,
4871672454.025, -6.650916e+001,
4872576169.1375, -6.812563e+001,
4873479884.25, -7.009064e+001,
4874383599.3625, -7.076518e+001,
4875287314.475, -7.206404e+001,
4876191029.5875, -7.328182e+001,
4877094744.7, -7.470707e+001,
4877998459.8125, -7.583259e+001,
4878902174.925, -7.738287e+001,
4879805890.0375, -7.855427e+001,
4880709605.15, -7.985497e+001,
4881613320.2625, -8.088550e+001,
4882517035.375, -8.222499e+001,
4883420750.4875, -8.404251e+001,
4884324465.6, -8.447335e+001,
4885228180.7125, -8.598661e+001,
4886131895.825, -8.769443e+001,
4887035610.9375, -8.832797e+001,
4887939326.05, -8.991833e+001,
4888843041.1625, -9.158585e+001,
4889746756.275, -9.254865e+001,
4890650471.3875, -9.344966e+001,
4891554186.5, -9.520269e+001,
4892457901.6125, -9.597043e+001,
4893361616.725, -9.709776e+001,
4894265331.8375, -9.900334e+001,
4895169046.95, -9.956873e+001,
4896072762.0625, -1.009732e+002,
4896976477.175, -1.019819e+002,
4897880192.2875, -1.033299e+002,
4898783907.4, -1.041723e+002,
4899687622.5125, -1.056831e+002,
4900591337.625, -1.075875e+002,
4901495052.7375, -1.086750e+002,
4902398767.85, -1.096618e+002,
4903302482.9625, -1.105804e+002,
4904206198.075, -1.114732e+002,
4905109913.1875, -1.128507e+002,
4906013628.3, -1.138382e+002,
4906917343.4125, -1.148278e+002,
4907821058.525, -1.166464e+002,
4908724773.6375, -1.176950e+002,
4909628488.75, -1.190549e+002,
4910532203.8625, -1.202324e+002,
4911435918.975, -1.212636e+002,
4912339634.0875, -1.223174e+002,
4913243349.2, -1.240518e+002,
4914147064.3125, -1.248838e+002,
4915050779.425, -1.261422e+002,
4915954494.5375, -1.276737e+002,
4916858209.65, -1.287789e+002,
4917761924.7625, -1.300476e+002,
4918665639.875, -1.309816e+002,
4919569354.9875, -1.320076e+002,
4920473070.1, -1.337279e+002,
4921376785.2125, -1.340146e+002,
4922280500.325, -1.355324e+002,
4923184215.4375, -1.375407e+002,
4924087930.55, -1.385777e+002,
4924991645.6625, -1.395472e+002,
4925895360.775, -1.404724e+002,
4926799075.8875, -1.415522e+002,
4927702791, -1.434913e+002,
4928606506.1125, -1.443638e+002,
4929510221.225, -1.450375e+002,
4930413936.3375, -1.467833e+002,
4931317651.45, -1.476455e+002,
4932221366.5625, -1.485500e+002,
4933125081.675, -1.502960e+002,
4934028796.7875, -1.512203e+002,
4934932511.9, -1.527059e+002,
4935836227.0125, -1.534942e+002,
4936739942.125, -1.549066e+002,
4937643657.2375, -1.564424e+002,
4938547372.35, -1.575716e+002,
4939451087.4625, -1.587671e+002,
4940354802.575, -1.596950e+002,
4941258517.6875, -1.607997e+002,
4942162232.8, -1.618721e+002,
4943065947.9125, -1.631741e+002,
4943969663.025, -1.643724e+002,
4944873378.1375, -1.659911e+002,
4945777093.25, -1.672363e+002,
4946680808.3625, -1.681678e+002,
4947584523.475, -1.695578e+002,
4948488238.5875, -1.707917e+002,
4949391953.7, -1.722541e+002,
4950295668.8125, -1.730013e+002,
4951199383.925, -1.748943e+002,
4952103099.0375, -1.762348e+002,
4953006814.15, -1.769878e+002,
4953910529.2625, -1.776511e+002,
4954814244.375, -1.794554e+002,
4955717959.4875, 1.793294e+002,
4956621674.6, 1.778686e+002,
4957525389.7125, 1.768772e+002,
4958429104.825, 1.755007e+002,
4959332819.9375, 1.746028e+002,
4960236535.05, 1.732053e+002,
4961140250.1625, 1.720972e+002,
4962043965.275, 1.707168e+002,
4962947680.3875, 1.697632e+002,
4963851395.5, 1.686285e+002,
4964755110.6125, 1.671305e+002,
4965658825.725, 1.658652e+002,
4966562540.8375, 1.651756e+002,
4967466255.95, 1.631373e+002,
4968369971.0625, 1.621489e+002,
4969273686.175, 1.610287e+002,
4970177401.2875, 1.594100e+002,
4971081116.4, 1.584082e+002,
4971984831.5125, 1.573684e+002,
4972888546.625, 1.557571e+002,
4973792261.7375, 1.543641e+002,
4974695976.85, 1.534609e+002,
4975599691.9625, 1.517190e+002,
4976503407.075, 1.507870e+002,
4977407122.1875, 1.493252e+002,
4978310837.3, 1.482179e+002,
4979214552.4125, 1.466814e+002,
4980118267.525, 1.451312e+002,
4981021982.6375, 1.441302e+002,
4981925697.75, 1.425447e+002,
4982829412.8625, 1.414385e+002,
4983733127.975, 1.400820e+002,
4984636843.0875, 1.388667e+002,
4985540558.2, 1.374432e+002,
4986444273.3125, 1.360652e+002,
4987347988.425, 1.352252e+002,
4988251703.5375, 1.338170e+002,
4989155418.65, 1.322802e+002,
4990059133.7625, 1.311025e+002,
4990962848.875, 1.300747e+002,
4991866563.9875, 1.287982e+002,
4992770279.1, 1.269724e+002,
4993673994.2125, 1.259646e+002,
4994577709.325, 1.247794e+002,
4995481424.4375, 1.234877e+002,
4996385139.55, 1.222343e+002,
4997288854.6625, 1.204923e+002,
4998192569.775, 1.195412e+002,
4999096284.8875, 1.178386e+002,
5000000000, 1.164500e+002,
