"S21 Phase"
"Frequency (Hz)","Deg",
3554055820, 1.406136e+002,
3554959535.1125, 1.392729e+002,
3555863250.225, 1.481198e+002,
3556766965.3375, 1.547194e+002,
3557670680.45, 1.500049e+002,
3558574395.5625, 1.463312e+002,
3559478110.675, 1.411167e+002,
3560381825.7875, 1.380933e+002,
3561285540.9, 1.413296e+002,
3562189256.0125, 1.405458e+002,
3563092971.125, 1.337170e+002,
3563996686.2375, 1.245297e+002,
3564900401.35, 1.222189e+002,
3565804116.4625, 1.247586e+002,
3566707831.575, 1.212260e+002,
3567611546.6875, 1.208865e+002,
3568515261.8, 1.309080e+002,
3569418976.9125, 1.340752e+002,
3570322692.025, 1.360314e+002,
3571226407.1375, 1.375520e+002,
3572130122.25, 1.343439e+002,
3573033837.3625, 1.293745e+002,
3573937552.475, 1.279922e+002,
3574841267.5875, 1.244399e+002,
3575744982.7, 1.132584e+002,
3576648697.8125, 9.924889e+001,
3577552412.925, 9.361292e+001,
3578456128.0375, 1.004981e+002,
3579359843.15, 1.113667e+002,
3580263558.2625, 1.238665e+002,
3581167273.375, 1.280053e+002,
3582070988.4875, 1.196351e+002,
3582974703.6, 1.089987e+002,
3583878418.7125, 1.059319e+002,
3584782133.825, 1.129645e+002,
3585685848.9375, 1.142797e+002,
3586589564.05, 1.077238e+002,
3587493279.1625, 9.911462e+001,
3588396994.275, 8.828212e+001,
3589300709.3875, 8.309460e+001,
3590204424.5, 9.541260e+001,
3591108139.6125, 1.120676e+002,
3592011854.725, 1.162274e+002,
3592915569.8375, 1.142993e+002,
3593819284.95, 1.116879e+002,
3594723000.0625, 1.058494e+002,
3595626715.175, 1.018668e+002,
3596530430.2875, 9.605652e+001,
3597434145.4, 9.172783e+001,
3598337860.5125, 9.097434e+001,
3599241575.625, 9.081303e+001,
3600145290.7375, 8.948419e+001,
3601049005.85, 9.590554e+001,
3601952720.9625, 9.368250e+001,
3602856436.075, 8.639404e+001,
3603760151.1875, 8.439241e+001,
3604663866.3, 7.939001e+001,
3605567581.4125, 7.527055e+001,
3606471296.525, 7.706494e+001,
3607375011.6375, 8.429928e+001,
3608278726.75, 8.699044e+001,
3609182441.8625, 8.808068e+001,
3610086156.975, 8.719159e+001,
3610989872.0875, 8.595814e+001,
3611893587.2, 7.816233e+001,
3612797302.3125, 6.612109e+001,
3613701017.425, 6.051390e+001,
3614604732.5375, 7.068859e+001,
3615508447.65, 7.007522e+001,
3616412162.7625, 6.483158e+001,
3617315877.875, 6.387521e+001,
3618219592.9875, 6.452956e+001,
3619123308.1, 6.272326e+001,
3620027023.2125, 6.443728e+001,
3620930738.325, 7.235956e+001,
3621834453.4375, 8.125730e+001,
3622738168.55, 8.159652e+001,
3623641883.6625, 7.240367e+001,
3624545598.775, 5.912873e+001,
3625449313.8875, 4.337444e+001,
3626353029, 3.595080e+001,
3627256744.1125, 3.037513e+001,
3628160459.225, 3.066164e+001,
3629064174.3375, 5.704096e+001,
3629967889.45, 7.702199e+001,
3630871604.5625, 7.510604e+001,
3631775319.675, 6.622055e+001,
3632679034.7875, 5.424429e+001,
3633582749.9, 4.171215e+001,
3634486465.0125, 3.573492e+001,
3635390180.125, 3.690805e+001,
3636293895.2375, 4.119144e+001,
3637197610.35, 4.974693e+001,
3638101325.4625, 5.009754e+001,
3639005040.575, 4.673866e+001,
3639908755.6875, 4.114782e+001,
3640812470.8, 4.079966e+001,
3641716185.9125, 4.352522e+001,
3642619901.025, 4.747886e+001,
3643523616.1375, 4.838803e+001,
3644427331.25, 3.741559e+001,
3645331046.3625, 1.844033e+001,
3646234761.475, 1.460982e+000,
3647138476.5875, 1.312448e+001,
3648042191.7, 4.643245e+001,
3648945906.8125, 3.913305e+001,
3649849621.925, 3.054668e+001,
3650753337.0375, 2.500845e+001,
3651657052.15, 2.690534e+001,
3652560767.2625, 2.505756e+001,
3653464482.375, 1.571483e+001,
3654368197.4875, 6.288160e+000,
3655271912.6, 4.631227e+000,
3656175627.7125, 1.147872e+001,
3657079342.825, 9.631962e+000,
3657983057.9375, 1.805537e+001,
3658886773.05, 3.302698e+001,
3659790488.1625, 3.588360e+001,
3660694203.275, 2.863713e+001,
3661597918.3875, 2.081908e+001,
3662501633.5, 1.614799e+001,
3663405348.6125, 1.214757e+001,
3664309063.725, 1.720612e+001,
3665212778.8375, 1.211426e+001,
3666116493.95, -5.663184e-001,
3667020209.0625, -1.330127e+001,
3667923924.175, -1.071179e+001,
3668827639.2875, -8.397825e+000,
3669731354.4, 1.230511e+001,
3670635069.5125, 2.460543e+001,
3671538784.625, 1.829959e+001,
3672442499.7375, 7.583561e+000,
3673346214.85, -3.403778e+000,
3674249929.9625, -1.035181e+001,
3675153645.075, -1.339547e+001,
3676057360.1875, -2.029466e+001,
3676961075.3, -2.058353e+001,
3677864790.4125, -1.152155e+001,
3678768505.525, -4.344473e+000,
3679672220.6375, 1.940254e+000,
3680575935.75, -1.791451e+000,
3681479650.8625, -7.060111e+000,
3682383365.975, -4.526166e+000,
3683287081.0875, -6.560478e+000,
3684190796.2, -1.538767e+001,
3685094511.3125, -1.235042e+001,
3685998226.425, -2.355406e+000,
3686901941.5375, -1.002881e+001,
3687805656.65, -2.348192e+001,
3688709371.7625, -3.888748e+001,
3689613086.875, -5.773954e+001,
3690516801.9875, -6.999158e+001,
3691420517.1, -1.264075e-001,
3692324232.2125, 2.792783e+000,
3693227947.325, -1.348157e+001,
3694131662.4375, -2.278584e+001,
3695035377.55, -2.608003e+001,
3695939092.6625, -2.601397e+001,
3696842807.775, -3.511805e+001,
3697746522.8875, -4.389354e+001,
3698650238, -5.047731e+001,
3699553953.1125, -6.213396e+001,
3700457668.225, -7.138432e+001,
3701361383.3375, -4.569607e+000,
3702265098.45, 1.655102e+001,
3703168813.5625, 1.994700e+000,
3704072528.675, -1.453504e+001,
3704976243.7875, -3.300536e+001,
3705879958.9, -4.437964e+001,
3706783674.0125, -4.888430e+001,
3707687389.125, -4.033881e+001,
3708591104.2375, -3.049910e+001,
3709494819.35, -3.326118e+001,
3710398534.4625, -3.852223e+001,
3711302249.575, -4.727646e+001,
3712205964.6875, -5.879216e+001,
3713109679.8, -6.804997e+001,
3714013394.9125, -6.715450e+001,
3714917110.025, -3.286258e+001,
3715820825.1375, -3.603299e+001,
3716724540.25, -5.962840e+001,
3717628255.3625, -6.453218e+001,
3718531970.475, -5.497637e+001,
3719435685.5875, -4.374029e+001,
3720339400.7, -3.856261e+001,
3721243115.8125, -4.835118e+001,
3722146830.925, -6.708126e+001,
3723050546.0375, -8.201960e+001,
3723954261.15, -8.707646e+001,
3724857976.2625, -6.880281e+001,
3725761691.375, -4.744589e+001,
3726665406.4875, -5.239544e+001,
3727569121.6, -6.828844e+001,
3728472836.7125, -7.547194e+001,
3729376551.825, -7.164111e+001,
3730280266.9375, -6.122877e+001,
3731183982.05, -5.546313e+001,
3732087697.1625, -6.109961e+001,
3732991412.275, -6.756483e+001,
3733895127.3875, -7.470491e+001,
3734798842.5, -8.524261e+001,
3735702557.6125, -9.414331e+001,
3736606272.725, -1.001002e+002,
3737509987.8375, -1.034818e+002,
3738413702.95, -1.143646e+002,
3739317418.0625, -1.241915e+002,
3740221133.175, -1.054311e+002,
3741124848.2875, -6.281546e+001,
3742028563.4, -6.812783e+001,
3742932278.5125, -6.339532e+001,
3743835993.625, -7.441040e+001,
3744739708.7375, -9.522381e+001,
3745643423.85, -1.169389e+002,
3746547138.9625, -1.535381e+002,
3747450854.075, 2.126140e+001,
3748354569.1875, -1.355105e+001,
3749258284.3, -3.633135e+001,
3750161999.4125, -5.631749e+001,
3751065714.525, -7.649916e+001,
3751969429.6375, -9.539100e+001,
3752873144.75, -1.178604e+002,
3753776859.8625, -1.272363e+002,
3754680574.975, -1.094977e+002,
3755584290.0875, -7.203896e+001,
3756488005.2, -6.298458e+001,
3757391720.3125, -7.110044e+001,
3758295435.425, -8.016931e+001,
3759199150.5375, -8.890135e+001,
3760102865.65, -1.017631e+002,
3761006580.7625, -1.103199e+002,
3761910295.875, -1.188167e+002,
3762814010.9875, -1.255239e+002,
3763717726.1, -1.299215e+002,
3764621441.2125, -1.395036e+002,
3765525156.325, -1.469219e+002,
3766428871.4375, -1.437108e+002,
3767332586.55, -1.430965e+002,
3768236301.6625, -1.316141e+002,
3769140016.775, -1.229679e+002,
3770043731.8875, -1.410273e+002,
3770947447, -1.536209e+002,
3771851162.1125, -9.717049e+001,
3772754877.225, -7.182451e+001,
3773658592.3375, -8.404687e+001,
3774562307.45, -8.688303e+001,
3775466022.5625, -9.720259e+001,
3776369737.675, -1.082066e+002,
3777273452.7875, -9.842666e+001,
3778177167.9, -9.670775e+001,
3779080883.0125, -1.069624e+002,
3779984598.125, -1.256579e+002,
3780888313.2375, -1.475943e+002,
3781792028.35, -1.625165e+002,
3782695743.4625, -1.743203e+002,
3783599458.575, 1.713322e+002,
3784503173.6875, 1.627558e+002,
3785406888.8, 1.652562e+002,
3786310603.9125, -1.787568e+002,
3787214319.025, -1.272325e+002,
3788118034.1375, -1.249305e+002,
3789021749.25, -1.419074e+002,
3789925464.3625, -1.548772e+002,
3790829179.475, -1.661130e+002,
3791732894.5875, -1.770915e+002,
3792636609.7, 1.638680e+002,
3793540324.8125, 1.379189e+002,
3794444039.925, 9.628272e+001,
3795347755.0375, -4.381635e-001,
3796251470.15, -8.539788e+001,
3797155185.2625, -1.176603e+002,
3798058900.375, -3.875524e+001,
3798962615.4875, -4.016107e+001,
3799866330.6, -7.836766e+001,
3800770045.7125, -9.338635e+001,
3801673760.825, -8.922839e+001,
3802577475.9375, -8.760830e+001,
3803481191.05, -9.273801e+001,
3804384906.1625, -1.011625e+002,
3805288621.275, -1.092180e+002,
3806192336.3875, -1.159189e+002,
3807096051.5, -1.287945e+002,
3807999766.6125, -1.456349e+002,
3808903481.725, -1.628356e+002,
3809807196.8375, -1.799524e+002,
3810710911.95, 1.625606e+002,
3811614627.0625, 1.490296e+002,
3812518342.175, 1.363947e+002,
3813422057.2875, 1.278218e+002,
3814325772.4, 1.196265e+002,
3815229487.5125, 1.327809e+002,
3816133202.625, 1.755242e+002,
3817036917.7375, 1.722306e+002,
3817940632.85, 1.569913e+002,
3818844347.9625, 1.414300e+002,
3819748063.075, 1.249430e+002,
3820651778.1875, 1.178007e+002,
3821555493.3, -1.110872e+002,
3822459208.4125, -1.360313e+002,
3823362923.525, -1.583804e+002,
3824266638.6375, 1.775224e+002,
3825170353.75, 1.535377e+002,
3826074068.8625, 1.290930e+002,
3826977783.975, 1.019361e+002,
3827881499.0875, 7.292174e+001,
3828785214.2, 3.904496e+001,
3829688929.3125, -1.726633e+000,
3830592644.425, -3.955506e+001,
3831496359.5375, -6.679491e+001,
3832400074.65, -8.394206e+001,
3833303789.7625, -1.039306e+002,
3834207504.875, -1.269149e+002,
3835111219.9875, -1.531460e+002,
3836014935.1, 1.788912e+002,
3836918650.2125, 1.538413e+002,
3837822365.325, 1.331814e+002,
3838726080.4375, 1.221974e+002,
3839629795.55, 1.176380e+002,
3840533510.6625, 1.103036e+002,
3841437225.775, 9.704406e+001,
3842340940.8875, 8.525210e+001,
3843244656, 7.271617e+001,
3844148371.1125, 5.460626e+001,
3845052086.225, 3.320631e+001,
3845955801.3375, 1.821157e+001,
3846859516.45, 5.479031e+001,
3847763231.5625, 6.564626e+001,
3848666946.675, 4.275357e+001,
3849570661.7875, 8.042826e+000,
3850474376.9, -5.745438e+001,
3851378092.0125, -1.164947e+002,
3852281807.125, -1.445988e+002,
3853185522.2375, -1.657835e+002,
3854089237.35, 1.753745e+002,
3854992952.4625, 1.450147e+002,
3855896667.575, 8.424546e+001,
3856800382.6875, -1.227682e+001,
3857704097.8, -6.164974e+001,
3858607812.9125, -8.137446e+001,
3859511528.025, -1.034288e+002,
3860415243.1375, -1.239073e+002,
3861318958.25, -1.403106e+002,
3862222673.3625, -1.449402e+002,
3863126388.475, -1.475063e+002,
3864030103.5875, -1.581233e+002,
3864933818.7, -1.725751e+002,
3865837533.8125, 1.718649e+002,
3866741248.925, 1.564179e+002,
3867644964.0375, 1.423663e+002,
3868548679.15, 1.305837e+002,
3869452394.2625, 1.198765e+002,
3870356109.375, 1.090831e+002,
3871259824.4875, 9.647901e+001,
3872163539.6, 8.093648e+001,
3873067254.7125, 6.436401e+001,
3873970969.825, 4.744035e+001,
3874874684.9375, 3.131639e+001,
3875778400.05, 1.239005e+001,
3876682115.1625, -2.172906e+001,
3877585830.275, -1.215772e+002,
3878489545.3875, 1.710464e+002,
3879393260.5, 1.425130e+002,
3880296975.6125, 1.173882e+002,
3881200690.725, 9.688401e+001,
3882104405.8375, 7.716774e+001,
3883008120.95, 5.962649e+001,
3883911836.0625, 5.194590e+001,
3884815551.175, 7.776301e+001,
3885719266.2875, 9.072419e+001,
3886622981.4, 7.508570e+001,
3887526696.5125, 5.662312e+001,
3888430411.625, 3.517358e+001,
3889334126.7375, 9.962557e+000,
3890237841.85, -1.880341e+001,
3891141556.9625, -5.092279e+001,
3892045272.075, -8.451340e+001,
3892948987.1875, -1.176560e+002,
3893852702.3, -1.473461e+002,
3894756417.4125, -1.729608e+002,
3895660132.525, 1.655891e+002,
3896563847.6375, 1.462062e+002,
3897467562.75, 1.271043e+002,
3898371277.8625, 1.084036e+002,
3899274992.975, 9.158997e+001,
3900178708.0875, 7.496461e+001,
3901082423.2, 6.035185e+001,
3901986138.3125, 4.539828e+001,
3902889853.425, 3.026096e+001,
3903793568.5375, 1.440956e+001,
3904697283.65, -3.090999e+000,
3905600998.7625, -2.174198e+001,
3906504713.875, -4.151695e+001,
3907408428.9875, -6.086436e+001,
3908312144.1, -7.990530e+001,
3909215859.2125, -9.836812e+001,
3910119574.325, -1.162878e+002,
3911023289.4375, -1.406380e+002,
3911927004.55, -1.729104e+002,
3912830719.6625, 1.489626e+002,
3913734434.775, 8.735692e+001,
3914638149.8875, -3.656351e+001,
3915541865, -9.911804e+001,
3916445580.1125, -1.387700e+002,
3917349295.225, -1.676299e+002,
3918253010.3375, 1.620172e+002,
3919156725.45, 1.301153e+002,
3920060440.5625, 9.850248e+001,
3920964155.675, 6.313033e+001,
3921867870.7875, 1.080248e+001,
3922771585.9, -7.031574e+001,
3923675301.0125, -1.247343e+002,
3924579016.125, -1.522164e+002,
3925482731.2375, -1.582994e+002,
3926386446.35, -1.463700e+002,
3927290161.4625, -1.469099e+002,
3928193876.575, -1.631898e+002,
3929097591.6875, 1.736037e+002,
3930001306.8, 1.452286e+002,
3930905021.9125, 1.180562e+002,
3931808737.025, 9.619112e+001,
3932712452.1375, 7.975748e+001,
3933616167.25, 6.912061e+001,
3934519882.3625, 5.943424e+001,
3935423597.475, 5.043767e+001,
3936327312.5875, 4.095573e+001,
3937231027.7, 2.979712e+001,
3938134742.8125, 1.620454e+001,
3939038457.925, 1.329490e+000,
3939942173.0375, -1.027483e+001,
3940845888.15, -1.788028e+001,
3941749603.2625, -2.550241e+001,
3942653318.375, -3.901029e+001,
3943557033.4875, -5.541231e+001,
3944460748.6, -7.416848e+001,
3945364463.7125, -9.591673e+001,
3946268178.825, -1.201000e+002,
3947171893.9375, -1.478628e+002,
3948075609.05, -1.756157e+002,
3948979324.1625, 1.558382e+002,
3949883039.275, 1.283088e+002,
3950786754.3875, 1.744191e+002,
3951690469.5, 1.437136e+002,
3952594184.6125, 1.994261e+001,
3953497899.725, -3.605345e+001,
3954401614.8375, -8.120490e+001,
3955305329.95, -1.267208e+002,
3956209045.0625, -1.690931e+002,
3957112760.175, 1.525893e+002,
3958016475.2875, 1.159064e+002,
3958920190.4, 9.876384e+001,
3959823905.5125, 1.275199e+002,
3960727620.625, 1.473358e+002,
3961631335.7375, 1.330688e+002,
3962535050.85, 1.131196e+002,
3963438765.9625, 9.670283e+001,
3964342481.075, 8.180455e+001,
3965246196.1875, 6.896172e+001,
3966149911.3, 5.929799e+001,
3967053626.4125, 5.070028e+001,
3967957341.525, 4.586755e+001,
3968861056.6375, 5.355597e+001,
3969764771.75, 5.823147e+001,
3970668486.8625, 4.320196e+001,
3971572201.975, 1.714109e+001,
3972475917.0875, -9.787813e+000,
3973379632.2, -3.297295e+001,
3974283347.3125, -5.342560e+001,
3975187062.425, -7.342714e+001,
3976090777.5375, -9.189145e+001,
3976994492.65, -1.095543e+002,
3977898207.7625, -1.233544e+002,
3978801922.875, -1.308225e+002,
3979705637.9875, -1.346810e+002,
3980609353.1, -1.373025e+002,
3981513068.2125, -1.388600e+002,
3982416783.325, -1.367857e+002,
3983320498.4375, -1.368254e+002,
3984224213.55, -1.342159e+002,
3985127928.6625, -1.360435e+002,
3986031643.775, -1.543540e+002,
3986935358.8875, -1.792661e+002,
3987839074, 1.556179e+002,
3988742789.1125, 1.313594e+002,
3989646504.225, 1.114588e+002,
3990550219.3375, 9.365359e+001,
3991453934.45, 7.752520e+001,
3992357649.5625, 6.312039e+001,
3993261364.675, 5.101830e+001,
3994165079.7875, 4.318267e+001,
3995068794.9, 3.783941e+001,
3995972510.0125, 3.221998e+001,
3996876225.125, 2.672502e+001,
3997779940.2375, 1.631860e+001,
3998683655.35, -1.809569e+001,
3999587370.4625, -1.457534e+002,
4000491085.575, 1.690519e+002,
4001394800.6875, 1.391621e+002,
4002298515.8, 1.113238e+002,
4003202230.9125, 8.377409e+001,
4004105946.025, 5.958888e+001,
4005009661.1375, 4.363157e+001,
4005913376.25, 3.325727e+001,
4006817091.3625, 2.342658e+001,
4007720806.475, 1.297212e+001,
4008624521.5875, 3.643497e+000,
4009528236.7, -6.204823e+000,
4010431951.8125, -1.683546e+001,
4011335666.925, -3.033803e+001,
4012239382.0375, -4.509148e+001,
4013143097.15, -5.916609e+001,
4014046812.2625, -7.155641e+001,
4014950527.375, -8.397317e+001,
4015854242.4875, -9.813098e+001,
4016757957.6, -1.132337e+002,
4017661672.7125, -1.284245e+002,
4018565387.825, -1.454778e+002,
4019469102.9375, -1.637072e+002,
4020372818.05, 1.787096e+002,
4021276533.1625, 1.633066e+002,
4022180248.275, 1.502702e+002,
4023083963.3875, 1.400966e+002,
4023987678.5, 1.315850e+002,
4024891393.6125, 1.231280e+002,
4025795108.725, 1.185880e+002,
4026698823.8375, 1.231375e+002,
4027602538.95, 1.421699e+002,
4028506254.0625, 1.553540e+002,
4029409969.175, 1.564229e+002,
4030313684.2875, 1.490637e+002,
4031217399.4, 1.357112e+002,
4032121114.5125, 1.187030e+002,
4033024829.625, 1.008211e+002,
4033928544.7375, 8.443025e+001,
4034832259.85, 6.939173e+001,
4035735974.9625, 5.464543e+001,
4036639690.075, 3.970540e+001,
4037543405.1875, 2.693908e+001,
4038447120.3, 1.664707e+001,
4039350835.4125, 6.324414e+000,
4040254550.525, -5.169004e+000,
4041158265.6375, -1.510863e+001,
4042061980.75, 9.364516e+001,
4042965695.8625, 1.034394e+002,
4043869410.975, 8.310622e+001,
4044773126.0875, 6.241848e+001,
4045676841.2, 4.500895e+001,
4046580556.3125, 2.935203e+001,
4047484271.425, 1.473162e+001,
4048387986.5375, 1.887621e+000,
4049291701.65, -1.318771e+001,
4050195416.7625, -2.978112e+001,
4051099131.875, -4.543284e+001,
4052002846.9875, -5.902309e+001,
4052906562.1, -6.965763e+001,
4053810277.2125, -7.428244e+001,
4054713992.325, -7.346104e+001,
4055617707.4375, -7.038708e+001,
4056521422.55, -6.931790e+001,
4057425137.6625, -7.362275e+001,
4058328852.775, -8.562462e+001,
4059232567.8875, -1.030138e+002,
4060136283, -1.197489e+002,
4061039998.1125, -1.323795e+002,
4061943713.225, -1.397962e+002,
4062847428.3375, -1.398914e+002,
4063751143.45, -1.298713e+002,
4064654858.5625, -1.175770e+002,
4065558573.675, -1.113762e+002,
4066462288.7875, -1.117187e+002,
4067366003.9, -1.136622e+002,
4068269719.0125, -1.170495e+002,
4069173434.125, -1.223805e+002,
4070077149.2375, -1.281271e+002,
4070980864.35, -1.355990e+002,
4071884579.4625, -1.460891e+002,
4072788294.575, -1.606484e+002,
4073692009.6875, -1.796700e+002,
4074595724.8, 1.595437e+002,
4075499439.9125, 1.368312e+002,
4076403155.025, 1.124336e+002,
4077306870.1375, 8.669668e+001,
4078210585.25, 5.944314e+001,
4079114300.3625, 3.156420e+001,
4080018015.475, 3.151356e+000,
4080921730.5875, -2.415513e+001,
4081825445.7, -4.715220e+001,
4082729160.8125, -6.738340e+001,
4083632875.925, -8.758634e+001,
4084536591.0375, -1.026717e+002,
4085440306.15, -1.170073e+002,
4086344021.2625, -1.302929e+002,
4087247736.375, -1.434949e+002,
4088151451.4875, -1.562870e+002,
4089055166.6, -1.673201e+002,
4089958881.7125, -1.765037e+002,
4090862596.825, 1.746544e+002,
4091766311.9375, 1.653030e+002,
4092670027.05, 1.548465e+002,
4093573742.1625, 1.468630e+002,
4094477457.275, 1.395770e+002,
4095381172.3875, 1.310804e+002,
4096284887.5, 1.188914e+002,
4097188602.6125, 1.050626e+002,
4098092317.725, 9.143504e+001,
4098996032.8375, 7.740698e+001,
4099899747.95, 6.172506e+001,
4100803463.0625, 4.329346e+001,
4101707178.175, 2.274613e+001,
4102610893.2875, -1.297939e+000,
4103514608.4, -2.642467e+001,
4104418323.5125, -5.040571e+001,
4105322038.625, -7.227620e+001,
4106225753.7375, -9.256364e+001,
4107129468.85, -1.131847e+002,
4108033183.9625, -1.348162e+002,
4108936899.075, -1.595397e+002,
4109840614.1875, 1.728697e+002,
4110744329.3, 1.451220e+002,
4111648044.4125, 1.180040e+002,
4112551759.525, 9.122847e+001,
4113455474.6375, 6.583912e+001,
4114359189.75, 4.173960e+001,
4115262904.8625, 1.799008e+001,
4116166619.975, -5.533688e+000,
4117070335.0875, -3.032624e+001,
4117974050.2, -8.254519e+001,
4118877765.3125, -1.723097e+002,
4119781480.425, 1.533782e+002,
4120685195.5375, 1.405282e+002,
4121588910.65, 1.242057e+002,
4122492625.7625, 1.082780e+002,
4123396340.875, 9.337324e+001,
4124300055.9875, 7.932989e+001,
4125203771.1, 6.736034e+001,
4126107486.2125, 5.761248e+001,
4127011201.325, 4.974910e+001,
4127914916.4375, 4.220918e+001,
4128818631.55, 3.401365e+001,
4129722346.6625, 2.334647e+001,
4130626061.775, 1.207159e+001,
4131529776.8875, -8.617521e-001,
4132433492, -1.721141e+001,
4133337207.1125, -3.659331e+001,
4134240922.225, -5.606720e+001,
4135144637.3375, -7.543192e+001,
4136048352.45, -9.523917e+001,
4136952067.5625, -1.134251e+002,
4137855782.675, -1.280135e+002,
4138759497.7875, -1.412961e+002,
4139663212.9, -1.482311e+002,
4140566928.0125, -1.531023e+002,
4141470643.125, -1.582029e+002,
4142374358.2375, -1.611363e+002,
4143278073.35, -1.625202e+002,
4144181788.4625, -1.598877e+002,
4145085503.575, -1.579021e+002,
4145989218.6875, -1.603544e+002,
4146892933.8, -1.608912e+002,
4147796648.9125, -1.647235e+002,
4148700364.025, -1.703356e+002,
4149604079.1375, -1.785009e+002,
4150507794.25, 1.747159e+002,
4151411509.3625, 1.748386e+002,
4152315224.475, 1.712689e+002,
4153218939.5875, 1.624398e+002,
4154122654.7, 1.518604e+002,
4155026369.8125, 1.457436e+002,
4155930084.925, 1.384738e+002,
4156833800.0375, 1.408628e+002,
4157737515.15, 1.405638e+002,
4158641230.2625, 1.646569e+002,
4159544945.375, 1.726447e+002,
4160448660.4875, 1.755286e+002,
4161352375.6, 1.705798e+002,
4162256090.7125, 1.607788e+002,
4163159805.825, 1.543009e+002,
4164063520.9375, 1.497334e+002,
4164967236.05, 1.435769e+002,
4165870951.1625, 1.359798e+002,
4166774666.275, 1.273789e+002,
4167678381.3875, 1.188869e+002,
4168582096.5, 1.132756e+002,
4169485811.6125, 1.027009e+002,
4170389526.725, 9.079299e+001,
4171293241.8375, 7.879263e+001,
4172196956.95, 6.627297e+001,
4173100672.0625, 5.287558e+001,
4174004387.175, 3.823636e+001,
4174908102.2875, 2.252036e+001,
4175811817.4, 1.143182e+001,
4176715532.5125, 8.029897e+000,
4177619247.625, 1.844117e+001,
4178522962.7375, 2.590511e+001,
4179426677.85, 2.194097e+001,
4180330392.9625, 1.213947e+001,
4181234108.075, -1.862818e+000,
4182137823.1875, -1.707612e+001,
4183041538.3, -3.136297e+001,
4183945253.4125, -4.497698e+001,
4184848968.525, -5.756421e+001,
4185752683.6375, -6.930548e+001,
4186656398.75, -7.798771e+001,
4187560113.8625, -8.220833e+001,
4188463828.975, -8.211630e+001,
4189367544.0875, -8.288910e+001,
4190271259.2, -8.510756e+001,
4191174974.3125, -8.842649e+001,
4192078689.425, -8.887047e+001,
4192982404.5375, -9.253747e+001,
4193886119.65, -1.005617e+002,
4194789834.7625, -1.129975e+002,
4195693549.875, -1.250597e+002,
4196597264.9875, -1.347879e+002,
4197500980.1, -1.424929e+002,
4198404695.2125, -1.482225e+002,
4199308410.325, -1.513670e+002,
4200212125.4375, -1.533462e+002,
4201115840.55, -1.569780e+002,
4202019555.6625, -1.627388e+002,
4202923270.775, -1.691159e+002,
4203826985.8875, -1.769210e+002,
4204730701, 1.754834e+002,
4205634416.1125, 1.684276e+002,
4206538131.225, 1.607246e+002,
4207441846.3375, 1.505743e+002,
4208345561.45, 1.371179e+002,
4209249276.5625, 1.235613e+002,
4210152991.675, 1.142313e+002,
4211056706.7875, 1.102749e+002,
4211960421.9, 1.062211e+002,
4212864137.0125, 9.819218e+001,
4213767852.125, 8.909317e+001,
4214671567.2375, 8.006680e+001,
4215575282.35, 7.131024e+001,
4216478997.4625, 6.370668e+001,
4217382712.575, 5.751292e+001,
4218286427.6875, 5.223201e+001,
4219190142.8, 4.864651e+001,
4220093857.9125, 4.597896e+001,
4220997573.025, 4.276817e+001,
4221901288.1375, 3.647422e+001,
4222805003.25, 2.645979e+001,
4223708718.3625, 1.208505e+001,
4224612433.475, -5.160778e+000,
4225516148.5875, -2.144736e+001,
4226419863.7, -3.450405e+001,
4227323578.8125, -4.453307e+001,
4228227293.925, -5.212950e+001,
4229131009.0375, -5.792842e+001,
4230034724.15, -6.188418e+001,
4230938439.2625, -6.384816e+001,
4231842154.375, -6.522858e+001,
4232745869.4875, -6.799577e+001,
4233649584.6, -7.220593e+001,
4234553299.7125, -7.742030e+001,
4235457014.825, -8.355891e+001,
4236360729.9375, -9.174015e+001,
4237264445.05, -1.022143e+002,
4238168160.1625, -1.129392e+002,
4239071875.275, -1.258832e+002,
4239975590.3875, -1.401691e+002,
4240879305.5, -1.532304e+002,
4241783020.6125, -1.652702e+002,
4242686735.725, -1.760483e+002,
4243590450.8375, 1.746360e+002,
4244494165.95, 1.669011e+002,
4245397881.0625, 1.596234e+002,
4246301596.175, 1.525608e+002,
4247205311.2875, 1.453951e+002,
4248109026.4, 1.389405e+002,
4249012741.5125, 1.309778e+002,
4249916456.625, 1.212687e+002,
4250820171.7375, 1.100051e+002,
4251723886.85, 9.802173e+001,
4252627601.9625, 8.584753e+001,
4253531317.075, 7.332392e+001,
4254435032.1875, 6.088571e+001,
4255338747.3, 4.971502e+001,
4256242462.4125, 3.880803e+001,
4257146177.525, 2.822950e+001,
4258049892.6375, 1.852355e+001,
4258953607.75, 9.351787e+000,
4259857322.8625, 1.706794e+000,
4260761037.975, -5.075948e+000,
4261664753.0875, -1.199842e+001,
4262568468.2, -1.991952e+001,
4263472183.3125, -2.918494e+001,
4264375898.425, -4.007846e+001,
4265279613.5375, -5.263477e+001,
4266183328.65, -6.570113e+001,
4267087043.7625, -7.822235e+001,
4267990758.875, -9.054653e+001,
4268894473.9875, -1.018994e+002,
4269798189.1, -1.095599e+002,
4270701904.2125, -1.144787e+002,
4271605619.325, -1.192047e+002,
4272509334.4375, -1.250349e+002,
4273413049.55, -1.312728e+002,
4274316764.6625, -1.380194e+002,
4275220479.775, -1.458968e+002,
4276124194.8875, -1.554766e+002,
4277027910, -1.669014e+002,
4277931625.1125, 1.797834e+002,
4278835340.225, 1.654678e+002,
4279739055.3375, 1.509683e+002,
4280642770.45, 1.363719e+002,
4281546485.5625, 1.225762e+002,
4282450200.675, 1.107997e+002,
4283353915.7875, 1.018421e+002,
4284257630.9, 9.555241e+001,
4285161346.0125, 9.096863e+001,
4286065061.125, 8.794309e+001,
4286968776.2375, 8.533403e+001,
4287872491.35, 8.073730e+001,
4288776206.4625, 7.460961e+001,
4289679921.575, 6.757222e+001,
4290583636.6875, 5.895602e+001,
4291487351.8, 4.771006e+001,
4292391066.9125, 3.313353e+001,
4293294782.025, 1.728959e+001,
4294198497.1375, 2.682122e+000,
4295102212.25, -8.669494e+000,
4296005927.3625, -1.738360e+001,
4296909642.475, -2.477576e+001,
4297813357.5875, -3.125455e+001,
4298717072.7, -3.737477e+001,
4299620787.8125, -4.376868e+001,
4300524502.925, -5.133850e+001,
4301428218.0375, -6.001171e+001,
4302331933.15, -6.977077e+001,
4303235648.2625, -8.231928e+001,
4304139363.375, -9.712409e+001,
4305043078.4875, -1.120573e+002,
4305946793.6, -1.249916e+002,
4306850508.7125, -1.359636e+002,
4307754223.825, -1.455075e+002,
4308657938.9375, -1.535696e+002,
4309561654.05, -1.609375e+002,
4310465369.1625, -1.677599e+002,
4311369084.275, -1.742775e+002,
4312272799.3875, 1.784476e+002,
4313176514.5, 1.689020e+002,
4314080229.6125, 1.572017e+002,
4314983944.725, 1.438317e+002,
4315887659.8375, 1.290915e+002,
4316791374.95, 1.138242e+002,
4317695090.0625, 9.907570e+001,
4318598805.175, 8.594530e+001,
4319502520.2875, 7.554847e+001,
4320406235.4, 6.734717e+001,
4321309950.5125, 6.087508e+001,
4322213665.625, 5.575305e+001,
4323117380.7375, 5.168817e+001,
4324021095.85, 4.700178e+001,
4324924810.9625, 4.134586e+001,
4325828526.075, 3.553678e+001,
4326732241.1875, 2.948841e+001,
4327635956.3, 2.127924e+001,
4328539671.4125, 7.936225e+000,
4329443386.525, -1.112577e+001,
4330347101.6375, -3.071154e+001,
4331250816.75, -4.581326e+001,
4332154531.8625, -5.618658e+001,
4333058246.975, -6.409540e+001,
4333961962.0875, -6.982524e+001,
4334865677.2, -7.315433e+001,
4335769392.3125, -7.444034e+001,
4336673107.425, -7.364145e+001,
4337576822.5375, -7.360205e+001,
4338480537.65, -7.668382e+001,
4339384252.7625, -8.380861e+001,
4340287967.875, -9.628163e+001,
4341191682.9875, -1.133686e+002,
4342095398.1, -1.322437e+002,
4342999113.2125, -1.490827e+002,
4343902828.325, -1.625063e+002,
4344806543.4375, -1.730154e+002,
4345710258.55, 1.783567e+002,
4346613973.6625, 1.704561e+002,
4347517688.775, 1.625414e+002,
4348421403.8875, 1.550009e+002,
4349325119, 1.473439e+002,
4350228834.1125, 1.377183e+002,
4351132549.225, 1.246235e+002,
4352036264.3375, 1.099351e+002,
4352939979.45, 9.567381e+001,
4353843694.5625, 8.218858e+001,
4354747409.675, 6.945537e+001,
4355651124.7875, 5.752627e+001,
4356554839.9, 4.656399e+001,
4357458555.0125, 3.732231e+001,
4358362270.125, 2.888986e+001,
4359265985.2375, 2.018139e+001,
4360169700.35, 1.005733e+001,
4361073415.4625, -1.710011e+000,
4361977130.575, -1.534061e+001,
4362880845.6875, -3.052538e+001,
4363784560.8, -4.628615e+001,
4364688275.9125, -6.181413e+001,
4365591991.025, -7.615002e+001,
4366495706.1375, -8.791667e+001,
4367399421.25, -9.671980e+001,
4368303136.3625, -1.036204e+002,
4369206851.475, -1.096980e+002,
4370110566.5875, -1.160822e+002,
4371014281.7, -1.235223e+002,
4371917996.8125, -1.327095e+002,
4372821711.925, -1.437046e+002,
4373725427.0375, -1.568002e+002,
4374629142.15, -1.719123e+002,
4375532857.2625, 1.716206e+002,
4376436572.375, 1.559895e+002,
4377340287.4875, 1.429019e+002,
4378244002.6, 1.330001e+002,
4379147717.7125, 1.252079e+002,
4380051432.825, 1.183234e+002,
4380955147.9375, 1.113917e+002,
4381858863.05, 1.040835e+002,
4382762578.1625, 9.607911e+001,
4383666293.275, 8.647468e+001,
4384570008.3875, 7.487166e+001,
4385473723.5, 6.158006e+001,
4386377438.6125, 4.664370e+001,
4387281153.725, 3.160726e+001,
4388184868.8375, 1.759194e+001,
4389088583.95, 5.382952e+000,
4389992299.0625, -5.159845e+000,
4390896014.175, -1.470562e+001,
4391799729.2875, -2.418092e+001,
4392703444.4, -3.411911e+001,
4393607159.5125, -4.502724e+001,
4394510874.625, -5.687462e+001,
4395414589.7375, -6.982970e+001,
4396318304.85, -8.359421e+001,
4397222019.9625, -9.756289e+001,
4398125735.075, -1.106555e+002,
4399029450.1875, -1.220662e+002,
4399933165.3, -1.324642e+002,
4400836880.4125, -1.422623e+002,
4401740595.525, -1.521954e+002,
4402644310.6375, -1.630862e+002,
4403548025.75, -1.753127e+002,
4404451740.8625, 1.710617e+002,
4405355455.975, 1.560822e+002,
4406259171.0875, 1.403852e+002,
4407162886.2, 1.256837e+002,
4408066601.3125, 1.131056e+002,
4408970316.425, 1.029060e+002,
4409874031.5375, 9.401231e+001,
4410777746.65, 8.516531e+001,
4411681461.7625, 7.595603e+001,
4412585176.875, 6.575683e+001,
4413488891.9875, 5.462907e+001,
4414392607.1, 4.278581e+001,
4415296322.2125, 3.023037e+001,
4416200037.325, 1.658022e+001,
4417103752.4375, 1.361591e+000,
4418007467.55, -1.411165e+001,
4418911182.6625, -2.751602e+001,
4419814897.775, -3.905367e+001,
4420718612.8875, -4.987933e+001,
4421622328, -6.064873e+001,
4422526043.1125, -7.161066e+001,
4423429758.225, -8.227423e+001,
4424333473.3375, -9.230322e+001,
4425237188.45, -1.022439e+002,
4426140903.5625, -1.126793e+002,
4427044618.675, -1.248651e+002,
4427948333.7875, -1.388593e+002,
4428852048.9, -1.535633e+002,
4429755764.0125, -1.679790e+002,
4430659479.125, 1.785704e+002,
4431563194.2375, 1.662473e+002,
4432466909.35, 1.553463e+002,
4433370624.4625, 1.453750e+002,
4434274339.575, 1.355339e+002,
4435178054.6875, 1.246705e+002,
4436081769.8, 1.127355e+002,
4436985484.9125, 1.001120e+002,
4437889200.025, 8.696480e+001,
4438792915.1375, 7.371036e+001,
4439696630.25, 6.027218e+001,
4440600345.3625, 4.669213e+001,
4441504060.475, 3.389039e+001,
4442407775.5875, 2.329488e+001,
4443311490.7, 1.474741e+001,
4444215205.8125, 5.609049e+000,
4445118920.925, -6.859479e+000,
4446022636.0375, -2.191292e+001,
4446926351.15, -3.736623e+001,
4447830066.2625, -5.196503e+001,
4448733781.375, -6.568620e+001,
4449637496.4875, -7.879545e+001,
4450541211.6, -9.124497e+001,
4451444926.7125, -1.022213e+002,
4452348641.825, -1.112278e+002,
4453252356.9375, -1.185276e+002,
4454156072.05, -1.261959e+002,
4455059787.1625, -1.375704e+002,
4455963502.275, -1.523862e+002,
4456867217.3875, -1.683908e+002,
4457770932.5, 1.763252e+002,
4458674647.6125, 1.627619e+002,
4459578362.725, 1.510495e+002,
4460482077.8375, 1.411919e+002,
4461385792.95, 1.322551e+002,
4462289508.0625, 1.230261e+002,
4463193223.175, 1.128290e+002,
4464096938.2875, 1.014260e+002,
4465000653.4, 8.873592e+001,
4465904368.5125, 7.464955e+001,
4466808083.625, 6.037727e+001,
4467711798.7375, 4.694397e+001,
4468615513.85, 3.409818e+001,
4469519228.9625, 2.097026e+001,
4470422944.075, 7.103339e+000,
4471326659.1875, -7.356957e+000,
4472230374.3, -2.208981e+001,
4473134089.4125, -3.680100e+001,
4474037804.525, -5.163054e+001,
4474941519.6375, -6.630504e+001,
4475845234.75, -8.033594e+001,
4476748949.8625, -9.307400e+001,
4477652664.975, -1.052871e+002,
4478556380.0875, -1.183084e+002,
4479460095.2, -1.327754e+002,
4480363810.3125, -1.485928e+002,
4481267525.425, -1.653533e+002,
4482171240.5375, 1.784506e+002,
4483074955.65, 1.632287e+002,
4483978670.7625, 1.491436e+002,
4484882385.875, 1.362938e+002,
4485786100.9875, 1.244390e+002,
4486689816.1, 1.128213e+002,
4487593531.2125, 1.003595e+002,
4488497246.325, 8.644967e+001,
4489400961.4375, 7.219887e+001,
4490304676.55, 5.686699e+001,
4491208391.6625, 4.176752e+001,
4492112106.775, 2.736672e+001,
4493015821.8875, 1.325011e+001,
4493919537, -8.631339e-001,
4494823252.1125, -1.519812e+001,
4495726967.225, -2.965616e+001,
4496630682.3375, -4.402425e+001,
4497534397.45, -5.819655e+001,
4498438112.5625, -7.223583e+001,
4499341827.675, -8.610490e+001,
4500245542.7875, -1.009373e+002,
4501149257.9, -1.168010e+002,
4502052973.0125, -1.335862e+002,
4502956688.125, -1.508986e+002,
4503860403.2375, -1.676895e+002,
4504764118.35, 1.766162e+002,
4505667833.4625, 1.618490e+002,
4506571548.575, 1.480547e+002,
4507475263.6875, 1.349366e+002,
4508378978.8, 1.229793e+002,
4509282693.9125, 1.117502e+002,
4510186409.025, 1.000896e+002,
4511090124.1375, 8.690977e+001,
4511993839.25, 7.201045e+001,
4512897554.3625, 5.583046e+001,
4513801269.475, 3.948793e+001,
4514704984.5875, 2.475358e+001,
4515608699.7, 1.235040e+001,
4516512414.8125, 2.683117e+000,
4517416129.925, -2.578919e+000,
4518319845.0375, -4.975055e+000,
4519223560.15, -9.510474e+000,
4520127275.2625, -1.895427e+001,
4521030990.375, -3.278086e+001,
4521934705.4875, -4.944718e+001,
4522838420.6, -6.708221e+001,
4523742135.7125, -8.386436e+001,
4524645850.825, -9.844730e+001,
4525549565.9375, -1.104915e+002,
4526453281.05, -1.209345e+002,
4527356996.1625, -1.304659e+002,
4528260711.275, -1.414778e+002,
4529164426.3875, -1.548231e+002,
4530068141.5, -1.703726e+002,
4530971856.6125, 1.729139e+002,
4531875571.725, 1.556665e+002,
4532779286.8375, 1.380520e+002,
4533683001.95, 1.208676e+002,
4534586717.0625, 1.044190e+002,
4535490432.175, 8.871203e+001,
4536394147.2875, 7.385178e+001,
4537297862.4, 5.990176e+001,
4538201577.5125, 4.567107e+001,
4539105292.625, 3.126511e+001,
4540009007.7375, 1.616289e+001,
4540912722.85, 3.770558e-001,
4541816437.9625, -1.568354e+001,
4542720153.075, -3.199209e+001,
4543623868.1875, -4.894928e+001,
4544527583.3, -6.588099e+001,
4545431298.4125, -8.198514e+001,
4546335013.525, -9.764794e+001,
4547238728.6375, -1.133050e+002,
4548142443.75, -1.302375e+002,
4549046158.8625, -1.470167e+002,
4549949873.975, -1.640700e+002,
4550853589.0875, 1.787198e+002,
4551757304.2, 1.614176e+002,
4552661019.3125, 1.446878e+002,
4553564734.425, 1.283914e+002,
4554468449.5375, 1.117181e+002,
4555372164.65, 9.511062e+001,
4556275879.7625, 7.862337e+001,
4557179594.875, 6.192171e+001,
4558083309.9875, 4.483511e+001,
4558987025.1, 2.750985e+001,
4559890740.2125, 1.070939e+001,
4560794455.325, -5.819833e+000,
4561698170.4375, -2.200934e+001,
4562601885.55, -3.780400e+001,
4563505600.6625, -5.329508e+001,
4564409315.775, -6.929133e+001,
4565313030.8875, -8.564946e+001,
4566216746, -1.027037e+002,
4567120461.1125, -1.204770e+002,
4568024176.225, -1.388550e+002,
4568927891.3375, -1.566450e+002,
4569831606.45, -1.743290e+002,
4570735321.5625, 1.683301e+002,
4571639036.675, 1.510486e+002,
4572542751.7875, 1.339095e+002,
4573446466.9, 1.166098e+002,
4574350182.0125, 9.912844e+001,
4575253897.125, 8.095881e+001,
4576157612.2375, 6.293150e+001,
4577061327.35, 4.502465e+001,
4577965042.4625, 2.770989e+001,
4578868757.575, 9.904179e+000,
4579772472.6875, -7.366797e+000,
4580676187.8, -2.428544e+001,
4581579902.9125, -4.096499e+001,
4582483618.025, -5.762736e+001,
4583387333.1375, -7.445027e+001,
4584291048.25, -9.160034e+001,
4585194763.3625, -1.094194e+002,
4586098478.475, -1.278226e+002,
4587002193.5875, -1.461675e+002,
4587905908.7, -1.644303e+002,
4588809623.8125, 1.772212e+002,
4589713338.925, 1.587118e+002,
4590617054.0375, 1.404457e+002,
4591520769.15, 1.220685e+002,
4592424484.2625, 1.036178e+002,
4593328199.375, 8.494630e+001,
4594231914.4875, 6.657566e+001,
4595135629.6, 4.847610e+001,
4596039344.7125, 3.012288e+001,
4596943059.825, 1.129769e+001,
4597846774.9375, -7.230123e+000,
4598750490.05, -2.582512e+001,
4599654205.1625, -4.415914e+001,
4600557920.275, -6.237109e+001,
4601461635.3875, -8.029105e+001,
4602365350.5, -9.805650e+001,
4603269065.6125, -1.157594e+002,
4604172780.725, -1.334311e+002,
4605076495.8375, -1.515371e+002,
4605980210.95, -1.704467e+002,
4606883926.0625, 1.700212e+002,
4607787641.175, 1.501577e+002,
4608691356.2875, 1.305149e+002,
4609595071.4, 1.108583e+002,
4610498786.5125, 9.157797e+001,
4611402501.625, 7.213652e+001,
4612306216.7375, 5.248156e+001,
4613209931.85, 3.222106e+001,
4614113646.9625, 1.158477e+001,
4615017362.075, -9.200012e+000,
4615921077.1875, -2.973882e+001,
4616824792.3, -4.973840e+001,
4617728507.4125, -6.914110e+001,
4618632222.525, -8.784638e+001,
4619535937.6375, -1.060479e+002,
4620439652.75, -1.244184e+002,
4621343367.8625, -1.427594e+002,
4622247082.975, -1.616497e+002,
4623150798.0875, 1.787712e+002,
4624054513.2, 1.589403e+002,
4624958228.3125, 1.392148e+002,
4625861943.425, 1.197391e+002,
4626765658.5375, 1.002657e+002,
4627669373.65, 8.052936e+001,
4628573088.7625, 6.030493e+001,
4629476803.875, 4.000406e+001,
4630380518.9875, 1.910110e+001,
4631284234.1, -1.992998e+000,
4632187949.2125, -2.300173e+001,
4633091664.325, -4.348343e+001,
4633995379.4375, -6.369506e+001,
4634899094.55, -8.346971e+001,
4635802809.6625, -1.030340e+002,
4636706524.775, -1.231374e+002,
4637610239.8875, -1.436199e+002,
4638513955, -1.648620e+002,
4639417670.1125, 1.739183e+002,
4640321385.225, 1.524225e+002,
4641225100.3375, 1.307343e+002,
4642128815.45, 1.091228e+002,
4643032530.5625, 8.735101e+001,
4643936245.675, 6.521534e+001,
4644839960.7875, 4.264634e+001,
4645743675.9, 1.979730e+001,
4646647391.0125, -3.186330e+000,
4647551106.125, -2.573927e+001,
4648454821.2375, -4.764259e+001,
4649358536.35, -6.925765e+001,
4650262251.4625, -9.041900e+001,
4651165966.575, -1.112156e+002,
4652069681.6875, -1.321443e+002,
4652973396.8, -1.534463e+002,
4653877111.9125, -1.751530e+002,
4654780827.025, 1.627004e+002,
4655684542.1375, 1.401546e+002,
4656588257.25, 1.172780e+002,
4657491972.3625, 9.397371e+001,
4658395687.475, 7.043081e+001,
4659299402.5875, 4.655141e+001,
4660203117.7, 2.213882e+001,
4661106832.8125, -2.564086e+000,
4662010547.925, -2.726705e+001,
4662914263.0375, -5.181469e+001,
4663817978.15, -7.620073e+001,
4664721693.2625, -1.001832e+002,
4665625408.375, -1.241037e+002,
4666529123.4875, -1.477341e+002,
4667432838.6, -1.716129e+002,
4668336553.7125, 1.644143e+002,
4669240268.825, 1.401319e+002,
4670143983.9375, 1.158587e+002,
4671047699.05, 9.107296e+001,
4671951414.1625, 6.594123e+001,
4672855129.275, 4.093145e+001,
4673758844.3875, 1.531309e+001,
4674662559.5, -1.119840e+001,
4675566274.6125, -3.758553e+001,
4676469989.725, -6.373745e+001,
4677373704.8375, -8.924874e+001,
4678277419.95, -1.147404e+002,
4679181135.0625, -1.396046e+002,
4680084850.175, -1.639514e+002,
4680988565.2875, 1.729406e+002,
4681892280.4, 1.481469e+002,
4682795995.5125, 1.237989e+002,
4683699710.625, 9.851437e+001,
4684603425.7375, 7.417881e+001,
4685507140.85, 4.741506e+001,
4686410855.9625, 1.926508e+001,
4687314571.075, -8.243506e+000,
4688218286.1875, -3.787272e+001,
4689122001.3, -6.671466e+001,
4690025716.4125, -9.442393e+001,
4690929431.525, -1.220807e+002,
4691833146.6375, -1.478207e+002,
4692736861.75, -1.728907e+002,
4693640576.8625, 1.623376e+002,
4694544291.975, 1.380366e+002,
4695448007.0875, 1.126273e+002,
4696351722.2, 8.655982e+001,
4697255437.3125, 5.973019e+001,
4698159152.425, 3.102753e+001,
4699062867.5375, 2.998617e-001,
4699966582.65, -3.126934e+001,
4700870297.7625, -6.252669e+001,
4701774012.875, -9.208343e+001,
4702677727.9875, -1.203487e+002,
4703581443.1, -1.472856e+002,
4704485158.2125, -1.723358e+002,
4705388873.325, 1.623981e+002,
4706292588.4375, 1.368808e+002,
4707196303.55, 1.112015e+002,
4708100018.6625, 8.530614e+001,
4709003733.775, 5.761839e+001,
4709907448.8875, 2.927962e+001,
4710811164, -1.402588e+000,
4711714879.1125, -3.248775e+001,
4712618594.225, -6.482867e+001,
4713522309.3375, -9.623450e+001,
4714426024.45, -1.267153e+002,
4715329739.5625, -1.538487e+002,
4716233454.675, 1.789879e+002,
4717137169.7875, 1.530048e+002,
4718040884.9, 1.264141e+002,
4718944600.0125, 1.006484e+002,
4719848315.125, 7.348802e+001,
4720752030.2375, 4.565392e+001,
4721655745.35, 1.613424e+001,
4722559460.4625, -1.746586e+001,
4723463175.575, -5.306941e+001,
4724366890.6875, -9.022029e+001,
4725270605.8, -1.259760e+002,
4726174320.9125, -1.603895e+002,
4727078036.025, 1.698410e+002,
4727981751.1375, 1.423874e+002,
4728885466.25, 1.166654e+002,
4729789181.3625, 8.872311e+001,
4730692896.475, 6.061433e+001,
4731596611.5875, 3.126663e+001,
4732500326.7, 4.404679e-001,
4733404041.8125, -3.539137e+001,
4734307756.925, -7.595144e+001,
4735211472.0375, -1.181087e+002,
4736115187.15, -1.566399e+002,
4737018902.2625, 1.710903e+002,
4737922617.375, 1.419752e+002,
4738826332.4875, 1.161004e+002,
4739730047.6, 8.871723e+001,
4740633762.7125, 6.124754e+001,
4741537477.825, 3.497668e+001,
4742441192.9375, 7.912562e+000,
4743344908.05, -2.357296e+001,
4744248623.1625, -6.487926e+001,
4745152338.275, -1.121055e+002,
4746056053.3875, -1.563551e+002,
4746959768.5, 1.667850e+002,
4747863483.6125, 1.353930e+002,
4748767198.725, 1.077050e+002,
4749670913.8375, 8.222943e+001,
4750574628.95, 5.881583e+001,
4751478344.0625, 3.270992e+001,
4752382059.175, 2.382986e+000,
4753285774.2875, -3.447989e+001,
4754189489.4, -8.730474e+001,
4755093204.5125, -1.439263e+002,
4755996919.625, 1.710990e+002,
4756900634.7375, 1.403213e+002,
4757804349.85, 1.120392e+002,
4758708064.9625, 8.661146e+001,
4759611780.075, 5.966799e+001,
4760515495.1875, 3.151852e+001,
4761419210.3, 5.552559e-001,
4762322925.4125, -3.955877e+001,
4763226640.525, -9.176658e+001,
4764130355.6375, -1.525506e+002,
4765034070.75, 1.586349e+002,
4765937785.8625, 1.212913e+002,
4766841500.975, 8.883449e+001,
4767745216.0875, 5.829965e+001,
4768648931.2, 2.852957e+001,
4769552646.3125, -3.491939e+000,
4770456361.425, -3.927827e+001,
4771360076.5375, -9.374974e+001,
4772263791.65, -1.606580e+002,
4773167506.7625, 1.434523e+002,
4774071221.875, 1.043888e+002,
4774974936.9875, 6.953164e+001,
4775878652.1, 3.535127e+001,
4776782367.2125, 2.050150e+000,
4777686082.325, -3.476171e+001,
4778589797.4375, -8.758806e+001,
4779493512.55, -1.647083e+002,
4780397227.6625, 1.325955e+002,
4781300942.775, 9.008109e+001,
4782204657.8875, 5.736631e+001,
4783108373, 2.818636e+001,
4784012088.1125, -9.443011e-001,
4784915803.225, -3.519477e+001,
4785819518.3375, -8.228853e+001,
4786723233.45, 1.774002e+002,
4787626948.5625, 1.123085e+002,
4788530663.675, 7.747479e+001,
4789434378.7875, 4.643001e+001,
4790338093.9, 1.660140e+001,
4791241809.0125, -1.321420e+001,
4792145524.125, -4.303433e+001,
4793049239.2375, -9.138413e+001,
4793952954.35, 1.242817e+002,
4794856669.4625, 8.333957e+001,
4795760384.575, 5.347718e+001,
4796664099.6875, 2.507560e+001,
4797567814.8, -5.469799e+000,
4798471529.9125, -3.356641e+001,
4799375245.025, -7.226642e+001,
4800278960.1375, 1.460945e+002,
4801182675.25, 8.349200e+001,
4802086390.3625, 4.850462e+001,
4802990105.475, 1.544078e+001,
4803893820.5875, -1.814915e+001,
4804797535.7, -5.316377e+001,
4805701250.8125, -1.065311e+002,
4806604965.925, 9.999900e+001,
4807508681.0375, 5.283941e+001,
4808412396.15, 1.680512e+001,
4809316111.2625, -1.950794e+001,
4810219826.375, -5.705514e+001,
4811123541.4875, -1.098042e+002,
4812027256.6, 7.418084e+001,
4812930971.7125, 3.328775e+001,
4813834686.825, 1.240981e-001,
4814738401.9375, -2.842443e+001,
4815642117.05, -4.975066e+001,
4816545832.1625, -5.692454e+001,
4817449547.275, 4.953199e+001,
4818353262.3875, 2.444700e+001,
4819256977.5, -1.083364e+001,
4820160692.6125, -4.851691e+001,
4821064407.725, -9.150486e+001,
4821968122.8375, 7.479916e+001,
4822871837.95, 2.160787e+001,
4823775553.0625, -2.313610e+001,
4824679268.175, -6.814005e+001,
4825582983.2875, -9.836575e+001,
4826486698.4, 2.727809e+001,
4827390413.5125, -9.262896e+000,
4828294128.625, -3.738319e+001,
4829197843.7375, -6.636300e+001,
4830101558.85, -1.031583e+001,
4831005273.9625, 6.484877e+000,
4831908989.075, -3.923907e+001,
4832812704.1875, -7.337644e+001,
4833716419.3, -1.872375e+001,
4834620134.4125, -7.939920e+000,
4835523849.525, -4.897653e+001,
4836427564.6375, -6.931083e+001,
4837331279.75, -1.241526e+001,
4838234994.8625, -3.242326e+001,
4839138709.975, -6.654659e+001,
4840042425.0875, -2.891397e+001,
4840946140.2, -3.928638e+001,
4841849855.3125, -6.344168e+001,
4842753570.425, -4.060059e+001,
4843657285.5375, -5.349343e+001,
4844561000.65, -5.202361e+001,
4845464715.7625, -5.335769e+001,
4846368430.875, -5.514663e+001,
4847272145.9875, -5.656599e+001,
4848175861.1, -5.794381e+001,
4849079576.2125, -5.946665e+001,
4849983291.325, -6.081602e+001,
4850887006.4375, -6.225458e+001,
4851790721.55, -6.360326e+001,
4852694436.6625, -6.502695e+001,
4853598151.775, -6.636453e+001,
4854501866.8875, -6.827818e+001,
4855405582, -6.927790e+001,
4856309297.1125, -7.103043e+001,
4857213012.225, -7.275529e+001,
4858116727.3375, -7.357544e+001,
4859020442.45, -7.507779e+001,
4859924157.5625, -7.680372e+001,
4860827872.675, -7.802663e+001,
4861731587.7875, -7.956983e+001,
4862635302.9, -8.096721e+001,
4863539018.0125, -8.282567e+001,
4864442733.125, -8.382894e+001,
4865346448.2375, -8.542532e+001,
4866250163.35, -8.705431e+001,
4867153878.4625, -8.791731e+001,
4868057593.575, -8.982191e+001,
4868961308.6875, -9.092758e+001,
4869865023.8, -9.243962e+001,
4870768738.9125, -9.392387e+001,
4871672454.025, -9.546058e+001,
4872576169.1375, -9.688155e+001,
4873479884.25, -9.807092e+001,
4874383599.3625, -9.973370e+001,
4875287314.475, -1.007196e+002,
4876191029.5875, -1.022068e+002,
4877094744.7, -1.040161e+002,
4877998459.8125, -1.053852e+002,
4878902174.925, -1.067729e+002,
4879805890.0375, -1.080722e+002,
4880709605.15, -1.092669e+002,
4881613320.2625, -1.108440e+002,
4882517035.375, -1.123889e+002,
4883420750.4875, -1.137272e+002,
4884324465.6, -1.148088e+002,
4885228180.7125, -1.157620e+002,
4886131895.825, -1.172847e+002,
4887035610.9375, -1.193789e+002,
4887939326.05, -1.202278e+002,
4888843041.1625, -1.215226e+002,
4889746756.275, -1.226459e+002,
4890650471.3875, -1.241957e+002,
4891554186.5, -1.256769e+002,
4892457901.6125, -1.267889e+002,
4893361616.725, -1.282605e+002,
4894265331.8375, -1.290424e+002,
4895169046.95, -1.304497e+002,
4896072762.0625, -1.318012e+002,
4896976477.175, -1.327136e+002,
4897880192.2875, -1.337559e+002,
4898783907.4, -1.356771e+002,
4899687622.5125, -1.366302e+002,
4900591337.625, -1.381226e+002,
4901495052.7375, -1.390537e+002,
4902398767.85, -1.407326e+002,
4903302482.9625, -1.410565e+002,
4904206198.075, -1.428740e+002,
4905109913.1875, -1.440424e+002,
4906013628.3, -1.452395e+002,
4906917343.4125, -1.463422e+002,
4907821058.525, -1.472166e+002,
4908724773.6375, -1.487455e+002,
4909628488.75, -1.500643e+002,
4910532203.8625, -1.507718e+002,
4911435918.975, -1.520078e+002,
4912339634.0875, -1.534359e+002,
4913243349.2, -1.544400e+002,
4914147064.3125, -1.553104e+002,
4915050779.425, -1.568603e+002,
4915954494.5375, -1.583999e+002,
4916858209.65, -1.598730e+002,
4917761924.7625, -1.607309e+002,
4918665639.875, -1.617760e+002,
4919569354.9875, -1.634338e+002,
4920473070.1, -1.645760e+002,
4921376785.2125, -1.654943e+002,
4922280500.325, -1.670825e+002,
4923184215.4375, -1.683029e+002,
4924087930.55, -1.696228e+002,
4924991645.6625, -1.708862e+002,
4925895360.775, -1.716980e+002,
4926799075.8875, -1.730559e+002,
4927702791, -1.743785e+002,
4928606506.1125, -1.755196e+002,
4929510221.225, -1.767003e+002,
4930413936.3375, -1.782601e+002,
4931317651.45, -1.789387e+002,
4932221366.5625, 1.797685e+002,
4933125081.675, 1.781821e+002,
4934028796.7875, 1.770028e+002,
4934932511.9, 1.763060e+002,
4935836227.0125, 1.748295e+002,
4936739942.125, 1.737777e+002,
4937643657.2375, 1.726259e+002,
4938547372.35, 1.713987e+002,
4939451087.4625, 1.705021e+002,
4940354802.575, 1.690547e+002,
4941258517.6875, 1.677629e+002,
4942162232.8, 1.664554e+002,
4943065947.9125, 1.650728e+002,
4943969663.025, 1.640395e+002,
4944873378.1375, 1.627179e+002,
4945777093.25, 1.616706e+002,
4946680808.3625, 1.609365e+002,
4947584523.475, 1.595749e+002,
4948488238.5875, 1.581860e+002,
4949391953.7, 1.567695e+002,
4950295668.8125, 1.560312e+002,
4951199383.925, 1.543993e+002,
4952103099.0375, 1.532283e+002,
4953006814.15, 1.521790e+002,
4953910529.2625, 1.512387e+002,
4954814244.375, 1.496880e+002,
4955717959.4875, 1.486145e+002,
4956621674.6, 1.473131e+002,
4957525389.7125, 1.462572e+002,
4958429104.825, 1.451145e+002,
4959332819.9375, 1.435390e+002,
4960236535.05, 1.427861e+002,
4961140250.1625, 1.418003e+002,
4962043965.275, 1.405881e+002,
4962947680.3875, 1.392295e+002,
4963851395.5, 1.383616e+002,
4964755110.6125, 1.368140e+002,
4965658825.725, 1.357746e+002,
4966562540.8375, 1.344779e+002,
4967466255.95, 1.337269e+002,
4968369971.0625, 1.318413e+002,
4969273686.175, 1.306474e+002,
4970177401.2875, 1.295646e+002,
4971081116.4, 1.281216e+002,
4971984831.5125, 1.268939e+002,
4972888546.625, 1.254911e+002,
4973792261.7375, 1.247910e+002,
4974695976.85, 1.237055e+002,
4975599691.9625, 1.221480e+002,
4976503407.075, 1.206838e+002,
4977407122.1875, 1.196890e+002,
4978310837.3, 1.187061e+002,
4979214552.4125, 1.170633e+002,
4980118267.525, 1.158246e+002,
4981021982.6375, 1.142250e+002,
4981925697.75, 1.126712e+002,
4982829412.8625, 1.120142e+002,
4983733127.975, 1.104555e+002,
4984636843.0875, 1.097298e+002,
4985540558.2, 1.079645e+002,
4986444273.3125, 1.066295e+002,
4987347988.425, 1.055030e+002,
4988251703.5375, 1.038998e+002,
4989155418.65, 1.024432e+002,
4990059133.7625, 1.011804e+002,
4990962848.875, 1.003022e+002,
4991866563.9875, 9.857737e+001,
4992770279.1, 9.738049e+001,
4993673994.2125, 9.637512e+001,
4994577709.325, 9.500264e+001,
4995481424.4375, 9.345860e+001,
4996385139.55, 9.217575e+001,
4997288854.6625, 9.132778e+001,
4998192569.775, 8.951534e+001,
4999096284.8875, 8.835924e+001,
5000000000, 8.748766e+001,
