"S12 Log Mag"
"Frequency (Hz)","dB",
3000000000, -4.797736e+001,
3001562500, -4.797155e+001,
3003125000, -4.790127e+001,
3004687500, -4.788575e+001,
3006250000, -4.783902e+001,
3007812500, -4.780666e+001,
3009375000, -4.775607e+001,
3010937500, -4.767115e+001,
3012500000, -4.766208e+001,
3014062500, -4.765499e+001,
3015625000, -4.757707e+001,
3017187500, -4.752234e+001,
3018750000, -4.748665e+001,
3020312500, -4.747288e+001,
3021875000, -4.740678e+001,
3023437500, -4.735845e+001,
3025000000, -4.735979e+001,
3026562500, -4.730339e+001,
3028125000, -4.726081e+001,
3029687500, -4.720240e+001,
3031250000, -4.716465e+001,
3032812500, -4.712061e+001,
3034375000, -4.711115e+001,
3035937500, -4.704133e+001,
3037500000, -4.702270e+001,
3039062500, -4.699690e+001,
3040625000, -4.695332e+001,
3042187500, -4.689807e+001,
3043750000, -4.688994e+001,
3045312500, -4.686597e+001,
3046875000, -4.682878e+001,
3048437500, -4.681244e+001,
3050000000, -4.680407e+001,
3051562500, -4.675423e+001,
3053125000, -4.672802e+001,
3054687500, -4.671362e+001,
3056250000, -4.672287e+001,
3057812500, -4.665717e+001,
3059375000, -4.662917e+001,
3060937500, -4.660101e+001,
3062500000, -4.663339e+001,
3064062500, -4.657315e+001,
3065625000, -4.656418e+001,
3067187500, -4.651642e+001,
3068750000, -4.650031e+001,
3070312500, -4.644113e+001,
3071875000, -4.645198e+001,
3073437500, -4.648077e+001,
3075000000, -4.641584e+001,
3076562500, -4.644307e+001,
3078125000, -4.639694e+001,
3079687500, -4.642735e+001,
3081250000, -4.640968e+001,
3082812500, -4.642168e+001,
3084375000, -4.641298e+001,
3085937500, -4.640435e+001,
3087500000, -4.639781e+001,
3089062500, -4.638369e+001,
3090625000, -4.632872e+001,
3092187500, -4.640060e+001,
3093750000, -4.637556e+001,
3095312500, -4.633754e+001,
3096875000, -4.632423e+001,
3098437500, -4.631287e+001,
3100000000, -4.628348e+001,
3101562500, -4.631776e+001,
3103125000, -4.625344e+001,
3104687500, -4.625125e+001,
3106250000, -4.623469e+001,
3107812500, -4.626041e+001,
3109375000, -4.626423e+001,
3110937500, -4.622449e+001,
3112500000, -4.618013e+001,
3114062500, -4.622801e+001,
3115625000, -4.619397e+001,
3117187500, -4.624196e+001,
3118750000, -4.615385e+001,
3120312500, -4.609819e+001,
3121875000, -4.614489e+001,
3123437500, -4.611975e+001,
3125000000, -4.609572e+001,
3126562500, -4.608163e+001,
3128125000, -4.601308e+001,
3129687500, -4.604121e+001,
3131250000, -4.602259e+001,
3132812500, -4.597678e+001,
3134375000, -4.604591e+001,
3135937500, -4.593881e+001,
3137500000, -4.596344e+001,
3139062500, -4.592574e+001,
3140625000, -4.594820e+001,
3142187500, -4.592008e+001,
3143750000, -4.592545e+001,
3145312500, -4.592597e+001,
3146875000, -4.587300e+001,
3148437500, -4.590347e+001,
3150000000, -4.589168e+001,
3151562500, -4.584584e+001,
3153125000, -4.589358e+001,
3154687500, -4.586523e+001,
3156250000, -4.587265e+001,
3157812500, -4.587919e+001,
3159375000, -4.586338e+001,
3160937500, -4.585878e+001,
3162500000, -4.586496e+001,
3164062500, -4.588144e+001,
3165625000, -4.586571e+001,
3167187500, -4.587822e+001,
3168750000, -4.590314e+001,
3170312500, -4.590434e+001,
3171875000, -4.591167e+001,
3173437500, -4.593518e+001,
3175000000, -4.594241e+001,
3176562500, -4.596282e+001,
3178125000, -4.600708e+001,
3179687500, -4.600559e+001,
3181250000, -4.606777e+001,
3182812500, -4.611135e+001,
3184375000, -4.612601e+001,
3185937500, -4.613446e+001,
3187500000, -4.616096e+001,
3189062500, -4.621749e+001,
3190625000, -4.624430e+001,
3192187500, -4.627966e+001,
3193750000, -4.632084e+001,
3195312500, -4.635378e+001,
3196875000, -4.638794e+001,
3198437500, -4.643699e+001,
3200000000, -4.650179e+001,
3201562500, -4.650196e+001,
3203125000, -4.656345e+001,
3204687500, -4.660930e+001,
3206250000, -4.667611e+001,
3207812500, -4.669447e+001,
3209375000, -4.673386e+001,
3210937500, -4.676406e+001,
3212500000, -4.682346e+001,
3214062500, -4.688039e+001,
3215625000, -4.687958e+001,
3217187500, -4.696858e+001,
3218750000, -4.701373e+001,
3220312500, -4.707684e+001,
3221875000, -4.712793e+001,
3223437500, -4.715911e+001,
3225000000, -4.722906e+001,
3226562500, -4.722547e+001,
3228125000, -4.730579e+001,
3229687500, -4.736941e+001,
3231250000, -4.739119e+001,
3232812500, -4.744778e+001,
3234375000, -4.748624e+001,
3235937500, -4.756301e+001,
3237500000, -4.759928e+001,
3239062500, -4.764712e+001,
3240625000, -4.771213e+001,
3242187500, -4.771466e+001,
3243750000, -4.776052e+001,
3245312500, -4.783110e+001,
3246875000, -4.784309e+001,
3248437500, -4.789215e+001,
3250000000, -4.789344e+001,
3251562500, -4.791631e+001,
3253125000, -4.797669e+001,
3254687500, -4.798130e+001,
3256250000, -4.798616e+001,
3257812500, -4.798779e+001,
3259375000, -4.804437e+001,
3260937500, -4.807838e+001,
3262500000, -4.804718e+001,
3264062500, -4.809386e+001,
3265625000, -4.809230e+001,
3267187500, -4.812943e+001,
3268750000, -4.813577e+001,
3270312500, -4.813049e+001,
3271875000, -4.809482e+001,
3273437500, -4.811232e+001,
3275000000, -4.808736e+001,
3276562500, -4.812045e+001,
3278125000, -4.808842e+001,
3279687500, -4.812540e+001,
3281250000, -4.810216e+001,
3282812500, -4.802897e+001,
3284375000, -4.803355e+001,
3285937500, -4.804607e+001,
3287500000, -4.804630e+001,
3289062500, -4.793135e+001,
3290625000, -4.792600e+001,
3292187500, -4.794796e+001,
3293750000, -4.788694e+001,
3295312500, -4.782131e+001,
3296875000, -4.781698e+001,
3298437500, -4.775126e+001,
3300000000, -4.772825e+001,
3301562500, -4.766255e+001,
3303125000, -4.761427e+001,
3304687500, -4.757629e+001,
3306250000, -4.759361e+001,
3307812500, -4.749362e+001,
3309375000, -4.741230e+001,
3310937500, -4.739177e+001,
3312500000, -4.731454e+001,
3314062500, -4.730529e+001,
3315625000, -4.725101e+001,
3317187500, -4.719124e+001,
3318750000, -4.714854e+001,
3320312500, -4.709416e+001,
3321875000, -4.705499e+001,
3323437500, -4.702666e+001,
3325000000, -4.693925e+001,
3326562500, -4.688060e+001,
3328125000, -4.683659e+001,
3329687500, -4.681828e+001,
3331250000, -4.678399e+001,
3332812500, -4.677536e+001,
3334375000, -4.673193e+001,
3335937500, -4.669231e+001,
3337500000, -4.670604e+001,
3339062500, -4.663220e+001,
3340625000, -4.658943e+001,
3342187500, -4.655474e+001,
3343750000, -4.656200e+001,
3345312500, -4.654453e+001,
3346875000, -4.655494e+001,
3348437500, -4.656142e+001,
3350000000, -4.651313e+001,
3351562500, -4.651395e+001,
3353125000, -4.653735e+001,
3354687500, -4.646054e+001,
3356250000, -4.648739e+001,
3357812500, -4.651893e+001,
3359375000, -4.649373e+001,
3360937500, -4.655706e+001,
3362500000, -4.659348e+001,
3364062500, -4.656683e+001,
3365625000, -4.662942e+001,
3367187500, -4.663347e+001,
3368750000, -4.666718e+001,
3370312500, -4.663001e+001,
3371875000, -4.669720e+001,
3373437500, -4.669431e+001,
3375000000, -4.674569e+001,
3376562500, -4.677594e+001,
3378125000, -4.680516e+001,
3379687500, -4.680166e+001,
3381250000, -4.685487e+001,
3382812500, -4.686243e+001,
3384375000, -4.689800e+001,
3385937500, -4.691407e+001,
3387500000, -4.692971e+001,
3389062500, -4.701123e+001,
3390625000, -4.699154e+001,
3392187500, -4.705217e+001,
3393750000, -4.707510e+001,
3395312500, -4.715045e+001,
3396875000, -4.714836e+001,
3398437500, -4.718371e+001,
3400000000, -4.722659e+001,
3401562500, -4.723206e+001,
3403125000, -4.728477e+001,
3404687500, -4.731599e+001,
3406250000, -4.732934e+001,
3407812500, -4.735263e+001,
3409375000, -4.730806e+001,
3410937500, -4.736439e+001,
3412500000, -4.738966e+001,
3414062500, -4.740257e+001,
3415625000, -4.736005e+001,
3417187500, -4.743864e+001,
3418750000, -4.741105e+001,
3420312500, -4.738515e+001,
3421875000, -4.741579e+001,
3423437500, -4.744036e+001,
3425000000, -4.741910e+001,
3426562500, -4.740525e+001,
3428125000, -4.744397e+001,
3429687500, -4.741109e+001,
3431250000, -4.737561e+001,
3432812500, -4.739658e+001,
3434375000, -4.741721e+001,
3435937500, -4.730762e+001,
3437500000, -4.734109e+001,
3439062500, -4.732621e+001,
3440625000, -4.730859e+001,
3442187500, -4.732592e+001,
3443750000, -4.726505e+001,
3445312500, -4.726016e+001,
3446875000, -4.724665e+001,
3448437500, -4.723908e+001,
3450000000, -4.717732e+001,
3451562500, -4.721994e+001,
3453125000, -4.712720e+001,
3454687500, -4.716834e+001,
3456250000, -4.708783e+001,
3457812500, -4.711943e+001,
3459375000, -4.708425e+001,
3460937500, -4.707879e+001,
3462500000, -4.704892e+001,
3464062500, -4.701115e+001,
3465625000, -4.697845e+001,
3467187500, -4.692703e+001,
3468750000, -4.694432e+001,
3470312500, -4.693815e+001,
3471875000, -4.684020e+001,
3473437500, -4.687151e+001,
3475000000, -4.682579e+001,
3476562500, -4.688435e+001,
3478125000, -4.682786e+001,
3479687500, -4.683071e+001,
3481250000, -4.677868e+001,
3482812500, -4.679427e+001,
3484375000, -4.682740e+001,
3485937500, -4.673350e+001,
3487500000, -4.675033e+001,
3489062500, -4.676621e+001,
3490625000, -4.671838e+001,
3492187500, -4.676497e+001,
3493750000, -4.673133e+001,
3495312500, -4.677275e+001,
3496875000, -4.680681e+001,
3498437500, -4.680206e+001,
3500000000, -4.679306e+001,
3501562500, -4.678522e+001,
3503125000, -4.681236e+001,
3504687500, -4.681945e+001,
3506250000, -4.682261e+001,
3507812500, -4.686494e+001,
3509375000, -4.690752e+001,
3510937500, -4.687694e+001,
3512500000, -4.694748e+001,
3514062500, -4.695861e+001,
3515625000, -4.701137e+001,
3517187500, -4.708018e+001,
3518750000, -4.712024e+001,
3520312500, -4.712103e+001,
3521875000, -4.712342e+001,
3523437500, -4.718660e+001,
3525000000, -4.722786e+001,
3526562500, -4.717327e+001,
3528125000, -4.725211e+001,
3529687500, -4.728936e+001,
3531250000, -4.731817e+001,
3532812500, -4.733374e+001,
3534375000, -4.741727e+001,
3535937500, -4.753030e+001,
3537500000, -4.747795e+001,
3539062500, -4.757611e+001,
3540625000, -4.769193e+001,
3542187500, -4.760697e+001,
3543750000, -4.760307e+001,
3545312500, -4.767265e+001,
3546875000, -4.765125e+001,
3548437500, -4.768698e+001,
3550000000, -4.777163e+001,
3551562500, -4.778957e+001,
3553125000, -4.775573e+001,
3554687500, -4.781892e+001,
3556250000, -4.794908e+001,
3557812500, -4.800930e+001,
3559375000, -4.800931e+001,
3560937500, -4.812490e+001,
3562500000, -4.817171e+001,
3564062500, -4.814605e+001,
3565625000, -4.811663e+001,
3567187500, -4.819949e+001,
3568750000, -4.822608e+001,
3570312500, -4.815117e+001,
3571875000, -4.828438e+001,
3573437500, -4.829983e+001,
3575000000, -4.826604e+001,
3576562500, -4.821330e+001,
3578125000, -4.830487e+001,
3579687500, -4.841441e+001,
3581250000, -4.831730e+001,
3582812500, -4.844393e+001,
3584375000, -4.849088e+001,
3585937500, -4.841129e+001,
3587500000, -4.842204e+001,
3589062500, -4.841550e+001,
3590625000, -4.841637e+001,
3592187500, -4.839877e+001,
3593750000, -4.832568e+001,
3595312500, -4.847031e+001,
3596875000, -4.853508e+001,
3598437500, -4.844778e+001,
3600000000, -4.836622e+001,
3601562500, -4.846287e+001,
3603125000, -4.860221e+001,
3604687500, -4.851662e+001,
3606250000, -4.853401e+001,
3607812500, -4.848650e+001,
3609375000, -4.836633e+001,
3610937500, -4.841697e+001,
3612500000, -4.848530e+001,
3614062500, -4.843153e+001,
3615625000, -4.842545e+001,
3617187500, -4.831747e+001,
3618750000, -4.836383e+001,
3620312500, -4.849939e+001,
3621875000, -4.838546e+001,
3623437500, -4.834564e+001,
3625000000, -4.842413e+001,
3626562500, -4.849416e+001,
3628125000, -4.849892e+001,
3629687500, -4.851706e+001,
3631250000, -4.852681e+001,
3632812500, -4.834451e+001,
3634375000, -4.835445e+001,
3635937500, -4.840532e+001,
3637500000, -4.847321e+001,
3639062500, -4.853311e+001,
3640625000, -4.833476e+001,
3642187500, -4.831175e+001,
3643750000, -4.840047e+001,
3645312500, -4.861038e+001,
3646875000, -4.842847e+001,
3648437500, -4.844203e+001,
3650000000, -4.855455e+001,
3651562500, -4.859587e+001,
3653125000, -4.858537e+001,
3654687500, -4.874686e+001,
3656250000, -4.883347e+001,
3657812500, -4.861940e+001,
3659375000, -4.857923e+001,
3660937500, -4.864913e+001,
3662500000, -4.884070e+001,
3664062500, -4.883031e+001,
3665625000, -4.882333e+001,
3667187500, -4.863036e+001,
3668750000, -4.857076e+001,
3670312500, -4.891615e+001,
3671875000, -4.894132e+001,
3673437500, -4.895293e+001,
3675000000, -4.890735e+001,
3676562500, -4.898745e+001,
3678125000, -4.917439e+001,
3679687500, -4.900485e+001,
3681250000, -4.925425e+001,
3682812500, -4.934471e+001,
3684375000, -4.922005e+001,
3685937500, -4.908209e+001,
3687500000, -4.892873e+001,
3689062500, -4.936024e+001,
3690625000, -4.955142e+001,
3692187500, -4.920576e+001,
3693750000, -4.898808e+001,
3695312500, -4.912137e+001,
3696875000, -4.945450e+001,
3698437500, -4.939004e+001,
3700000000, -4.948854e+001,
3701562500, -4.947474e+001,
3703125000, -4.944227e+001,
3704687500, -4.932300e+001,
3706250000, -4.937814e+001,
3707812500, -4.947508e+001,
3709375000, -4.941048e+001,
3710937500, -4.956708e+001,
3712500000, -4.934177e+001,
3714062500, -4.901278e+001,
3715625000, -4.913992e+001,
3717187500, -4.961646e+001,
3718750000, -4.956779e+001,
3720312500, -4.883645e+001,
3721875000, -4.898266e+001,
3723437500, -4.918545e+001,
3725000000, -4.925866e+001,
3726562500, -4.917800e+001,
3728125000, -4.925438e+001,
3729687500, -4.921209e+001,
3731250000, -4.924749e+001,
3732812500, -4.894779e+001,
3734375000, -4.910440e+001,
3735937500, -4.901293e+001,
3737500000, -4.907490e+001,
3739062500, -4.912143e+001,
3740625000, -4.897924e+001,
3742187500, -4.871767e+001,
3743750000, -4.861442e+001,
3745312500, -4.892458e+001,
3746875000, -4.895009e+001,
3748437500, -4.858585e+001,
3750000000, -4.853480e+001,
3751562500, -4.858970e+001,
3753125000, -4.862408e+001,
3754687500, -4.881743e+001,
3756250000, -4.872488e+001,
3757812500, -4.859309e+001,
3759375000, -4.854872e+001,
3760937500, -4.856215e+001,
3762500000, -4.853908e+001,
3764062500, -4.827621e+001,
3765625000, -4.816185e+001,
3767187500, -4.833417e+001,
3768750000, -4.846109e+001,
3770312500, -4.836962e+001,
3771875000, -4.807418e+001,
3773437500, -4.816040e+001,
3775000000, -4.845108e+001,
3776562500, -4.817615e+001,
3778125000, -4.808272e+001,
3779687500, -4.811072e+001,
3781250000, -4.820223e+001,
3782812500, -4.828310e+001,
3784375000, -4.847454e+001,
3785937500, -4.834861e+001,
3787500000, -4.804674e+001,
3789062500, -4.816833e+001,
3790625000, -4.844454e+001,
3792187500, -4.840950e+001,
3793750000, -4.813108e+001,
3795312500, -4.817285e+001,
3796875000, -4.826841e+001,
3798437500, -4.852538e+001,
3800000000, -4.829954e+001,
3801562500, -4.824680e+001,
3803125000, -4.879186e+001,
3804687500, -4.894096e+001,
3806250000, -4.850034e+001,
3807812500, -4.838770e+001,
3809375000, -4.849716e+001,
3810937500, -4.886186e+001,
3812500000, -4.926501e+001,
3814062500, -4.925635e+001,
3815625000, -4.917231e+001,
3817187500, -4.930154e+001,
3818750000, -4.893774e+001,
3820312500, -4.940956e+001,
3821875000, -4.959706e+001,
3823437500, -4.932609e+001,
3825000000, -4.971437e+001,
3826562500, -4.974400e+001,
3828125000, -4.957391e+001,
3829687500, -4.966781e+001,
3831250000, -4.940019e+001,
3832812500, -4.965977e+001,
3834375000, -5.023526e+001,
3835937500, -5.067112e+001,
3837500000, -5.033162e+001,
3839062500, -4.996349e+001,
3840625000, -4.985628e+001,
3842187500, -4.989601e+001,
3843750000, -5.094534e+001,
3845312500, -5.117275e+001,
3846875000, -5.090830e+001,
3848437500, -5.062803e+001,
3850000000, -5.041017e+001,
3851562500, -5.076218e+001,
3853125000, -5.078695e+001,
3854687500, -5.071133e+001,
3856250000, -5.083934e+001,
3857812500, -5.108395e+001,
3859375000, -5.133883e+001,
3860937500, -5.100480e+001,
3862500000, -5.048367e+001,
3864062500, -5.036891e+001,
3865625000, -5.090828e+001,
3867187500, -5.118769e+001,
3868750000, -5.160797e+001,
3870312500, -5.189970e+001,
3871875000, -5.148749e+001,
3873437500, -5.068137e+001,
3875000000, -5.062777e+001,
3876562500, -5.157805e+001,
3878125000, -5.227861e+001,
3879687500, -5.257176e+001,
3881250000, -5.176254e+001,
3882812500, -5.114972e+001,
3884375000, -5.141109e+001,
3885937500, -5.174776e+001,
3887500000, -5.130245e+001,
3889062500, -5.143356e+001,
3890625000, -5.158150e+001,
3892187500, -5.201029e+001,
3893750000, -5.232469e+001,
3895312500, -5.146771e+001,
3896875000, -5.059185e+001,
3898437500, -5.098986e+001,
3900000000, -5.100801e+001,
3901562500, -5.158899e+001,
3903125000, -5.219483e+001,
3904687500, -5.236158e+001,
3906250000, -5.220638e+001,
3907812500, -5.099173e+001,
3909375000, -5.106877e+001,
3910937500, -5.123569e+001,
3912500000, -5.247629e+001,
3914062500, -5.295784e+001,
3915625000, -5.166431e+001,
3917187500, -5.169078e+001,
3918750000, -5.167951e+001,
3920312500, -5.113257e+001,
3921875000, -5.123631e+001,
3923437500, -5.111074e+001,
3925000000, -5.151232e+001,
3926562500, -5.169183e+001,
3928125000, -5.202734e+001,
3929687500, -5.188041e+001,
3931250000, -5.104752e+001,
3932812500, -5.073505e+001,
3934375000, -5.024282e+001,
3935937500, -5.027558e+001,
3937500000, -5.189241e+001,
3939062500, -5.271260e+001,
3940625000, -5.222692e+001,
3942187500, -5.149804e+001,
3943750000, -5.135680e+001,
3945312500, -5.065753e+001,
3946875000, -5.094877e+001,
3948437500, -5.216252e+001,
3950000000, -5.140627e+001,
3951562500, -5.178778e+001,
3953125000, -5.246281e+001,
3954687500, -5.216779e+001,
3956250000, -5.050271e+001,
3957812500, -5.041806e+001,
3959375000, -5.043936e+001,
3960937500, -5.134585e+001,
3962500000, -5.205774e+001,
3964062500, -5.128880e+001,
3965625000, -5.132132e+001,
3967187500, -5.207013e+001,
3968750000, -5.144897e+001,
3970312500, -5.024409e+001,
3971875000, -4.946885e+001,
3973437500, -5.026711e+001,
3975000000, -5.237085e+001,
3976562500, -5.304863e+001,
3978125000, -5.276256e+001,
3979687500, -5.179941e+001,
3981250000, -5.068016e+001,
3982812500, -5.137646e+001,
3984375000, -5.220733e+001,
3985937500, -5.160207e+001,
3987500000, -5.101463e+001,
3989062500, -5.168856e+001,
3990625000, -5.289917e+001,
3992187500, -5.313819e+001,
3993750000, -5.187616e+001,
3995312500, -5.088150e+001,
3996875000, -5.016723e+001,
3998437500, -5.147235e+001,
4000000000, -5.258380e+001,
4001562500, -5.224714e+001,
4003125000, -5.230796e+001,
4004687500, -5.232386e+001,
4006250000, -5.196684e+001,
4007812500, -5.148149e+001,
4009375000, -5.128578e+001,
4010937500, -5.117607e+001,
4012500000, -5.234928e+001,
4014062500, -5.213605e+001,
4015625000, -5.310025e+001,
4017187500, -5.479301e+001,
4018750000, -5.202633e+001,
4020312500, -5.177134e+001,
4021875000, -5.271260e+001,
4023437500, -5.171642e+001,
4025000000, -5.202970e+001,
4026562500, -5.276292e+001,
4028125000, -5.232830e+001,
4029687500, -5.302847e+001,
4031250000, -5.300245e+001,
4032812500, -5.233305e+001,
4034375000, -5.192080e+001,
4035937500, -5.189294e+001,
4037500000, -5.204702e+001,
4039062500, -5.227502e+001,
4040625000, -5.152174e+001,
4042187500, -5.427744e+001,
4043750000, -5.524313e+001,
4045312500, -5.133515e+001,
4046875000, -5.017262e+001,
4048437500, -5.141409e+001,
4050000000, -5.336272e+001,
4051562500, -5.393345e+001,
4053125000, -5.253608e+001,
4054687500, -5.420728e+001,
4056250000, -5.437187e+001,
4057812500, -5.266925e+001,
4059375000, -5.287233e+001,
4060937500, -5.450067e+001,
4062500000, -5.156800e+001,
4064062500, -5.040661e+001,
4065625000, -5.184258e+001,
4067187500, -5.453925e+001,
4068750000, -5.579182e+001,
4070312500, -5.500762e+001,
4071875000, -5.161736e+001,
4073437500, -5.103503e+001,
4075000000, -5.219827e+001,
4076562500, -5.381597e+001,
4078125000, -5.282095e+001,
4079687500, -5.241698e+001,
4081250000, -5.145169e+001,
4082812500, -5.353384e+001,
4084375000, -5.676939e+001,
4085937500, -5.510512e+001,
4087500000, -5.262119e+001,
4089062500, -5.157791e+001,
4090625000, -5.226529e+001,
4092187500, -5.282871e+001,
4093750000, -5.474922e+001,
4095312500, -5.652436e+001,
4096875000, -5.697993e+001,
4098437500, -5.389504e+001,
4100000000, -5.320430e+001,
4101562500, -5.453436e+001,
4103125000, -5.594389e+001,
4104687500, -5.394370e+001,
4106250000, -5.220147e+001,
4107812500, -5.095031e+001,
4109375000, -5.340664e+001,
4110937500, -5.758120e+001,
4112500000, -5.603915e+001,
4114062500, -5.532397e+001,
4115625000, -5.559047e+001,
4117187500, -5.442099e+001,
4118750000, -5.244195e+001,
4120312500, -5.221271e+001,
4121875000, -5.316353e+001,
4123437500, -5.429985e+001,
4125000000, -5.516840e+001,
4126562500, -5.700087e+001,
4128125000, -5.785840e+001,
4129687500, -5.556812e+001,
4131250000, -5.454965e+001,
4132812500, -5.726998e+001,
4134375000, -5.413420e+001,
4135937500, -5.471896e+001,
4137500000, -5.832988e+001,
4139062500, -5.663554e+001,
4140625000, -5.495787e+001,
4142187500, -5.755666e+001,
4143750000, -5.876913e+001,
4145312500, -5.855182e+001,
4146875000, -5.653528e+001,
4148437500, -5.344649e+001,
4150000000, -5.371161e+001,
4151562500, -5.481767e+001,
4153125000, -5.636724e+001,
4154687500, -5.718977e+001,
4156250000, -5.772530e+001,
4157812500, -5.647182e+001,
4159375000, -5.738292e+001,
4160937500, -5.647495e+001,
4162500000, -5.518856e+001,
4164062500, -5.570507e+001,
4165625000, -5.464178e+001,
4167187500, -5.351740e+001,
4168750000, -5.430356e+001,
4170312500, -5.878322e+001,
4171875000, -6.119597e+001,
4173437500, -5.869246e+001,
4175000000, -5.823624e+001,
4176562500, -5.710414e+001,
4178125000, -5.524168e+001,
4179687500, -5.678312e+001,
4181250000, -5.697370e+001,
4182812500, -5.663087e+001,
4184375000, -5.751124e+001,
4185937500, -5.839129e+001,
4187500000, -6.102085e+001,
4189062500, -6.092866e+001,
4190625000, -5.938814e+001,
4192187500, -5.751807e+001,
4193750000, -5.443249e+001,
4195312500, -5.375801e+001,
4196875000, -5.539538e+001,
4198437500, -5.668577e+001,
4200000000, -5.603194e+001,
4201562500, -5.555576e+001,
4203125000, -5.611826e+001,
4204687500, -5.798264e+001,
4206250000, -5.831537e+001,
4207812500, -6.142511e+001,
4209375000, -5.918104e+001,
4210937500, -5.635499e+001,
4212500000, -5.574025e+001,
4214062500, -5.326843e+001,
4215625000, -5.178438e+001,
4217187500, -5.240664e+001,
4218750000, -5.581238e+001,
4220312500, -5.837903e+001,
4221875000, -6.353357e+001,
4223437500, -6.235765e+001,
4225000000, -6.111774e+001,
4226562500, -6.915887e+001,
4228125000, -5.538409e+001,
4229687500, -5.271815e+001,
4231250000, -5.299425e+001,
4232812500, -5.395827e+001,
4234375000, -5.482253e+001,
4235937500, -5.621412e+001,
4237500000, -5.890497e+001,
4239062500, -6.477937e+001,
4240625000, -7.145893e+001,
4242187500, -6.067798e+001,
4243750000, -5.625873e+001,
4245312500, -5.364978e+001,
4246875000, -5.196895e+001,
4248437500, -5.138783e+001,
4250000000, -4.911821e+001,
4251562500, -4.918826e+001,
4253125000, -5.300381e+001,
4254687500, -6.085051e+001,
4256250000, -6.204237e+001,
4257812500, -5.428448e+001,
4259375000, -5.441653e+001,
4260937500, -5.635933e+001,
4262500000, -5.982819e+001,
4264062500, -5.943103e+001,
4265625000, -5.747285e+001,
4267187500, -5.607654e+001,
4268750000, -5.430951e+001,
4270312500, -5.471660e+001,
4271875000, -5.703872e+001,
4273437500, -6.505533e+001,
4275000000, -6.903057e+001,
4276562500, -6.117305e+001,
4278125000, -5.213103e+001,
4279687500, -4.925066e+001,
4281250000, -4.828114e+001,
4282812500, -5.050057e+001,
4284375000, -5.794074e+001,
4285937500, -6.865159e+001,
4287500000, -6.690321e+001,
4289062500, -5.357732e+001,
4290625000, -4.923663e+001,
4292187500, -4.889850e+001,
4293750000, -5.083790e+001,
4295312500, -5.326632e+001,
4296875000, -5.499117e+001,
4298437500, -5.569335e+001,
4300000000, -5.315237e+001,
4301562500, -5.077065e+001,
4303125000, -5.185013e+001,
4304687500, -5.584753e+001,
4306250000, -5.317619e+001,
4307812500, -5.217189e+001,
4309375000, -5.096355e+001,
4310937500, -4.801979e+001,
4312500000, -4.653740e+001,
4314062500, -4.749278e+001,
4315625000, -4.914702e+001,
4317187500, -5.043574e+001,
4318750000, -5.087838e+001,
4320312500, -4.940339e+001,
4321875000, -4.920670e+001,
4323437500, -4.912938e+001,
4325000000, -4.747723e+001,
4326562500, -4.761531e+001,
4328125000, -4.757239e+001,
4329687500, -4.668400e+001,
4331250000, -4.727078e+001,
4332812500, -5.205654e+001,
4334375000, -5.710489e+001,
4335937500, -5.449366e+001,
4337500000, -5.393301e+001,
4339062500, -6.126468e+001,
4340625000, -6.563916e+001,
4342187500, -5.310410e+001,
4343750000, -4.655745e+001,
4345312500, -4.458374e+001,
4346875000, -4.479203e+001,
4348437500, -4.499453e+001,
4350000000, -4.363956e+001,
4351562500, -4.185502e+001,
4353125000, -4.084072e+001,
4354687500, -4.148016e+001,
4356250000, -4.463352e+001,
4357812500, -4.540584e+001,
4359375000, -4.564508e+001,
4360937500, -4.619109e+001,
4362500000, -5.226453e+001,
4364062500, -5.594231e+001,
4365625000, -5.221616e+001,
4367187500, -5.301765e+001,
4368750000, -5.232787e+001,
4370312500, -4.676741e+001,
4371875000, -4.401934e+001,
4373437500, -4.363938e+001,
4375000000, -4.321447e+001,
4376562500, -4.350590e+001,
4378125000, -4.304123e+001,
4379687500, -4.307864e+001,
4381250000, -4.343540e+001,
4382812500, -4.306441e+001,
4384375000, -4.330655e+001,
4385937500, -4.360817e+001,
4387500000, -4.468382e+001,
4389062500, -4.235804e+001,
4390625000, -3.992273e+001,
4392187500, -3.899564e+001,
4393750000, -3.912839e+001,
4395312500, -4.121927e+001,
4396875000, -4.085537e+001,
4398437500, -4.054946e+001,
4400000000, -4.157995e+001,
4401562500, -4.188763e+001,
4403125000, -4.461824e+001,
4404687500, -4.571485e+001,
4406250000, -4.669269e+001,
4407812500, -4.575282e+001,
4409375000, -4.506099e+001,
4410937500, -4.599336e+001,
4412500000, -4.506292e+001,
4414062500, -4.231305e+001,
4415625000, -4.068787e+001,
4417187500, -4.091867e+001,
4418750000, -4.305787e+001,
4420312500, -4.652032e+001,
4421875000, -4.743916e+001,
4423437500, -4.980130e+001,
4425000000, -4.632602e+001,
4426562500, -4.107481e+001,
4428125000, -3.583826e+001,
4429687500, -3.496861e+001,
4431250000, -3.408153e+001,
4432812500, -3.310478e+001,
4434375000, -3.275221e+001,
4435937500, -3.387144e+001,
4437500000, -3.771361e+001,
4439062500, -4.001421e+001,
4440625000, -4.110175e+001,
4442187500, -4.188698e+001,
4443750000, -5.251271e+001,
4445312500, -4.752311e+001,
4446875000, -4.355832e+001,
4448437500, -4.075134e+001,
4450000000, -3.820731e+001,
4451562500, -3.606062e+001,
4453125000, -3.571707e+001,
4454687500, -3.564504e+001,
4456250000, -3.710222e+001,
4457812500, -4.052729e+001,
4459375000, -5.143354e+001,
4460937500, -4.312487e+001,
4462500000, -3.914605e+001,
4464062500, -3.825699e+001,
4465625000, -4.327319e+001,
4467187500, -4.992974e+001,
4468750000, -4.701102e+001,
4470312500, -4.232462e+001,
4471875000, -4.000232e+001,
4473437500, -3.581450e+001,
4475000000, -3.360675e+001,
4476562500, -3.277621e+001,
4478125000, -3.259274e+001,
4479687500, -3.184742e+001,
4481250000, -3.145667e+001,
4482812500, -3.070299e+001,
4484375000, -2.929196e+001,
4485937500, -2.722345e+001,
4487500000, -2.363093e+001,
4489062500, -2.119899e+001,
4490625000, -2.193366e+001,
4492187500, -2.400965e+001,
4493750000, -2.532329e+001,
4495312500, -2.580412e+001,
4496875000, -2.507101e+001,
4498437500, -2.308364e+001,
4500000000, -2.170616e+001,
4501562500, -2.344953e+001,
4503125000, -2.584678e+001,
4504687500, -2.767221e+001,
4506250000, -2.801815e+001,
4507812500, -2.874560e+001,
4509375000, -3.013443e+001,
4510937500, -3.022704e+001,
4512500000, -2.958024e+001,
4514062500, -2.805589e+001,
4515625000, -2.696407e+001,
4517187500, -2.617346e+001,
4518750000, -2.565872e+001,
4520312500, -2.481701e+001,
4521875000, -2.336414e+001,
4523437500, -2.184546e+001,
4525000000, -2.032467e+001,
4526562500, -1.787920e+001,
4528125000, -1.606258e+001,
4529687500, -1.609095e+001,
4531250000, -1.665162e+001,
4532812500, -1.727225e+001,
4534375000, -1.758740e+001,
4535937500, -1.735289e+001,
4537500000, -1.672566e+001,
4539062500, -1.565945e+001,
4540625000, -1.385931e+001,
4542187500, -1.191884e+001,
4543750000, -1.079601e+001,
4545312500, -1.123917e+001,
4546875000, -1.242959e+001,
4548437500, -1.367949e+001,
4550000000, -1.442070e+001,
4551562500, -1.450630e+001,
4553125000, -1.393890e+001,
4554687500, -1.321914e+001,
4556250000, -1.301517e+001,
4557812500, -1.378792e+001,
4559375000, -1.507827e+001,
4560937500, -1.592500e+001,
4562500000, -1.643478e+001,
4564062500, -1.698731e+001,
4565625000, -1.743509e+001,
4567187500, -1.797335e+001,
4568750000, -1.900111e+001,
4570312500, -2.105162e+001,
4571875000, -2.403517e+001,
4573437500, -2.709384e+001,
4575000000, -3.084655e+001,
4576562500, -3.554095e+001,
4578125000, -3.706211e+001,
4579687500, -3.416385e+001,
4581250000, -2.944451e+001,
4582812500, -2.620382e+001,
4584375000, -2.545896e+001,
4585937500, -2.657984e+001,
4587500000, -2.901096e+001,
4589062500, -3.204908e+001,
4590625000, -3.252681e+001,
4592187500, -3.023909e+001,
4593750000, -2.829587e+001,
4595312500, -2.728877e+001,
4596875000, -2.688638e+001,
4598437500, -2.677551e+001,
4600000000, -2.693921e+001,
4601562500, -2.694715e+001,
4603125000, -2.610935e+001,
4604687500, -2.448682e+001,
4606250000, -2.318423e+001,
4607812500, -2.286939e+001,
4609375000, -2.291623e+001,
4610937500, -2.248386e+001,
4612500000, -2.201455e+001,
4614062500, -2.157582e+001,
4615625000, -2.167790e+001,
4617187500, -2.195208e+001,
4618750000, -2.202881e+001,
4620312500, -2.186262e+001,
4621875000, -2.233473e+001,
4623437500, -2.336683e+001,
4625000000, -2.408561e+001,
4626562500, -2.458227e+001,
4628125000, -2.491985e+001,
4629687500, -2.515541e+001,
4631250000, -2.677589e+001,
4632812500, -2.985268e+001,
4634375000, -3.191095e+001,
4635937500, -3.347915e+001,
4637500000, -3.485324e+001,
4639062500, -3.339525e+001,
4640625000, -3.407585e+001,
4642187500, -3.421682e+001,
4643750000, -3.202321e+001,
4645312500, -3.103182e+001,
4646875000, -3.194558e+001,
4648437500, -3.263260e+001,
4650000000, -3.054561e+001,
4651562500, -2.992000e+001,
4653125000, -3.117098e+001,
4654687500, -3.094215e+001,
4656250000, -2.920677e+001,
4657812500, -2.814139e+001,
4659375000, -2.792225e+001,
4660937500, -2.903693e+001,
4662500000, -3.014909e+001,
4664062500, -2.841558e+001,
4665625000, -2.752446e+001,
4667187500, -2.777814e+001,
4668750000, -2.811285e+001,
4670312500, -2.848103e+001,
4671875000, -2.780840e+001,
4673437500, -2.677895e+001,
4675000000, -2.672694e+001,
4676562500, -2.737876e+001,
4678125000, -2.827735e+001,
4679687500, -2.861694e+001,
4681250000, -2.863847e+001,
4682812500, -2.832371e+001,
4684375000, -2.830384e+001,
4685937500, -2.965739e+001,
4687500000, -3.089660e+001,
4689062500, -3.085076e+001,
4690625000, -3.115598e+001,
4692187500, -3.217372e+001,
4693750000, -3.210852e+001,
4695312500, -3.143680e+001,
4696875000, -3.189531e+001,
4698437500, -3.280198e+001,
4700000000, -3.173405e+001,
4701562500, -3.059475e+001,
4703125000, -3.048869e+001,
4704687500, -3.185563e+001,
4706250000, -3.455299e+001,
4707812500, -3.512348e+001,
4709375000, -3.377903e+001,
4710937500, -3.311964e+001,
4712500000, -3.419140e+001,
4714062500, -3.769598e+001,
4715625000, -3.624487e+001,
4717187500, -3.116767e+001,
4718750000, -2.888173e+001,
4720312500, -2.821720e+001,
4721875000, -2.820387e+001,
4723437500, -2.826887e+001,
4725000000, -2.875773e+001,
4726562500, -3.000082e+001,
4728125000, -3.207215e+001,
4729687500, -3.398176e+001,
4731250000, -3.233715e+001,
4732812500, -2.995324e+001,
4734375000, -2.930683e+001,
4735937500, -2.998844e+001,
4737500000, -3.116700e+001,
4739062500, -3.240974e+001,
4740625000, -3.337606e+001,
4742187500, -3.365045e+001,
4743750000, -3.303757e+001,
4745312500, -3.114122e+001,
4746875000, -2.947874e+001,
4748437500, -2.870463e+001,
4750000000, -2.935959e+001,
4751562500, -3.247765e+001,
4753125000, -4.003214e+001,
4754687500, -3.878022e+001,
4756250000, -3.336761e+001,
4757812500, -3.015866e+001,
4759375000, -2.870051e+001,
4760937500, -2.872303e+001,
4762500000, -2.965198e+001,
4764062500, -3.057259e+001,
4765625000, -3.030194e+001,
4767187500, -2.913057e+001,
4768750000, -2.758860e+001,
4770312500, -2.636139e+001,
4771875000, -2.576432e+001,
4773437500, -2.582012e+001,
4775000000, -2.609959e+001,
4776562500, -2.670036e+001,
4778125000, -2.771180e+001,
4779687500, -2.999590e+001,
4781250000, -3.131414e+001,
4782812500, -3.140784e+001,
4784375000, -3.133189e+001,
4785937500, -3.209993e+001,
4787500000, -3.433796e+001,
4789062500, -3.924073e+001,
4790625000, -5.918326e+001,
4792187500, -4.044288e+001,
4793750000, -3.573698e+001,
4795312500, -3.348892e+001,
4796875000, -3.238818e+001,
4798437500, -3.173143e+001,
4800000000, -3.093856e+001,
4801562500, -3.031593e+001,
4803125000, -2.939886e+001,
4804687500, -2.850376e+001,
4806250000, -2.793577e+001,
4807812500, -2.780257e+001,
4809375000, -2.809702e+001,
4810937500, -2.877368e+001,
4812500000, -2.982807e+001,
4814062500, -3.111739e+001,
4815625000, -3.271555e+001,
4817187500, -3.477457e+001,
4818750000, -3.719369e+001,
4820312500, -3.958372e+001,
4821875000, -4.160101e+001,
4823437500, -4.389801e+001,
4825000000, -4.603081e+001,
4826562500, -4.510189e+001,
4828125000, -4.217715e+001,
4829687500, -4.025528e+001,
4831250000, -3.842447e+001,
4832812500, -3.631664e+001,
4834375000, -3.473812e+001,
4835937500, -3.424440e+001,
4837500000, -3.464714e+001,
4839062500, -3.527345e+001,
4840625000, -3.604663e+001,
4842187500, -3.764547e+001,
4843750000, -4.041877e+001,
4845312500, -4.271957e+001,
4846875000, -4.324463e+001,
4848437500, -4.408282e+001,
4850000000, -4.607598e+001,
4851562500, -4.627077e+001,
4853125000, -4.409575e+001,
4854687500, -4.106645e+001,
4856250000, -3.930269e+001,
4857812500, -3.914650e+001,
4859375000, -3.996174e+001,
4860937500, -4.078723e+001,
4862500000, -4.082702e+001,
4864062500, -4.072879e+001,
4865625000, -4.153509e+001,
4867187500, -4.209056e+001,
4868750000, -4.057748e+001,
4870312500, -3.858884e+001,
4871875000, -3.774104e+001,
4873437500, -3.814495e+001,
4875000000, -3.953803e+001,
4876562500, -4.070004e+001,
4878125000, -4.031379e+001,
4879687500, -3.974057e+001,
4881250000, -4.063533e+001,
4882812500, -4.373707e+001,
4884375000, -5.021838e+001,
4885937500, -5.511798e+001,
4887500000, -5.471362e+001,
4889062500, -5.711563e+001,
4890625000, -4.785408e+001,
4892187500, -4.432046e+001,
4893750000, -4.363357e+001,
4895312500, -4.310616e+001,
4896875000, -4.146106e+001,
4898437500, -4.084425e+001,
4900000000, -4.211297e+001,
4901562500, -4.397419e+001,
4903125000, -4.540620e+001,
4904687500, -4.805439e+001,
4906250000, -5.452520e+001,
4907812500, -5.968246e+001,
4909375000, -5.021812e+001,
4910937500, -4.587838e+001,
4912500000, -4.389898e+001,
4914062500, -4.267268e+001,
4915625000, -4.221724e+001,
4917187500, -4.253982e+001,
4918750000, -4.367211e+001,
4920312500, -4.545936e+001,
4921875000, -4.824599e+001,
4923437500, -5.361599e+001,
4925000000, -7.757365e+001,
4926562500, -5.444086e+001,
4928125000, -4.910048e+001,
4929687500, -4.666931e+001,
4931250000, -4.528846e+001,
4932812500, -4.472932e+001,
4934375000, -4.476610e+001,
4935937500, -4.524083e+001,
4937500000, -4.629526e+001,
4939062500, -4.840589e+001,
4940625000, -5.307412e+001,
4942187500, -6.434655e+001,
4943750000, -5.407124e+001,
4945312500, -4.868906e+001,
4946875000, -4.633184e+001,
4948437500, -4.548169e+001,
4950000000, -4.549043e+001,
4951562500, -4.604438e+001,
4953125000, -4.723804e+001,
4954687500, -4.969656e+001,
4956250000, -5.389722e+001,
4957812500, -5.610480e+001,
4959375000, -5.310664e+001,
4960937500, -4.974924e+001,
4962500000, -4.775265e+001,
4964062500, -4.710704e+001,
4965625000, -4.698999e+001,
4967187500, -4.744190e+001,
4968750000, -4.884578e+001,
4970312500, -5.148018e+001,
4971875000, -5.339273e+001,
4973437500, -5.264190e+001,
4975000000, -5.119880e+001,
4976562500, -4.980101e+001,
4978125000, -4.858221e+001,
4979687500, -4.788575e+001,
4981250000, -4.788808e+001,
4982812500, -4.899886e+001,
4984375000, -5.117515e+001,
4985937500, -5.258987e+001,
4987500000, -5.232235e+001,
4989062500, -5.132078e+001,
4990625000, -5.003111e+001,
4992187500, -4.901559e+001,
4993750000, -4.865414e+001,
4995312500, -4.908068e+001,
4996875000, -5.025962e+001,
4998437500, -5.164147e+001,
5000000000, -5.230106e+001,
5001562500, -5.194066e+001,
5003125000, -5.082475e+001,
5004687500, -4.985660e+001,
5006250000, -4.940500e+001,
5007812500, -4.961088e+001,
5009375000, -5.037622e+001,
5010937500, -5.154923e+001,
5012500000, -5.231836e+001,
5014062500, -5.196935e+001,
5015625000, -5.105163e+001,
5017187500, -5.026638e+001,
5018750000, -4.997964e+001,
5020312500, -5.015048e+001,
5021875000, -5.092725e+001,
5023437500, -5.221340e+001,
5025000000, -5.256385e+001,
5026562500, -5.147953e+001,
5028125000, -5.068998e+001,
5029687500, -5.050432e+001,
5031250000, -5.051199e+001,
5032812500, -5.096605e+001,
5034375000, -5.206548e+001,
5035937500, -5.253907e+001,
5037500000, -5.171600e+001,
5039062500, -5.098695e+001,
5040625000, -5.072928e+001,
5042187500, -5.073242e+001,
5043750000, -5.141316e+001,
5045312500, -5.220090e+001,
5046875000, -5.221243e+001,
5048437500, -5.173055e+001,
5050000000, -5.115884e+001,
5051562500, -5.084744e+001,
5053125000, -5.119711e+001,
5054687500, -5.199321e+001,
5056250000, -5.230331e+001,
5057812500, -5.190018e+001,
5059375000, -5.142269e+001,
5060937500, -5.099494e+001,
5062500000, -5.118122e+001,
5064062500, -5.186271e+001,
5065625000, -5.220510e+001,
5067187500, -5.190936e+001,
5068750000, -5.141271e+001,
5070312500, -5.121518e+001,
5071875000, -5.128673e+001,
5073437500, -5.181069e+001,
5075000000, -5.211328e+001,
5076562500, -5.184280e+001,
5078125000, -5.136305e+001,
5079687500, -5.119107e+001,
5081250000, -5.153048e+001,
5082812500, -5.204591e+001,
5084375000, -5.199689e+001,
5085937500, -5.156129e+001,
5087500000, -5.121133e+001,
5089062500, -5.143639e+001,
5090625000, -5.193703e+001,
5092187500, -5.198666e+001,
5093750000, -5.150625e+001,
5095312500, -5.123640e+001,
5096875000, -5.150112e+001,
5098437500, -5.183865e+001,
5100000000, -5.183434e+001,
5101562500, -5.142384e+001,
5103125000, -5.135880e+001,
5104687500, -5.167476e+001,
5106250000, -5.189291e+001,
5107812500, -5.170237e+001,
5109375000, -5.143631e+001,
5110937500, -5.160560e+001,
5112500000, -5.189120e+001,
5114062500, -5.187006e+001,
5115625000, -5.161082e+001,
5117187500, -5.161240e+001,
5118750000, -5.184203e+001,
5120312500, -5.189027e+001,
5121875000, -5.171660e+001,
5123437500, -5.174266e+001,
5125000000, -5.194795e+001,
5126562500, -5.196049e+001,
5128125000, -5.186024e+001,
5129687500, -5.182913e+001,
5131250000, -5.206983e+001,
5132812500, -5.204316e+001,
5134375000, -5.199889e+001,
5135937500, -5.206921e+001,
5137500000, -5.222307e+001,
5139062500, -5.222870e+001,
5140625000, -5.223018e+001,
5142187500, -5.245938e+001,
5143750000, -5.237822e+001,
5145312500, -5.245153e+001,
5146875000, -5.257894e+001,
5148437500, -5.253402e+001,
5150000000, -5.262469e+001,
5151562500, -5.273315e+001,
5153125000, -5.278884e+001,
5154687500, -5.282959e+001,
5156250000, -5.292217e+001,
5157812500, -5.297135e+001,
5159375000, -5.308181e+001,
5160937500, -5.316275e+001,
5162500000, -5.320910e+001,
5164062500, -5.332632e+001,
5165625000, -5.336689e+001,
5167187500, -5.346652e+001,
5168750000, -5.356277e+001,
5170312500, -5.362023e+001,
5171875000, -5.369569e+001,
5173437500, -5.379768e+001,
5175000000, -5.384150e+001,
5176562500, -5.387167e+001,
5178125000, -5.391676e+001,
5179687500, -5.402428e+001,
5181250000, -5.407425e+001,
5182812500, -5.410531e+001,
5184375000, -5.426464e+001,
5185937500, -5.431264e+001,
5187500000, -5.432518e+001,
5189062500, -5.436318e+001,
5190625000, -5.451329e+001,
5192187500, -5.446139e+001,
5193750000, -5.459778e+001,
5195312500, -5.464283e+001,
5196875000, -5.468730e+001,
5198437500, -5.467497e+001,
5200000000, -5.477222e+001,
5201562500, -5.482688e+001,
5203125000, -5.486759e+001,
5204687500, -5.487363e+001,
5206250000, -5.488080e+001,
5207812500, -5.493872e+001,
5209375000, -5.491370e+001,
5210937500, -5.501918e+001,
5212500000, -5.501679e+001,
5214062500, -5.514221e+001,
5215625000, -5.509293e+001,
5217187500, -5.511932e+001,
5218750000, -5.511063e+001,
5220312500, -5.518458e+001,
5221875000, -5.518097e+001,
5223437500, -5.519239e+001,
5225000000, -5.531396e+001,
5226562500, -5.529662e+001,
5228125000, -5.542326e+001,
5229687500, -5.537904e+001,
5231250000, -5.539953e+001,
5232812500, -5.550922e+001,
5234375000, -5.548673e+001,
5235937500, -5.553365e+001,
5237500000, -5.554885e+001,
5239062500, -5.561861e+001,
5240625000, -5.569738e+001,
5242187500, -5.573935e+001,
5243750000, -5.566741e+001,
5245312500, -5.586147e+001,
5246875000, -5.583541e+001,
5248437500, -5.573159e+001,
5250000000, -5.562633e+001,
5251562500, -5.541007e+001,
5253125000, -5.550272e+001,
5254687500, -5.546430e+001,
5256250000, -5.565538e+001,
5257812500, -5.573401e+001,
5259375000, -5.572876e+001,
5260937500, -5.571363e+001,
5262500000, -5.559836e+001,
5264062500, -5.567448e+001,
5265625000, -5.560907e+001,
5267187500, -5.552811e+001,
5268750000, -5.550650e+001,
5270312500, -5.549513e+001,
5271875000, -5.553336e+001,
5273437500, -5.556400e+001,
5275000000, -5.555499e+001,
5276562500, -5.549149e+001,
5278125000, -5.558083e+001,
5279687500, -5.550118e+001,
5281250000, -5.548381e+001,
5282812500, -5.552462e+001,
5284375000, -5.548117e+001,
5285937500, -5.544771e+001,
5287500000, -5.542554e+001,
5289062500, -5.541095e+001,
5290625000, -5.542406e+001,
5292187500, -5.546598e+001,
5293750000, -5.543431e+001,
5295312500, -5.548642e+001,
5296875000, -5.554351e+001,
5298437500, -5.553628e+001,
5300000000, -5.562414e+001,
5301562500, -5.566120e+001,
5303125000, -5.560160e+001,
5304687500, -5.571558e+001,
5306250000, -5.572989e+001,
5307812500, -5.571239e+001,
5309375000, -5.579770e+001,
5310937500, -5.577311e+001,
5312500000, -5.573375e+001,
5314062500, -5.588744e+001,
5315625000, -5.591107e+001,
5317187500, -5.591869e+001,
5318750000, -5.601906e+001,
5320312500, -5.598766e+001,
5321875000, -5.618298e+001,
5323437500, -5.618414e+001,
5325000000, -5.630561e+001,
5326562500, -5.637695e+001,
5328125000, -5.650906e+001,
5329687500, -5.646182e+001,
5331250000, -5.663141e+001,
5332812500, -5.663052e+001,
5334375000, -5.676691e+001,
5335937500, -5.685004e+001,
5337500000, -5.701200e+001,
5339062500, -5.694630e+001,
5340625000, -5.702210e+001,
5342187500, -5.706495e+001,
5343750000, -5.719226e+001,
5345312500, -5.716344e+001,
5346875000, -5.723128e+001,
5348437500, -5.741098e+001,
5350000000, -5.737926e+001,
5351562500, -5.729168e+001,
5353125000, -5.728190e+001,
5354687500, -5.725717e+001,
5356250000, -5.731107e+001,
5357812500, -5.718913e+001,
5359375000, -5.708733e+001,
5360937500, -5.715114e+001,
5362500000, -5.705390e+001,
5364062500, -5.690374e+001,
5365625000, -5.689959e+001,
5367187500, -5.686137e+001,
5368750000, -5.679838e+001,
5370312500, -5.674254e+001,
5371875000, -5.663869e+001,
5373437500, -5.671548e+001,
5375000000, -5.664767e+001,
5376562500, -5.667781e+001,
5378125000, -5.658170e+001,
5379687500, -5.653463e+001,
5381250000, -5.640767e+001,
5382812500, -5.641489e+001,
5384375000, -5.650534e+001,
5385937500, -5.639373e+001,
5387500000, -5.643706e+001,
5389062500, -5.633163e+001,
5390625000, -5.640419e+001,
5392187500, -5.639388e+001,
5393750000, -5.637910e+001,
5395312500, -5.634137e+001,
5396875000, -5.631833e+001,
5398437500, -5.639903e+001,
5400000000, -5.630877e+001,
5401562500, -5.634582e+001,
5403125000, -5.637337e+001,
5404687500, -5.629181e+001,
5406250000, -5.631147e+001,
5407812500, -5.627195e+001,
5409375000, -5.624510e+001,
5410937500, -5.619939e+001,
5412500000, -5.615314e+001,
5414062500, -5.615991e+001,
5415625000, -5.616000e+001,
5417187500, -5.611908e+001,
5418750000, -5.619181e+001,
5420312500, -5.615951e+001,
5421875000, -5.614373e+001,
5423437500, -5.611544e+001,
5425000000, -5.610233e+001,
5426562500, -5.618570e+001,
5428125000, -5.613969e+001,
5429687500, -5.618565e+001,
5431250000, -5.620063e+001,
5432812500, -5.632061e+001,
5434375000, -5.624872e+001,
5435937500, -5.628893e+001,
5437500000, -5.633894e+001,
5439062500, -5.630566e+001,
5440625000, -5.637244e+001,
5442187500, -5.644906e+001,
5443750000, -5.643715e+001,
5445312500, -5.650480e+001,
5446875000, -5.659857e+001,
5448437500, -5.668925e+001,
5450000000, -5.673184e+001,
5451562500, -5.666724e+001,
5453125000, -5.671405e+001,
5454687500, -5.684212e+001,
5456250000, -5.683710e+001,
5457812500, -5.694530e+001,
5459375000, -5.706590e+001,
5460937500, -5.696570e+001,
5462500000, -5.701122e+001,
5464062500, -5.704856e+001,
5465625000, -5.715059e+001,
5467187500, -5.717144e+001,
5468750000, -5.719762e+001,
5470312500, -5.725006e+001,
5471875000, -5.729092e+001,
5473437500, -5.734877e+001,
5475000000, -5.739380e+001,
5476562500, -5.734093e+001,
5478125000, -5.755748e+001,
5479687500, -5.751466e+001,
5481250000, -5.750653e+001,
5482812500, -5.758659e+001,
5484375000, -5.750835e+001,
5485937500, -5.751520e+001,
5487500000, -5.758712e+001,
5489062500, -5.766705e+001,
5490625000, -5.773086e+001,
5492187500, -5.758166e+001,
5493750000, -5.766876e+001,
5495312500, -5.775320e+001,
5496875000, -5.771657e+001,
5498437500, -5.766835e+001,
5500000000, -5.756712e+001,
