"S21 Log Mag"
"Frequency (Hz)","dB",
3000000000, -4.773199e+001,
3001562500, -4.775406e+001,
3003125000, -4.766584e+001,
3004687500, -4.769298e+001,
3006250000, -4.762417e+001,
3007812500, -4.763957e+001,
3009375000, -4.753020e+001,
3010937500, -4.753084e+001,
3012500000, -4.747090e+001,
3014062500, -4.747265e+001,
3015625000, -4.737711e+001,
3017187500, -4.742187e+001,
3018750000, -4.738963e+001,
3020312500, -4.730116e+001,
3021875000, -4.728688e+001,
3023437500, -4.724942e+001,
3025000000, -4.719442e+001,
3026562500, -4.715644e+001,
3028125000, -4.718475e+001,
3029687500, -4.705067e+001,
3031250000, -4.708212e+001,
3032812500, -4.700005e+001,
3034375000, -4.706471e+001,
3035937500, -4.690715e+001,
3037500000, -4.687568e+001,
3039062500, -4.686444e+001,
3040625000, -4.682574e+001,
3042187500, -4.681692e+001,
3043750000, -4.678109e+001,
3045312500, -4.677444e+001,
3046875000, -4.673286e+001,
3048437500, -4.668675e+001,
3050000000, -4.664719e+001,
3051562500, -4.667997e+001,
3053125000, -4.660714e+001,
3054687500, -4.658329e+001,
3056250000, -4.654948e+001,
3057812500, -4.646465e+001,
3059375000, -4.649599e+001,
3060937500, -4.646281e+001,
3062500000, -4.642125e+001,
3064062500, -4.647023e+001,
3065625000, -4.636454e+001,
3067187500, -4.638121e+001,
3068750000, -4.638298e+001,
3070312500, -4.628685e+001,
3071875000, -4.633512e+001,
3073437500, -4.631730e+001,
3075000000, -4.632910e+001,
3076562500, -4.625359e+001,
3078125000, -4.626823e+001,
3079687500, -4.626206e+001,
3081250000, -4.624213e+001,
3082812500, -4.623610e+001,
3084375000, -4.627549e+001,
3085937500, -4.620039e+001,
3087500000, -4.625480e+001,
3089062500, -4.620885e+001,
3090625000, -4.620189e+001,
3092187500, -4.613766e+001,
3093750000, -4.613242e+001,
3095312500, -4.617004e+001,
3096875000, -4.614019e+001,
3098437500, -4.610641e+001,
3100000000, -4.615256e+001,
3101562500, -4.613192e+001,
3103125000, -4.612679e+001,
3104687500, -4.607544e+001,
3106250000, -4.604017e+001,
3107812500, -4.606508e+001,
3109375000, -4.611629e+001,
3110937500, -4.600541e+001,
3112500000, -4.610139e+001,
3114062500, -4.608244e+001,
3115625000, -4.601407e+001,
3117187500, -4.609694e+001,
3118750000, -4.595698e+001,
3120312500, -4.600151e+001,
3121875000, -4.605564e+001,
3123437500, -4.593680e+001,
3125000000, -4.600120e+001,
3126562500, -4.601804e+001,
3128125000, -4.596590e+001,
3129687500, -4.596354e+001,
3131250000, -4.598415e+001,
3132812500, -4.600577e+001,
3134375000, -4.592674e+001,
3135937500, -4.598416e+001,
3137500000, -4.589756e+001,
3139062500, -4.598267e+001,
3140625000, -4.599233e+001,
3142187500, -4.596031e+001,
3143750000, -4.590269e+001,
3145312500, -4.597380e+001,
3146875000, -4.590441e+001,
3148437500, -4.585003e+001,
3150000000, -4.583159e+001,
3151562500, -4.588348e+001,
3153125000, -4.585548e+001,
3154687500, -4.591250e+001,
3156250000, -4.594305e+001,
3157812500, -4.586730e+001,
3159375000, -4.588195e+001,
3160937500, -4.590402e+001,
3162500000, -4.595354e+001,
3164062500, -4.584817e+001,
3165625000, -4.593736e+001,
3167187500, -4.594881e+001,
3168750000, -4.594601e+001,
3170312500, -4.597403e+001,
3171875000, -4.597165e+001,
3173437500, -4.598639e+001,
3175000000, -4.603019e+001,
3176562500, -4.608002e+001,
3178125000, -4.604381e+001,
3179687500, -4.607173e+001,
3181250000, -4.614336e+001,
3182812500, -4.616451e+001,
3184375000, -4.620144e+001,
3185937500, -4.621012e+001,
3187500000, -4.629081e+001,
3189062500, -4.625758e+001,
3190625000, -4.631907e+001,
3192187500, -4.635835e+001,
3193750000, -4.636931e+001,
3195312500, -4.639556e+001,
3196875000, -4.646184e+001,
3198437500, -4.645981e+001,
3200000000, -4.648412e+001,
3201562500, -4.651371e+001,
3203125000, -4.656383e+001,
3204687500, -4.656773e+001,
3206250000, -4.665545e+001,
3207812500, -4.666327e+001,
3209375000, -4.664666e+001,
3210937500, -4.670831e+001,
3212500000, -4.674296e+001,
3214062500, -4.677343e+001,
3215625000, -4.685477e+001,
3217187500, -4.696791e+001,
3218750000, -4.696383e+001,
3220312500, -4.701082e+001,
3221875000, -4.702112e+001,
3223437500, -4.707686e+001,
3225000000, -4.707472e+001,
3226562500, -4.717997e+001,
3228125000, -4.720029e+001,
3229687500, -4.724792e+001,
3231250000, -4.727977e+001,
3232812500, -4.729883e+001,
3234375000, -4.732714e+001,
3235937500, -4.735714e+001,
3237500000, -4.735466e+001,
3239062500, -4.751311e+001,
3240625000, -4.746024e+001,
3242187500, -4.759674e+001,
3243750000, -4.753702e+001,
3245312500, -4.758543e+001,
3246875000, -4.759651e+001,
3248437500, -4.767553e+001,
3250000000, -4.760462e+001,
3251562500, -4.770013e+001,
3253125000, -4.773491e+001,
3254687500, -4.769999e+001,
3256250000, -4.771809e+001,
3257812500, -4.772681e+001,
3259375000, -4.775005e+001,
3260937500, -4.779458e+001,
3262500000, -4.776140e+001,
3264062500, -4.770919e+001,
3265625000, -4.787486e+001,
3267187500, -4.777437e+001,
3268750000, -4.785614e+001,
3270312500, -4.781936e+001,
3271875000, -4.787497e+001,
3273437500, -4.773668e+001,
3275000000, -4.774727e+001,
3276562500, -4.768126e+001,
3278125000, -4.782317e+001,
3279687500, -4.782543e+001,
3281250000, -4.773149e+001,
3282812500, -4.770559e+001,
3284375000, -4.771358e+001,
3285937500, -4.759503e+001,
3287500000, -4.759809e+001,
3289062500, -4.760421e+001,
3290625000, -4.747242e+001,
3292187500, -4.758581e+001,
3293750000, -4.751233e+001,
3295312500, -4.739960e+001,
3296875000, -4.744812e+001,
3298437500, -4.740037e+001,
3300000000, -4.730626e+001,
3301562500, -4.726323e+001,
3303125000, -4.728426e+001,
3304687500, -4.721103e+001,
3306250000, -4.720199e+001,
3307812500, -4.715946e+001,
3309375000, -4.711348e+001,
3310937500, -4.708764e+001,
3312500000, -4.699234e+001,
3314062500, -4.699095e+001,
3315625000, -4.691641e+001,
3317187500, -4.685728e+001,
3318750000, -4.678912e+001,
3320312500, -4.679096e+001,
3321875000, -4.683113e+001,
3323437500, -4.674982e+001,
3325000000, -4.673246e+001,
3326562500, -4.662946e+001,
3328125000, -4.669885e+001,
3329687500, -4.662622e+001,
3331250000, -4.654529e+001,
3332812500, -4.651675e+001,
3334375000, -4.656306e+001,
3335937500, -4.649947e+001,
3337500000, -4.647053e+001,
3339062500, -4.653806e+001,
3340625000, -4.641076e+001,
3342187500, -4.630833e+001,
3343750000, -4.650471e+001,
3345312500, -4.635938e+001,
3346875000, -4.629567e+001,
3348437500, -4.637700e+001,
3350000000, -4.635335e+001,
3351562500, -4.638117e+001,
3353125000, -4.625395e+001,
3354687500, -4.637534e+001,
3356250000, -4.636428e+001,
3357812500, -4.624713e+001,
3359375000, -4.637000e+001,
3360937500, -4.631768e+001,
3362500000, -4.627562e+001,
3364062500, -4.632395e+001,
3365625000, -4.631607e+001,
3367187500, -4.639062e+001,
3368750000, -4.633107e+001,
3370312500, -4.640658e+001,
3371875000, -4.651817e+001,
3373437500, -4.634101e+001,
3375000000, -4.638430e+001,
3376562500, -4.663886e+001,
3378125000, -4.645016e+001,
3379687500, -4.640711e+001,
3381250000, -4.657792e+001,
3382812500, -4.656153e+001,
3384375000, -4.664954e+001,
3385937500, -4.661037e+001,
3387500000, -4.665985e+001,
3389062500, -4.679416e+001,
3390625000, -4.671469e+001,
3392187500, -4.672842e+001,
3393750000, -4.691876e+001,
3395312500, -4.679047e+001,
3396875000, -4.687599e+001,
3398437500, -4.699344e+001,
3400000000, -4.694143e+001,
3401562500, -4.707059e+001,
3403125000, -4.711735e+001,
3404687500, -4.713383e+001,
3406250000, -4.725388e+001,
3407812500, -4.720239e+001,
3409375000, -4.723308e+001,
3410937500, -4.736362e+001,
3412500000, -4.733651e+001,
3414062500, -4.726997e+001,
3415625000, -4.752430e+001,
3417187500, -4.734541e+001,
3418750000, -4.747617e+001,
3420312500, -4.759689e+001,
3421875000, -4.748384e+001,
3423437500, -4.752279e+001,
3425000000, -4.762349e+001,
3426562500, -4.765432e+001,
3428125000, -4.751039e+001,
3429687500, -4.767033e+001,
3431250000, -4.747636e+001,
3432812500, -4.771259e+001,
3434375000, -4.767877e+001,
3435937500, -4.750534e+001,
3437500000, -4.764124e+001,
3439062500, -4.771047e+001,
3440625000, -4.756356e+001,
3442187500, -4.760257e+001,
3443750000, -4.750797e+001,
3445312500, -4.781367e+001,
3446875000, -4.753140e+001,
3448437500, -4.758163e+001,
3450000000, -4.749093e+001,
3451562500, -4.766722e+001,
3453125000, -4.766550e+001,
3454687500, -4.739891e+001,
3456250000, -4.744011e+001,
3457812500, -4.765461e+001,
3459375000, -4.760433e+001,
3460937500, -4.744499e+001,
3462500000, -4.732416e+001,
3464062500, -4.766596e+001,
3465625000, -4.758533e+001,
3467187500, -4.732220e+001,
3468750000, -4.731323e+001,
3470312500, -4.741886e+001,
3471875000, -4.763850e+001,
3473437500, -4.733858e+001,
3475000000, -4.710604e+001,
3476562500, -4.736573e+001,
3478125000, -4.759289e+001,
3479687500, -4.729306e+001,
3481250000, -4.716791e+001,
3482812500, -4.712740e+001,
3484375000, -4.750247e+001,
3485937500, -4.745345e+001,
3487500000, -4.712876e+001,
3489062500, -4.697080e+001,
3490625000, -4.738979e+001,
3492187500, -4.750879e+001,
3493750000, -4.729700e+001,
3495312500, -4.688165e+001,
3496875000, -4.727968e+001,
3498437500, -4.751613e+001,
3500000000, -4.736515e+001,
3501562500, -4.715045e+001,
3503125000, -4.683111e+001,
3504687500, -4.738376e+001,
3506250000, -4.776427e+001,
3507812500, -4.721003e+001,
3509375000, -4.686676e+001,
3510937500, -4.719740e+001,
3512500000, -4.763853e+001,
3514062500, -4.769640e+001,
3515625000, -4.714541e+001,
3517187500, -4.691319e+001,
3518750000, -4.751268e+001,
3520312500, -4.774707e+001,
3521875000, -4.778196e+001,
3523437500, -4.712795e+001,
3525000000, -4.687403e+001,
3526562500, -4.779363e+001,
3528125000, -4.808213e+001,
3529687500, -4.747212e+001,
3531250000, -4.710587e+001,
3532812500, -4.722546e+001,
3534375000, -4.807413e+001,
3535937500, -4.832364e+001,
3537500000, -4.742515e+001,
3539062500, -4.711795e+001,
3540625000, -4.770208e+001,
3542187500, -4.813754e+001,
3543750000, -4.850827e+001,
3545312500, -4.758960e+001,
3546875000, -4.704874e+001,
3548437500, -4.774723e+001,
3550000000, -4.847897e+001,
3551562500, -4.845916e+001,
3553125000, -4.765599e+001,
3554687500, -4.733950e+001,
3556250000, -4.800552e+001,
3557812500, -4.898409e+001,
3559375000, -4.857652e+001,
3560937500, -4.769311e+001,
3562500000, -4.763711e+001,
3564062500, -4.799242e+001,
3565625000, -4.903393e+001,
3567187500, -4.891252e+001,
3568750000, -4.782217e+001,
3570312500, -4.759807e+001,
3571875000, -4.814966e+001,
3573437500, -4.888320e+001,
3575000000, -4.907689e+001,
3576562500, -4.809478e+001,
3578125000, -4.748203e+001,
3579687500, -4.823421e+001,
3581250000, -4.917951e+001,
3582812500, -4.902461e+001,
3584375000, -4.830862e+001,
3585937500, -4.772890e+001,
3587500000, -4.793153e+001,
3589062500, -4.896183e+001,
3590625000, -4.931625e+001,
3592187500, -4.843564e+001,
3593750000, -4.790921e+001,
3595312500, -4.779698e+001,
3596875000, -4.827206e+001,
3598437500, -4.929890e+001,
3600000000, -4.897913e+001,
3601562500, -4.767180e+001,
3603125000, -4.780697e+001,
3604687500, -4.859924e+001,
3606250000, -4.887246e+001,
3607812500, -4.904615e+001,
3609375000, -4.837133e+001,
3610937500, -4.749147e+001,
3612500000, -4.797166e+001,
3614062500, -4.889992e+001,
3615625000, -4.892744e+001,
3617187500, -4.863491e+001,
3618750000, -4.823976e+001,
3620312500, -4.756493e+001,
3621875000, -4.780357e+001,
3623437500, -4.952726e+001,
3625000000, -4.866454e+001,
3626562500, -4.783739e+001,
3628125000, -4.818262e+001,
3629687500, -4.819854e+001,
3631250000, -4.816964e+001,
3632812500, -4.934161e+001,
3634375000, -4.854844e+001,
3635937500, -4.799137e+001,
3637500000, -4.779241e+001,
3639062500, -4.828837e+001,
3640625000, -4.847065e+001,
3642187500, -4.875394e+001,
3643750000, -4.889420e+001,
3645312500, -4.789629e+001,
3646875000, -4.750017e+001,
3648437500, -4.884194e+001,
3650000000, -4.847774e+001,
3651562500, -4.824828e+001,
3653125000, -4.875060e+001,
3654687500, -4.857206e+001,
3656250000, -4.784918e+001,
3657812500, -4.826552e+001,
3659375000, -4.888988e+001,
3660937500, -4.888935e+001,
3662500000, -4.886440e+001,
3664062500, -4.810775e+001,
3665625000, -4.803440e+001,
3667187500, -4.826987e+001,
3668750000, -4.867030e+001,
3670312500, -4.921633e+001,
3671875000, -4.852781e+001,
3673437500, -4.863397e+001,
3675000000, -4.864475e+001,
3676562500, -4.766323e+001,
3678125000, -4.863158e+001,
3679687500, -4.937069e+001,
3681250000, -4.896183e+001,
3682812500, -4.885282e+001,
3684375000, -4.845954e+001,
3685937500, -4.803703e+001,
3687500000, -4.865944e+001,
3689062500, -4.981625e+001,
3690625000, -4.968060e+001,
3692187500, -4.849521e+001,
3693750000, -4.801266e+001,
3695312500, -4.804123e+001,
3696875000, -4.874771e+001,
3698437500, -4.893817e+001,
3700000000, -4.990988e+001,
3701562500, -4.999667e+001,
3703125000, -4.779603e+001,
3704687500, -4.756158e+001,
3706250000, -4.865234e+001,
3707812500, -4.948161e+001,
3709375000, -4.913553e+001,
3710937500, -4.972556e+001,
3712500000, -4.910566e+001,
3714062500, -4.722902e+001,
3715625000, -4.773880e+001,
3717187500, -4.976569e+001,
3718750000, -5.060513e+001,
3720312500, -4.902366e+001,
3721875000, -4.823676e+001,
3723437500, -4.760655e+001,
3725000000, -4.764682e+001,
3726562500, -4.784366e+001,
3728125000, -4.991335e+001,
3729687500, -5.136222e+001,
3731250000, -4.855689e+001,
3732812500, -4.712884e+001,
3734375000, -4.754904e+001,
3735937500, -4.838445e+001,
3737500000, -4.880510e+001,
3739062500, -4.968017e+001,
3740625000, -5.058547e+001,
3742187500, -4.775770e+001,
3743750000, -4.660572e+001,
3745312500, -4.709916e+001,
3746875000, -4.912796e+001,
3748437500, -5.053097e+001,
3750000000, -4.940438e+001,
3751562500, -4.815894e+001,
3753125000, -4.729718e+001,
3754687500, -4.609591e+001,
3756250000, -4.670556e+001,
3757812500, -4.969633e+001,
3759375000, -5.097561e+001,
3760937500, -4.914997e+001,
3762500000, -4.732604e+001,
3764062500, -4.686812e+001,
3765625000, -4.659620e+001,
3767187500, -4.741818e+001,
3768750000, -4.929531e+001,
3770312500, -5.098375e+001,
3771875000, -4.862872e+001,
3773437500, -4.686406e+001,
3775000000, -4.605029e+001,
3776562500, -4.659963e+001,
3778125000, -4.837049e+001,
3779687500, -4.984449e+001,
3781250000, -5.050939e+001,
3782812500, -4.784942e+001,
3784375000, -4.614122e+001,
3785937500, -4.564518e+001,
3787500000, -4.672572e+001,
3789062500, -4.891324e+001,
3790625000, -4.899253e+001,
3792187500, -5.023364e+001,
3793750000, -4.907124e+001,
3795312500, -4.702279e+001,
3796875000, -4.567006e+001,
3798437500, -4.664743e+001,
3800000000, -4.924045e+001,
3801562500, -4.978985e+001,
3803125000, -5.056963e+001,
3804687500, -4.849675e+001,
3806250000, -4.702443e+001,
3807812500, -4.691394e+001,
3809375000, -4.686768e+001,
3810937500, -4.828394e+001,
3812500000, -5.131727e+001,
3814062500, -5.058829e+001,
3815625000, -4.876737e+001,
3817187500, -4.819854e+001,
3818750000, -4.742857e+001,
3820312500, -4.776580e+001,
3821875000, -4.845409e+001,
3823437500, -4.955245e+001,
3825000000, -5.185332e+001,
3826562500, -5.212643e+001,
3828125000, -4.826855e+001,
3829687500, -4.746036e+001,
3831250000, -4.821854e+001,
3832812500, -4.985602e+001,
3834375000, -5.077111e+001,
3835937500, -5.167741e+001,
3837500000, -5.079287e+001,
3839062500, -4.976689e+001,
3840625000, -4.930340e+001,
3842187500, -4.806878e+001,
3843750000, -4.909442e+001,
3845312500, -5.114026e+001,
3846875000, -5.171598e+001,
3848437500, -5.145051e+001,
3850000000, -5.023035e+001,
3851562500, -5.090939e+001,
3853125000, -5.115723e+001,
3854687500, -4.934764e+001,
3856250000, -4.802279e+001,
3857812500, -4.974382e+001,
3859375000, -5.236770e+001,
3860937500, -5.475430e+001,
3862500000, -5.228082e+001,
3864062500, -4.928748e+001,
3865625000, -4.918057e+001,
3867187500, -5.114929e+001,
3868750000, -5.054221e+001,
3870312500, -5.136325e+001,
3871875000, -5.209190e+001,
3873437500, -5.181917e+001,
3875000000, -5.154568e+001,
3876562500, -5.210991e+001,
3878125000, -5.053382e+001,
3879687500, -4.950802e+001,
3881250000, -4.891025e+001,
3882812500, -5.051381e+001,
3884375000, -5.360289e+001,
3885937500, -5.565402e+001,
3887500000, -5.559750e+001,
3889062500, -4.960307e+001,
3890625000, -4.716481e+001,
3892187500, -4.870138e+001,
3893750000, -5.081089e+001,
3895312500, -5.222871e+001,
3896875000, -5.669365e+001,
3898437500, -5.275165e+001,
3900000000, -5.281592e+001,
3901562500, -5.208833e+001,
3903125000, -4.934995e+001,
3904687500, -4.944422e+001,
3906250000, -4.933238e+001,
3907812500, -5.088529e+001,
3909375000, -5.199168e+001,
3910937500, -5.701221e+001,
3912500000, -5.659586e+001,
3914062500, -4.964567e+001,
3915625000, -4.649611e+001,
3917187500, -4.667723e+001,
3918750000, -4.784016e+001,
3920312500, -5.143513e+001,
3921875000, -6.184838e+001,
3923437500, -5.691968e+001,
3925000000, -5.125564e+001,
3926562500, -4.803447e+001,
3928125000, -4.676786e+001,
3929687500, -4.778869e+001,
3931250000, -4.916484e+001,
3932812500, -5.312199e+001,
3934375000, -5.327698e+001,
3935937500, -5.842870e+001,
3937500000, -5.586305e+001,
3939062500, -4.943293e+001,
3940625000, -4.655701e+001,
3942187500, -4.698713e+001,
3943750000, -4.811289e+001,
3945312500, -4.836847e+001,
3946875000, -5.247360e+001,
3948437500, -6.427075e+001,
3950000000, -5.684990e+001,
3951562500, -4.837492e+001,
3953125000, -4.517265e+001,
3954687500, -4.448481e+001,
3956250000, -4.592071e+001,
3957812500, -4.766667e+001,
3959375000, -5.780014e+001,
3960937500, -6.014971e+001,
3962500000, -5.277136e+001,
3964062500, -4.953437e+001,
3965625000, -4.760939e+001,
3967187500, -4.533848e+001,
3968750000, -4.730872e+001,
3970312500, -4.933289e+001,
3971875000, -4.899926e+001,
3973437500, -5.329539e+001,
3975000000, -6.412461e+001,
3976562500, -5.205229e+001,
3978125000, -4.742681e+001,
3979687500, -4.420411e+001,
3981250000, -4.377098e+001,
3982812500, -4.492581e+001,
3984375000, -4.927348e+001,
3985937500, -5.618183e+001,
3987500000, -6.106915e+001,
3989062500, -5.125714e+001,
3990625000, -4.792271e+001,
3992187500, -4.534410e+001,
3993750000, -4.412830e+001,
3995312500, -4.600949e+001,
3996875000, -5.042693e+001,
3998437500, -5.491980e+001,
4000000000, -5.392726e+001,
4001562500, -6.161643e+001,
4003125000, -5.404744e+001,
4004687500, -5.174088e+001,
4006250000, -4.778358e+001,
4007812500, -4.561004e+001,
4009375000, -4.487753e+001,
4010937500, -4.698748e+001,
4012500000, -4.951064e+001,
4014062500, -5.365891e+001,
4015625000, -5.476371e+001,
4017187500, -4.863880e+001,
4018750000, -4.545677e+001,
4020312500, -4.402937e+001,
4021875000, -4.203952e+001,
4023437500, -4.420692e+001,
4025000000, -4.989517e+001,
4026562500, -5.396819e+001,
4028125000, -5.603838e+001,
4029687500, -5.204549e+001,
4031250000, -4.755379e+001,
4032812500, -4.661364e+001,
4034375000, -4.624291e+001,
4035937500, -4.749821e+001,
4037500000, -5.219325e+001,
4039062500, -5.003318e+001,
4040625000, -5.246793e+001,
4042187500, -5.698026e+001,
4043750000, -6.369018e+001,
4045312500, -5.745673e+001,
4046875000, -5.116165e+001,
4048437500, -4.716949e+001,
4050000000, -4.563739e+001,
4051562500, -4.587035e+001,
4053125000, -4.738536e+001,
4054687500, -4.971919e+001,
4056250000, -5.487776e+001,
4057812500, -5.281324e+001,
4059375000, -4.863014e+001,
4060937500, -4.526167e+001,
4062500000, -4.398377e+001,
4064062500, -4.640353e+001,
4065625000, -4.762852e+001,
4067187500, -4.898803e+001,
4068750000, -5.679205e+001,
4070312500, -5.648136e+001,
4071875000, -6.272003e+001,
4073437500, -5.191206e+001,
4075000000, -4.975944e+001,
4076562500, -5.263028e+001,
4078125000, -5.078297e+001,
4079687500, -5.045095e+001,
4081250000, -4.980176e+001,
4082812500, -5.019495e+001,
4084375000, -4.929466e+001,
4085937500, -4.999144e+001,
4087500000, -5.441399e+001,
4089062500, -5.020037e+001,
4090625000, -4.735190e+001,
4092187500, -4.647479e+001,
4093750000, -4.788134e+001,
4095312500, -4.665944e+001,
4096875000, -4.439213e+001,
4098437500, -4.703652e+001,
4100000000, -5.184761e+001,
4101562500, -5.518505e+001,
4103125000, -5.550150e+001,
4104687500, -4.857843e+001,
4106250000, -4.825953e+001,
4107812500, -5.323443e+001,
4109375000, -5.406701e+001,
4110937500, -4.820277e+001,
4112500000, -4.918222e+001,
4114062500, -5.087470e+001,
4115625000, -5.163297e+001,
4117187500, -7.631986e+001,
4118750000, -5.271175e+001,
4120312500, -5.228955e+001,
4121875000, -6.888773e+001,
4123437500, -5.531775e+001,
4125000000, -4.851725e+001,
4126562500, -4.898768e+001,
4128125000, -5.775025e+001,
4129687500, -6.404941e+001,
4131250000, -6.351054e+001,
4132812500, -5.583942e+001,
4134375000, -6.281791e+001,
4135937500, -4.833565e+001,
4137500000, -4.557058e+001,
4139062500, -4.939988e+001,
4140625000, -5.205967e+001,
4142187500, -4.492815e+001,
4143750000, -4.640672e+001,
4145312500, -5.490192e+001,
4146875000, -5.223005e+001,
4148437500, -4.623613e+001,
4150000000, -4.952079e+001,
4151562500, -5.779868e+001,
4153125000, -5.646322e+001,
4154687500, -5.369261e+001,
4156250000, -5.293493e+001,
4157812500, -4.965095e+001,
4159375000, -4.689275e+001,
4160937500, -4.872364e+001,
4162500000, -5.383273e+001,
4164062500, -6.423226e+001,
4165625000, -5.550804e+001,
4167187500, -5.789598e+001,
4168750000, -4.673449e+001,
4170312500, -4.447745e+001,
4171875000, -4.564254e+001,
4173437500, -5.224754e+001,
4175000000, -4.737595e+001,
4176562500, -4.608538e+001,
4178125000, -4.852202e+001,
4179687500, -5.887926e+001,
4181250000, -5.342939e+001,
4182812500, -4.994186e+001,
4184375000, -5.089243e+001,
4185937500, -4.977385e+001,
4187500000, -4.823944e+001,
4189062500, -4.578905e+001,
4190625000, -4.509721e+001,
4192187500, -4.603446e+001,
4193750000, -4.501458e+001,
4195312500, -4.321753e+001,
4196875000, -4.392791e+001,
4198437500, -4.526283e+001,
4200000000, -4.543587e+001,
4201562500, -4.748556e+001,
4203125000, -5.198106e+001,
4204687500, -6.036935e+001,
4206250000, -7.546322e+001,
4207812500, -5.511553e+001,
4209375000, -4.815023e+001,
4210937500, -4.636346e+001,
4212500000, -4.694502e+001,
4214062500, -5.464817e+001,
4215625000, -5.118835e+001,
4217187500, -4.453525e+001,
4218750000, -4.077420e+001,
4220312500, -4.052340e+001,
4221875000, -4.273560e+001,
4223437500, -4.209898e+001,
4225000000, -3.968816e+001,
4226562500, -4.008059e+001,
4228125000, -4.028077e+001,
4229687500, -3.931291e+001,
4231250000, -3.746067e+001,
4232812500, -3.752155e+001,
4234375000, -3.935143e+001,
4235937500, -3.937043e+001,
4237500000, -3.881079e+001,
4239062500, -4.134535e+001,
4240625000, -4.707835e+001,
4242187500, -3.953041e+001,
4243750000, -3.621119e+001,
4245312500, -3.554327e+001,
4246875000, -3.950014e+001,
4248437500, -4.490775e+001,
4250000000, -4.190056e+001,
4251562500, -4.156096e+001,
4253125000, -5.329574e+001,
4254687500, -4.153732e+001,
4256250000, -3.841624e+001,
4257812500, -3.817400e+001,
4259375000, -3.996239e+001,
4260937500, -4.066522e+001,
4262500000, -3.714453e+001,
4264062500, -3.634600e+001,
4265625000, -3.686699e+001,
4267187500, -3.584283e+001,
4268750000, -3.492768e+001,
4270312500, -3.354827e+001,
4271875000, -3.225844e+001,
4273437500, -3.251144e+001,
4275000000, -3.215517e+001,
4276562500, -3.133482e+001,
4278125000, -3.079860e+001,
4279687500, -3.134037e+001,
4281250000, -3.309546e+001,
4282812500, -3.415184e+001,
4284375000, -3.250557e+001,
4285937500, -3.191811e+001,
4287500000, -3.178808e+001,
4289062500, -3.075584e+001,
4290625000, -3.187967e+001,
4292187500, -3.359264e+001,
4293750000, -3.712832e+001,
4295312500, -3.721254e+001,
4296875000, -3.639486e+001,
4298437500, -3.544630e+001,
4300000000, -3.542930e+001,
4301562500, -3.716111e+001,
4303125000, -3.449047e+001,
4304687500, -3.256691e+001,
4306250000, -3.301966e+001,
4307812500, -3.297104e+001,
4309375000, -3.311223e+001,
4310937500, -3.176502e+001,
4312500000, -3.003409e+001,
4314062500, -2.894654e+001,
4315625000, -2.879034e+001,
4317187500, -2.929509e+001,
4318750000, -2.966683e+001,
4320312500, -2.944130e+001,
4321875000, -2.917688e+001,
4323437500, -2.890265e+001,
4325000000, -2.846676e+001,
4326562500, -2.788377e+001,
4328125000, -2.756369e+001,
4329687500, -2.788234e+001,
4331250000, -2.841166e+001,
4332812500, -2.862952e+001,
4334375000, -2.838146e+001,
4335937500, -2.748740e+001,
4337500000, -2.657353e+001,
4339062500, -2.604026e+001,
4340625000, -2.585195e+001,
4342187500, -2.663817e+001,
4343750000, -2.661685e+001,
4345312500, -2.634891e+001,
4346875000, -2.536683e+001,
4348437500, -2.460841e+001,
4350000000, -2.466238e+001,
4351562500, -2.521083e+001,
4353125000, -2.602532e+001,
4354687500, -2.603316e+001,
4356250000, -2.695496e+001,
4357812500, -3.025072e+001,
4359375000, -3.144524e+001,
4360937500, -3.001254e+001,
4362500000, -2.941617e+001,
4364062500, -2.964127e+001,
4365625000, -3.116259e+001,
4367187500, -3.624068e+001,
4368750000, -3.434139e+001,
4370312500, -2.855437e+001,
4371875000, -2.653181e+001,
4373437500, -2.592628e+001,
4375000000, -2.634595e+001,
4376562500, -2.693728e+001,
4378125000, -2.664098e+001,
4379687500, -2.563535e+001,
4381250000, -2.449545e+001,
4382812500, -2.396428e+001,
4384375000, -2.367967e+001,
4385937500, -2.381127e+001,
4387500000, -2.386063e+001,
4389062500, -2.389069e+001,
4390625000, -2.394956e+001,
4392187500, -2.344664e+001,
4393750000, -2.306143e+001,
4395312500, -2.272519e+001,
4396875000, -2.272537e+001,
4398437500, -2.304681e+001,
4400000000, -2.342235e+001,
4401562500, -2.308673e+001,
4403125000, -2.247532e+001,
4404687500, -2.251188e+001,
4406250000, -2.382226e+001,
4407812500, -2.478247e+001,
4409375000, -2.443561e+001,
4410937500, -2.334845e+001,
4412500000, -2.344140e+001,
4414062500, -2.375566e+001,
4415625000, -2.357854e+001,
4417187500, -2.276304e+001,
4418750000, -2.219212e+001,
4420312500, -2.219290e+001,
4421875000, -2.295247e+001,
4423437500, -2.423736e+001,
4425000000, -2.398591e+001,
4426562500, -2.378704e+001,
4428125000, -2.394016e+001,
4429687500, -2.284076e+001,
4431250000, -2.207973e+001,
4432812500, -2.258773e+001,
4434375000, -2.345982e+001,
4435937500, -2.476514e+001,
4437500000, -2.531235e+001,
4439062500, -2.612066e+001,
4440625000, -2.546135e+001,
4442187500, -2.443558e+001,
4443750000, -2.417694e+001,
4445312500, -2.441188e+001,
4446875000, -2.671647e+001,
4448437500, -2.908857e+001,
4450000000, -3.066267e+001,
4451562500, -3.035644e+001,
4453125000, -2.989556e+001,
4454687500, -2.872161e+001,
4456250000, -2.600733e+001,
4457812500, -2.466236e+001,
4459375000, -2.263755e+001,
4460937500, -2.135354e+001,
4462500000, -2.324236e+001,
4464062500, -2.593953e+001,
4465625000, -2.710243e+001,
4467187500, -2.620153e+001,
4468750000, -2.402123e+001,
4470312500, -2.265805e+001,
4471875000, -2.034652e+001,
4473437500, -2.032982e+001,
4475000000, -2.223067e+001,
4476562500, -2.441996e+001,
4478125000, -2.732196e+001,
4479687500, -2.630244e+001,
4481250000, -2.364672e+001,
4482812500, -2.213047e+001,
4484375000, -2.070750e+001,
4485937500, -2.038590e+001,
4487500000, -2.066122e+001,
4489062500, -2.242863e+001,
4490625000, -2.303268e+001,
4492187500, -2.198791e+001,
4493750000, -2.005168e+001,
4495312500, -1.786976e+001,
4496875000, -1.554953e+001,
4498437500, -1.313749e+001,
4500000000, -1.169560e+001,
4501562500, -1.261599e+001,
4503125000, -1.384405e+001,
4504687500, -1.432050e+001,
4506250000, -1.403350e+001,
4507812500, -1.332741e+001,
4509375000, -1.202154e+001,
4510937500, -1.028398e+001,
4512500000, -8.756918e+000,
4514062500, -8.188557e+000,
4515625000, -8.677794e+000,
4517187500, -9.463584e+000,
4518750000, -9.879291e+000,
4520312500, -1.026453e+001,
4521875000, -1.035908e+001,
4523437500, -9.777973e+000,
4525000000, -8.788073e+000,
4526562500, -8.116782e+000,
4528125000, -8.178967e+000,
4529687500, -8.522421e+000,
4531250000, -9.023493e+000,
4532812500, -9.779831e+000,
4534375000, -1.050325e+001,
4535937500, -1.042037e+001,
4537500000, -9.656026e+000,
4539062500, -8.722185e+000,
4540625000, -8.049825e+000,
4542187500, -7.958208e+000,
4543750000, -8.458032e+000,
4545312500, -9.266921e+000,
4546875000, -1.012524e+001,
4548437500, -1.028885e+001,
4550000000, -9.746925e+000,
4551562500, -8.870266e+000,
4553125000, -8.096189e+000,
4554687500, -7.990296e+000,
4556250000, -8.468250e+000,
4557812500, -9.187487e+000,
4559375000, -1.012085e+001,
4560937500, -1.102820e+001,
4562500000, -1.124261e+001,
4564062500, -1.075604e+001,
4565625000, -1.008517e+001,
4567187500, -9.475966e+000,
4568750000, -8.928743e+000,
4570312500, -8.647513e+000,
4571875000, -8.880609e+000,
4573437500, -9.547711e+000,
4575000000, -1.029497e+001,
4576562500, -1.069001e+001,
4578125000, -1.031899e+001,
4579687500, -9.558695e+000,
4581250000, -8.872930e+000,
4582812500, -8.579067e+000,
4584375000, -8.599897e+000,
4585937500, -8.913706e+000,
4587500000, -9.447337e+000,
4589062500, -9.546848e+000,
4590625000, -8.982864e+000,
4592187500, -8.476785e+000,
4593750000, -8.501823e+000,
4595312500, -8.779736e+000,
4596875000, -9.050694e+000,
4598437500, -9.421898e+000,
4600000000, -9.665389e+000,
4601562500, -9.336499e+000,
4603125000, -8.871368e+000,
4604687500, -8.704391e+000,
4606250000, -8.806852e+000,
4607812500, -9.171372e+000,
4609375000, -9.642130e+000,
4610937500, -9.803559e+000,
4612500000, -9.711352e+000,
4614062500, -9.458712e+000,
4615625000, -9.214979e+000,
4617187500, -9.149874e+000,
4618750000, -9.300602e+000,
4620312500, -9.589847e+000,
4621875000, -9.818766e+000,
4623437500, -9.898172e+000,
4625000000, -9.923122e+000,
4626562500, -9.807590e+000,
4628125000, -9.577319e+000,
4629687500, -9.484281e+000,
4631250000, -9.637639e+000,
4632812500, -1.002184e+001,
4634375000, -1.024808e+001,
4635937500, -1.012635e+001,
4637500000, -9.901647e+000,
4639062500, -9.892700e+000,
4640625000, -1.010366e+001,
4642187500, -1.033602e+001,
4643750000, -1.027042e+001,
4645312500, -9.873268e+000,
4646875000, -9.617669e+000,
4648437500, -9.686492e+000,
4650000000, -9.974336e+000,
4651562500, -1.022489e+001,
4653125000, -1.039318e+001,
4654687500, -1.045076e+001,
4656250000, -1.013160e+001,
4657812500, -1.003251e+001,
4659375000, -1.035220e+001,
4660937500, -1.053812e+001,
4662500000, -1.058481e+001,
4664062500, -1.085077e+001,
4665625000, -1.084635e+001,
4667187500, -1.053726e+001,
4668750000, -1.051245e+001,
4670312500, -1.074897e+001,
4671875000, -1.102107e+001,
4673437500, -1.122342e+001,
4675000000, -1.126893e+001,
4676562500, -1.125291e+001,
4678125000, -1.139900e+001,
4679687500, -1.156439e+001,
4681250000, -1.170220e+001,
4682812500, -1.189266e+001,
4684375000, -1.187776e+001,
4685937500, -1.160388e+001,
4687500000, -1.160326e+001,
4689062500, -1.182426e+001,
4690625000, -1.193725e+001,
4692187500, -1.177077e+001,
4693750000, -1.128443e+001,
4695312500, -1.084358e+001,
4696875000, -1.082999e+001,
4698437500, -1.129082e+001,
4700000000, -1.153225e+001,
4701562500, -1.132918e+001,
4703125000, -1.108189e+001,
4704687500, -1.100482e+001,
4706250000, -1.120447e+001,
4707812500, -1.172704e+001,
4709375000, -1.203112e+001,
4710937500, -1.216997e+001,
4712500000, -1.249393e+001,
4714062500, -1.337368e+001,
4715625000, -1.452285e+001,
4717187500, -1.512955e+001,
4718750000, -1.490042e+001,
4720312500, -1.472582e+001,
4721875000, -1.553692e+001,
4723437500, -1.656022e+001,
4725000000, -1.689916e+001,
4726562500, -1.652760e+001,
4728125000, -1.668821e+001,
4729687500, -1.731081e+001,
4731250000, -1.719069e+001,
4732812500, -1.635790e+001,
4734375000, -1.571163e+001,
4735937500, -1.580454e+001,
4737500000, -1.639313e+001,
4739062500, -1.639272e+001,
4740625000, -1.535332e+001,
4742187500, -1.447386e+001,
4743750000, -1.443898e+001,
4745312500, -1.505360e+001,
4746875000, -1.566390e+001,
4748437500, -1.557204e+001,
4750000000, -1.490759e+001,
4751562500, -1.441154e+001,
4753125000, -1.423107e+001,
4754687500, -1.407400e+001,
4756250000, -1.400610e+001,
4757812500, -1.407146e+001,
4759375000, -1.423866e+001,
4760937500, -1.437218e+001,
4762500000, -1.407912e+001,
4764062500, -1.347445e+001,
4765625000, -1.302270e+001,
4767187500, -1.301712e+001,
4768750000, -1.312227e+001,
4770312500, -1.295868e+001,
4771875000, -1.248615e+001,
4773437500, -1.217986e+001,
4775000000, -1.218981e+001,
4776562500, -1.242751e+001,
4778125000, -1.262764e+001,
4779687500, -1.270822e+001,
4781250000, -1.283303e+001,
4782812500, -1.312457e+001,
4784375000, -1.364186e+001,
4785937500, -1.420651e+001,
4787500000, -1.463010e+001,
4789062500, -1.473285e+001,
4790625000, -1.453048e+001,
4792187500, -1.427573e+001,
4793750000, -1.436579e+001,
4795312500, -1.468066e+001,
4796875000, -1.492963e+001,
4798437500, -1.488722e+001,
4800000000, -1.472130e+001,
4801562500, -1.463225e+001,
4803125000, -1.447391e+001,
4804687500, -1.434430e+001,
4806250000, -1.422806e+001,
4807812500, -1.417085e+001,
4809375000, -1.418874e+001,
4810937500, -1.431883e+001,
4812500000, -1.447098e+001,
4814062500, -1.447415e+001,
4815625000, -1.429072e+001,
4817187500, -1.398931e+001,
4818750000, -1.379381e+001,
4820312500, -1.375100e+001,
4821875000, -1.383409e+001,
4823437500, -1.396385e+001,
4825000000, -1.397919e+001,
4826562500, -1.385898e+001,
4828125000, -1.373074e+001,
4829687500, -1.372154e+001,
4831250000, -1.386144e+001,
4832812500, -1.386559e+001,
4834375000, -1.375768e+001,
4835937500, -1.369936e+001,
4837500000, -1.368006e+001,
4839062500, -1.365335e+001,
4840625000, -1.355782e+001,
4842187500, -1.359179e+001,
4843750000, -1.381322e+001,
4845312500, -1.409601e+001,
4846875000, -1.441431e+001,
4848437500, -1.461744e+001,
4850000000, -1.478977e+001,
4851562500, -1.492301e+001,
4853125000, -1.522305e+001,
4854687500, -1.571175e+001,
4856250000, -1.601211e+001,
4857812500, -1.608816e+001,
4859375000, -1.607578e+001,
4860937500, -1.595936e+001,
4862500000, -1.579851e+001,
4864062500, -1.571559e+001,
4865625000, -1.566718e+001,
4867187500, -1.579370e+001,
4868750000, -1.618038e+001,
4870312500, -1.641043e+001,
4871875000, -1.637206e+001,
4873437500, -1.634229e+001,
4875000000, -1.657389e+001,
4876562500, -1.698448e+001,
4878125000, -1.723189e+001,
4879687500, -1.720555e+001,
4881250000, -1.698868e+001,
4882812500, -1.669185e+001,
4884375000, -1.645880e+001,
4885937500, -1.644606e+001,
4887500000, -1.669949e+001,
4889062500, -1.693457e+001,
4890625000, -1.696236e+001,
4892187500, -1.689052e+001,
4893750000, -1.698272e+001,
4895312500, -1.736553e+001,
4896875000, -1.783177e+001,
4898437500, -1.810887e+001,
4900000000, -1.800709e+001,
4901562500, -1.770058e+001,
4903125000, -1.738950e+001,
4904687500, -1.728675e+001,
4906250000, -1.725530e+001,
4907812500, -1.715684e+001,
4909375000, -1.697596e+001,
4910937500, -1.684477e+001,
4912500000, -1.689805e+001,
4914062500, -1.719540e+001,
4915625000, -1.761518e+001,
4917187500, -1.789740e+001,
4918750000, -1.796002e+001,
4920312500, -1.788293e+001,
4921875000, -1.791318e+001,
4923437500, -1.800806e+001,
4925000000, -1.803570e+001,
4926562500, -1.789556e+001,
4928125000, -1.768353e+001,
4929687500, -1.755727e+001,
4931250000, -1.759936e+001,
4932812500, -1.762107e+001,
4934375000, -1.738588e+001,
4935937500, -1.695994e+001,
4937500000, -1.650003e+001,
4939062500, -1.617042e+001,
4940625000, -1.593370e+001,
4942187500, -1.572613e+001,
4943750000, -1.548106e+001,
4945312500, -1.531603e+001,
4946875000, -1.529694e+001,
4948437500, -1.540380e+001,
4950000000, -1.559503e+001,
4951562500, -1.576720e+001,
4953125000, -1.589466e+001,
4954687500, -1.595535e+001,
4956250000, -1.609998e+001,
4957812500, -1.629732e+001,
4959375000, -1.647237e+001,
4960937500, -1.672845e+001,
4962500000, -1.710385e+001,
4964062500, -1.761031e+001,
4965625000, -1.819662e+001,
4967187500, -1.873609e+001,
4968750000, -1.900621e+001,
4970312500, -1.916331e+001,
4971875000, -1.948148e+001,
4973437500, -1.988329e+001,
4975000000, -2.015553e+001,
4976562500, -2.050570e+001,
4978125000, -2.121140e+001,
4979687500, -2.200350e+001,
4981250000, -2.223205e+001,
4982812500, -2.198000e+001,
4984375000, -2.197104e+001,
4985937500, -2.213025e+001,
4987500000, -2.222946e+001,
4989062500, -2.216055e+001,
4990625000, -2.244027e+001,
4992187500, -2.298852e+001,
4993750000, -2.328008e+001,
4995312500, -2.307467e+001,
4996875000, -2.285763e+001,
4998437500, -2.288023e+001,
5000000000, -2.311724e+001,
5001562500, -2.326891e+001,
5003125000, -2.352307e+001,
5004687500, -2.409974e+001,
5006250000, -2.483975e+001,
5007812500, -2.533859e+001,
5009375000, -2.496096e+001,
5010937500, -2.383865e+001,
5012500000, -2.275429e+001,
5014062500, -2.219215e+001,
5015625000, -2.210549e+001,
5017187500, -2.222115e+001,
5018750000, -2.221728e+001,
5020312500, -2.220476e+001,
5021875000, -2.234702e+001,
5023437500, -2.275732e+001,
5025000000, -2.353130e+001,
5026562500, -2.484973e+001,
5028125000, -2.638031e+001,
5029687500, -2.700837e+001,
5031250000, -2.746848e+001,
5032812500, -2.809782e+001,
5034375000, -2.876006e+001,
5035937500, -2.872049e+001,
5037500000, -2.802824e+001,
5039062500, -2.659421e+001,
5040625000, -2.561913e+001,
5042187500, -2.510941e+001,
5043750000, -2.558377e+001,
5045312500, -2.555806e+001,
5046875000, -2.576062e+001,
5048437500, -2.595550e+001,
5050000000, -2.607527e+001,
5051562500, -2.579736e+001,
5053125000, -2.489772e+001,
5054687500, -2.429279e+001,
5056250000, -2.352240e+001,
5057812500, -2.328758e+001,
5059375000, -2.419969e+001,
5060937500, -2.571555e+001,
5062500000, -2.758114e+001,
5064062500, -2.936202e+001,
5065625000, -2.813682e+001,
5067187500, -2.693175e+001,
5068750000, -2.554105e+001,
5070312500, -2.367255e+001,
5071875000, -2.297058e+001,
5073437500, -2.252361e+001,
5075000000, -2.143461e+001,
5076562500, -2.098071e+001,
5078125000, -2.167049e+001,
5079687500, -2.236783e+001,
5081250000, -2.147516e+001,
5082812500, -2.088503e+001,
5084375000, -2.088086e+001,
5085937500, -2.161876e+001,
5087500000, -2.239364e+001,
5089062500, -2.292797e+001,
5090625000, -2.410560e+001,
5092187500, -2.457563e+001,
5093750000, -2.390508e+001,
5095312500, -2.329198e+001,
5096875000, -2.361127e+001,
5098437500, -2.405501e+001,
5100000000, -2.473965e+001,
5101562500, -2.452226e+001,
5103125000, -2.443262e+001,
5104687500, -2.446102e+001,
5106250000, -2.566174e+001,
5107812500, -2.908653e+001,
5109375000, -2.905591e+001,
5110937500, -2.638986e+001,
5112500000, -2.466398e+001,
5114062500, -2.550610e+001,
5115625000, -2.731688e+001,
5117187500, -2.768259e+001,
5118750000, -2.847518e+001,
5120312500, -3.415045e+001,
5121875000, -3.172813e+001,
5123437500, -2.791199e+001,
5125000000, -2.571352e+001,
5126562500, -2.593239e+001,
5128125000, -2.562765e+001,
5129687500, -2.510991e+001,
5131250000, -2.615703e+001,
5132812500, -2.582762e+001,
5134375000, -2.462815e+001,
5135937500, -2.576824e+001,
5137500000, -2.760558e+001,
5139062500, -2.797990e+001,
5140625000, -2.904705e+001,
5142187500, -3.012057e+001,
5143750000, -2.908313e+001,
5145312500, -3.122362e+001,
5146875000, -3.620127e+001,
5148437500, -3.402542e+001,
5150000000, -3.226358e+001,
5151562500, -3.154445e+001,
5153125000, -2.939058e+001,
5154687500, -3.031862e+001,
5156250000, -3.065430e+001,
5157812500, -3.135205e+001,
5159375000, -3.073486e+001,
5160937500, -3.056661e+001,
5162500000, -3.238946e+001,
5164062500, -3.103995e+001,
5165625000, -3.399139e+001,
5167187500, -3.203887e+001,
5168750000, -3.386549e+001,
5170312500, -3.198188e+001,
5171875000, -3.391288e+001,
5173437500, -3.718480e+001,
5175000000, -3.972254e+001,
5176562500, -4.335688e+001,
5178125000, -3.938763e+001,
5179687500, -4.260462e+001,
5181250000, -3.803279e+001,
5182812500, -3.753052e+001,
5184375000, -4.137792e+001,
5185937500, -4.223435e+001,
5187500000, -4.133890e+001,
5189062500, -4.335599e+001,
5190625000, -4.718061e+001,
5192187500, -5.105265e+001,
5193750000, -5.520262e+001,
5195312500, -5.947136e+001,
5196875000, -5.817489e+001,
5198437500, -5.292858e+001,
5200000000, -5.159473e+001,
5201562500, -5.202771e+001,
5203125000, -5.235105e+001,
5204687500, -5.698956e+001,
5206250000, -5.147326e+001,
5207812500, -5.148447e+001,
5209375000, -5.243970e+001,
5210937500, -5.296122e+001,
5212500000, -5.360789e+001,
5214062500, -5.350321e+001,
5215625000, -5.361363e+001,
5217187500, -5.369345e+001,
5218750000, -5.361658e+001,
5220312500, -5.357084e+001,
5221875000, -5.358556e+001,
5223437500, -5.361265e+001,
5225000000, -5.362225e+001,
5226562500, -5.359934e+001,
5228125000, -5.356321e+001,
5229687500, -5.372301e+001,
5231250000, -5.372411e+001,
5232812500, -5.386695e+001,
5234375000, -5.394875e+001,
5235937500, -5.398370e+001,
5237500000, -5.405098e+001,
5239062500, -5.403726e+001,
5240625000, -5.410759e+001,
5242187500, -5.404452e+001,
5243750000, -5.402113e+001,
5245312500, -5.399575e+001,
5246875000, -5.396687e+001,
5248437500, -5.388516e+001,
5250000000, -5.387958e+001,
5251562500, -5.392406e+001,
5253125000, -5.384444e+001,
5254687500, -5.381631e+001,
5256250000, -5.380600e+001,
5257812500, -5.376743e+001,
5259375000, -5.376285e+001,
5260937500, -5.368722e+001,
5262500000, -5.371658e+001,
5264062500, -5.372098e+001,
5265625000, -5.372614e+001,
5267187500, -5.374698e+001,
5268750000, -5.375101e+001,
5270312500, -5.367422e+001,
5271875000, -5.371930e+001,
5273437500, -5.389790e+001,
5275000000, -5.385707e+001,
5276562500, -5.383783e+001,
5278125000, -5.387025e+001,
5279687500, -5.376871e+001,
5281250000, -5.380381e+001,
5282812500, -5.380496e+001,
5284375000, -5.372026e+001,
5285937500, -5.378315e+001,
5287500000, -5.373058e+001,
5289062500, -5.373268e+001,
5290625000, -5.374416e+001,
5292187500, -5.369307e+001,
5293750000, -5.365158e+001,
5295312500, -5.372205e+001,
5296875000, -5.379539e+001,
5298437500, -5.385029e+001,
5300000000, -5.386892e+001,
5301562500, -5.394289e+001,
5303125000, -5.398691e+001,
5304687500, -5.404650e+001,
5306250000, -5.415038e+001,
5307812500, -5.414209e+001,
5309375000, -5.423537e+001,
5310937500, -5.429446e+001,
5312500000, -5.439954e+001,
5314062500, -5.443932e+001,
5315625000, -5.460057e+001,
5317187500, -5.456614e+001,
5318750000, -5.459964e+001,
5320312500, -5.458447e+001,
5321875000, -5.461880e+001,
5323437500, -5.475911e+001,
5325000000, -5.467968e+001,
5326562500, -5.471260e+001,
5328125000, -5.482660e+001,
5329687500, -5.474419e+001,
5331250000, -5.476832e+001,
5332812500, -5.462695e+001,
5334375000, -5.473293e+001,
5335937500, -5.468131e+001,
5337500000, -5.462693e+001,
5339062500, -5.460455e+001,
5340625000, -5.463823e+001,
5342187500, -5.460831e+001,
5343750000, -5.449643e+001,
5345312500, -5.452682e+001,
5346875000, -5.455228e+001,
5348437500, -5.453599e+001,
5350000000, -5.447021e+001,
5351562500, -5.439472e+001,
5353125000, -5.444059e+001,
5354687500, -5.445448e+001,
5356250000, -5.453625e+001,
5357812500, -5.436413e+001,
5359375000, -5.452180e+001,
5360937500, -5.443555e+001,
5362500000, -5.442079e+001,
5364062500, -5.457044e+001,
5365625000, -5.455620e+001,
5367187500, -5.445770e+001,
5368750000, -5.446453e+001,
5370312500, -5.452496e+001,
5371875000, -5.458874e+001,
5373437500, -5.455811e+001,
5375000000, -5.448944e+001,
5376562500, -5.455354e+001,
5378125000, -5.462659e+001,
5379687500, -5.448380e+001,
5381250000, -5.450404e+001,
5382812500, -5.448219e+001,
5384375000, -5.460506e+001,
5385937500, -5.460155e+001,
5387500000, -5.450663e+001,
5389062500, -5.460180e+001,
5390625000, -5.456303e+001,
5392187500, -5.459988e+001,
5393750000, -5.463004e+001,
5395312500, -5.465287e+001,
5396875000, -5.464165e+001,
5398437500, -5.469722e+001,
5400000000, -5.472245e+001,
5401562500, -5.474698e+001,
5403125000, -5.468885e+001,
5404687500, -5.477752e+001,
5406250000, -5.479839e+001,
5407812500, -5.476777e+001,
5409375000, -5.479073e+001,
5410937500, -5.493219e+001,
5412500000, -5.486320e+001,
5414062500, -5.498026e+001,
5415625000, -5.504498e+001,
5417187500, -5.496931e+001,
5418750000, -5.510889e+001,
5420312500, -5.503911e+001,
5421875000, -5.512327e+001,
5423437500, -5.513297e+001,
5425000000, -5.515235e+001,
5426562500, -5.513861e+001,
5428125000, -5.516279e+001,
5429687500, -5.518409e+001,
5431250000, -5.520739e+001,
5432812500, -5.519704e+001,
5434375000, -5.517492e+001,
5435937500, -5.518469e+001,
5437500000, -5.521252e+001,
5439062500, -5.529535e+001,
5440625000, -5.529247e+001,
5442187500, -5.542816e+001,
5443750000, -5.547374e+001,
5445312500, -5.555376e+001,
5446875000, -5.556738e+001,
5448437500, -5.554462e+001,
5450000000, -5.563305e+001,
5451562500, -5.572431e+001,
5453125000, -5.566873e+001,
5454687500, -5.586280e+001,
5456250000, -5.594925e+001,
5457812500, -5.590910e+001,
5459375000, -5.609620e+001,
5460937500, -5.603554e+001,
5462500000, -5.609582e+001,
5464062500, -5.615530e+001,
5465625000, -5.619031e+001,
5467187500, -5.620464e+001,
5468750000, -5.641218e+001,
5470312500, -5.631082e+001,
5471875000, -5.634373e+001,
5473437500, -5.648023e+001,
5475000000, -5.651923e+001,
5476562500, -5.657304e+001,
5478125000, -5.653863e+001,
5479687500, -5.667507e+001,
5481250000, -5.671436e+001,
5482812500, -5.671797e+001,
5484375000, -5.658514e+001,
5485937500, -5.674110e+001,
5487500000, -5.691196e+001,
5489062500, -5.691490e+001,
5490625000, -5.678446e+001,
5492187500, -5.687237e+001,
5493750000, -5.697697e+001,
5495312500, -5.704668e+001,
5496875000, -5.696903e+001,
5498437500, -5.689919e+001,
5500000000, -5.704302e+001,
