"S12 Log Mag"
"Frequency (Hz)","dB",
3000000000, -4.816237e+001,
3001562500, -4.814684e+001,
3003125000, -4.809070e+001,
3004687500, -4.805476e+001,
3006250000, -4.798423e+001,
3007812500, -4.799861e+001,
3009375000, -4.792965e+001,
3010937500, -4.783672e+001,
3012500000, -4.784200e+001,
3014062500, -4.777538e+001,
3015625000, -4.774220e+001,
3017187500, -4.767962e+001,
3018750000, -4.764803e+001,
3020312500, -4.756235e+001,
3021875000, -4.751154e+001,
3023437500, -4.754929e+001,
3025000000, -4.744463e+001,
3026562500, -4.739896e+001,
3028125000, -4.735439e+001,
3029687500, -4.732584e+001,
3031250000, -4.729601e+001,
3032812500, -4.722386e+001,
3034375000, -4.719287e+001,
3035937500, -4.718508e+001,
3037500000, -4.714457e+001,
3039062500, -4.705860e+001,
3040625000, -4.703769e+001,
3042187500, -4.703815e+001,
3043750000, -4.698188e+001,
3045312500, -4.693766e+001,
3046875000, -4.685823e+001,
3048437500, -4.687171e+001,
3050000000, -4.680893e+001,
3051562500, -4.682882e+001,
3053125000, -4.675061e+001,
3054687500, -4.676626e+001,
3056250000, -4.670918e+001,
3057812500, -4.666962e+001,
3059375000, -4.671015e+001,
3060937500, -4.665207e+001,
3062500000, -4.664897e+001,
3064062500, -4.664315e+001,
3065625000, -4.662133e+001,
3067187500, -4.659769e+001,
3068750000, -4.662931e+001,
3070312500, -4.665577e+001,
3071875000, -4.660612e+001,
3073437500, -4.662796e+001,
3075000000, -4.656229e+001,
3076562500, -4.657385e+001,
3078125000, -4.659059e+001,
3079687500, -4.657541e+001,
3081250000, -4.661354e+001,
3082812500, -4.659540e+001,
3084375000, -4.659774e+001,
3085937500, -4.657900e+001,
3087500000, -4.656951e+001,
3089062500, -4.659714e+001,
3090625000, -4.658232e+001,
3092187500, -4.655679e+001,
3093750000, -4.655450e+001,
3095312500, -4.649178e+001,
3096875000, -4.647805e+001,
3098437500, -4.651123e+001,
3100000000, -4.647969e+001,
3101562500, -4.645875e+001,
3103125000, -4.638755e+001,
3104687500, -4.643345e+001,
3106250000, -4.643380e+001,
3107812500, -4.639069e+001,
3109375000, -4.641184e+001,
3110937500, -4.637800e+001,
3112500000, -4.638447e+001,
3114062500, -4.638032e+001,
3115625000, -4.636908e+001,
3117187500, -4.636713e+001,
3118750000, -4.628435e+001,
3120312500, -4.632192e+001,
3121875000, -4.626863e+001,
3123437500, -4.625863e+001,
3125000000, -4.621646e+001,
3126562500, -4.621350e+001,
3128125000, -4.616944e+001,
3129687500, -4.613452e+001,
3131250000, -4.608839e+001,
3132812500, -4.612461e+001,
3134375000, -4.603960e+001,
3135937500, -4.605573e+001,
3137500000, -4.603878e+001,
3139062500, -4.601622e+001,
3140625000, -4.598124e+001,
3142187500, -4.598175e+001,
3143750000, -4.594742e+001,
3145312500, -4.589906e+001,
3146875000, -4.592023e+001,
3148437500, -4.587967e+001,
3150000000, -4.583984e+001,
3151562500, -4.585755e+001,
3153125000, -4.583374e+001,
3154687500, -4.582490e+001,
3156250000, -4.582573e+001,
3157812500, -4.582651e+001,
3159375000, -4.579956e+001,
3160937500, -4.582767e+001,
3162500000, -4.579319e+001,
3164062500, -4.579759e+001,
3165625000, -4.578494e+001,
3167187500, -4.583392e+001,
3168750000, -4.580651e+001,
3170312500, -4.584360e+001,
3171875000, -4.586441e+001,
3173437500, -4.583571e+001,
3175000000, -4.587406e+001,
3176562500, -4.588467e+001,
3178125000, -4.588927e+001,
3179687500, -4.593908e+001,
3181250000, -4.598272e+001,
3182812500, -4.596409e+001,
3184375000, -4.598401e+001,
3185937500, -4.595640e+001,
3187500000, -4.601625e+001,
3189062500, -4.603545e+001,
3190625000, -4.608090e+001,
3192187500, -4.615361e+001,
3193750000, -4.615590e+001,
3195312500, -4.616717e+001,
3196875000, -4.621243e+001,
3198437500, -4.627687e+001,
3200000000, -4.631636e+001,
3201562500, -4.639183e+001,
3203125000, -4.641381e+001,
3204687500, -4.640518e+001,
3206250000, -4.648405e+001,
3207812500, -4.643512e+001,
3209375000, -4.656030e+001,
3210937500, -4.654876e+001,
3212500000, -4.667661e+001,
3214062500, -4.672309e+001,
3215625000, -4.675105e+001,
3217187500, -4.676526e+001,
3218750000, -4.675552e+001,
3220312500, -4.683221e+001,
3221875000, -4.689310e+001,
3223437500, -4.692559e+001,
3225000000, -4.703659e+001,
3226562500, -4.699578e+001,
3228125000, -4.707066e+001,
3229687500, -4.709489e+001,
3231250000, -4.709777e+001,
3232812500, -4.723340e+001,
3234375000, -4.720101e+001,
3235937500, -4.728526e+001,
3237500000, -4.729905e+001,
3239062500, -4.737791e+001,
3240625000, -4.737049e+001,
3242187500, -4.741160e+001,
3243750000, -4.746338e+001,
3245312500, -4.752707e+001,
3246875000, -4.757841e+001,
3248437500, -4.765960e+001,
3250000000, -4.761865e+001,
3251562500, -4.759980e+001,
3253125000, -4.766357e+001,
3254687500, -4.764931e+001,
3256250000, -4.769683e+001,
3257812500, -4.775527e+001,
3259375000, -4.775648e+001,
3260937500, -4.781800e+001,
3262500000, -4.780107e+001,
3264062500, -4.777841e+001,
3265625000, -4.776286e+001,
3267187500, -4.780635e+001,
3268750000, -4.779719e+001,
3270312500, -4.782122e+001,
3271875000, -4.780777e+001,
3273437500, -4.784119e+001,
3275000000, -4.779762e+001,
3276562500, -4.779671e+001,
3278125000, -4.772929e+001,
3279687500, -4.773940e+001,
3281250000, -4.771350e+001,
3282812500, -4.772740e+001,
3284375000, -4.769501e+001,
3285937500, -4.770749e+001,
3287500000, -4.756879e+001,
3289062500, -4.754979e+001,
3290625000, -4.748355e+001,
3292187500, -4.743727e+001,
3293750000, -4.742369e+001,
3295312500, -4.736789e+001,
3296875000, -4.735559e+001,
3298437500, -4.735008e+001,
3300000000, -4.724387e+001,
3301562500, -4.719063e+001,
3303125000, -4.717116e+001,
3304687500, -4.702739e+001,
3306250000, -4.700040e+001,
3307812500, -4.700294e+001,
3309375000, -4.691321e+001,
3310937500, -4.686870e+001,
3312500000, -4.685977e+001,
3314062500, -4.680095e+001,
3315625000, -4.670201e+001,
3317187500, -4.671681e+001,
3318750000, -4.659771e+001,
3320312500, -4.657516e+001,
3321875000, -4.659847e+001,
3323437500, -4.652755e+001,
3325000000, -4.653809e+001,
3326562500, -4.647579e+001,
3328125000, -4.641727e+001,
3329687500, -4.631617e+001,
3331250000, -4.627569e+001,
3332812500, -4.620401e+001,
3334375000, -4.614716e+001,
3335937500, -4.616545e+001,
3337500000, -4.612577e+001,
3339062500, -4.606835e+001,
3340625000, -4.606231e+001,
3342187500, -4.603272e+001,
3343750000, -4.598099e+001,
3345312500, -4.595249e+001,
3346875000, -4.595160e+001,
3348437500, -4.591931e+001,
3350000000, -4.593135e+001,
3351562500, -4.601141e+001,
3353125000, -4.599849e+001,
3354687500, -4.600354e+001,
3356250000, -4.610035e+001,
3357812500, -4.606598e+001,
3359375000, -4.611685e+001,
3360937500, -4.610803e+001,
3362500000, -4.611042e+001,
3364062500, -4.609062e+001,
3365625000, -4.613720e+001,
3367187500, -4.622557e+001,
3368750000, -4.621519e+001,
3370312500, -4.620370e+001,
3371875000, -4.634761e+001,
3373437500, -4.633651e+001,
3375000000, -4.636275e+001,
3376562500, -4.638735e+001,
3378125000, -4.633685e+001,
3379687500, -4.638250e+001,
3381250000, -4.642451e+001,
3382812500, -4.649527e+001,
3384375000, -4.656356e+001,
3385937500, -4.659817e+001,
3387500000, -4.660321e+001,
3389062500, -4.675319e+001,
3390625000, -4.668465e+001,
3392187500, -4.680813e+001,
3393750000, -4.675412e+001,
3395312500, -4.685234e+001,
3396875000, -4.684997e+001,
3398437500, -4.693527e+001,
3400000000, -4.702600e+001,
3401562500, -4.703092e+001,
3403125000, -4.709670e+001,
3404687500, -4.715012e+001,
3406250000, -4.719759e+001,
3407812500, -4.719488e+001,
3409375000, -4.725215e+001,
3410937500, -4.721925e+001,
3412500000, -4.727161e+001,
3414062500, -4.724019e+001,
3415625000, -4.737170e+001,
3417187500, -4.742123e+001,
3418750000, -4.745776e+001,
3420312500, -4.743580e+001,
3421875000, -4.746661e+001,
3423437500, -4.755214e+001,
3425000000, -4.749349e+001,
3426562500, -4.749912e+001,
3428125000, -4.749373e+001,
3429687500, -4.744467e+001,
3431250000, -4.742880e+001,
3432812500, -4.743296e+001,
3434375000, -4.753946e+001,
3435937500, -4.745290e+001,
3437500000, -4.745101e+001,
3439062500, -4.748683e+001,
3440625000, -4.746706e+001,
3442187500, -4.749548e+001,
3443750000, -4.744902e+001,
3445312500, -4.744120e+001,
3446875000, -4.736566e+001,
3448437500, -4.734728e+001,
3450000000, -4.736105e+001,
3451562500, -4.733886e+001,
3453125000, -4.747183e+001,
3454687500, -4.733701e+001,
3456250000, -4.735603e+001,
3457812500, -4.733529e+001,
3459375000, -4.735361e+001,
3460937500, -4.734441e+001,
3462500000, -4.727267e+001,
3464062500, -4.727322e+001,
3465625000, -4.719344e+001,
3467187500, -4.719078e+001,
3468750000, -4.713771e+001,
3470312500, -4.714514e+001,
3471875000, -4.725106e+001,
3473437500, -4.712132e+001,
3475000000, -4.716690e+001,
3476562500, -4.710437e+001,
3478125000, -4.711247e+001,
3479687500, -4.714954e+001,
3481250000, -4.706860e+001,
3482812500, -4.716162e+001,
3484375000, -4.705956e+001,
3485937500, -4.704066e+001,
3487500000, -4.709355e+001,
3489062500, -4.703117e+001,
3490625000, -4.711757e+001,
3492187500, -4.716932e+001,
3493750000, -4.710072e+001,
3495312500, -4.715890e+001,
3496875000, -4.710724e+001,
3498437500, -4.715553e+001,
3500000000, -4.712654e+001,
3501562500, -4.709597e+001,
3503125000, -4.713707e+001,
3504687500, -4.704913e+001,
3506250000, -4.713713e+001,
3507812500, -4.719218e+001,
3509375000, -4.706754e+001,
3510937500, -4.718215e+001,
3512500000, -4.720892e+001,
3514062500, -4.723903e+001,
3515625000, -4.722707e+001,
3517187500, -4.726187e+001,
3518750000, -4.726074e+001,
3520312500, -4.731863e+001,
3521875000, -4.732645e+001,
3523437500, -4.733075e+001,
3525000000, -4.728794e+001,
3526562500, -4.734821e+001,
3528125000, -4.750468e+001,
3529687500, -4.740764e+001,
3531250000, -4.742083e+001,
3532812500, -4.757891e+001,
3534375000, -4.760743e+001,
3535937500, -4.755650e+001,
3537500000, -4.765077e+001,
3539062500, -4.753083e+001,
3540625000, -4.772377e+001,
3542187500, -4.764050e+001,
3543750000, -4.764040e+001,
3545312500, -4.769171e+001,
3546875000, -4.749990e+001,
3548437500, -4.769311e+001,
3550000000, -4.780093e+001,
3551562500, -4.770536e+001,
3553125000, -4.771550e+001,
3554687500, -4.786224e+001,
3556250000, -4.791957e+001,
3557812500, -4.782288e+001,
3559375000, -4.797380e+001,
3560937500, -4.785348e+001,
3562500000, -4.803111e+001,
3564062500, -4.796749e+001,
3565625000, -4.796482e+001,
3567187500, -4.804665e+001,
3568750000, -4.791292e+001,
3570312500, -4.801777e+001,
3571875000, -4.816284e+001,
3573437500, -4.821486e+001,
3575000000, -4.808975e+001,
3576562500, -4.805448e+001,
3578125000, -4.828651e+001,
3579687500, -4.818193e+001,
3581250000, -4.818904e+001,
3582812500, -4.822486e+001,
3584375000, -4.821026e+001,
3585937500, -4.830255e+001,
3587500000, -4.817631e+001,
3589062500, -4.830907e+001,
3590625000, -4.819762e+001,
3592187500, -4.814872e+001,
3593750000, -4.821035e+001,
3595312500, -4.834009e+001,
3596875000, -4.833649e+001,
3598437500, -4.817431e+001,
3600000000, -4.829096e+001,
3601562500, -4.831704e+001,
3603125000, -4.822493e+001,
3604687500, -4.829665e+001,
3606250000, -4.826890e+001,
3607812500, -4.830603e+001,
3609375000, -4.832903e+001,
3610937500, -4.830682e+001,
3612500000, -4.830961e+001,
3614062500, -4.831158e+001,
3615625000, -4.824054e+001,
3617187500, -4.822252e+001,
3618750000, -4.827991e+001,
3620312500, -4.855085e+001,
3621875000, -4.820995e+001,
3623437500, -4.830994e+001,
3625000000, -4.835841e+001,
3626562500, -4.828148e+001,
3628125000, -4.833139e+001,
3629687500, -4.823425e+001,
3631250000, -4.834519e+001,
3632812500, -4.828010e+001,
3634375000, -4.835740e+001,
3635937500, -4.819661e+001,
3637500000, -4.832695e+001,
3639062500, -4.831101e+001,
3640625000, -4.825587e+001,
3642187500, -4.815680e+001,
3643750000, -4.840188e+001,
3645312500, -4.846624e+001,
3646875000, -4.837936e+001,
3648437500, -4.830245e+001,
3650000000, -4.837860e+001,
3651562500, -4.851384e+001,
3653125000, -4.838258e+001,
3654687500, -4.843348e+001,
3656250000, -4.839161e+001,
3657812500, -4.843041e+001,
3659375000, -4.847851e+001,
3660937500, -4.851946e+001,
3662500000, -4.841619e+001,
3664062500, -4.846693e+001,
3665625000, -4.849759e+001,
3667187500, -4.850024e+001,
3668750000, -4.850500e+001,
3670312500, -4.867833e+001,
3671875000, -4.880211e+001,
3673437500, -4.860820e+001,
3675000000, -4.866242e+001,
3676562500, -4.858926e+001,
3678125000, -4.886595e+001,
3679687500, -4.887465e+001,
3681250000, -4.879993e+001,
3682812500, -4.872108e+001,
3684375000, -4.894859e+001,
3685937500, -4.889063e+001,
3687500000, -4.909987e+001,
3689062500, -4.907327e+001,
3690625000, -4.894770e+001,
3692187500, -4.903250e+001,
3693750000, -4.895509e+001,
3695312500, -4.927189e+001,
3696875000, -4.921933e+001,
3698437500, -4.921184e+001,
3700000000, -4.952779e+001,
3701562500, -4.932155e+001,
3703125000, -4.889063e+001,
3704687500, -4.915279e+001,
3706250000, -4.965137e+001,
3707812500, -4.927620e+001,
3709375000, -4.927540e+001,
3710937500, -4.931387e+001,
3712500000, -4.916037e+001,
3714062500, -4.957368e+001,
3715625000, -4.940997e+001,
3717187500, -4.947343e+001,
3718750000, -4.943115e+001,
3720312500, -4.926111e+001,
3721875000, -4.941874e+001,
3723437500, -4.968159e+001,
3725000000, -4.950832e+001,
3726562500, -4.962119e+001,
3728125000, -4.984862e+001,
3729687500, -4.950757e+001,
3731250000, -4.911216e+001,
3732812500, -4.934341e+001,
3734375000, -4.963034e+001,
3735937500, -4.982688e+001,
3737500000, -4.941772e+001,
3739062500, -4.934848e+001,
3740625000, -4.937622e+001,
3742187500, -4.936597e+001,
3743750000, -4.940665e+001,
3745312500, -4.957159e+001,
3746875000, -4.964640e+001,
3748437500, -4.936645e+001,
3750000000, -4.926551e+001,
3751562500, -4.945304e+001,
3753125000, -4.941468e+001,
3754687500, -4.948558e+001,
3756250000, -4.947920e+001,
3757812500, -4.958484e+001,
3759375000, -4.925613e+001,
3760937500, -4.899008e+001,
3762500000, -4.902777e+001,
3764062500, -4.916292e+001,
3765625000, -4.941035e+001,
3767187500, -4.904605e+001,
3768750000, -4.926791e+001,
3770312500, -4.910373e+001,
3771875000, -4.880310e+001,
3773437500, -4.912455e+001,
3775000000, -4.901969e+001,
3776562500, -4.912960e+001,
3778125000, -4.893237e+001,
3779687500, -4.903272e+001,
3781250000, -4.921933e+001,
3782812500, -4.880267e+001,
3784375000, -4.875876e+001,
3785937500, -4.911401e+001,
3787500000, -4.944712e+001,
3789062500, -4.919630e+001,
3790625000, -4.873117e+001,
3792187500, -4.884631e+001,
3793750000, -4.888900e+001,
3795312500, -4.909436e+001,
3796875000, -4.901337e+001,
3798437500, -4.872899e+001,
3800000000, -4.942066e+001,
3801562500, -4.930538e+001,
3803125000, -4.902983e+001,
3804687500, -4.931757e+001,
3806250000, -4.915812e+001,
3807812500, -4.925934e+001,
3809375000, -4.940739e+001,
3810937500, -4.986124e+001,
3812500000, -4.962586e+001,
3814062500, -4.953535e+001,
3815625000, -4.923870e+001,
3817187500, -4.950163e+001,
3818750000, -5.020347e+001,
3820312500, -5.028449e+001,
3821875000, -4.997461e+001,
3823437500, -4.969089e+001,
3825000000, -5.025459e+001,
3826562500, -5.044517e+001,
3828125000, -5.003065e+001,
3829687500, -4.990434e+001,
3831250000, -5.039550e+001,
3832812500, -5.087053e+001,
3834375000, -5.057885e+001,
3835937500, -5.044843e+001,
3837500000, -5.084169e+001,
3839062500, -5.047760e+001,
3840625000, -5.062429e+001,
3842187500, -5.077527e+001,
3843750000, -5.079463e+001,
3845312500, -5.117526e+001,
3846875000, -5.121096e+001,
3848437500, -5.036251e+001,
3850000000, -5.039423e+001,
3851562500, -5.116751e+001,
3853125000, -5.143980e+001,
3854687500, -5.107369e+001,
3856250000, -5.089426e+001,
3857812500, -5.126920e+001,
3859375000, -5.134686e+001,
3860937500, -5.107236e+001,
3862500000, -5.071380e+001,
3864062500, -5.082830e+001,
3865625000, -5.130603e+001,
3867187500, -5.145739e+001,
3868750000, -5.117738e+001,
3870312500, -5.135540e+001,
3871875000, -5.130775e+001,
3873437500, -5.118402e+001,
3875000000, -5.140312e+001,
3876562500, -5.113585e+001,
3878125000, -5.111708e+001,
3879687500, -5.169340e+001,
3881250000, -5.176162e+001,
3882812500, -5.147931e+001,
3884375000, -5.121854e+001,
3885937500, -5.132618e+001,
3887500000, -5.154290e+001,
3889062500, -5.137026e+001,
3890625000, -5.152100e+001,
3892187500, -5.217606e+001,
3893750000, -5.192767e+001,
3895312500, -5.130864e+001,
3896875000, -5.103633e+001,
3898437500, -5.130692e+001,
3900000000, -5.147230e+001,
3901562500, -5.164784e+001,
3903125000, -5.151590e+001,
3904687500, -5.192727e+001,
3906250000, -5.178498e+001,
3907812500, -5.167404e+001,
3909375000, -5.114286e+001,
3910937500, -5.149174e+001,
3912500000, -5.172120e+001,
3914062500, -5.127289e+001,
3915625000, -5.094346e+001,
3917187500, -5.143480e+001,
3918750000, -5.223793e+001,
3920312500, -5.167522e+001,
3921875000, -5.156987e+001,
3923437500, -5.110207e+001,
3925000000, -5.062221e+001,
3926562500, -5.170190e+001,
3928125000, -5.236837e+001,
3929687500, -5.155553e+001,
3931250000, -5.143272e+001,
3932812500, -5.126172e+001,
3934375000, -5.141848e+001,
3935937500, -5.122171e+001,
3937500000, -5.102221e+001,
3939062500, -5.131504e+001,
3940625000, -5.193893e+001,
3942187500, -5.228082e+001,
3943750000, -5.117695e+001,
3945312500, -5.067347e+001,
3946875000, -5.088422e+001,
3948437500, -5.164473e+001,
3950000000, -5.216248e+001,
3951562500, -5.119567e+001,
3953125000, -5.026185e+001,
3954687500, -5.134100e+001,
3956250000, -5.267062e+001,
3957812500, -5.236418e+001,
3959375000, -5.155259e+001,
3960937500, -5.118039e+001,
3962500000, -5.109640e+001,
3964062500, -5.177682e+001,
3965625000, -5.228580e+001,
3967187500, -5.138820e+001,
3968750000, -5.130272e+001,
3970312500, -5.181082e+001,
3971875000, -5.219868e+001,
3973437500, -5.172353e+001,
3975000000, -5.091283e+001,
3976562500, -5.116600e+001,
3978125000, -5.262304e+001,
3979687500, -5.224930e+001,
3981250000, -5.177049e+001,
3982812500, -5.130401e+001,
3984375000, -5.116016e+001,
3985937500, -5.108997e+001,
3987500000, -5.177348e+001,
3989062500, -5.286744e+001,
3990625000, -5.246473e+001,
3992187500, -5.062198e+001,
3993750000, -5.279214e+001,
3995312500, -5.294577e+001,
3996875000, -5.148443e+001,
3998437500, -5.187262e+001,
4000000000, -5.255817e+001,
4001562500, -5.279397e+001,
4003125000, -5.305790e+001,
4004687500, -5.242687e+001,
4006250000, -5.150468e+001,
4007812500, -5.200481e+001,
4009375000, -5.265401e+001,
4010937500, -5.294286e+001,
4012500000, -5.201156e+001,
4014062500, -5.238416e+001,
4015625000, -5.234634e+001,
4017187500, -5.395068e+001,
4018750000, -5.283603e+001,
4020312500, -5.197385e+001,
4021875000, -5.202695e+001,
4023437500, -5.209376e+001,
4025000000, -5.176131e+001,
4026562500, -5.152951e+001,
4028125000, -5.196148e+001,
4029687500, -5.364840e+001,
4031250000, -5.387790e+001,
4032812500, -5.324072e+001,
4034375000, -5.394306e+001,
4035937500, -5.258060e+001,
4037500000, -5.287888e+001,
4039062500, -5.287001e+001,
4040625000, -5.204515e+001,
4042187500, -5.278287e+001,
4043750000, -5.410698e+001,
4045312500, -5.546339e+001,
4046875000, -5.369726e+001,
4048437500, -5.283861e+001,
4050000000, -5.225061e+001,
4051562500, -5.350506e+001,
4053125000, -5.280531e+001,
4054687500, -5.288390e+001,
4056250000, -5.461814e+001,
4057812500, -5.225590e+001,
4059375000, -5.304171e+001,
4060937500, -5.391599e+001,
4062500000, -5.464902e+001,
4064062500, -5.332490e+001,
4065625000, -5.167476e+001,
4067187500, -5.115207e+001,
4068750000, -5.236827e+001,
4070312500, -5.262683e+001,
4071875000, -5.551701e+001,
4073437500, -5.832792e+001,
4075000000, -5.302204e+001,
4076562500, -5.235820e+001,
4078125000, -5.503898e+001,
4079687500, -5.645321e+001,
4081250000, -5.429979e+001,
4082812500, -5.303694e+001,
4084375000, -5.287542e+001,
4085937500, -5.358557e+001,
4087500000, -5.445550e+001,
4089062500, -5.587407e+001,
4090625000, -5.450937e+001,
4092187500, -5.411370e+001,
4093750000, -5.462402e+001,
4095312500, -5.387455e+001,
4096875000, -5.559819e+001,
4098437500, -5.543896e+001,
4100000000, -5.420357e+001,
4101562500, -5.356296e+001,
4103125000, -5.268439e+001,
4104687500, -5.317577e+001,
4106250000, -5.570467e+001,
4107812500, -5.497108e+001,
4109375000, -5.436976e+001,
4110937500, -5.402439e+001,
4112500000, -5.609118e+001,
4114062500, -5.832056e+001,
4115625000, -5.955571e+001,
4117187500, -5.350763e+001,
4118750000, -5.033760e+001,
4120312500, -5.012679e+001,
4121875000, -5.554337e+001,
4123437500, -6.668343e+001,
4125000000, -5.916666e+001,
4126562500, -5.366463e+001,
4128125000, -5.287801e+001,
4129687500, -5.445752e+001,
4131250000, -5.842529e+001,
4132812500, -5.841023e+001,
4134375000, -5.540345e+001,
4135937500, -5.465338e+001,
4137500000, -5.393151e+001,
4139062500, -5.374300e+001,
4140625000, -5.500133e+001,
4142187500, -5.727334e+001,
4143750000, -6.211201e+001,
4145312500, -6.256184e+001,
4146875000, -5.758295e+001,
4148437500, -5.101901e+001,
4150000000, -5.052282e+001,
4151562500, -5.221786e+001,
4153125000, -5.298162e+001,
4154687500, -5.312627e+001,
4156250000, -5.571711e+001,
4157812500, -5.933950e+001,
4159375000, -5.942657e+001,
4160937500, -6.664114e+001,
4162500000, -5.737065e+001,
4164062500, -5.339607e+001,
4165625000, -5.017171e+001,
4167187500, -4.902963e+001,
4168750000, -5.024168e+001,
4170312500, -5.410220e+001,
4171875000, -5.979041e+001,
4173437500, -6.624590e+001,
4175000000, -6.279826e+001,
4176562500, -5.870886e+001,
4178125000, -6.022499e+001,
4179687500, -5.802177e+001,
4181250000, -5.635498e+001,
4182812500, -5.504585e+001,
4184375000, -5.452901e+001,
4185937500, -5.272192e+001,
4187500000, -5.220940e+001,
4189062500, -5.225431e+001,
4190625000, -5.638967e+001,
4192187500, -6.166016e+001,
4193750000, -6.804770e+001,
4195312500, -5.761335e+001,
4196875000, -5.610894e+001,
4198437500, -5.393184e+001,
4200000000, -5.181255e+001,
4201562500, -5.203674e+001,
4203125000, -5.190034e+001,
4204687500, -5.237750e+001,
4206250000, -5.352362e+001,
4207812500, -5.294057e+001,
4209375000, -5.306236e+001,
4210937500, -5.645583e+001,
4212500000, -5.642921e+001,
4214062500, -5.219424e+001,
4215625000, -4.978171e+001,
4217187500, -4.935188e+001,
4218750000, -4.866793e+001,
4220312500, -4.740247e+001,
4221875000, -4.847570e+001,
4223437500, -5.265062e+001,
4225000000, -5.683165e+001,
4226562500, -6.093372e+001,
4228125000, -5.551340e+001,
4229687500, -5.287889e+001,
4231250000, -5.405407e+001,
4232812500, -5.967376e+001,
4234375000, -6.891019e+001,
4235937500, -5.097965e+001,
4237500000, -4.661666e+001,
4239062500, -4.884207e+001,
4240625000, -5.459437e+001,
4242187500, -5.923267e+001,
4243750000, -6.077584e+001,
4245312500, -5.053394e+001,
4246875000, -4.829877e+001,
4248437500, -5.018051e+001,
4250000000, -5.348380e+001,
4251562500, -5.821513e+001,
4253125000, -6.302617e+001,
4254687500, -6.582572e+001,
4256250000, -5.097263e+001,
4257812500, -4.733183e+001,
4259375000, -4.620208e+001,
4260937500, -4.573148e+001,
4262500000, -4.608006e+001,
4264062500, -4.823097e+001,
4265625000, -4.832985e+001,
4267187500, -4.851918e+001,
4268750000, -4.963456e+001,
4270312500, -5.147198e+001,
4271875000, -4.801009e+001,
4273437500, -4.719137e+001,
4275000000, -4.951651e+001,
4276562500, -5.431326e+001,
4278125000, -5.741107e+001,
4279687500, -5.585461e+001,
4281250000, -5.236168e+001,
4282812500, -5.230495e+001,
4284375000, -5.336184e+001,
4285937500, -5.379765e+001,
4287500000, -5.494786e+001,
4289062500, -5.552445e+001,
4290625000, -4.941019e+001,
4292187500, -4.965112e+001,
4293750000, -5.965559e+001,
4295312500, -6.307312e+001,
4296875000, -6.864622e+001,
4298437500, -4.905106e+001,
4300000000, -4.210879e+001,
4301562500, -4.091836e+001,
4303125000, -4.172747e+001,
4304687500, -4.277025e+001,
4306250000, -4.475672e+001,
4307812500, -4.603609e+001,
4309375000, -4.547441e+001,
4310937500, -4.541078e+001,
4312500000, -4.214163e+001,
4314062500, -4.628936e+001,
4315625000, -5.068570e+001,
4317187500, -5.147366e+001,
4318750000, -5.567435e+001,
4320312500, -5.366595e+001,
4321875000, -5.730084e+001,
4323437500, -5.423342e+001,
4325000000, -5.020687e+001,
4326562500, -5.181094e+001,
4328125000, -4.647916e+001,
4329687500, -4.291395e+001,
4331250000, -4.214903e+001,
4332812500, -4.516467e+001,
4334375000, -4.906691e+001,
4335937500, -4.904873e+001,
4337500000, -4.835024e+001,
4339062500, -4.510719e+001,
4340625000, -4.330500e+001,
4342187500, -4.572654e+001,
4343750000, -5.097409e+001,
4345312500, -4.983970e+001,
4346875000, -4.972969e+001,
4348437500, -4.995280e+001,
4350000000, -4.679142e+001,
4351562500, -4.393731e+001,
4353125000, -4.710659e+001,
4354687500, -5.399984e+001,
4356250000, -6.020343e+001,
4357812500, -5.675109e+001,
4359375000, -4.201327e+001,
4360937500, -3.874591e+001,
4362500000, -3.802878e+001,
4364062500, -3.718967e+001,
4365625000, -3.670070e+001,
4367187500, -3.686127e+001,
4368750000, -3.787748e+001,
4370312500, -3.802724e+001,
4371875000, -3.772602e+001,
4373437500, -3.865982e+001,
4375000000, -4.264462e+001,
4376562500, -4.106595e+001,
4378125000, -3.772336e+001,
4379687500, -4.095602e+001,
4381250000, -4.227741e+001,
4382812500, -4.199690e+001,
4384375000, -4.037521e+001,
4385937500, -4.029053e+001,
4387500000, -4.071165e+001,
4389062500, -4.220893e+001,
4390625000, -4.353345e+001,
4392187500, -4.644439e+001,
4393750000, -5.527250e+001,
4395312500, -3.928340e+001,
4396875000, -3.664021e+001,
4398437500, -3.556419e+001,
4400000000, -3.645584e+001,
4401562500, -3.683078e+001,
4403125000, -3.369651e+001,
4404687500, -3.364589e+001,
4406250000, -3.609878e+001,
4407812500, -3.686506e+001,
4409375000, -3.691282e+001,
4410937500, -3.590680e+001,
4412500000, -3.377089e+001,
4414062500, -3.272256e+001,
4415625000, -3.370395e+001,
4417187500, -3.414618e+001,
4418750000, -3.475722e+001,
4420312500, -3.495823e+001,
4421875000, -3.662282e+001,
4423437500, -3.698975e+001,
4425000000, -3.648108e+001,
4426562500, -3.795581e+001,
4428125000, -3.581339e+001,
4429687500, -3.410746e+001,
4431250000, -3.340932e+001,
4432812500, -3.550134e+001,
4434375000, -3.770494e+001,
4435937500, -4.390901e+001,
4437500000, -3.755021e+001,
4439062500, -3.586337e+001,
4440625000, -3.586678e+001,
4442187500, -3.520398e+001,
4443750000, -3.494172e+001,
4445312500, -3.542860e+001,
4446875000, -3.822139e+001,
4448437500, -4.497992e+001,
4450000000, -4.137117e+001,
4451562500, -4.008689e+001,
4453125000, -4.089428e+001,
4454687500, -4.022541e+001,
4456250000, -4.014437e+001,
4457812500, -4.089197e+001,
4459375000, -4.160672e+001,
4460937500, -3.983598e+001,
4462500000, -4.334216e+001,
4464062500, -4.475168e+001,
4465625000, -4.782643e+001,
4467187500, -4.853697e+001,
4468750000, -4.224921e+001,
4470312500, -4.065207e+001,
4471875000, -3.800608e+001,
4473437500, -3.478503e+001,
4475000000, -3.432862e+001,
4476562500, -3.436747e+001,
4478125000, -3.529007e+001,
4479687500, -3.737535e+001,
4481250000, -3.636216e+001,
4482812500, -3.290178e+001,
4484375000, -2.897494e+001,
4485937500, -2.487782e+001,
4487500000, -2.114482e+001,
4489062500, -2.342264e+001,
4490625000, -2.659872e+001,
4492187500, -3.004124e+001,
4493750000, -3.151649e+001,
4495312500, -3.249871e+001,
4496875000, -3.101856e+001,
4498437500, -2.974560e+001,
4500000000, -2.786391e+001,
4501562500, -2.687534e+001,
4503125000, -2.649445e+001,
4504687500, -2.601547e+001,
4506250000, -2.699461e+001,
4507812500, -2.911175e+001,
4509375000, -3.057386e+001,
4510937500, -2.953169e+001,
4512500000, -2.870666e+001,
4514062500, -2.750418e+001,
4515625000, -2.565795e+001,
4517187500, -2.323983e+001,
4518750000, -2.065946e+001,
4520312500, -1.962671e+001,
4521875000, -2.202620e+001,
4523437500, -2.335810e+001,
4525000000, -2.438416e+001,
4526562500, -2.449342e+001,
4528125000, -2.378147e+001,
4529687500, -2.283092e+001,
4531250000, -2.190117e+001,
4532812500, -2.057266e+001,
4534375000, -1.814140e+001,
4535937500, -1.502035e+001,
4537500000, -1.330459e+001,
4539062500, -1.375940e+001,
4540625000, -1.553411e+001,
4542187500, -1.672358e+001,
4543750000, -1.718423e+001,
4545312500, -1.737419e+001,
4546875000, -1.738385e+001,
4548437500, -1.688367e+001,
4550000000, -1.577987e+001,
4551562500, -1.367133e+001,
4553125000, -1.239055e+001,
4554687500, -1.298233e+001,
4556250000, -1.414109e+001,
4557812500, -1.521540e+001,
4559375000, -1.570248e+001,
4560937500, -1.598278e+001,
4562500000, -1.557544e+001,
4564062500, -1.460119e+001,
4565625000, -1.413246e+001,
4567187500, -1.462644e+001,
4568750000, -1.473437e+001,
4570312500, -1.588148e+001,
4571875000, -1.790404e+001,
4573437500, -1.894035e+001,
4575000000, -1.833918e+001,
4576562500, -1.791872e+001,
4578125000, -1.717794e+001,
4579687500, -1.643161e+001,
4581250000, -1.720971e+001,
4582812500, -1.580674e+001,
4584375000, -1.347953e+001,
4585937500, -1.393816e+001,
4587500000, -1.539117e+001,
4589062500, -1.630741e+001,
4590625000, -1.630161e+001,
4592187500, -1.597536e+001,
4593750000, -1.578385e+001,
4595312500, -1.763430e+001,
4596875000, -1.718050e+001,
4598437500, -1.360649e+001,
4600000000, -1.171729e+001,
4601562500, -1.208712e+001,
4603125000, -1.315786e+001,
4604687500, -1.384452e+001,
4606250000, -1.391937e+001,
4607812500, -1.425126e+001,
4609375000, -1.763767e+001,
4610937500, -1.699984e+001,
4612500000, -1.393179e+001,
4614062500, -1.375616e+001,
4615625000, -1.533646e+001,
4617187500, -1.687651e+001,
4618750000, -1.790944e+001,
4620312500, -1.845993e+001,
4621875000, -2.025087e+001,
4623437500, -2.191463e+001,
4625000000, -1.946315e+001,
4626562500, -1.733564e+001,
4628125000, -1.694898e+001,
4629687500, -1.864233e+001,
4631250000, -2.060292e+001,
4632812500, -2.200717e+001,
4634375000, -2.310118e+001,
4635937500, -2.246155e+001,
4637500000, -1.887922e+001,
4639062500, -1.674999e+001,
4640625000, -1.623570e+001,
4642187500, -1.719151e+001,
4643750000, -1.921898e+001,
4645312500, -1.940487e+001,
4646875000, -2.086595e+001,
4648437500, -2.201491e+001,
4650000000, -2.087625e+001,
4651562500, -1.850783e+001,
4653125000, -1.689861e+001,
4654687500, -1.623087e+001,
4656250000, -1.744416e+001,
4657812500, -2.041300e+001,
4659375000, -2.461049e+001,
4660937500, -2.830163e+001,
4662500000, -2.630175e+001,
4664062500, -2.442226e+001,
4665625000, -2.392098e+001,
4667187500, -2.480511e+001,
4668750000, -2.611391e+001,
4670312500, -3.057760e+001,
4671875000, -3.949574e+001,
4673437500, -3.950641e+001,
4675000000, -3.473006e+001,
4676562500, -3.036559e+001,
4678125000, -2.540549e+001,
4679687500, -2.266959e+001,
4681250000, -2.305738e+001,
4682812500, -2.636938e+001,
4684375000, -2.672658e+001,
4685937500, -2.446243e+001,
4687500000, -2.247999e+001,
4689062500, -1.969034e+001,
4690625000, -1.823601e+001,
4692187500, -1.927810e+001,
4693750000, -2.129957e+001,
4695312500, -2.349057e+001,
4696875000, -2.524034e+001,
4698437500, -2.585957e+001,
4700000000, -2.592828e+001,
4701562500, -2.578747e+001,
4703125000, -2.692419e+001,
4704687500, -2.926316e+001,
4706250000, -3.248653e+001,
4707812500, -4.004937e+001,
4709375000, -5.507954e+001,
4710937500, -5.192879e+001,
4712500000, -3.877502e+001,
4714062500, -3.450199e+001,
4715625000, -3.268097e+001,
4717187500, -3.058087e+001,
4718750000, -2.957788e+001,
4720312500, -2.930068e+001,
4721875000, -3.100854e+001,
4723437500, -3.391131e+001,
4725000000, -3.131437e+001,
4726562500, -3.186372e+001,
4728125000, -3.210324e+001,
4729687500, -3.255799e+001,
4731250000, -3.710041e+001,
4732812500, -4.076341e+001,
4734375000, -3.627204e+001,
4735937500, -2.996547e+001,
4737500000, -2.641099e+001,
4739062500, -2.699713e+001,
4740625000, -3.092214e+001,
4742187500, -3.567530e+001,
4743750000, -3.254371e+001,
4745312500, -2.840847e+001,
4746875000, -2.694570e+001,
4748437500, -2.681420e+001,
4750000000, -2.671677e+001,
4751562500, -2.796261e+001,
4753125000, -3.218062e+001,
4754687500, -3.458754e+001,
4756250000, -3.514019e+001,
4757812500, -3.453916e+001,
4759375000, -3.318745e+001,
4760937500, -3.278889e+001,
4762500000, -3.095969e+001,
4764062500, -2.840161e+001,
4765625000, -2.627170e+001,
4767187500, -2.317711e+001,
4768750000, -2.320102e+001,
4770312500, -2.565806e+001,
4771875000, -2.635636e+001,
4773437500, -2.665184e+001,
4775000000, -2.801346e+001,
4776562500, -3.114937e+001,
4778125000, -2.973131e+001,
4779687500, -2.227334e+001,
4781250000, -1.901153e+001,
4782812500, -2.149242e+001,
4784375000, -2.468285e+001,
4785937500, -2.883975e+001,
4787500000, -3.032423e+001,
4789062500, -2.962147e+001,
4790625000, -2.771531e+001,
4792187500, -2.473293e+001,
4793750000, -2.050302e+001,
4795312500, -2.060786e+001,
4796875000, -2.479410e+001,
4798437500, -2.780599e+001,
4800000000, -2.809151e+001,
4801562500, -2.668738e+001,
4803125000, -2.653962e+001,
4804687500, -2.636599e+001,
4806250000, -2.448935e+001,
4807812500, -2.108419e+001,
4809375000, -2.292513e+001,
4810937500, -2.673368e+001,
4812500000, -2.932080e+001,
4814062500, -3.031470e+001,
4815625000, -3.144804e+001,
4817187500, -3.425984e+001,
4818750000, -3.736074e+001,
4820312500, -3.672349e+001,
4821875000, -3.417300e+001,
4823437500, -3.508414e+001,
4825000000, -3.706359e+001,
4826562500, -4.116252e+001,
4828125000, -4.348701e+001,
4829687500, -4.145322e+001,
4831250000, -3.802549e+001,
4832812500, -3.485584e+001,
4834375000, -3.302717e+001,
4835937500, -3.505423e+001,
4837500000, -3.632025e+001,
4839062500, -3.641703e+001,
4840625000, -3.651825e+001,
4842187500, -3.592444e+001,
4843750000, -3.518600e+001,
4845312500, -3.424085e+001,
4846875000, -3.295896e+001,
4848437500, -3.232866e+001,
4850000000, -3.350434e+001,
4851562500, -3.523888e+001,
4853125000, -3.649337e+001,
4854687500, -3.784123e+001,
4856250000, -4.026934e+001,
4857812500, -4.386469e+001,
4859375000, -4.705669e+001,
4860937500, -5.563754e+001,
4862500000, -4.556334e+001,
4864062500, -4.256158e+001,
4865625000, -4.313379e+001,
4867187500, -4.553900e+001,
4868750000, -4.634524e+001,
4870312500, -4.342267e+001,
4871875000, -4.054515e+001,
4873437500, -3.871067e+001,
4875000000, -3.715750e+001,
4876562500, -3.629874e+001,
4878125000, -3.711142e+001,
4879687500, -3.959556e+001,
4881250000, -4.366042e+001,
4882812500, -4.788224e+001,
4884375000, -4.380015e+001,
4885937500, -4.054043e+001,
4887500000, -4.026824e+001,
4889062500, -4.120340e+001,
4890625000, -4.396247e+001,
4892187500, -4.513316e+001,
4893750000, -4.186655e+001,
4895312500, -3.926186e+001,
4896875000, -3.829028e+001,
4898437500, -3.804235e+001,
4900000000, -3.896084e+001,
4901562500, -4.159435e+001,
4903125000, -4.633954e+001,
4904687500, -4.946118e+001,
4906250000, -4.536569e+001,
4907812500, -4.252571e+001,
4909375000, -4.298898e+001,
4910937500, -4.718991e+001,
4912500000, -6.490538e+001,
4914062500, -4.830692e+001,
4915625000, -4.268220e+001,
4917187500, -4.136435e+001,
4918750000, -4.214067e+001,
4920312500, -4.479039e+001,
4921875000, -4.992684e+001,
4923437500, -5.617385e+001,
4925000000, -7.946502e+001,
4926562500, -5.214331e+001,
4928125000, -4.682672e+001,
4929687500, -4.482853e+001,
4931250000, -4.371279e+001,
4932812500, -4.547432e+001,
4934375000, -5.250924e+001,
4935937500, -5.532705e+001,
4937500000, -4.589505e+001,
4939062500, -4.332796e+001,
4940625000, -4.450398e+001,
4942187500, -5.005328e+001,
4943750000, -5.680429e+001,
4945312500, -4.708013e+001,
4946875000, -4.445908e+001,
4948437500, -4.473711e+001,
4950000000, -4.685136e+001,
4951562500, -5.255218e+001,
4953125000, -5.419339e+001,
4954687500, -4.791848e+001,
4956250000, -4.607075e+001,
4957812500, -4.843813e+001,
4959375000, -6.120190e+001,
4960937500, -5.155899e+001,
4962500000, -4.645896e+001,
4964062500, -4.681643e+001,
4965625000, -5.173914e+001,
4967187500, -5.195630e+001,
4968750000, -4.699083e+001,
4970312500, -4.636960e+001,
4971875000, -4.980082e+001,
4973437500, -6.019231e+001,
4975000000, -5.176685e+001,
4976562500, -4.831727e+001,
4978125000, -4.839428e+001,
4979687500, -5.012951e+001,
4981250000, -5.182821e+001,
4982812500, -5.165828e+001,
4984375000, -4.879076e+001,
4985937500, -4.697410e+001,
4987500000, -4.826590e+001,
4989062500, -5.770916e+001,
4990625000, -5.311147e+001,
4992187500, -4.612100e+001,
4993750000, -4.526218e+001,
4995312500, -4.980986e+001,
4996875000, -6.001310e+001,
4998437500, -4.757495e+001,
5000000000, -4.546722e+001,
5001562500, -4.786156e+001,
5003125000, -5.975378e+001,
5004687500, -5.257035e+001,
5006250000, -4.648039e+001,
5007812500, -4.614338e+001,
5009375000, -5.002759e+001,
5010937500, -5.640173e+001,
5012500000, -4.964129e+001,
5014062500, -4.841486e+001,
5015625000, -5.281104e+001,
5017187500, -5.688340e+001,
5018750000, -4.923323e+001,
5020312500, -4.698363e+001,
5021875000, -4.842019e+001,
5023437500, -5.366322e+001,
5025000000, -5.479277e+001,
5026562500, -5.012286e+001,
5028125000, -5.024307e+001,
5029687500, -5.247883e+001,
5031250000, -5.081702e+001,
5032812500, -4.899824e+001,
5034375000, -5.026051e+001,
5035937500, -5.451375e+001,
5037500000, -5.342473e+001,
5039062500, -4.962832e+001,
5040625000, -4.989310e+001,
5042187500, -5.220220e+001,
5043750000, -5.141239e+001,
5045312500, -5.061956e+001,
5046875000, -5.265434e+001,
5048437500, -5.294652e+001,
5050000000, -5.039882e+001,
5051562500, -5.034886e+001,
5053125000, -5.168714e+001,
5054687500, -5.195663e+001,
5056250000, -5.116554e+001,
5057812500, -5.215310e+001,
5059375000, -5.198847e+001,
5060937500, -5.079782e+001,
5062500000, -5.140265e+001,
5064062500, -5.187173e+001,
5065625000, -5.166599e+001,
5067187500, -5.182423e+001,
5068750000, -5.143474e+001,
5070312500, -5.145333e+001,
5071875000, -5.134269e+001,
5073437500, -5.194762e+001,
5075000000, -5.193914e+001,
5076562500, -5.103740e+001,
5078125000, -5.156779e+001,
5079687500, -5.132697e+001,
5081250000, -5.164689e+001,
5082812500, -5.189861e+001,
5084375000, -5.114719e+001,
5085937500, -5.137143e+001,
5087500000, -5.188135e+001,
5089062500, -5.147808e+001,
5090625000, -5.189152e+001,
5092187500, -5.140845e+001,
5093750000, -5.141032e+001,
5095312500, -5.175348e+001,
5096875000, -5.155320e+001,
5098437500, -5.155834e+001,
5100000000, -5.138448e+001,
5101562500, -5.144357e+001,
5103125000, -5.170072e+001,
5104687500, -5.160846e+001,
5106250000, -5.146130e+001,
5107812500, -5.157067e+001,
5109375000, -5.167861e+001,
5110937500, -5.173195e+001,
5112500000, -5.156333e+001,
5114062500, -5.161728e+001,
5115625000, -5.172073e+001,
5117187500, -5.171146e+001,
5118750000, -5.167171e+001,
5120312500, -5.178587e+001,
5121875000, -5.179079e+001,
5123437500, -5.181988e+001,
5125000000, -5.182967e+001,
5126562500, -5.192272e+001,
5128125000, -5.193642e+001,
5129687500, -5.202818e+001,
5131250000, -5.207101e+001,
5132812500, -5.205251e+001,
5134375000, -5.218111e+001,
5135937500, -5.223862e+001,
5137500000, -5.231831e+001,
5139062500, -5.233990e+001,
5140625000, -5.239155e+001,
5142187500, -5.246507e+001,
5143750000, -5.258845e+001,
5145312500, -5.262189e+001,
5146875000, -5.268120e+001,
5148437500, -5.271322e+001,
5150000000, -5.281044e+001,
5151562500, -5.288485e+001,
5153125000, -5.294396e+001,
5154687500, -5.304992e+001,
5156250000, -5.313471e+001,
5157812500, -5.322055e+001,
5159375000, -5.327187e+001,
5160937500, -5.336829e+001,
5162500000, -5.338670e+001,
5164062500, -5.345268e+001,
5165625000, -5.357256e+001,
5167187500, -5.361468e+001,
5168750000, -5.373652e+001,
5170312500, -5.381434e+001,
5171875000, -5.392636e+001,
5173437500, -5.391272e+001,
5175000000, -5.403918e+001,
5176562500, -5.413033e+001,
5178125000, -5.425740e+001,
5179687500, -5.436695e+001,
5181250000, -5.437580e+001,
5182812500, -5.439763e+001,
5184375000, -5.448921e+001,
5185937500, -5.455529e+001,
5187500000, -5.454393e+001,
5189062500, -5.458939e+001,
5190625000, -5.471561e+001,
5192187500, -5.475943e+001,
5193750000, -5.471913e+001,
5195312500, -5.479124e+001,
5196875000, -5.475042e+001,
5198437500, -5.485625e+001,
5200000000, -5.487928e+001,
5201562500, -5.497026e+001,
5203125000, -5.488794e+001,
5204687500, -5.500894e+001,
5206250000, -5.500238e+001,
5207812500, -5.508381e+001,
5209375000, -5.509252e+001,
5210937500, -5.514050e+001,
5212500000, -5.522475e+001,
5214062500, -5.517391e+001,
5215625000, -5.532885e+001,
5217187500, -5.545053e+001,
5218750000, -5.544651e+001,
5220312500, -5.552543e+001,
5221875000, -5.550740e+001,
5223437500, -5.560012e+001,
5225000000, -5.568176e+001,
5226562500, -5.568031e+001,
5228125000, -5.578479e+001,
5229687500, -5.581789e+001,
5231250000, -5.590853e+001,
5232812500, -5.582560e+001,
5234375000, -5.579482e+001,
5235937500, -5.584047e+001,
5237500000, -5.575666e+001,
5239062500, -5.573672e+001,
5240625000, -5.571493e+001,
5242187500, -5.572443e+001,
5243750000, -5.569583e+001,
5245312500, -5.556415e+001,
5246875000, -5.560657e+001,
5248437500, -5.551586e+001,
5250000000, -5.553185e+001,
5251562500, -5.547021e+001,
5253125000, -5.539190e+001,
5254687500, -5.537704e+001,
5256250000, -5.525391e+001,
5257812500, -5.508236e+001,
5259375000, -5.484821e+001,
5260937500, -5.492102e+001,
5262500000, -5.502371e+001,
5264062500, -5.516595e+001,
5265625000, -5.533869e+001,
5267187500, -5.534411e+001,
5268750000, -5.525519e+001,
5270312500, -5.514962e+001,
5271875000, -5.504350e+001,
5273437500, -5.497964e+001,
5275000000, -5.497460e+001,
5276562500, -5.498800e+001,
5278125000, -5.498583e+001,
5279687500, -5.506868e+001,
5281250000, -5.507530e+001,
5282812500, -5.519691e+001,
5284375000, -5.528772e+001,
5285937500, -5.540266e+001,
5287500000, -5.540464e+001,
5289062500, -5.550624e+001,
5290625000, -5.545567e+001,
5292187500, -5.541068e+001,
5293750000, -5.527547e+001,
5295312500, -5.521223e+001,
5296875000, -5.515334e+001,
5298437500, -5.505954e+001,
5300000000, -5.494640e+001,
5301562500, -5.491888e+001,
5303125000, -5.494061e+001,
5304687500, -5.496576e+001,
5306250000, -5.485861e+001,
5307812500, -5.491384e+001,
5309375000, -5.499299e+001,
5310937500, -5.498952e+001,
5312500000, -5.507642e+001,
5314062500, -5.509612e+001,
5315625000, -5.511132e+001,
5317187500, -5.519603e+001,
5318750000, -5.522889e+001,
5320312500, -5.533913e+001,
5321875000, -5.529874e+001,
5323437500, -5.535081e+001,
5325000000, -5.538045e+001,
5326562500, -5.541077e+001,
5328125000, -5.543474e+001,
5329687500, -5.541222e+001,
5331250000, -5.548784e+001,
5332812500, -5.554434e+001,
5334375000, -5.564285e+001,
5335937500, -5.572812e+001,
5337500000, -5.572314e+001,
5339062500, -5.576187e+001,
5340625000, -5.576159e+001,
5342187500, -5.585821e+001,
5343750000, -5.572790e+001,
5345312500, -5.591350e+001,
5346875000, -5.590692e+001,
5348437500, -5.585254e+001,
5350000000, -5.577899e+001,
5351562500, -5.581468e+001,
5353125000, -5.586023e+001,
5354687500, -5.587370e+001,
5356250000, -5.594973e+001,
5357812500, -5.595020e+001,
5359375000, -5.604926e+001,
5360937500, -5.595865e+001,
5362500000, -5.590980e+001,
5364062500, -5.590106e+001,
5365625000, -5.595585e+001,
5367187500, -5.584809e+001,
5368750000, -5.580248e+001,
5370312500, -5.571756e+001,
5371875000, -5.561976e+001,
5373437500, -5.548067e+001,
5375000000, -5.546955e+001,
5376562500, -5.533456e+001,
5378125000, -5.521559e+001,
5379687500, -5.509311e+001,
5381250000, -5.502972e+001,
5382812500, -5.494356e+001,
5384375000, -5.489256e+001,
5385937500, -5.478398e+001,
5387500000, -5.457809e+001,
5389062500, -5.466008e+001,
5390625000, -5.445492e+001,
5392187500, -5.443097e+001,
5393750000, -5.437211e+001,
5395312500, -5.427738e+001,
5396875000, -5.420078e+001,
5398437500, -5.414184e+001,
5400000000, -5.418915e+001,
5401562500, -5.419512e+001,
5403125000, -5.419067e+001,
5404687500, -5.421598e+001,
5406250000, -5.427946e+001,
5407812500, -5.432574e+001,
5409375000, -5.422558e+001,
5410937500, -5.423817e+001,
5412500000, -5.419516e+001,
5414062500, -5.422454e+001,
5415625000, -5.420509e+001,
5417187500, -5.422975e+001,
5418750000, -5.420727e+001,
5420312500, -5.427751e+001,
5421875000, -5.422358e+001,
5423437500, -5.427069e+001,
5425000000, -5.432098e+001,
5426562500, -5.431865e+001,
5428125000, -5.425861e+001,
5429687500, -5.431482e+001,
5431250000, -5.429525e+001,
5432812500, -5.432380e+001,
5434375000, -5.428998e+001,
5435937500, -5.436422e+001,
5437500000, -5.436890e+001,
5439062500, -5.439196e+001,
5440625000, -5.436884e+001,
5442187500, -5.445423e+001,
5443750000, -5.442448e+001,
5445312500, -5.456858e+001,
5446875000, -5.453491e+001,
5448437500, -5.459724e+001,
5450000000, -5.466019e+001,
5451562500, -5.475886e+001,
5453125000, -5.484776e+001,
5454687500, -5.491484e+001,
5456250000, -5.496074e+001,
5457812500, -5.515387e+001,
5459375000, -5.523279e+001,
5460937500, -5.528658e+001,
5462500000, -5.538340e+001,
5464062500, -5.550475e+001,
5465625000, -5.558264e+001,
5467187500, -5.560704e+001,
5468750000, -5.574643e+001,
5470312500, -5.582888e+001,
5471875000, -5.585052e+001,
5473437500, -5.596080e+001,
5475000000, -5.591161e+001,
5476562500, -5.608037e+001,
5478125000, -5.621787e+001,
5479687500, -5.607288e+001,
5481250000, -5.614913e+001,
5482812500, -5.623605e+001,
5484375000, -5.621638e+001,
5485937500, -5.634734e+001,
5487500000, -5.637441e+001,
5489062500, -5.638423e+001,
5490625000, -5.640915e+001,
5492187500, -5.644612e+001,
5493750000, -5.644649e+001,
5495312500, -5.658022e+001,
5496875000, -5.658302e+001,
5498437500, -5.660358e+001,
5500000000, -5.654965e+001,
