"S12 Phase"
"Frequency (Hz)","Deg",
3500000000, -1.514732e+002,
3501137500, -1.528313e+002,
3502275000, -1.539145e+002,
3503412500, -1.554668e+002,
3504550000, -1.571521e+002,
3505687500, -1.596856e+002,
3506825000, -1.600992e+002,
3507962500, -1.614603e+002,
3509100000, -1.640736e+002,
3510237500, -1.665768e+002,
3511375000, -1.668316e+002,
3512512500, -1.672933e+002,
3513650000, -1.687217e+002,
3514787500, -1.713250e+002,
3515925000, -1.725402e+002,
3517062500, -1.733772e+002,
3518200000, -1.763190e+002,
3519337500, -1.777873e+002,
3520475000, -1.779294e+002,
3521612500, 1.788819e+002,
3522750000, 1.771027e+002,
3523887500, 1.761908e+002,
3525025000, 1.756760e+002,
3526162500, 1.734042e+002,
3527300000, 1.709606e+002,
3528437500, 1.693556e+002,
3529575000, 1.693508e+002,
3530712500, 1.668078e+002,
3531850000, 1.650113e+002,
3532987500, 1.655880e+002,
3534125000, 1.638686e+002,
3535262500, 1.602659e+002,
3536400000, 1.596695e+002,
3537537500, 1.596869e+002,
3538675000, 1.571344e+002,
3539812500, 1.561783e+002,
3540950000, 1.558372e+002,
3542087500, 1.541392e+002,
3543225000, 1.532743e+002,
3544362500, 1.523755e+002,
3545500000, 1.511071e+002,
3546637500, 1.493701e+002,
3547775000, 1.472386e+002,
3548912500, 1.459670e+002,
3550050000, 1.450747e+002,
3551187500, 1.432143e+002,
3552325000, 1.425603e+002,
3553462500, 1.398865e+002,
3554600000, 1.387541e+002,
3555737500, 1.386672e+002,
3556875000, 1.363292e+002,
3558012500, 1.333850e+002,
3559150000, 1.319348e+002,
3560287500, 1.317156e+002,
3561425000, 1.311682e+002,
3562562500, 1.298483e+002,
3563700000, 1.279743e+002,
3564837500, 1.256563e+002,
3565975000, 1.236093e+002,
3567112500, 1.238336e+002,
3568250000, 1.229924e+002,
3569387500, 1.204874e+002,
3570525000, 1.192208e+002,
3571662500, 1.173984e+002,
3572800000, 1.162231e+002,
3573937500, 1.155431e+002,
3575075000, 1.156338e+002,
3576212500, 1.139124e+002,
3577350000, 1.096214e+002,
3578487500, 1.077854e+002,
3579625000, 1.087131e+002,
3580762500, 1.076882e+002,
3581900000, 1.053823e+002,
3583037500, 1.038725e+002,
3584175000, 1.041779e+002,
3585312500, 1.027160e+002,
3586450000, 1.018742e+002,
3587587500, 9.878059e+001,
3588725000, 9.554772e+001,
3589862500, 9.322518e+001,
3591000000, 9.553188e+001,
3592137500, 9.546148e+001,
3593275000, 9.450080e+001,
3594412500, 9.084659e+001,
3595550000, 8.702576e+001,
3596687500, 8.539829e+001,
3597825000, 8.934851e+001,
3598962500, 8.893731e+001,
3600100000, 8.582275e+001,
3601237500, 8.289275e+001,
3602375000, 8.024123e+001,
3603512500, 7.935875e+001,
3604650000, 8.066974e+001,
3605787500, 8.015476e+001,
3606925000, 7.839928e+001,
3608062500, 7.522454e+001,
3609200000, 7.215911e+001,
3610337500, 7.190334e+001,
3611475000, 7.044333e+001,
3612612500, 6.869828e+001,
3613750000, 6.860510e+001,
3614887500, 6.768702e+001,
3616025000, 6.576380e+001,
3617162500, 6.417001e+001,
3618300000, 6.238411e+001,
3619437500, 5.701315e+001,
3620575000, 5.416279e+001,
3621712500, 5.769040e+001,
3622850000, 5.988492e+001,
3623987500, 5.577653e+001,
3625125000, 5.244401e+001,
3626262500, 4.953384e+001,
3627400000, 4.619232e+001,
3628537500, 4.427634e+001,
3629675000, 4.755807e+001,
3630812500, 4.847206e+001,
3631950000, 4.755933e+001,
3633087500, 4.476464e+001,
3634225000, 4.016372e+001,
3635362500, 3.482323e+001,
3636500000, 3.506190e+001,
3637637500, 3.821611e+001,
3638775000, 3.876803e+001,
3639912500, 3.480451e+001,
3641050000, 3.161989e+001,
3642187500, 2.996599e+001,
3643325000, 2.719749e+001,
3644462500, 2.485474e+001,
3645600000, 2.496459e+001,
3646737500, 2.763190e+001,
3647875000, 2.787034e+001,
3649012500, 2.352294e+001,
3650150000, 1.673485e+001,
3651287500, 1.213526e+001,
3652425000, 1.294558e+001,
3653562500, 1.268324e+001,
3654700000, 1.281473e+001,
3655837500, 1.359267e+001,
3656975000, 1.295642e+001,
3658112500, 8.672483e+000,
3659250000, 3.042334e+000,
3660387500, -9.300316e-002,
3661525000, 9.958271e-001,
3662662500, -1.475892e+000,
3663800000, 1.702361e+000,
3664937500, 6.014263e+000,
3666075000, 2.973248e+000,
3667212500, -1.681738e+000,
3668350000, -8.585128e+000,
3669487500, -1.185886e+001,
3670625000, -1.160931e+001,
3671762500, -1.062104e+001,
3672900000, -9.097104e+000,
3674037500, -1.029514e+001,
3675175000, -1.347411e+001,
3676312500, -1.896188e+001,
3677450000, -2.393514e+001,
3678587500, -2.534144e+001,
3679725000, -2.244223e+001,
3680862500, -1.860560e+001,
3682000000, -1.982803e+001,
3683137500, -2.386088e+001,
3684275000, -2.872440e+001,
3685412500, -3.438803e+001,
3686550000, -3.941526e+001,
3687687500, -3.988485e+001,
3688825000, -3.444621e+001,
3689962500, -3.341351e+001,
3691100000, -3.706033e+001,
3692237500, -4.085016e+001,
3693375000, -4.381104e+001,
3694512500, -4.440172e+001,
3695650000, -4.430639e+001,
3696787500, -4.862599e+001,
3697925000, -5.445153e+001,
3699062500, -4.973221e+001,
3700200000, -4.204525e+001,
3701337500, -4.234367e+001,
3702475000, -4.940037e+001,
3703612500, -5.836678e+001,
3704750000, -6.618040e+001,
3705887500, -6.457980e+001,
3707025000, -5.665824e+001,
3708162500, -5.481266e+001,
3709300000, -5.875525e+001,
3710437500, -6.171780e+001,
3711575000, -6.587812e+001,
3712712500, -7.271527e+001,
3713850000, -7.586526e+001,
3714987500, -7.301652e+001,
3716125000, -6.781932e+001,
3717262500, -6.690516e+001,
3718400000, -7.421015e+001,
3719537500, -7.662851e+001,
3720675000, -7.604276e+001,
3721812500, -7.951681e+001,
3722950000, -8.486098e+001,
3724087500, -8.809147e+001,
3725225000, -8.640570e+001,
3726362500, -8.816106e+001,
3727500000, -8.933043e+001,
3728637500, -8.912165e+001,
3729775000, -9.153941e+001,
3730912500, -9.228529e+001,
3732050000, -9.262165e+001,
3733187500, -9.604241e+001,
3734325000, -1.035655e+002,
3735462500, -1.005538e+002,
3736600000, -8.826238e+001,
3737737500, -8.621606e+001,
3738875000, -9.224304e+001,
3740012500, -1.026769e+002,
3741150000, -1.113374e+002,
3742287500, -1.155727e+002,
3743425000, -1.111434e+002,
3744562500, -1.059332e+002,
3745700000, -1.045222e+002,
3746837500, -1.062985e+002,
3747975000, -1.099203e+002,
3749112500, -1.131027e+002,
3750250000, -1.142748e+002,
3751387500, -1.145679e+002,
3752525000, -1.197042e+002,
3753662500, -1.258573e+002,
3754800000, -1.261751e+002,
3755937500, -1.234983e+002,
3757075000, -1.246232e+002,
3758212500, -1.246980e+002,
3759350000, -1.240052e+002,
3760487500, -1.270194e+002,
3761625000, -1.321325e+002,
3762762500, -1.368769e+002,
3763900000, -1.387100e+002,
3765037500, -1.375699e+002,
3766175000, -1.369208e+002,
3767312500, -1.372931e+002,
3768450000, -1.356440e+002,
3769587500, -1.395563e+002,
3770725000, -1.478720e+002,
3771862500, -1.514730e+002,
3773000000, -1.423964e+002,
3774137500, -1.373013e+002,
3775275000, -1.354417e+002,
3776412500, -1.384479e+002,
3777550000, -1.451466e+002,
3778687500, -1.514196e+002,
3779825000, -1.555830e+002,
3780962500, -1.591542e+002,
3782100000, -1.611783e+002,
3783237500, -1.643431e+002,
3784375000, -1.713817e+002,
3785512500, -1.721513e+002,
3786650000, -1.687033e+002,
3787787500, -1.530436e+002,
3788925000, -1.492949e+002,
3790062500, -1.603556e+002,
3791200000, -1.738975e+002,
3792337500, 1.763010e+002,
3793475000, 1.691855e+002,
3794612500, 1.656604e+002,
3795750000, 1.708573e+002,
3796887500, 1.744812e+002,
3798025000, 1.735101e+002,
3799162500, 1.738046e+002,
3800300000, 1.727863e+002,
3801437500, 1.688719e+002,
3802575000, 1.629897e+002,
3803712500, 1.588500e+002,
3804850000, 1.584421e+002,
3805987500, 1.608456e+002,
3807125000, 1.606068e+002,
3808262500, 1.540128e+002,
3809400000, 1.494787e+002,
3810537500, 1.467798e+002,
3811675000, 1.497732e+002,
3812812500, 1.535670e+002,
3813950000, 1.485923e+002,
3815087500, 1.424784e+002,
3816225000, 1.477574e+002,
3817362500, 1.524512e+002,
3818500000, 1.488575e+002,
3819637500, 1.419986e+002,
3820775000, 1.385446e+002,
3821912500, 1.416540e+002,
3823050000, 1.357428e+002,
3824187500, 1.239424e+002,
3825325000, 1.097819e+002,
3826462500, 1.052091e+002,
3827600000, 1.060782e+002,
3828737500, 1.347396e+002,
3829875000, 1.477545e+002,
3831012500, 1.370978e+002,
3832150000, 1.263759e+002,
3833287500, 1.173790e+002,
3834425000, 1.065187e+002,
3835562500, 9.352512e+001,
3836700000, 9.141081e+001,
3837837500, 9.597090e+001,
3838975000, 9.684206e+001,
3840112500, 9.375954e+001,
3841250000, 9.553963e+001,
3842387500, 1.031083e+002,
3843525000, 1.143356e+002,
3844662500, 1.117453e+002,
3845800000, 1.006945e+002,
3846937500, 8.776079e+001,
3848075000, 7.939704e+001,
3849212500, 8.372970e+001,
3850350000, 8.546154e+001,
3851487500, 8.727240e+001,
3852625000, 9.891448e+001,
3853762500, 9.792956e+001,
3854900000, 9.471814e+001,
3856037500, 8.440626e+001,
3857175000, 7.347207e+001,
3858312500, 7.659931e+001,
3859450000, 9.150049e+001,
3860587500, 9.450554e+001,
3861725000, 7.927842e+001,
3862862500, 6.718475e+001,
3864000000, 8.275773e+001,
3865137500, 1.080335e+002,
3866275000, 9.156388e+001,
3867412500, 6.542169e+001,
3868550000, 5.118790e+001,
3869687500, 4.760217e+001,
3870825000, 3.729920e+001,
3871962500, 4.068937e+001,
3873100000, 8.785771e+001,
3874237500, 8.131439e+001,
3875375000, 6.743813e+001,
3876512500, 5.829855e+001,
3877650000, 4.704984e+001,
3878787500, 3.759726e+001,
3879925000, 2.500516e+001,
3881062500, 1.742255e+001,
3882200000, 1.915012e+001,
3883337500, 1.853555e+001,
3884475000, 9.211554e+000,
3885612500, -1.912457e+001,
3886750000, 1.369059e+002,
3887887500, 9.579506e+001,
3889025000, 6.010625e+001,
3890162500, 2.967584e+001,
3891300000, 1.016216e-001,
3892437500, -2.183449e+001,
3893575000, -2.905164e+001,
3894712500, 4.241292e+001,
3895850000, 1.847834e+001,
3896987500, -2.922654e+000,
3898125000, 5.355568e+000,
3899262500, 8.272138e+000,
3900400000, -1.323705e+001,
3901537500, 3.643297e+001,
3902675000, 7.183539e+001,
3903812500, 6.905162e+001,
3904950000, 4.508567e+001,
3906087500, 1.205892e+001,
3907225000, -1.878030e+001,
3908362500, -6.915299e+001,
3909500000, 1.238977e+002,
3910637500, 4.730455e+001,
3911775000, 7.728782e-001,
3912912500, -3.489284e+001,
3914050000, -7.212263e+001,
3915187500, -9.345444e+001,
3916325000, 3.388643e+001,
3917462500, 1.187578e+001,
3918600000, -5.741607e+000,
3919737500, 1.166633e+001,
3920875000, 9.186743e+000,
3922012500, -1.199098e+001,
3923150000, -3.276227e+001,
3924287500, -4.723099e+001,
3925425000, -6.211704e+001,
3926562500, -7.758270e+001,
3927700000, -6.657812e+001,
3928837500, -4.069593e+001,
3929975000, -6.936275e+001,
3931112500, -1.170256e+002,
3932250000, 1.751680e+002,
3933387500, 9.604327e+001,
3934525000, 3.110569e+001,
3935662500, -1.723659e+001,
3936800000, -5.572581e+001,
3937937500, -8.736028e+001,
3939075000, -1.219891e+002,
3940212500, 1.657078e+002,
3941350000, 1.376537e+001,
3942487500, -4.046927e+001,
3943625000, -7.734277e+001,
3944762500, -9.613685e+001,
3945900000, -1.145402e+002,
3947037500, -1.333217e+002,
3948175000, -1.620408e+002,
3949312500, 1.558380e+002,
3950450000, 1.140316e+002,
3951587500, 6.224830e+001,
3952725000, 1.285498e+001,
3953862500, -2.569486e+001,
3955000000, -6.477218e+001,
3956137500, -1.099236e+002,
3957275000, -1.395115e+002,
3958412500, -6.638358e+001,
3959550000, -9.578123e+001,
3960687500, -1.325992e+002,
3961825000, -1.750085e+002,
3962962500, 1.385967e+002,
3964100000, 7.927525e+001,
3965237500, 1.374822e+001,
3966375000, -4.301473e+001,
3967512500, -6.933951e+001,
3968650000, -7.701841e+001,
3969787500, -1.018012e+002,
3970925000, -1.316297e+002,
3972062500, -1.591922e+002,
3973200000, 1.793625e+002,
3974337500, 1.648679e+002,
3975475000, 9.832845e+001,
3976612500, -5.080330e+001,
3977750000, -8.889873e+001,
3978887500, -1.367289e+002,
3980025000, 1.648915e+002,
3981162500, 1.061415e+002,
3982300000, 4.885048e+001,
3983437500, -1.433633e+001,
3984575000, -7.935104e+001,
3985712500, -1.319859e+002,
3986850000, -1.683962e+002,
3987987500, 1.440706e+002,
3989125000, 7.317063e+001,
3990262500, -1.621789e+001,
3991400000, -7.306087e+001,
3992537500, -1.164501e+002,
3993675000, -1.529849e+002,
3994812500, -1.702685e+002,
3995950000, 1.766572e+002,
3997087500, 1.637163e+002,
3998225000, 1.440101e+002,
3999362500, 1.163670e+002,
4000500000, 8.327024e+001,
4001637500, 4.143165e+001,
4002775000, -1.086429e+001,
4003912500, -6.959319e+001,
4005050000, -1.297046e+002,
4006187500, -1.785049e+002,
4007325000, -1.661734e+002,
4008462500, -1.531943e+002,
4009600000, -1.762808e+002,
4010737500, 1.491439e+002,
4011875000, 1.154682e+002,
4013012500, 9.121696e+001,
4014150000, 5.189217e+001,
4015287500, 2.261542e+000,
4016425000, -6.314721e+001,
4017562500, -1.297145e+002,
4018700000, -1.782424e+002,
4019837500, -1.784467e+002,
4020975000, 1.655692e+002,
4022112500, 1.410604e+002,
4023250000, 1.105221e+002,
4024387500, 7.670883e+001,
4025525000, 4.118230e+001,
4026662500, -1.650014e+000,
4027800000, -5.289430e+001,
4028937500, -1.081184e+002,
4030075000, -1.569350e+002,
4031212500, 1.564434e+002,
4032350000, 9.911185e+001,
4033487500, 3.846065e+001,
4034625000, -1.193316e+001,
4035762500, -7.425992e+001,
4036900000, -1.630920e+002,
4038037500, 1.511710e+002,
4039175000, 1.159230e+002,
4040312500, 8.162459e+001,
4041450000, 5.817997e+001,
4042587500, 2.957723e+001,
4043725000, -2.102282e+001,
4044862500, -1.005199e+002,
4046000000, -1.693511e+002,
4047137500, 1.513456e+002,
4048275000, 1.418406e+002,
4049412500, 1.327349e+002,
4050550000, 1.123271e+002,
4051687500, 9.002537e+001,
4052825000, 6.551334e+001,
4053962500, 4.132135e+001,
4055100000, 1.112738e+001,
4056237500, -2.954951e+001,
4057375000, -7.082533e+001,
4058512500, -1.121024e+002,
4059650000, -1.537768e+002,
4060787500, 1.506202e+002,
4061925000, 1.116388e+002,
4063062500, 1.085097e+002,
4064200000, 9.942952e+001,
4065337500, 8.294727e+001,
4066475000, 6.156681e+001,
4067612500, 3.466606e+001,
4068750000, 2.657703e+000,
4069887500, -3.370871e+001,
4071025000, -7.005059e+001,
4072162500, -1.132344e+002,
4073300000, -1.601794e+002,
4074437500, 1.622954e+002,
4075575000, 1.292433e+002,
4076712500, 1.103908e+002,
4077850000, 8.340515e+001,
4078987500, 4.982142e+001,
4080125000, 1.984832e+001,
4081262500, -9.298273e+000,
4082400000, -3.687288e+001,
4083537500, -6.766067e+001,
4084675000, -1.056373e+002,
4085812500, -1.506793e+002,
4086950000, 1.624482e+002,
4088087500, 1.193562e+002,
4089225000, 7.707837e+001,
4090362500, 3.812222e+001,
4091500000, 1.285096e+001,
4092637500, 2.605213e-002,
4093775000, -2.044196e+001,
4094912500, -4.419505e+001,
4096050000, -2.995893e+001,
4097187500, -3.846379e+001,
4098325000, -7.401204e+001,
4099462500, -7.930712e+001,
4100600000, -5.764902e+001,
4101737500, -1.986572e+000,
4102875000, -5.687538e+000,
4104012500, -1.894900e+001,
4105150000, 2.034900e+001,
4106287500, 4.204165e+001,
4107425000, -7.402820e+000,
4108562500, -8.940705e+001,
4109700000, 1.246933e+002,
4110837500, 7.177200e+001,
4111975000, 3.841170e+001,
4113112500, 1.520997e+001,
4114250000, -5.925823e+000,
4115387500, -2.501426e+001,
4116525000, -5.367506e+001,
4117662500, -8.376425e+001,
4118800000, -1.094292e+002,
4119937500, -1.339646e+002,
4121075000, -1.700284e+002,
4122212500, 1.505317e+002,
4123350000, 1.099004e+002,
4124487500, 7.494517e+001,
4125625000, 5.170033e+001,
4126762500, 3.002455e+001,
4127900000, 3.597229e+000,
4129037500, -1.987387e+001,
4130175000, -3.815218e+001,
4131312500, -5.308333e+001,
4132450000, -7.300319e+001,
4133587500, -9.995609e+001,
4134725000, -1.313408e+002,
4135862500, -1.665760e+002,
4137000000, 1.604494e+002,
4138137500, 1.309297e+002,
4139275000, 9.692182e+001,
4140412500, 5.389028e+001,
4141550000, 3.196329e+000,
4142687500, -3.504677e+001,
4143825000, -1.870538e+001,
4144962500, -1.270723e+001,
4146100000, -4.743450e+001,
4147237500, -8.008390e+001,
4148375000, -1.132961e+002,
4149512500, -1.448525e+002,
4150650000, -1.755224e+002,
4151787500, 1.509202e+002,
4152925000, 1.213229e+002,
4154062500, 1.132373e+002,
4155200000, 1.035030e+002,
4156337500, 6.852370e+001,
4157475000, 2.857082e+001,
4158612500, 9.390059e-001,
4159750000, -2.149527e+001,
4160887500, -4.140190e+001,
4162025000, -5.654962e+001,
4163162500, -6.943387e+001,
4164300000, -8.432887e+001,
4165437500, -1.060844e+002,
4166575000, -1.303009e+002,
4167712500, -1.504472e+002,
4168850000, 1.755467e+002,
4169987500, 1.127318e+002,
4171125000, 4.169524e+001,
4172262500, -1.624934e+001,
4173400000, -5.578225e+001,
4174537500, -8.166215e+001,
4175675000, -1.040129e+002,
4176812500, -1.230944e+002,
4177950000, -1.465636e+002,
4179087500, -1.794367e+002,
4180225000, 1.411390e+002,
4181362500, 1.098378e+002,
4182500000, 1.226083e+002,
4183637500, 8.152334e+001,
4184775000, 3.447117e+001,
4185912500, -3.844600e+000,
4187050000, -3.386107e+001,
4188187500, -5.997792e+001,
4189325000, -9.711518e+001,
4190462500, -1.322551e+002,
4191600000, -1.510880e+002,
4192737500, -1.678353e+002,
4193875000, -1.766401e+002,
4195012500, 1.723323e+002,
4196150000, 1.556178e+002,
4197287500, 1.215786e+002,
4198425000, 8.044673e+001,
4199562500, 3.138738e+001,
4200700000, -7.169504e+000,
4201837500, -3.571087e+001,
4202975000, -6.266306e+001,
4204112500, -8.949098e+001,
4205250000, -1.108066e+002,
4206387500, -1.257219e+002,
4207525000, -1.382695e+002,
4208662500, -1.570892e+002,
4209800000, 1.747791e+002,
4210937500, 1.450748e+002,
4212075000, 1.166383e+002,
4213212500, 8.622759e+001,
4214350000, 5.165312e+001,
4215487500, 2.259829e+001,
4216625000, 6.485265e-001,
4217762500, -2.130477e+001,
4218900000, -3.996708e+001,
4220037500, -6.171138e+001,
4221175000, -8.887040e+001,
4222312500, -1.180401e+002,
4223450000, -1.456519e+002,
4224587500, -1.706073e+002,
4225725000, 1.661276e+002,
4226862500, 1.422319e+002,
4228000000, 1.145374e+002,
4229137500, 8.157324e+001,
4230275000, 4.756045e+001,
4231412500, 1.134600e+001,
4232550000, -3.637935e+001,
4233687500, -1.331840e+002,
4234825000, 1.450484e+002,
4235962500, 8.769082e+001,
4237100000, 3.432791e+001,
4238237500, -1.716592e+001,
4239375000, -6.414349e+001,
4240512500, -1.003765e+002,
4241650000, -1.328368e+002,
4242787500, -1.717654e+002,
4243925000, 1.530381e+002,
4245062500, 1.287132e+002,
4246200000, 7.637942e+001,
4247337500, -8.966031e+001,
4248475000, -1.355784e+002,
4249612500, 1.781093e+002,
4250750000, 1.379510e+002,
4251887500, 1.104040e+002,
4253025000, 9.030887e+001,
4254162500, 7.270414e+001,
4255300000, 6.583981e+001,
4256437500, 8.269994e+001,
4257575000, 6.676894e+001,
4258712500, 3.887594e+001,
4259850000, 1.083878e+001,
4260987500, -1.788530e+001,
4262125000, -4.669822e+001,
4263262500, -8.087529e+001,
4264400000, -1.150047e+002,
4265537500, -1.474754e+002,
4266675000, -1.719440e+002,
4267812500, 1.760546e+002,
4268950000, 1.601925e+002,
4270087500, 1.458719e+002,
4271225000, 1.375578e+002,
4272362500, 1.365969e+002,
4273500000, 1.370829e+002,
4274637500, 1.500265e+002,
4275775000, 1.634181e+002,
4276912500, 1.550831e+002,
4278050000, 1.406729e+002,
4279187500, 1.271368e+002,
4280325000, 1.120793e+002,
4281462500, 9.242322e+001,
4282600000, 7.634218e+001,
4283737500, 5.907030e+001,
4284875000, 4.660394e+001,
4286012500, 2.981639e+001,
4287150000, 5.765235e+000,
4288287500, -2.692246e+001,
4289425000, -1.228318e+002,
4290562500, 1.427133e+002,
4291700000, 7.517442e+001,
4292837500, 1.380496e+001,
4293975000, -4.970381e+001,
4295112500, -1.571745e+002,
4296250000, 1.550606e+002,
4297387500, 1.346220e+002,
4298525000, 1.188623e+002,
4299662500, 1.132683e+002,
4300800000, 1.167678e+002,
4301937500, 1.019251e+002,
4303075000, 9.299951e+001,
4304212500, 8.191221e+001,
4305350000, 7.477212e+001,
4306487500, 7.224793e+001,
4307625000, 7.643720e+001,
4308762500, 6.459565e+001,
4309900000, 5.363308e+001,
4311037500, 4.669657e+001,
4312175000, 3.341245e+001,
4313312500, 1.249886e+001,
4314450000, -1.037457e+001,
4315587500, -3.320580e+001,
4316725000, -6.025648e+001,
4317862500, -7.750445e+001,
4319000000, -9.100612e+001,
4320137500, -1.043967e+002,
4321275000, -1.235182e+002,
4322412500, -1.398203e+002,
4323550000, -1.498117e+002,
4324687500, -1.612778e+002,
4325825000, -1.702668e+002,
4326962500, 1.782271e+002,
4328100000, 1.612180e+002,
4329237500, 1.413826e+002,
4330375000, 1.239181e+002,
4331512500, 1.031964e+002,
4332650000, 8.584025e+001,
4333787500, 6.909315e+001,
4334925000, 5.544378e+001,
4336062500, 4.565291e+001,
4337200000, 3.532247e+001,
4338337500, 2.361420e+001,
4339475000, 1.150167e+001,
4340612500, -2.532099e+000,
4341750000, -1.783780e+001,
4342887500, -3.363106e+001,
4344025000, -4.879837e+001,
4345162500, -6.142079e+001,
4346300000, -7.347038e+001,
4347437500, -9.077158e+001,
4348575000, -1.108097e+002,
4349712500, -1.342002e+002,
4350850000, -1.566833e+002,
4351987500, -1.746087e+002,
4353125000, 1.676995e+002,
4354262500, 1.497446e+002,
4355400000, 1.315402e+002,
4356537500, 1.158007e+002,
4357675000, 1.016163e+002,
4358812500, 8.369524e+001,
4359950000, 6.917833e+001,
4361087500, 5.503761e+001,
4362225000, 2.913697e+001,
4363362500, 5.633348e+000,
4364500000, -2.116242e+001,
4365637500, -4.571487e+001,
4366775000, -6.579914e+001,
4367912500, -8.106995e+001,
4369050000, -1.011836e+002,
4370187500, -1.120353e+002,
4371325000, -1.241689e+002,
4372462500, -1.406223e+002,
4373600000, -1.484017e+002,
4374737500, -1.626249e+002,
4375875000, -1.785482e+002,
4377012500, 1.637165e+002,
4378150000, 1.433130e+002,
4379287500, 1.147263e+002,
4380425000, 7.686014e+001,
4381562500, 4.177447e+001,
4382700000, 2.160591e+001,
4383837500, 2.051287e+001,
4384975000, 2.689316e+001,
4386112500, 1.785474e+001,
4387250000, 2.025256e+000,
4388387500, -1.459596e+001,
4389525000, -3.046200e+001,
4390662500, -4.534762e+001,
4391800000, -6.053802e+001,
4392937500, -7.879519e+001,
4394075000, -1.046350e+002,
4395212500, -1.408871e+002,
4396350000, -1.681852e+002,
4397487500, -1.642239e+002,
4398625000, -1.571756e+002,
4399762500, -1.689399e+002,
4400900000, 1.779553e+002,
4402037500, 1.620175e+002,
4403175000, 1.421765e+002,
4404312500, 1.241703e+002,
4405450000, 1.093236e+002,
4406587500, 9.585318e+001,
4407725000, 8.069629e+001,
4408862500, 5.787303e+001,
4410000000, 2.548957e+001,
4411137500, -1.406555e+000,
4412275000, 3.065586e-002,
4413412500, -1.017352e+001,
4414550000, -3.392047e+001,
4415687500, -5.673233e+001,
4416825000, -7.449191e+001,
4417962500, -7.903825e+001,
4419100000, -7.857369e+001,
4420237500, -9.241382e+001,
4421375000, -1.116403e+002,
4422512500, -1.330686e+002,
4423650000, -1.590704e+002,
4424787500, 1.684755e+002,
4425925000, 1.369577e+002,
4427062500, 1.115093e+002,
4428200000, 1.007428e+002,
4429337500, 1.280070e+002,
4430475000, 1.324068e+002,
4431612500, 1.119977e+002,
4432750000, 8.106274e+001,
4433887500, 4.481135e+001,
4435025000, 6.448644e+000,
4436162500, -3.203375e+001,
4437300000, -7.134719e+001,
4438437500, -1.129023e+002,
4439575000, -1.598074e+002,
4440712500, 1.569861e+002,
4441850000, 1.706328e+002,
4442987500, -1.160148e+002,
4444125000, -1.335661e+002,
4445262500, -1.574657e+002,
4446400000, 1.749103e+002,
4447537500, 1.472408e+002,
4448675000, 1.179653e+002,
4449812500, 9.086155e+001,
4450950000, 6.787651e+001,
4452087500, 4.688489e+001,
4453225000, 3.066606e+001,
4454362500, 2.993157e+001,
4455500000, 2.293282e+001,
4456637500, 4.793517e+000,
4457775000, -1.347383e+001,
4458912500, -2.981814e+001,
4460050000, -4.878084e+001,
4461187500, -7.237291e+001,
4462325000, -9.762814e+001,
4463462500, -1.212092e+002,
4464600000, -1.417440e+002,
4465737500, -1.595791e+002,
4466875000, -1.692206e+002,
4468012500, -1.732614e+002,
4469150000, 1.750080e+002,
4470287500, 1.573093e+002,
4471425000, 1.376249e+002,
4472562500, 1.168457e+002,
4473700000, 9.346679e+001,
4474837500, 6.631724e+001,
4475975000, 3.828864e+001,
4477112500, 1.551041e+001,
4478250000, 4.732334e-002,
4479387500, -8.884482e+000,
4480525000, -1.676248e+001,
4481662500, -3.040092e+001,
4482800000, -4.943204e+001,
4483937500, -7.209174e+001,
4485075000, -9.698283e+001,
4486212500, -1.264982e+002,
4487350000, -1.606301e+002,
4488487500, 1.696187e+002,
4489625000, 1.475453e+002,
4490762500, 1.317476e+002,
4491900000, 1.210079e+002,
4493037500, 1.076490e+002,
4494175000, 8.809945e+001,
4495312500, 6.650640e+001,
4496450000, 4.249185e+001,
4497587500, 1.376825e+001,
4498725000, -2.095141e+001,
4499862500, -5.757350e+001,
4501000000, -9.081236e+001,
4502137500, -1.149013e+002,
4503275000, -1.306310e+002,
4504412500, -1.420664e+002,
4505550000, -1.560884e+002,
4506687500, -1.726632e+002,
4507825000, 1.686946e+002,
4508962500, 1.433471e+002,
4510100000, 1.076212e+002,
4511237500, 6.491883e+001,
4512375000, 1.966732e+001,
4513512500, 1.537473e+002,
4514650000, 1.159649e+002,
4515787500, 8.573006e+001,
4516925000, 7.921777e+001,
4518062500, 5.984278e+001,
4519200000, 1.679165e+001,
4520337500, -3.948303e+001,
4521475000, -1.741202e+002,
4522612500, 9.747283e+001,
4523750000, 5.704058e+001,
4524887500, 2.688039e+001,
4526025000, 1.647813e+001,
4527162500, 2.317981e-001,
4528300000, -4.072031e+001,
4529437500, -7.370749e+001,
4530575000, -8.450223e+001,
4531712500, -1.014326e+002,
4532850000, -1.271897e+002,
4533987500, -1.508549e+002,
4535125000, -1.685458e+002,
4536262500, 1.741676e+002,
4537400000, 1.562281e+002,
4538537500, 1.345271e+002,
4539675000, 1.082017e+002,
4540812500, 8.902731e+001,
4541950000, 7.577707e+001,
4543087500, 6.205072e+001,
4544225000, 5.115739e+001,
4545362500, 4.481386e+001,
4546500000, 3.030061e+001,
4547637500, 5.295957e+000,
4548775000, -1.983413e+001,
4549912500, -4.525056e+001,
4551050000, -7.628466e+001,
4552187500, -1.101039e+002,
4553325000, -1.467875e+002,
4554462500, 1.779099e+002,
4555600000, 1.457395e+002,
4556737500, 1.166442e+002,
4557875000, 9.143921e+001,
4559012500, 6.483588e+001,
4560150000, 3.330902e+001,
4561287500, -5.757525e+000,
4562425000, -5.052133e+001,
4563562500, -1.020666e+002,
4564700000, -1.607088e+002,
4565837500, 1.435871e+002,
4566975000, 1.196796e+002,
4568112500, 1.663489e+002,
4569250000, 1.434250e+002,
4570387500, 1.136100e+002,
4571525000, 8.538873e+001,
4572662500, 6.343042e+001,
4573800000, 4.614728e+001,
4574937500, 3.090954e+001,
4576075000, 1.130031e+001,
4577212500, -1.299947e+001,
4578350000, -3.656012e+001,
4579487500, -5.960927e+001,
4580625000, -8.011293e+001,
4581762500, -9.195232e+001,
4582900000, -3.926991e+001,
4584037500, -4.404199e+001,
4585175000, -6.761388e+001,
4586312500, -9.192648e+001,
4587450000, -1.174056e+002,
4588587500, -1.460069e+002,
4589725000, -1.769985e+002,
4590862500, 1.438536e+002,
4592000000, 9.745444e+001,
4593137500, 3.631172e+001,
4594275000, -4.404100e+001,
4595412500, -1.395762e+002,
4596550000, 1.439231e+002,
4597687500, 9.734047e+001,
4598825000, 6.510010e+001,
4599962500, 3.851083e+001,
4601100000, 1.783330e+001,
4602237500, 1.064125e+001,
4603375000, 3.345615e+001,
4604512500, 7.750692e+001,
4605650000, 6.869707e+001,
4606787500, 5.031100e+001,
4607925000, 3.014620e+001,
4609062500, 3.968947e+000,
4610200000, -2.878098e+001,
4611337500, -5.203471e+001,
4612475000, -6.957350e+001,
4613612500, -8.443328e+001,
4614750000, -9.473753e+001,
4615887500, -1.057157e+002,
4617025000, -1.198636e+002,
4618162500, -1.352415e+002,
4619300000, -1.549456e+002,
4620437500, -1.757583e+002,
4621575000, 1.622060e+002,
4622712500, 1.334473e+002,
4623850000, 9.508181e+001,
4624987500, 6.980241e+001,
4626125000, 6.616966e+001,
4627262500, 5.919563e+001,
4628400000, 4.350545e+001,
4629537500, 2.371979e+001,
4630675000, 4.895768e+000,
4631812500, -1.145554e+001,
4632950000, -2.773245e+001,
4634087500, -4.568484e+001,
4635225000, -6.701834e+001,
4636362500, -9.353165e+001,
4637500000, -1.232489e+002,
4638637500, -1.454857e+002,
4639775000, -1.634357e+002,
4640912500, 1.773645e+002,
4642050000, 1.561321e+002,
4643187500, 1.333929e+002,
4644325000, 1.089577e+002,
4645462500, 8.290415e+001,
4646600000, 5.548318e+001,
4647737500, 2.739267e+001,
4648875000, -9.693380e-001,
4650012500, -3.177431e+001,
4651150000, -6.384260e+001,
4652287500, -9.668154e+001,
4653425000, -1.335777e+002,
4654562500, -1.725923e+002,
4655700000, 1.454421e+002,
4656837500, 1.031621e+002,
4657975000, 6.426166e+001,
4659112500, 2.954688e+001,
4660250000, -1.619537e+000,
4661387500, -2.965004e+001,
4662525000, -5.563676e+001,
4663662500, -8.116794e+001,
4664800000, -1.050629e+002,
4665937500, -1.283411e+002,
4667075000, -1.526496e+002,
4668212500, -1.768274e+002,
4669350000, 1.586465e+002,
4670487500, 1.328869e+002,
4671625000, 1.065465e+002,
4672762500, 8.053323e+001,
4673900000, 5.305231e+001,
4675037500, 2.196745e+001,
4676175000, -1.037734e+001,
4677312500, -3.942323e+001,
4678450000, -6.004444e+001,
4679587500, -7.421384e+001,
4680725000, -9.116907e+001,
4681862500, -1.136900e+002,
4683000000, -1.395639e+002,
4684137500, -1.665735e+002,
4685275000, 1.702245e+002,
4686412500, 1.558757e+002,
4687550000, 1.381598e+002,
4688687500, 1.059039e+002,
4689825000, 4.369006e+001,
4690962500, -4.276747e+001,
4692100000, -9.457377e+001,
4693237500, -1.297690e+002,
4694375000, -1.697806e+002,
4695512500, 1.472149e+002,
4696650000, 1.046823e+002,
4697787500, 6.624745e+001,
4698925000, 3.175281e+001,
4700062500, -7.807715e+000,
4701200000, -4.788998e+001,
4702337500, -7.969198e+001,
4703475000, -9.214222e+001,
4704612500, -9.653859e+001,
4705750000, -1.058116e+002,
4706887500, -1.179263e+002,
4708025000, -1.310438e+002,
4709162500, -1.469729e+002,
4710300000, -1.664558e+002,
4711437500, 1.724035e+002,
4712575000, 1.480122e+002,
4713712500, 1.207344e+002,
4714850000, 9.184720e+001,
4715987500, 6.093738e+001,
4717125000, 2.701367e+001,
4718262500, -8.810286e+000,
4719400000, -4.482919e+001,
4720537500, -7.857078e+001,
4721675000, -1.084997e+002,
4722812500, -1.358779e+002,
4723950000, -1.630059e+002,
4725087500, 1.699225e+002,
4726225000, 1.424898e+002,
4727362500, 1.130841e+002,
4728500000, 8.181575e+001,
4729637500, 4.014646e+001,
4730775000, -2.118129e+001,
4731912500, -7.722687e+001,
4733050000, -1.189402e+002,
4734187500, -1.527434e+002,
4735325000, 1.788034e+002,
4736462500, 1.530072e+002,
4737600000, 1.239499e+002,
4738737500, 9.153737e+001,
4739875000, 5.641632e+001,
4741012500, 1.920501e+001,
4742150000, -1.907517e+001,
4743287500, -5.601867e+001,
4744425000, -9.001687e+001,
4745562500, -1.224870e+002,
4746700000, -1.536980e+002,
4747837500, 1.764427e+002,
4748975000, 1.482388e+002,
4750112500, 1.204284e+002,
4751250000, 9.032952e+001,
4752387500, 5.744036e+001,
4753525000, 2.135000e+001,
4754662500, -1.918195e+001,
4755800000, -6.120008e+001,
4756937500, -9.930191e+001,
4758075000, -1.325285e+002,
4759212500, -1.624431e+002,
4760350000, 1.670173e+002,
4761487500, 1.337305e+002,
4762625000, 9.745858e+001,
4763762500, 5.617076e+001,
4764900000, 5.073014e+000,
4766037500, -5.473030e+001,
4767175000, -1.067618e+002,
4768312500, -1.482914e+002,
4769450000, 1.750737e+002,
4770587500, 1.410564e+002,
4771725000, 1.081085e+002,
4772862500, 7.406429e+001,
4774000000, 3.620896e+001,
4775137500, -7.641978e+000,
4776275000, -5.442075e+001,
4777412500, -9.821525e+001,
4778550000, -1.350352e+002,
4779687500, -1.673400e+002,
4780825000, 1.613744e+002,
4781962500, 1.281630e+002,
4783100000, 9.522370e+001,
4784237500, 6.448899e+001,
4785375000, 3.389822e+001,
4786512500, -2.619747e+000,
4787650000, -5.387618e+001,
4788787500, -1.141117e+002,
4789925000, -1.648370e+002,
4791062500, 1.567377e+002,
4792200000, 1.256317e+002,
4793337500, 9.686943e+001,
4794475000, 6.644672e+001,
4795612500, 2.757113e+001,
4796750000, -1.403197e+002,
4797887500, 1.787370e+002,
4799025000, 1.529172e+002,
4800162500, 1.303273e+002,
4801300000, 1.091860e+002,
4802437500, 8.915625e+001,
4803575000, 6.843539e+001,
4804712500, 4.537758e+001,
4805850000, 1.956586e+001,
4806987500, -7.547238e+001,
4808125000, 1.643466e+002,
4809262500, 1.368339e+002,
4810400000, 1.196834e+002,
4811537500, 1.188553e+002,
4812675000, 1.304393e+002,
4813812500, 1.252141e+002,
4814950000, 1.044503e+002,
4816087500, 7.694503e+001,
4817225000, 4.492564e+001,
4818362500, 5.566737e+000,
4819500000, -6.313207e+001,
4820637500, -1.612594e+002,
4821775000, 1.460051e+002,
4822912500, 1.072552e+002,
4824050000, 7.277526e+001,
4825187500, 3.866931e+001,
4826325000, -1.476592e+000,
4827462500, -7.630057e+001,
4828600000, 1.790444e+002,
4829737500, 1.345061e+002,
4830875000, 1.025955e+002,
4832012500, 7.277862e+001,
4833150000, 4.428320e+001,
4834287500, 1.614692e+001,
4835425000, -1.473888e+001,
4836562500, -6.771885e+001,
4837700000, -1.671107e+002,
4838837500, 1.397363e+002,
4839975000, 1.052104e+002,
4841112500, 7.611572e+001,
4842250000, 5.007554e+001,
4843387500, 2.447867e+001,
4844525000, -2.702904e+000,
4845662500, -5.066589e+000,
4846800000, 1.083757e+002,
4847937500, 8.370121e+001,
4849075000, 5.445850e+001,
4850212500, 2.458515e+001,
4851350000, -5.957057e+000,
4852487500, -5.139540e+001,
4853625000, 1.443901e+002,
4854762500, 1.047637e+002,
4855900000, 7.369169e+001,
4857037500, 4.546172e+001,
4858175000, 1.623947e+001,
4859312500, -1.619107e+001,
4860450000, -6.014628e+001,
4861587500, -1.548826e+002,
4862725000, 1.212371e+002,
4863862500, 8.264579e+001,
4865000000, 4.953810e+001,
4866137500, 1.725333e+001,
4867275000, -1.321004e+001,
4868412500, -4.258954e+001,
4869550000, 9.797767e+001,
4870687500, 6.783421e+001,
4871825000, 3.665799e+001,
4872962500, 5.642911e+000,
4874100000, -2.409242e+001,
4875237500, -4.668354e+001,
4876375000, 8.769397e+001,
4877512500, 6.433801e+001,
4878650000, 3.761144e+001,
4879787500, 9.752901e+000,
4880925000, -1.788455e+001,
4882062500, -4.372343e+001,
4883200000, -6.100295e+001,
4884337500, 7.483872e+001,
4885475000, 4.722063e+001,
4886612500, 2.049956e+001,
4887750000, -3.561692e+000,
4888887500, -1.820815e+001,
4890025000, 8.074756e-001,
4891162500, 2.080604e+001,
4892300000, 1.152657e+001,
4893437500, -5.655214e+000,
4894575000, -1.677127e+001,
4895712500, -7.592904e+000,
4896850000, 1.828852e+001,
4897987500, 2.026979e+001,
4899125000, 8.491232e+000,
4900262500, -7.198768e+000,
4901400000, -2.286933e+001,
4902537500, -3.154339e+001,
4903675000, -1.419945e+001,
4904812500, 1.333836e+001,
4905950000, 7.523806e+000,
4907087500, -8.721282e+000,
4908225000, -2.342310e+001,
4909362500, -2.736535e+001,
4910500000, -1.511156e+001,
4911637500, -1.002290e+001,
4912775000, -1.822215e+001,
4913912500, -2.767327e+001,
4915050000, -2.684572e+001,
4916187500, -8.407334e+000,
4917325000, -3.893249e+000,
4918462500, -1.906462e+001,
4919600000, -3.664231e+001,
4920737500, -4.471010e+001,
4921875000, -2.536483e+001,
4923012500, -1.224926e+001,
4924150000, -2.167762e+001,
4925287500, -3.549403e+001,
4926425000, -4.093662e+001,
4927562500, -2.783610e+001,
4928700000, -2.558871e+001,
4929837500, -3.684573e+001,
4930975000, -4.633224e+001,
4932112500, -3.999994e+001,
4933250000, -2.705029e+001,
4934387500, -3.269013e+001,
4935525000, -4.636862e+001,
4936662500, -5.311949e+001,
4937800000, -4.505364e+001,
4938937500, -4.147835e+001,
4940075000, -4.644449e+001,
4941212500, -4.978270e+001,
4942350000, -4.871994e+001,
4943487500, -4.861375e+001,
4944625000, -5.140402e+001,
4945762500, -5.389952e+001,
4946900000, -5.440934e+001,
4948037500, -5.485483e+001,
4949175000, -5.364300e+001,
4950312500, -5.514146e+001,
4951450000, -5.937182e+001,
4952587500, -6.157502e+001,
4953725000, -6.242287e+001,
4954862500, -6.168786e+001,
4956000000, -6.147666e+001,
4957137500, -6.367339e+001,
4958275000, -6.434574e+001,
4959412500, -6.426707e+001,
4960550000, -6.779777e+001,
4961687500, -7.266103e+001,
4962825000, -7.208246e+001,
4963962500, -6.698334e+001,
4965100000, -7.261578e+001,
4966237500, -7.998988e+001,
4967375000, -7.663416e+001,
4968512500, -7.523393e+001,
4969650000, -8.068552e+001,
4970787500, -7.938079e+001,
4971925000, -7.890640e+001,
4973062500, -8.525807e+001,
4974200000, -8.849380e+001,
4975337500, -8.333558e+001,
4976475000, -8.404892e+001,
4977612500, -8.958671e+001,
4978750000, -8.918416e+001,
4979887500, -8.930840e+001,
4981025000, -9.209698e+001,
4982162500, -9.087728e+001,
4983300000, -9.334406e+001,
4984437500, -9.776111e+001,
4985575000, -9.794118e+001,
4986712500, -9.662490e+001,
4987850000, -9.974963e+001,
4988987500, -1.028086e+002,
4990125000, -1.039751e+002,
4991262500, -1.038912e+002,
4992400000, -1.051359e+002,
4993537500, -1.066296e+002,
4994675000, -1.081862e+002,
4995812500, -1.079655e+002,
4996950000, -1.086591e+002,
4998087500, -1.111868e+002,
4999225000, -1.117433e+002,
5000362500, -1.136120e+002,
5001500000, -1.139526e+002,
5002637500, -1.163840e+002,
5003775000, -1.179357e+002,
5004912500, -1.187725e+002,
5006050000, -1.195688e+002,
5007187500, -1.199767e+002,
5008325000, -1.218738e+002,
5009462500, -1.246884e+002,
5010600000, -1.252805e+002,
5011737500, -1.272530e+002,
5012875000, -1.280923e+002,
5014012500, -1.299927e+002,
5015150000, -1.305748e+002,
5016287500, -1.328722e+002,
5017425000, -1.335900e+002,
5018562500, -1.335838e+002,
5019700000, -1.351564e+002,
5020837500, -1.374042e+002,
5021975000, -1.387428e+002,
5023112500, -1.395060e+002,
5024250000, -1.409983e+002,
5025387500, -1.427527e+002,
5026525000, -1.431898e+002,
5027662500, -1.457507e+002,
5028800000, -1.456402e+002,
5029937500, -1.475382e+002,
5031075000, -1.482224e+002,
5032212500, -1.490811e+002,
5033350000, -1.506827e+002,
5034487500, -1.502697e+002,
5035625000, -1.528260e+002,
5036762500, -1.534787e+002,
5037900000, -1.550254e+002,
5039037500, -1.556233e+002,
5040175000, -1.569127e+002,
5041312500, -1.570285e+002,
5042450000, -1.575909e+002,
5043587500, -1.592265e+002,
5044725000, -1.600063e+002,
5045862500, -1.609631e+002,
5047000000, -1.608608e+002,
5048137500, -1.621811e+002,
5049275000, -1.622092e+002,
5050412500, -1.634937e+002,
5051550000, -1.656726e+002,
5052687500, -1.675393e+002,
5053825000, -1.674656e+002,
5054962500, -1.674515e+002,
5056100000, -1.681452e+002,
5057237500, -1.685133e+002,
5058375000, -1.703447e+002,
5059512500, -1.699212e+002,
5060650000, -1.723313e+002,
5061787500, -1.731429e+002,
5062925000, -1.732242e+002,
5064062500, -1.738108e+002,
5065200000, -1.740728e+002,
5066337500, -1.750877e+002,
5067475000, -1.766261e+002,
5068612500, -1.767361e+002,
5069750000, -1.786202e+002,
5070887500, -1.792397e+002,
5072025000, -1.797885e+002,
5073162500, -1.798889e+002,
5074300000, 1.784895e+002,
5075437500, 1.762325e+002,
5076575000, 1.762792e+002,
5077712500, 1.752427e+002,
5078850000, 1.758983e+002,
5079987500, 1.743630e+002,
5081125000, 1.729378e+002,
5082262500, 1.719412e+002,
5083400000, 1.710494e+002,
5084537500, 1.703116e+002,
5085675000, 1.697477e+002,
5086812500, 1.690265e+002,
5087950000, 1.677832e+002,
5089087500, 1.673016e+002,
5090225000, 1.654139e+002,
5091362500, 1.660851e+002,
5092500000, 1.642180e+002,
5093637500, 1.624000e+002,
5094775000, 1.613940e+002,
5095912500, 1.604521e+002,
5097050000, 1.596899e+002,
5098187500, 1.593325e+002,
5099325000, 1.575216e+002,
5100462500, 1.568118e+002,
5101600000, 1.557008e+002,
5102737500, 1.542141e+002,
5103875000, 1.527921e+002,
5105012500, 1.530853e+002,
5106150000, 1.510145e+002,
5107287500, 1.504674e+002,
5108425000, 1.494035e+002,
5109562500, 1.480886e+002,
5110700000, 1.470493e+002,
5111837500, 1.468650e+002,
5112975000, 1.449999e+002,
5114112500, 1.447100e+002,
5115250000, 1.429246e+002,
5116387500, 1.415552e+002,
5117525000, 1.409971e+002,
5118662500, 1.393044e+002,
5119800000, 1.378582e+002,
5120937500, 1.370262e+002,
5122075000, 1.359056e+002,
5123212500, 1.347817e+002,
5124350000, 1.333809e+002,
5125487500, 1.329458e+002,
5126625000, 1.317620e+002,
5127762500, 1.305054e+002,
5128900000, 1.288104e+002,
5130037500, 1.280406e+002,
5131175000, 1.263536e+002,
5132312500, 1.253127e+002,
5133450000, 1.239925e+002,
5134587500, 1.226343e+002,
5135725000, 1.218472e+002,
5136862500, 1.204702e+002,
5138000000, 1.189888e+002,
5139137500, 1.178267e+002,
5140275000, 1.165876e+002,
5141412500, 1.145328e+002,
5142550000, 1.131033e+002,
5143687500, 1.122224e+002,
5144825000, 1.108112e+002,
5145962500, 1.091027e+002,
5147100000, 1.077187e+002,
5148237500, 1.069503e+002,
5149375000, 1.048179e+002,
5150512500, 1.039498e+002,
5151650000, 1.026171e+002,
5152787500, 1.020164e+002,
5153925000, 9.998911e+001,
5155062500, 9.851334e+001,
5156200000, 9.693008e+001,
5157337500, 9.643298e+001,
5158475000, 9.588595e+001,
5159612500, 9.386657e+001,
5160750000, 9.217912e+001,
5161887500, 9.159350e+001,
5163025000, 9.068883e+001,
5164162500, 8.984059e+001,
5165300000, 8.899268e+001,
5166437500, 8.704914e+001,
5167575000, 8.557722e+001,
5168712500, 8.477601e+001,
5169850000, 8.403691e+001,
5170987500, 8.261136e+001,
5172125000, 8.128597e+001,
5173262500, 8.015549e+001,
5174400000, 7.814312e+001,
5175537500, 7.741102e+001,
5176675000, 7.596728e+001,
5177812500, 7.509419e+001,
5178950000, 7.422033e+001,
5180087500, 7.161278e+001,
5181225000, 7.128245e+001,
5182362500, 6.945460e+001,
5183500000, 6.886585e+001,
5184637500, 6.626863e+001,
5185775000, 6.556337e+001,
5186912500, 6.323886e+001,
5188050000, 6.275172e+001,
5189187500, 6.099504e+001,
5190325000, 5.961882e+001,
5191462500, 5.857606e+001,
5192600000, 5.763407e+001,
5193737500, 5.622401e+001,
5194875000, 5.501744e+001,
5196012500, 5.324027e+001,
5197150000, 5.204863e+001,
5198287500, 5.033931e+001,
5199425000, 4.871353e+001,
5200562500, 4.771805e+001,
5201700000, 4.672914e+001,
5202837500, 4.469307e+001,
5203975000, 4.391006e+001,
5205112500, 4.216277e+001,
5206250000, 4.131396e+001,
5207387500, 3.975055e+001,
5208525000, 3.883560e+001,
5209662500, 3.752548e+001,
5210800000, 3.654541e+001,
5211937500, 3.493367e+001,
5213075000, 3.316610e+001,
5214212500, 3.187553e+001,
5215350000, 3.058589e+001,
5216487500, 2.996904e+001,
5217625000, 2.858877e+001,
5218762500, 2.631200e+001,
5219900000, 2.518748e+001,
5221037500, 2.444477e+001,
5222175000, 2.302989e+001,
5223312500, 2.103936e+001,
5224450000, 2.017497e+001,
5225587500, 1.840839e+001,
5226725000, 1.699940e+001,
5227862500, 1.557149e+001,
5229000000, 1.356007e+001,
5230137500, 1.205144e+001,
5231275000, 1.081990e+001,
5232412500, 8.996402e+000,
5233550000, 8.092581e+000,
5234687500, 5.607459e+000,
5235825000, 4.316545e+000,
5236962500, 2.730386e+000,
5238100000, 8.139025e-001,
5239237500, -3.612205e-001,
5240375000, -2.141671e+000,
5241512500, -4.045029e+000,
5242650000, -5.275671e+000,
5243787500, -7.262707e+000,
5244925000, -8.731482e+000,
5246062500, -9.906827e+000,
5247200000, -1.179108e+001,
5248337500, -1.346284e+001,
5249475000, -1.507297e+001,
5250612500, -1.635937e+001,
5251750000, -1.843648e+001,
5252887500, -1.987894e+001,
5254025000, -2.129676e+001,
5255162500, -2.288880e+001,
5256300000, -2.457750e+001,
5257437500, -2.606797e+001,
5258575000, -2.746170e+001,
5259712500, -2.905872e+001,
5260850000, -3.054003e+001,
5261987500, -3.184290e+001,
5263125000, -3.351945e+001,
5264262500, -3.531203e+001,
5265400000, -3.675526e+001,
5266537500, -3.862697e+001,
5267675000, -4.012573e+001,
5268812500, -4.193420e+001,
5269950000, -4.368500e+001,
5271087500, -4.548572e+001,
5272225000, -4.765827e+001,
5273362500, -4.905070e+001,
5274500000, -5.069792e+001,
5275637500, -5.258506e+001,
5276775000, -5.422099e+001,
5277912500, -5.587401e+001,
5279050000, -5.751663e+001,
5280187500, -5.920373e+001,
5281325000, -6.064797e+001,
5282462500, -6.223770e+001,
5283600000, -6.367386e+001,
5284737500, -6.530902e+001,
5285875000, -6.712208e+001,
5287012500, -6.848985e+001,
5288150000, -7.009327e+001,
5289287500, -7.153146e+001,
5290425000, -7.345260e+001,
5291562500, -7.462450e+001,
5292700000, -7.669792e+001,
5293837500, -7.797217e+001,
5294975000, -7.985005e+001,
5296112500, -8.108303e+001,
5297250000, -8.295508e+001,
5298387500, -8.406278e+001,
5299525000, -8.623716e+001,
5300662500, -8.684209e+001,
5301800000, -8.888038e+001,
5302937500, -9.034805e+001,
5304075000, -9.161557e+001,
5305212500, -9.303226e+001,
5306350000, -9.495567e+001,
5307487500, -9.638266e+001,
5308625000, -9.767550e+001,
5309762500, -9.896419e+001,
5310900000, -1.009326e+002,
5312037500, -1.023159e+002,
5313175000, -1.036227e+002,
5314312500, -1.053044e+002,
5315450000, -1.069333e+002,
5316587500, -1.079177e+002,
5317725000, -1.099537e+002,
5318862500, -1.112125e+002,
5320000000, -1.130327e+002,
