"S21 Log Mag"
"Frequency (Hz)","dB",
3000000000, -5.019943e+001,
3001562500, -5.020116e+001,
3003125000, -5.023463e+001,
3004687500, -5.016016e+001,
3006250000, -5.013696e+001,
3007812500, -5.009490e+001,
3009375000, -5.008582e+001,
3010937500, -5.017906e+001,
3012500000, -4.994127e+001,
3014062500, -5.003469e+001,
3015625000, -4.990789e+001,
3017187500, -5.002539e+001,
3018750000, -4.989602e+001,
3020312500, -4.989940e+001,
3021875000, -4.987775e+001,
3023437500, -4.970805e+001,
3025000000, -4.983583e+001,
3026562500, -4.965738e+001,
3028125000, -4.965939e+001,
3029687500, -4.974336e+001,
3031250000, -4.946115e+001,
3032812500, -4.972092e+001,
3034375000, -4.948508e+001,
3035937500, -4.955136e+001,
3037500000, -4.956517e+001,
3039062500, -4.944379e+001,
3040625000, -4.958657e+001,
3042187500, -4.937782e+001,
3043750000, -4.938900e+001,
3045312500, -4.943049e+001,
3046875000, -4.924400e+001,
3048437500, -4.944507e+001,
3050000000, -4.937279e+001,
3051562500, -4.927471e+001,
3053125000, -4.930895e+001,
3054687500, -4.933149e+001,
3056250000, -4.922056e+001,
3057812500, -4.938033e+001,
3059375000, -4.922593e+001,
3060937500, -4.924266e+001,
3062500000, -4.936688e+001,
3064062500, -4.920579e+001,
3065625000, -4.933000e+001,
3067187500, -4.931701e+001,
3068750000, -4.917215e+001,
3070312500, -4.928518e+001,
3071875000, -4.933445e+001,
3073437500, -4.916763e+001,
3075000000, -4.924387e+001,
3076562500, -4.919340e+001,
3078125000, -4.913766e+001,
3079687500, -4.917699e+001,
3081250000, -4.932237e+001,
3082812500, -4.910126e+001,
3084375000, -4.919933e+001,
3085937500, -4.921263e+001,
3087500000, -4.917995e+001,
3089062500, -4.919961e+001,
3090625000, -4.926371e+001,
3092187500, -4.906833e+001,
3093750000, -4.901033e+001,
3095312500, -4.919764e+001,
3096875000, -4.909446e+001,
3098437500, -4.896825e+001,
3100000000, -4.920352e+001,
3101562500, -4.894271e+001,
3103125000, -4.882939e+001,
3104687500, -4.904569e+001,
3106250000, -4.897919e+001,
3107812500, -4.882609e+001,
3109375000, -4.903720e+001,
3110937500, -4.890176e+001,
3112500000, -4.887032e+001,
3114062500, -4.890949e+001,
3115625000, -4.908278e+001,
3117187500, -4.877704e+001,
3118750000, -4.880506e+001,
3120312500, -4.896742e+001,
3121875000, -4.879348e+001,
3123437500, -4.866846e+001,
3125000000, -4.882116e+001,
3126562500, -4.886347e+001,
3128125000, -4.867247e+001,
3129687500, -4.873920e+001,
3131250000, -4.885712e+001,
3132812500, -4.867867e+001,
3134375000, -4.852079e+001,
3135937500, -4.876638e+001,
3137500000, -4.870488e+001,
3139062500, -4.851044e+001,
3140625000, -4.854825e+001,
3142187500, -4.875746e+001,
3143750000, -4.857013e+001,
3145312500, -4.851162e+001,
3146875000, -4.866575e+001,
3148437500, -4.866463e+001,
3150000000, -4.853919e+001,
3151562500, -4.847129e+001,
3153125000, -4.878335e+001,
3154687500, -4.873571e+001,
3156250000, -4.860239e+001,
3157812500, -4.863509e+001,
3159375000, -4.885315e+001,
3160937500, -4.872918e+001,
3162500000, -4.865456e+001,
3164062500, -4.875238e+001,
3165625000, -4.883731e+001,
3167187500, -4.885812e+001,
3168750000, -4.858880e+001,
3170312500, -4.890431e+001,
3171875000, -4.899560e+001,
3173437500, -4.883451e+001,
3175000000, -4.887656e+001,
3176562500, -4.899681e+001,
3178125000, -4.924273e+001,
3179687500, -4.896241e+001,
3181250000, -4.896017e+001,
3182812500, -4.932413e+001,
3184375000, -4.926187e+001,
3185937500, -4.916898e+001,
3187500000, -4.909891e+001,
3189062500, -4.937622e+001,
3190625000, -4.958554e+001,
3192187500, -4.917678e+001,
3193750000, -4.932531e+001,
3195312500, -4.961289e+001,
3196875000, -4.961142e+001,
3198437500, -4.946999e+001,
3200000000, -4.944486e+001,
3201562500, -4.974474e+001,
3203125000, -4.996184e+001,
3204687500, -4.962041e+001,
3206250000, -4.964827e+001,
3207812500, -4.987627e+001,
3209375000, -5.002160e+001,
3210937500, -4.975986e+001,
3212500000, -4.966833e+001,
3214062500, -4.994059e+001,
3215625000, -5.012508e+001,
3217187500, -5.002010e+001,
3218750000, -4.990268e+001,
3220312500, -5.013410e+001,
3221875000, -5.038308e+001,
3223437500, -5.032282e+001,
3225000000, -5.015614e+001,
3226562500, -5.026579e+001,
3228125000, -5.044392e+001,
3229687500, -5.053410e+001,
3231250000, -5.037177e+001,
3232812500, -5.037855e+001,
3234375000, -5.058016e+001,
3235937500, -5.071455e+001,
3237500000, -5.064941e+001,
3239062500, -5.057324e+001,
3240625000, -5.060892e+001,
3242187500, -5.085864e+001,
3243750000, -5.099194e+001,
3245312500, -5.083003e+001,
3246875000, -5.077211e+001,
3248437500, -5.110141e+001,
3250000000, -5.109141e+001,
3251562500, -5.107471e+001,
3253125000, -5.098162e+001,
3254687500, -5.104676e+001,
3256250000, -5.130458e+001,
3257812500, -5.144538e+001,
3259375000, -5.121137e+001,
3260937500, -5.117443e+001,
3262500000, -5.132679e+001,
3264062500, -5.133296e+001,
3265625000, -5.133783e+001,
3267187500, -5.133685e+001,
3268750000, -5.125183e+001,
3270312500, -5.138729e+001,
3271875000, -5.158014e+001,
3273437500, -5.147697e+001,
3275000000, -5.139060e+001,
3276562500, -5.141614e+001,
3278125000, -5.127161e+001,
3279687500, -5.134960e+001,
3281250000, -5.137500e+001,
3282812500, -5.129701e+001,
3284375000, -5.120744e+001,
3285937500, -5.140022e+001,
3287500000, -5.139888e+001,
3289062500, -5.130634e+001,
3290625000, -5.137856e+001,
3292187500, -5.118092e+001,
3293750000, -5.118211e+001,
3295312500, -5.136443e+001,
3296875000, -5.117184e+001,
3298437500, -5.117559e+001,
3300000000, -5.113144e+001,
3301562500, -5.110071e+001,
3303125000, -5.118318e+001,
3304687500, -5.120346e+001,
3306250000, -5.110056e+001,
3307812500, -5.077874e+001,
3309375000, -5.086091e+001,
3310937500, -5.094345e+001,
3312500000, -5.082745e+001,
3314062500, -5.088989e+001,
3315625000, -5.068820e+001,
3317187500, -5.068011e+001,
3318750000, -5.064847e+001,
3320312500, -5.064517e+001,
3321875000, -5.063539e+001,
3323437500, -5.034880e+001,
3325000000, -5.037043e+001,
3326562500, -5.050136e+001,
3328125000, -5.038780e+001,
3329687500, -5.035650e+001,
3331250000, -5.053240e+001,
3332812500, -5.027993e+001,
3334375000, -5.025869e+001,
3335937500, -5.026249e+001,
3337500000, -5.036014e+001,
3339062500, -5.018713e+001,
3340625000, -5.006329e+001,
3342187500, -5.008883e+001,
3343750000, -5.022464e+001,
3345312500, -5.008900e+001,
3346875000, -5.016709e+001,
3348437500, -5.029670e+001,
3350000000, -5.031962e+001,
3351562500, -5.012883e+001,
3353125000, -5.012843e+001,
3354687500, -5.025410e+001,
3356250000, -5.021372e+001,
3357812500, -5.012024e+001,
3359375000, -5.013996e+001,
3360937500, -5.043473e+001,
3362500000, -5.028747e+001,
3364062500, -5.027673e+001,
3365625000, -5.044732e+001,
3367187500, -5.063218e+001,
3368750000, -5.058882e+001,
3370312500, -5.041115e+001,
3371875000, -5.068366e+001,
3373437500, -5.070127e+001,
3375000000, -5.065089e+001,
3376562500, -5.059515e+001,
3378125000, -5.100863e+001,
3379687500, -5.112574e+001,
3381250000, -5.090344e+001,
3382812500, -5.086336e+001,
3384375000, -5.110560e+001,
3385937500, -5.138115e+001,
3387500000, -5.122675e+001,
3389062500, -5.130646e+001,
3390625000, -5.123478e+001,
3392187500, -5.144084e+001,
3393750000, -5.121519e+001,
3395312500, -5.147246e+001,
3396875000, -5.195202e+001,
3398437500, -5.195379e+001,
3400000000, -5.168603e+001,
3401562500, -5.150031e+001,
3403125000, -5.204874e+001,
3404687500, -5.206695e+001,
3406250000, -5.195864e+001,
3407812500, -5.193979e+001,
3409375000, -5.216743e+001,
3410937500, -5.196083e+001,
3412500000, -5.176505e+001,
3414062500, -5.203984e+001,
3415625000, -5.243118e+001,
3417187500, -5.257156e+001,
3418750000, -5.238642e+001,
3420312500, -5.202713e+001,
3421875000, -5.242722e+001,
3423437500, -5.235541e+001,
3425000000, -5.246680e+001,
3426562500, -5.239468e+001,
3428125000, -5.267964e+001,
3429687500, -5.246239e+001,
3431250000, -5.197972e+001,
3432812500, -5.205400e+001,
3434375000, -5.227987e+001,
3435937500, -5.281866e+001,
3437500000, -5.283278e+001,
3439062500, -5.251225e+001,
3440625000, -5.253640e+001,
3442187500, -5.246570e+001,
3443750000, -5.227394e+001,
3445312500, -5.241412e+001,
3446875000, -5.271714e+001,
3448437500, -5.284447e+001,
3450000000, -5.270954e+001,
3451562500, -5.219965e+001,
3453125000, -5.217044e+001,
3454687500, -5.250225e+001,
3456250000, -5.267935e+001,
3457812500, -5.275914e+001,
3459375000, -5.279475e+001,
3460937500, -5.288615e+001,
3462500000, -5.261111e+001,
3464062500, -5.223771e+001,
3465625000, -5.232502e+001,
3467187500, -5.274728e+001,
3468750000, -5.295036e+001,
3470312500, -5.294967e+001,
3471875000, -5.258458e+001,
3473437500, -5.243206e+001,
3475000000, -5.269610e+001,
3476562500, -5.261007e+001,
3478125000, -5.264774e+001,
3479687500, -5.291549e+001,
3481250000, -5.337913e+001,
3482812500, -5.334185e+001,
3484375000, -5.256690e+001,
3485937500, -5.213942e+001,
3487500000, -5.259416e+001,
3489062500, -5.285547e+001,
3490625000, -5.302051e+001,
3492187500, -5.297260e+001,
3493750000, -5.265254e+001,
3495312500, -5.265805e+001,
3496875000, -5.306099e+001,
3498437500, -5.251223e+001,
3500000000, -5.223081e+001,
3501562500, -5.253602e+001,
3503125000, -5.341984e+001,
3504687500, -5.370854e+001,
3506250000, -5.250388e+001,
3507812500, -5.224947e+001,
3509375000, -5.259269e+001,
3510937500, -5.263555e+001,
3512500000, -5.257817e+001,
3514062500, -5.301996e+001,
3515625000, -5.269546e+001,
3517187500, -5.284423e+001,
3518750000, -5.339734e+001,
3520312500, -5.275307e+001,
3521875000, -5.242896e+001,
3523437500, -5.220598e+001,
3525000000, -5.297733e+001,
3526562500, -5.381393e+001,
3528125000, -5.351762e+001,
3529687500, -5.247031e+001,
3531250000, -5.266938e+001,
3532812500, -5.303364e+001,
3534375000, -5.258842e+001,
3535937500, -5.274379e+001,
3537500000, -5.306351e+001,
3539062500, -5.311084e+001,
3540625000, -5.350031e+001,
3542187500, -5.380507e+001,
3543750000, -5.325344e+001,
3545312500, -5.279095e+001,
3546875000, -5.297734e+001,
3548437500, -5.295576e+001,
3550000000, -5.391379e+001,
3551562500, -5.381811e+001,
3553125000, -5.281622e+001,
3554687500, -5.315395e+001,
3556250000, -5.363208e+001,
3557812500, -5.320256e+001,
3559375000, -5.296901e+001,
3560937500, -5.295858e+001,
3562500000, -5.333768e+001,
3564062500, -5.395165e+001,
3565625000, -5.414978e+001,
3567187500, -5.358774e+001,
3568750000, -5.362962e+001,
3570312500, -5.340716e+001,
3571875000, -5.346530e+001,
3573437500, -5.393536e+001,
3575000000, -5.409024e+001,
3576562500, -5.376434e+001,
3578125000, -5.336000e+001,
3579687500, -5.418164e+001,
3581250000, -5.436981e+001,
3582812500, -5.405727e+001,
3584375000, -5.340479e+001,
3585937500, -5.328656e+001,
3587500000, -5.409203e+001,
3589062500, -5.431914e+001,
3590625000, -5.417190e+001,
3592187500, -5.429351e+001,
3593750000, -5.437080e+001,
3595312500, -5.448665e+001,
3596875000, -5.407558e+001,
3598437500, -5.428347e+001,
3600000000, -5.485566e+001,
3601562500, -5.453605e+001,
3603125000, -5.410732e+001,
3604687500, -5.430939e+001,
3606250000, -5.501113e+001,
3607812500, -5.559255e+001,
3609375000, -5.442239e+001,
3610937500, -5.434795e+001,
3612500000, -5.523846e+001,
3614062500, -5.558309e+001,
3615625000, -5.482645e+001,
3617187500, -5.448147e+001,
3618750000, -5.480672e+001,
3620312500, -5.568065e+001,
3621875000, -5.636429e+001,
3623437500, -5.517633e+001,
3625000000, -5.517922e+001,
3626562500, -5.545987e+001,
3628125000, -5.555806e+001,
3629687500, -5.544543e+001,
3631250000, -5.565919e+001,
3632812500, -5.568578e+001,
3634375000, -5.529741e+001,
3635937500, -5.502116e+001,
3637500000, -5.510643e+001,
3639062500, -5.681029e+001,
3640625000, -5.697563e+001,
3642187500, -5.571241e+001,
3643750000, -5.480577e+001,
3645312500, -5.462511e+001,
3646875000, -5.564781e+001,
3648437500, -5.776720e+001,
3650000000, -5.683358e+001,
3651562500, -5.555986e+001,
3653125000, -5.569998e+001,
3654687500, -5.573727e+001,
3656250000, -5.599321e+001,
3657812500, -5.729978e+001,
3659375000, -5.726497e+001,
3660937500, -5.587301e+001,
3662500000, -5.569715e+001,
3664062500, -5.521823e+001,
3665625000, -5.586555e+001,
3667187500, -5.866096e+001,
3668750000, -5.851709e+001,
3670312500, -5.732661e+001,
3671875000, -5.574166e+001,
3673437500, -5.550970e+001,
3675000000, -5.666734e+001,
3676562500, -5.821526e+001,
3678125000, -5.821737e+001,
3679687500, -5.674686e+001,
3681250000, -5.657138e+001,
3682812500, -5.669257e+001,
3684375000, -5.735475e+001,
3685937500, -5.876910e+001,
3687500000, -5.971843e+001,
3689062500, -5.850190e+001,
3690625000, -5.751697e+001,
3692187500, -5.788155e+001,
3693750000, -5.667400e+001,
3695312500, -5.832976e+001,
3696875000, -5.909193e+001,
3698437500, -5.935452e+001,
3700000000, -5.931151e+001,
3701562500, -5.932590e+001,
3703125000, -5.844887e+001,
3704687500, -6.025917e+001,
3706250000, -5.974231e+001,
3707812500, -5.933640e+001,
3709375000, -5.874374e+001,
3710937500, -5.761730e+001,
3712500000, -5.806870e+001,
3714062500, -5.993295e+001,
3715625000, -6.284304e+001,
3717187500, -6.144125e+001,
3718750000, -5.846479e+001,
3720312500, -5.882254e+001,
3721875000, -6.232643e+001,
3723437500, -6.633581e+001,
3725000000, -6.112150e+001,
3726562500, -5.803333e+001,
3728125000, -5.863721e+001,
3729687500, -5.995527e+001,
3731250000, -6.176481e+001,
3732812500, -6.459316e+001,
3734375000, -6.818292e+001,
3735937500, -6.577924e+001,
3737500000, -6.148246e+001,
3739062500, -5.999054e+001,
3740625000, -6.030226e+001,
3742187500, -6.001310e+001,
3743750000, -6.262585e+001,
3745312500, -6.864494e+001,
3746875000, -6.474823e+001,
3748437500, -6.216079e+001,
3750000000, -5.920923e+001,
3751562500, -5.959874e+001,
3753125000, -6.372969e+001,
3754687500, -7.671488e+001,
3756250000, -6.483483e+001,
3757812500, -6.034266e+001,
3759375000, -5.823632e+001,
3760937500, -5.799649e+001,
3762500000, -5.946703e+001,
3764062500, -6.400529e+001,
3765625000, -6.926476e+001,
3767187500, -7.458020e+001,
3768750000, -6.587540e+001,
3770312500, -6.079169e+001,
3771875000, -6.033250e+001,
3773437500, -6.134710e+001,
3775000000, -6.718391e+001,
3776562500, -7.519517e+001,
3778125000, -6.377084e+001,
3779687500, -6.121432e+001,
3781250000, -6.089096e+001,
3782812500, -6.104269e+001,
3784375000, -6.289669e+001,
3785937500, -6.755467e+001,
3787500000, -7.018636e+001,
3789062500, -6.775722e+001,
3790625000, -6.841026e+001,
3792187500, -6.180980e+001,
3793750000, -6.068032e+001,
3795312500, -6.181240e+001,
3796875000, -6.090189e+001,
3798437500, -6.038115e+001,
3800000000, -6.478590e+001,
3801562500, -8.527666e+001,
3803125000, -6.879243e+001,
3804687500, -6.701600e+001,
3806250000, -6.919506e+001,
3807812500, -6.757627e+001,
3809375000, -7.043729e+001,
3810937500, -6.155702e+001,
3812500000, -6.192318e+001,
3814062500, -6.082172e+001,
3815625000, -6.169794e+001,
3817187500, -6.605296e+001,
3818750000, -8.096913e+001,
3820312500, -6.571160e+001,
3821875000, -6.290979e+001,
3823437500, -6.515094e+001,
3825000000, -7.752052e+001,
3826562500, -7.529265e+001,
3828125000, -7.930979e+001,
3829687500, -6.698888e+001,
3831250000, -6.044347e+001,
3832812500, -5.887767e+001,
3834375000, -5.727582e+001,
3835937500, -5.694275e+001,
3837500000, -5.916697e+001,
3839062500, -6.352699e+001,
3840625000, -6.894160e+001,
3842187500, -6.887914e+001,
3843750000, -6.460149e+001,
3845312500, -6.268042e+001,
3846875000, -6.603310e+001,
3848437500, -7.046462e+001,
3850000000, -6.569115e+001,
3851562500, -6.382175e+001,
3853125000, -7.214651e+001,
3854687500, -7.409305e+001,
3856250000, -6.540505e+001,
3857812500, -6.118550e+001,
3859375000, -6.136391e+001,
3860937500, -6.516148e+001,
3862500000, -6.614273e+001,
3864062500, -7.082177e+001,
3865625000, -6.621996e+001,
3867187500, -6.227253e+001,
3868750000, -5.824046e+001,
3870312500, -5.792936e+001,
3871875000, -5.843288e+001,
3873437500, -5.824518e+001,
3875000000, -5.864399e+001,
3876562500, -6.184048e+001,
3878125000, -6.539357e+001,
3879687500, -1.149749e+002,
3881250000, -7.400191e+001,
3882812500, -6.838269e+001,
3884375000, -6.606944e+001,
3885937500, -7.034318e+001,
3887500000, -7.309390e+001,
3889062500, -7.516446e+001,
3890625000, -6.898350e+001,
3892187500, -7.016367e+001,
3893750000, -6.783094e+001,
3895312500, -6.881829e+001,
3896875000, -6.224207e+001,
3898437500, -6.115816e+001,
3900000000, -5.977732e+001,
3901562500, -6.126904e+001,
3903125000, -5.875891e+001,
3904687500, -6.023488e+001,
3906250000, -6.661616e+001,
3907812500, -7.052003e+001,
3909375000, -7.026788e+001,
3910937500, -6.420833e+001,
3912500000, -6.127906e+001,
3914062500, -6.793089e+001,
3915625000, -5.947500e+001,
3917187500, -5.927491e+001,
3918750000, -6.119796e+001,
3920312500, -5.891822e+001,
3921875000, -6.269453e+001,
3923437500, -6.610490e+001,
3925000000, -6.587286e+001,
3926562500, -5.940689e+001,
3928125000, -5.778592e+001,
3929687500, -5.947983e+001,
3931250000, -6.153451e+001,
3932812500, -6.736542e+001,
3934375000, -8.016463e+001,
3935937500, -6.883981e+001,
3937500000, -6.221782e+001,
3939062500, -5.893890e+001,
3940625000, -5.760762e+001,
3942187500, -5.469681e+001,
3943750000, -5.282785e+001,
3945312500, -5.528783e+001,
3946875000, -5.693056e+001,
3948437500, -5.500692e+001,
3950000000, -5.691423e+001,
3951562500, -5.962394e+001,
3953125000, -6.772191e+001,
3954687500, -7.340623e+001,
3956250000, -6.921878e+001,
3957812500, -6.037323e+001,
3959375000, -5.613975e+001,
3960937500, -5.975967e+001,
3962500000, -8.097499e+001,
3964062500, -5.959373e+001,
3965625000, -5.433672e+001,
3967187500, -5.176182e+001,
3968750000, -5.059261e+001,
3970312500, -4.974076e+001,
3971875000, -4.974131e+001,
3973437500, -5.202857e+001,
3975000000, -5.506744e+001,
3976562500, -6.337287e+001,
3978125000, -6.583620e+001,
3979687500, -6.232999e+001,
3981250000, -5.864690e+001,
3982812500, -5.461322e+001,
3984375000, -5.115785e+001,
3985937500, -5.183212e+001,
3987500000, -5.184910e+001,
3989062500, -5.190752e+001,
3990625000, -5.206352e+001,
3992187500, -5.196867e+001,
3993750000, -5.466768e+001,
3995312500, -5.401653e+001,
3996875000, -5.306956e+001,
3998437500, -5.599831e+001,
4000000000, -5.630896e+001,
4001562500, -6.093953e+001,
4003125000, -6.023530e+001,
4004687500, -5.763078e+001,
4006250000, -5.646724e+001,
4007812500, -5.210434e+001,
4009375000, -4.983482e+001,
4010937500, -4.762091e+001,
4012500000, -4.616475e+001,
4014062500, -4.527911e+001,
4015625000, -4.606439e+001,
4017187500, -4.707873e+001,
4018750000, -4.843149e+001,
4020312500, -5.049273e+001,
4021875000, -4.930249e+001,
4023437500, -5.243252e+001,
4025000000, -5.744367e+001,
4026562500, -5.817213e+001,
4028125000, -5.487682e+001,
4029687500, -5.334509e+001,
4031250000, -5.408720e+001,
4032812500, -5.136590e+001,
4034375000, -5.055356e+001,
4035937500, -4.996394e+001,
4037500000, -4.950266e+001,
4039062500, -4.814198e+001,
4040625000, -4.980439e+001,
4042187500, -5.024924e+001,
4043750000, -4.845689e+001,
4045312500, -4.735015e+001,
4046875000, -4.843435e+001,
4048437500, -4.742010e+001,
4050000000, -4.797275e+001,
4051562500, -5.071606e+001,
4053125000, -4.907899e+001,
4054687500, -4.997572e+001,
4056250000, -4.972111e+001,
4057812500, -4.668628e+001,
4059375000, -4.526311e+001,
4060937500, -4.273218e+001,
4062500000, -4.214003e+001,
4064062500, -4.372663e+001,
4065625000, -4.404276e+001,
4067187500, -4.369281e+001,
4068750000, -4.472974e+001,
4070312500, -4.703655e+001,
4071875000, -4.954397e+001,
4073437500, -5.425696e+001,
4075000000, -5.513577e+001,
4076562500, -5.450987e+001,
4078125000, -5.275168e+001,
4079687500, -5.333479e+001,
4081250000, -5.939253e+001,
4082812500, -5.318606e+001,
4084375000, -5.008090e+001,
4085937500, -5.233493e+001,
4087500000, -5.089496e+001,
4089062500, -4.645288e+001,
4090625000, -4.511264e+001,
4092187500, -4.404200e+001,
4093750000, -4.284979e+001,
4095312500, -4.377058e+001,
4096875000, -4.275195e+001,
4098437500, -4.253692e+001,
4100000000, -4.294608e+001,
4101562500, -4.616803e+001,
4103125000, -4.829760e+001,
4104687500, -4.912850e+001,
4106250000, -4.873213e+001,
4107812500, -4.531070e+001,
4109375000, -4.450887e+001,
4110937500, -4.339204e+001,
4112500000, -4.374671e+001,
4114062500, -4.433633e+001,
4115625000, -4.221888e+001,
4117187500, -4.179633e+001,
4118750000, -4.292281e+001,
4120312500, -4.507103e+001,
4121875000, -4.656124e+001,
4123437500, -4.671086e+001,
4125000000, -4.951596e+001,
4126562500, -5.448090e+001,
4128125000, -5.213428e+001,
4129687500, -4.959764e+001,
4131250000, -5.079248e+001,
4132812500, -5.255074e+001,
4134375000, -5.386857e+001,
4135937500, -5.099553e+001,
4137500000, -4.722678e+001,
4139062500, -4.502762e+001,
4140625000, -4.425953e+001,
4142187500, -4.375388e+001,
4143750000, -4.250680e+001,
4145312500, -4.059833e+001,
4146875000, -4.044628e+001,
4148437500, -4.065349e+001,
4150000000, -4.155630e+001,
4151562500, -4.162017e+001,
4153125000, -4.346049e+001,
4154687500, -4.570002e+001,
4156250000, -4.736429e+001,
4157812500, -5.049287e+001,
4159375000, -5.153280e+001,
4160937500, -5.250534e+001,
4162500000, -5.044645e+001,
4164062500, -4.466888e+001,
4165625000, -4.235482e+001,
4167187500, -4.299042e+001,
4168750000, -4.316342e+001,
4170312500, -4.467484e+001,
4171875000, -4.175654e+001,
4173437500, -4.427181e+001,
4175000000, -4.502589e+001,
4176562500, -4.180672e+001,
4178125000, -4.115497e+001,
4179687500, -4.178325e+001,
4181250000, -4.434651e+001,
4182812500, -4.612761e+001,
4184375000, -4.572643e+001,
4185937500, -4.323186e+001,
4187500000, -4.392580e+001,
4189062500, -4.828729e+001,
4190625000, -4.916161e+001,
4192187500, -4.380415e+001,
4193750000, -4.230040e+001,
4195312500, -4.312471e+001,
4196875000, -4.177139e+001,
4198437500, -3.997775e+001,
4200000000, -3.794713e+001,
4201562500, -3.877305e+001,
4203125000, -3.900677e+001,
4204687500, -3.984136e+001,
4206250000, -4.287386e+001,
4207812500, -4.230388e+001,
4209375000, -4.139282e+001,
4210937500, -4.655434e+001,
4212500000, -4.364348e+001,
4214062500, -4.591377e+001,
4215625000, -4.753300e+001,
4217187500, -4.904514e+001,
4218750000, -4.486998e+001,
4220312500, -4.485122e+001,
4221875000, -4.217136e+001,
4223437500, -3.813710e+001,
4225000000, -3.924283e+001,
4226562500, -3.817417e+001,
4228125000, -3.724617e+001,
4229687500, -3.834837e+001,
4231250000, -3.681891e+001,
4232812500, -3.967036e+001,
4234375000, -4.157677e+001,
4235937500, -4.268183e+001,
4237500000, -4.103086e+001,
4239062500, -3.885735e+001,
4240625000, -3.803086e+001,
4242187500, -4.182484e+001,
4243750000, -5.249325e+001,
4245312500, -5.558365e+001,
4246875000, -4.558353e+001,
4248437500, -3.791242e+001,
4250000000, -3.783531e+001,
4251562500, -3.966788e+001,
4253125000, -4.191993e+001,
4254687500, -4.039394e+001,
4256250000, -3.809903e+001,
4257812500, -3.251844e+001,
4259375000, -3.149671e+001,
4260937500, -3.451288e+001,
4262500000, -3.805635e+001,
4264062500, -4.157507e+001,
4265625000, -4.161831e+001,
4267187500, -4.251117e+001,
4268750000, -3.577292e+001,
4270312500, -3.370247e+001,
4271875000, -3.891795e+001,
4273437500, -4.091986e+001,
4275000000, -4.401057e+001,
4276562500, -4.191937e+001,
4278125000, -4.464515e+001,
4279687500, -3.919967e+001,
4281250000, -3.456431e+001,
4282812500, -3.870926e+001,
4284375000, -3.890296e+001,
4285937500, -3.688237e+001,
4287500000, -3.605730e+001,
4289062500, -3.294972e+001,
4290625000, -3.089332e+001,
4292187500, -3.027612e+001,
4293750000, -3.591401e+001,
4295312500, -3.864551e+001,
4296875000, -3.741451e+001,
4298437500, -3.823366e+001,
4300000000, -3.634792e+001,
4301562500, -3.400950e+001,
4303125000, -3.617379e+001,
4304687500, -3.832462e+001,
4306250000, -4.278661e+001,
4307812500, -5.833511e+001,
4309375000, -4.355904e+001,
4310937500, -3.868538e+001,
4312500000, -3.209627e+001,
4314062500, -3.224876e+001,
4315625000, -3.549791e+001,
4317187500, -3.759861e+001,
4318750000, -3.672410e+001,
4320312500, -3.787354e+001,
4321875000, -3.570139e+001,
4323437500, -3.054008e+001,
4325000000, -2.500331e+001,
4326562500, -2.574152e+001,
4328125000, -2.769182e+001,
4329687500, -2.946898e+001,
4331250000, -2.962849e+001,
4332812500, -2.929639e+001,
4334375000, -2.910255e+001,
4335937500, -2.783456e+001,
4337500000, -2.618344e+001,
4339062500, -2.303300e+001,
4340625000, -2.722054e+001,
4342187500, -2.969267e+001,
4343750000, -3.121796e+001,
4345312500, -2.976567e+001,
4346875000, -3.001340e+001,
4348437500, -3.182217e+001,
4350000000, -3.363416e+001,
4351562500, -2.948129e+001,
4353125000, -2.429692e+001,
4354687500, -2.575665e+001,
4356250000, -2.946325e+001,
4357812500, -3.134865e+001,
4359375000, -3.256245e+001,
4360937500, -3.018246e+001,
4362500000, -2.939668e+001,
4364062500, -2.947233e+001,
4365625000, -2.999828e+001,
4367187500, -2.777790e+001,
4368750000, -2.642040e+001,
4370312500, -2.527421e+001,
4371875000, -2.715174e+001,
4373437500, -2.924827e+001,
4375000000, -2.973857e+001,
4376562500, -2.933189e+001,
4378125000, -2.871184e+001,
4379687500, -2.786958e+001,
4381250000, -2.703152e+001,
4382812500, -2.812476e+001,
4384375000, -3.047498e+001,
4385937500, -3.147176e+001,
4387500000, -3.384584e+001,
4389062500, -4.218725e+001,
4390625000, -4.052901e+001,
4392187500, -3.011713e+001,
4393750000, -3.101282e+001,
4395312500, -3.420720e+001,
4396875000, -3.674878e+001,
4398437500, -3.854747e+001,
4400000000, -3.833370e+001,
4401562500, -3.645785e+001,
4403125000, -3.334599e+001,
4404687500, -3.175466e+001,
4406250000, -3.041116e+001,
4407812500, -2.642053e+001,
4409375000, -2.161312e+001,
4410937500, -1.900774e+001,
4412500000, -2.059173e+001,
4414062500, -2.436375e+001,
4415625000, -2.720907e+001,
4417187500, -2.890955e+001,
4418750000, -3.029743e+001,
4420312500, -3.079244e+001,
4421875000, -3.105750e+001,
4423437500, -3.073133e+001,
4425000000, -2.869954e+001,
4426562500, -2.455734e+001,
4428125000, -2.067400e+001,
4429687500, -1.593814e+001,
4431250000, -1.127838e+001,
4432812500, -1.196477e+001,
4434375000, -1.665474e+001,
4435937500, -1.804521e+001,
4437500000, -1.883628e+001,
4439062500, -2.052439e+001,
4440625000, -2.371925e+001,
4442187500, -2.427287e+001,
4443750000, -2.070046e+001,
4445312500, -1.877121e+001,
4446875000, -1.696043e+001,
4448437500, -1.472149e+001,
4450000000, -1.237438e+001,
4451562500, -9.578459e+000,
4453125000, -8.323142e+000,
4454687500, -1.111765e+001,
4456250000, -1.517161e+001,
4457812500, -1.765628e+001,
4459375000, -1.997213e+001,
4460937500, -1.733775e+001,
4462500000, -1.697778e+001,
4464062500, -1.661265e+001,
4465625000, -1.581671e+001,
4467187500, -1.433721e+001,
4468750000, -1.206289e+001,
4470312500, -9.159674e+000,
4471875000, -7.173414e+000,
4473437500, -9.012782e+000,
4475000000, -1.247030e+001,
4476562500, -1.689232e+001,
4478125000, -1.739480e+001,
4479687500, -1.716548e+001,
4481250000, -1.743196e+001,
4482812500, -1.640628e+001,
4484375000, -1.532157e+001,
4485937500, -1.417492e+001,
4487500000, -1.226876e+001,
4489062500, -9.165615e+000,
4490625000, -8.063092e+000,
4492187500, -1.174160e+001,
4493750000, -1.870104e+001,
4495312500, -1.751344e+001,
4496875000, -1.789528e+001,
4498437500, -1.893219e+001,
4500000000, -1.792249e+001,
4501562500, -1.554807e+001,
4503125000, -1.518853e+001,
4504687500, -1.432255e+001,
4506250000, -1.210880e+001,
4507812500, -1.130042e+001,
4509375000, -1.570512e+001,
4510937500, -1.428867e+001,
4512500000, -1.483200e+001,
4514062500, -1.696795e+001,
4515625000, -1.775118e+001,
4517187500, -1.544009e+001,
4518750000, -1.452442e+001,
4520312500, -1.445791e+001,
4521875000, -1.399228e+001,
4523437500, -1.252735e+001,
4525000000, -1.057442e+001,
4526562500, -9.960820e+000,
4528125000, -1.111296e+001,
4529687500, -1.324351e+001,
4531250000, -1.472776e+001,
4532812500, -1.493719e+001,
4534375000, -1.337371e+001,
4535937500, -1.231637e+001,
4537500000, -1.234245e+001,
4539062500, -1.212653e+001,
4540625000, -1.084154e+001,
4542187500, -8.967699e+000,
4543750000, -8.365178e+000,
4545312500, -9.539126e+000,
4546875000, -1.119107e+001,
4548437500, -1.285112e+001,
4550000000, -1.338936e+001,
4551562500, -1.208477e+001,
4553125000, -1.121314e+001,
4554687500, -1.139486e+001,
4556250000, -1.135786e+001,
4557812500, -1.030546e+001,
4559375000, -8.845184e+000,
4560937500, -8.459116e+000,
4562500000, -1.010681e+001,
4564062500, -1.275868e+001,
4565625000, -1.409832e+001,
4567187500, -1.297013e+001,
4568750000, -1.147119e+001,
4570312500, -1.116758e+001,
4571875000, -1.137020e+001,
4573437500, -1.103514e+001,
4575000000, -1.021387e+001,
4576562500, -1.008050e+001,
4578125000, -1.126850e+001,
4579687500, -1.349301e+001,
4581250000, -1.623677e+001,
4582812500, -1.504085e+001,
4584375000, -1.266198e+001,
4585937500, -1.231196e+001,
4587500000, -1.224322e+001,
4589062500, -1.224928e+001,
4590625000, -1.243350e+001,
4592187500, -1.260714e+001,
4593750000, -1.497388e+001,
4595312500, -1.913993e+001,
4596875000, -1.693024e+001,
4598437500, -1.475604e+001,
4600000000, -1.412517e+001,
4601562500, -1.440857e+001,
4603125000, -1.504402e+001,
4604687500, -1.585096e+001,
4606250000, -1.508946e+001,
4607812500, -1.594280e+001,
4609375000, -1.546822e+001,
4610937500, -1.538585e+001,
4612500000, -1.511337e+001,
4614062500, -1.539811e+001,
4615625000, -1.584403e+001,
4617187500, -1.681088e+001,
4618750000, -1.740456e+001,
4620312500, -1.654864e+001,
4621875000, -1.364226e+001,
4623437500, -1.223965e+001,
4625000000, -1.356639e+001,
4626562500, -1.536375e+001,
4628125000, -1.635733e+001,
4629687500, -1.809101e+001,
4631250000, -1.985993e+001,
4632812500, -1.956319e+001,
4634375000, -1.758590e+001,
4635937500, -1.521658e+001,
4637500000, -1.303778e+001,
4639062500, -1.394072e+001,
4640625000, -1.547231e+001,
4642187500, -1.695716e+001,
4643750000, -1.911050e+001,
4645312500, -1.953209e+001,
4646875000, -1.871930e+001,
4648437500, -1.638597e+001,
4650000000, -1.356314e+001,
4651562500, -1.195006e+001,
4653125000, -1.270143e+001,
4654687500, -1.450026e+001,
4656250000, -1.680107e+001,
4657812500, -1.745012e+001,
4659375000, -1.778694e+001,
4660937500, -1.569361e+001,
4662500000, -1.314752e+001,
4664062500, -1.160668e+001,
4665625000, -1.193536e+001,
4667187500, -1.237627e+001,
4668750000, -1.344091e+001,
4670312500, -1.407291e+001,
4671875000, -1.455334e+001,
4673437500, -1.392574e+001,
4675000000, -1.240704e+001,
4676562500, -1.137718e+001,
4678125000, -1.142873e+001,
4679687500, -1.181415e+001,
4681250000, -1.232587e+001,
4682812500, -1.341298e+001,
4684375000, -1.449852e+001,
4685937500, -1.403238e+001,
4687500000, -1.359559e+001,
4689062500, -1.398325e+001,
4690625000, -1.068358e+001,
4692187500, -1.016364e+001,
4693750000, -1.184888e+001,
4695312500, -1.297275e+001,
4696875000, -1.378515e+001,
4698437500, -1.430681e+001,
4700000000, -1.368264e+001,
4701562500, -1.386735e+001,
4703125000, -1.676359e+001,
4704687500, -1.879190e+001,
4706250000, -1.993327e+001,
4707812500, -1.471333e+001,
4709375000, -1.371907e+001,
4710937500, -1.391772e+001,
4712500000, -1.397583e+001,
4714062500, -1.528082e+001,
4715625000, -1.655313e+001,
4717187500, -1.762223e+001,
4718750000, -1.868097e+001,
4720312500, -1.885168e+001,
4721875000, -1.905211e+001,
4723437500, -2.045505e+001,
4725000000, -1.876874e+001,
4726562500, -1.830795e+001,
4728125000, -1.952785e+001,
4729687500, -1.887278e+001,
4731250000, -1.808300e+001,
4732812500, -1.764263e+001,
4734375000, -1.664154e+001,
4735937500, -1.614811e+001,
4737500000, -1.769058e+001,
4739062500, -1.974908e+001,
4740625000, -1.894463e+001,
4742187500, -1.788712e+001,
4743750000, -1.674854e+001,
4745312500, -1.583285e+001,
4746875000, -1.565579e+001,
4748437500, -1.668806e+001,
4750000000, -1.612760e+001,
4751562500, -1.560771e+001,
4753125000, -1.568417e+001,
4754687500, -1.565411e+001,
4756250000, -1.564810e+001,
4757812500, -1.652983e+001,
4759375000, -1.613063e+001,
4760937500, -1.571114e+001,
4762500000, -1.622647e+001,
4764062500, -1.643859e+001,
4765625000, -1.601661e+001,
4767187500, -1.695091e+001,
4768750000, -1.686409e+001,
4770312500, -1.676418e+001,
4771875000, -1.768400e+001,
4773437500, -1.765264e+001,
4775000000, -1.671416e+001,
4776562500, -1.656763e+001,
4778125000, -1.678826e+001,
4779687500, -1.753169e+001,
4781250000, -1.904215e+001,
4782812500, -1.974713e+001,
4784375000, -1.934839e+001,
4785937500, -1.834950e+001,
4787500000, -1.816140e+001,
4789062500, -1.940214e+001,
4790625000, -2.078175e+001,
4792187500, -2.115711e+001,
4793750000, -2.013689e+001,
4795312500, -1.851986e+001,
4796875000, -1.841492e+001,
4798437500, -2.094058e+001,
4800000000, -2.293403e+001,
4801562500, -2.146848e+001,
4803125000, -1.968006e+001,
4804687500, -1.917000e+001,
4806250000, -1.994192e+001,
4807812500, -2.183027e+001,
4809375000, -2.148693e+001,
4810937500, -1.960675e+001,
4812500000, -1.878700e+001,
4814062500, -1.911839e+001,
4815625000, -1.982170e+001,
4817187500, -1.995161e+001,
4818750000, -1.924819e+001,
4820312500, -1.824566e+001,
4821875000, -1.837140e+001,
4823437500, -1.921072e+001,
4825000000, -1.943191e+001,
4826562500, -1.918443e+001,
4828125000, -1.852081e+001,
4829687500, -1.890733e+001,
4831250000, -1.991059e+001,
4832812500, -2.027100e+001,
4834375000, -1.963015e+001,
4835937500, -1.883712e+001,
4837500000, -1.917979e+001,
4839062500, -2.028215e+001,
4840625000, -2.089254e+001,
4842187500, -2.004686e+001,
4843750000, -1.940975e+001,
4845312500, -2.008620e+001,
4846875000, -2.126302e+001,
4848437500, -2.134829e+001,
4850000000, -2.054266e+001,
4851562500, -2.051300e+001,
4853125000, -2.080814e+001,
4854687500, -2.075326e+001,
4856250000, -2.003928e+001,
4857812500, -1.986370e+001,
4859375000, -2.004170e+001,
4860937500, -2.012385e+001,
4862500000, -1.995115e+001,
4864062500, -1.972257e+001,
4865625000, -1.997526e+001,
4867187500, -2.061651e+001,
4868750000, -2.107780e+001,
4870312500, -2.080639e+001,
4871875000, -2.044620e+001,
4873437500, -2.059381e+001,
4875000000, -2.076565e+001,
4876562500, -2.048606e+001,
4878125000, -2.029185e+001,
4879687500, -2.013029e+001,
4881250000, -1.994158e+001,
4882812500, -2.020548e+001,
4884375000, -2.067857e+001,
4885937500, -2.093430e+001,
4887500000, -2.105325e+001,
4889062500, -2.133857e+001,
4890625000, -2.143202e+001,
4892187500, -2.133602e+001,
4893750000, -2.151545e+001,
4895312500, -2.139440e+001,
4896875000, -2.124807e+001,
4898437500, -2.127435e+001,
4900000000, -2.128138e+001,
4901562500, -2.181177e+001,
4903125000, -2.252533e+001,
4904687500, -2.259916e+001,
4906250000, -2.244070e+001,
4907812500, -2.270475e+001,
4909375000, -2.291481e+001,
4910937500, -2.286447e+001,
4912500000, -2.253938e+001,
4914062500, -2.258602e+001,
4915625000, -2.292702e+001,
4917187500, -2.328205e+001,
4918750000, -2.367098e+001,
4920312500, -2.382170e+001,
4921875000, -2.377831e+001,
4923437500, -2.390565e+001,
4925000000, -2.385165e+001,
4926562500, -2.339333e+001,
4928125000, -2.312441e+001,
4929687500, -2.307919e+001,
4931250000, -2.326338e+001,
4932812500, -2.336547e+001,
4934375000, -2.340223e+001,
4935937500, -2.350391e+001,
4937500000, -2.348544e+001,
4939062500, -2.341352e+001,
4940625000, -2.322674e+001,
4942187500, -2.296707e+001,
4943750000, -2.288503e+001,
4945312500, -2.320258e+001,
4946875000, -2.341321e+001,
4948437500, -2.377909e+001,
4950000000, -2.398744e+001,
4951562500, -2.385214e+001,
4953125000, -2.357481e+001,
4954687500, -2.301322e+001,
4956250000, -2.261725e+001,
4957812500, -2.255512e+001,
4959375000, -2.263935e+001,
4960937500, -2.276334e+001,
4962500000, -2.300684e+001,
4964062500, -2.311988e+001,
4965625000, -2.285806e+001,
4967187500, -2.281593e+001,
4968750000, -2.287601e+001,
4970312500, -2.311171e+001,
4971875000, -2.362570e+001,
4973437500, -2.411185e+001,
4975000000, -2.448701e+001,
4976562500, -2.438911e+001,
4978125000, -2.410434e+001,
4979687500, -2.414284e+001,
4981250000, -2.451634e+001,
4982812500, -2.528104e+001,
4984375000, -2.605881e+001,
4985937500, -2.659007e+001,
4987500000, -2.698584e+001,
4989062500, -2.725784e+001,
4990625000, -2.735055e+001,
4992187500, -2.755911e+001,
4993750000, -2.803048e+001,
4995312500, -2.854601e+001,
4996875000, -2.890014e+001,
4998437500, -2.829780e+001,
5000000000, -2.702658e+001,
5001562500, -2.605755e+001,
5003125000, -2.586907e+001,
5004687500, -2.629818e+001,
5006250000, -2.678720e+001,
5007812500, -2.679309e+001,
5009375000, -2.647580e+001,
5010937500, -2.629839e+001,
5012500000, -2.670170e+001,
5014062500, -2.780815e+001,
5015625000, -2.949555e+001,
5017187500, -3.023932e+001,
5018750000, -2.989169e+001,
5020312500, -2.974345e+001,
5021875000, -3.079324e+001,
5023437500, -3.209608e+001,
5025000000, -3.309819e+001,
5026562500, -3.254071e+001,
5028125000, -3.083331e+001,
5029687500, -2.984760e+001,
5031250000, -2.936961e+001,
5032812500, -2.943660e+001,
5034375000, -2.944257e+001,
5035937500, -2.862532e+001,
5037500000, -2.874761e+001,
5039062500, -3.059787e+001,
5040625000, -3.281162e+001,
5042187500, -3.329873e+001,
5043750000, -3.175384e+001,
5045312500, -3.020187e+001,
5046875000, -2.969916e+001,
5048437500, -3.045684e+001,
5050000000, -2.928259e+001,
5051562500, -2.730340e+001,
5053125000, -2.682526e+001,
5054687500, -2.721637e+001,
5056250000, -2.720020e+001,
5057812500, -2.659955e+001,
5059375000, -2.785810e+001,
5060937500, -3.052541e+001,
5062500000, -3.137673e+001,
5064062500, -2.982870e+001,
5065625000, -2.965218e+001,
5067187500, -3.020035e+001,
5068750000, -2.877167e+001,
5070312500, -2.817446e+001,
5071875000, -3.115571e+001,
5073437500, -3.383778e+001,
5075000000, -3.271194e+001,
5076562500, -3.418350e+001,
5078125000, -3.913640e+001,
5079687500, -3.555046e+001,
5081250000, -3.316407e+001,
5082812500, -3.732546e+001,
5084375000, -3.820488e+001,
5085937500, -3.375895e+001,
5087500000, -3.274575e+001,
5089062500, -3.264470e+001,
5090625000, -3.201451e+001,
5092187500, -3.484788e+001,
5093750000, -3.371673e+001,
5095312500, -3.137703e+001,
5096875000, -3.486851e+001,
5098437500, -3.307671e+001,
5100000000, -3.450117e+001,
5101562500, -3.375136e+001,
5103125000, -3.576376e+001,
5104687500, -3.911070e+001,
5106250000, -3.481184e+001,
5107812500, -4.027817e+001,
5109375000, -3.398616e+001,
5110937500, -4.012068e+001,
5112500000, -3.512051e+001,
5114062500, -3.902827e+001,
5115625000, -3.546075e+001,
5117187500, -4.117679e+001,
5118750000, -3.981761e+001,
5120312500, -4.076112e+001,
5121875000, -4.320926e+001,
5123437500, -3.806886e+001,
5125000000, -4.248318e+001,
5126562500, -4.809830e+001,
5128125000, -4.071626e+001,
5129687500, -4.133673e+001,
5131250000, -4.795457e+001,
5132812500, -6.232199e+001,
5134375000, -4.947519e+001,
5135937500, -4.733376e+001,
5137500000, -4.706615e+001,
5139062500, -4.801022e+001,
5140625000, -4.878833e+001,
5142187500, -4.819516e+001,
5143750000, -4.785050e+001,
5145312500, -4.726229e+001,
5146875000, -4.769936e+001,
5148437500, -4.689400e+001,
5150000000, -4.740133e+001,
5151562500, -4.744874e+001,
5153125000, -4.757780e+001,
5154687500, -4.769326e+001,
5156250000, -4.760168e+001,
5157812500, -4.765570e+001,
5159375000, -4.764195e+001,
5160937500, -4.766223e+001,
5162500000, -4.767262e+001,
5164062500, -4.768812e+001,
5165625000, -4.767377e+001,
5167187500, -4.772212e+001,
5168750000, -4.770426e+001,
5170312500, -4.769541e+001,
5171875000, -4.769968e+001,
5173437500, -4.765075e+001,
5175000000, -4.768960e+001,
5176562500, -4.768953e+001,
5178125000, -4.769371e+001,
5179687500, -4.764814e+001,
5181250000, -4.768304e+001,
5182812500, -4.765533e+001,
5184375000, -4.768044e+001,
5185937500, -4.766986e+001,
5187500000, -4.767106e+001,
5189062500, -4.767628e+001,
5190625000, -4.763518e+001,
5192187500, -4.766154e+001,
5193750000, -4.761559e+001,
5195312500, -4.764037e+001,
5196875000, -4.759671e+001,
5198437500, -4.755593e+001,
5200000000, -4.755020e+001,
5201562500, -4.755948e+001,
5203125000, -4.754413e+001,
5204687500, -4.751017e+001,
5206250000, -4.747008e+001,
5207812500, -4.747949e+001,
5209375000, -4.746738e+001,
5210937500, -4.740100e+001,
5212500000, -4.737835e+001,
5214062500, -4.734869e+001,
5215625000, -4.733739e+001,
5217187500, -4.732007e+001,
5218750000, -4.723675e+001,
5220312500, -4.719725e+001,
5221875000, -4.720636e+001,
5223437500, -4.712011e+001,
5225000000, -4.712322e+001,
5226562500, -4.708768e+001,
5228125000, -4.709086e+001,
5229687500, -4.700043e+001,
5231250000, -4.696724e+001,
5232812500, -4.691862e+001,
5234375000, -4.688701e+001,
5235937500, -4.686130e+001,
5237500000, -4.678008e+001,
5239062500, -4.677578e+001,
5240625000, -4.672423e+001,
5242187500, -4.666282e+001,
5243750000, -4.665360e+001,
5245312500, -4.656968e+001,
5246875000, -4.654554e+001,
5248437500, -4.650825e+001,
5250000000, -4.643274e+001,
5251562500, -4.643093e+001,
5253125000, -4.633065e+001,
5254687500, -4.633454e+001,
5256250000, -4.626146e+001,
5257812500, -4.620343e+001,
5259375000, -4.615519e+001,
5260937500, -4.616052e+001,
5262500000, -4.609804e+001,
5264062500, -4.605540e+001,
5265625000, -4.604813e+001,
5267187500, -4.598361e+001,
5268750000, -4.595947e+001,
5270312500, -4.589019e+001,
5271875000, -4.586681e+001,
5273437500, -4.586411e+001,
5275000000, -4.584850e+001,
5276562500, -4.580659e+001,
5278125000, -4.578757e+001,
5279687500, -4.576562e+001,
5281250000, -4.572960e+001,
5282812500, -4.574910e+001,
5284375000, -4.572740e+001,
5285937500, -4.569130e+001,
5287500000, -4.565527e+001,
5289062500, -4.564572e+001,
5290625000, -4.563266e+001,
5292187500, -4.563873e+001,
5293750000, -4.558958e+001,
5295312500, -4.558333e+001,
5296875000, -4.555762e+001,
5298437500, -4.555653e+001,
5300000000, -4.552306e+001,
5301562500, -4.554015e+001,
5303125000, -4.549381e+001,
5304687500, -4.549524e+001,
5306250000, -4.549494e+001,
5307812500, -4.550826e+001,
5309375000, -4.550764e+001,
5310937500, -4.550083e+001,
5312500000, -4.549389e+001,
5314062500, -4.552043e+001,
5315625000, -4.550905e+001,
5317187500, -4.549253e+001,
5318750000, -4.551866e+001,
5320312500, -4.555045e+001,
5321875000, -4.556284e+001,
5323437500, -4.551973e+001,
5325000000, -4.554371e+001,
5326562500, -4.554419e+001,
5328125000, -4.553411e+001,
5329687500, -4.555582e+001,
5331250000, -4.554582e+001,
5332812500, -4.556115e+001,
5334375000, -4.558331e+001,
5335937500, -4.559498e+001,
5337500000, -4.559559e+001,
5339062500, -4.558951e+001,
5340625000, -4.560277e+001,
5342187500, -4.561536e+001,
5343750000, -4.562665e+001,
5345312500, -4.563102e+001,
5346875000, -4.562913e+001,
5348437500, -4.562177e+001,
5350000000, -4.559123e+001,
5351562500, -4.556409e+001,
5353125000, -4.558646e+001,
5354687500, -4.554422e+001,
5356250000, -4.556101e+001,
5357812500, -4.557514e+001,
5359375000, -4.553440e+001,
5360937500, -4.557206e+001,
5362500000, -4.551830e+001,
5364062500, -4.552698e+001,
5365625000, -4.549833e+001,
5367187500, -4.546901e+001,
5368750000, -4.547450e+001,
5370312500, -4.548999e+001,
5371875000, -4.545643e+001,
5373437500, -4.542978e+001,
5375000000, -4.540739e+001,
5376562500, -4.537223e+001,
5378125000, -4.535187e+001,
5379687500, -4.532826e+001,
5381250000, -4.529879e+001,
5382812500, -4.530120e+001,
5384375000, -4.526638e+001,
5385937500, -4.525712e+001,
5387500000, -4.520612e+001,
5389062500, -4.518136e+001,
5390625000, -4.516618e+001,
5392187500, -4.515106e+001,
5393750000, -4.514665e+001,
5395312500, -4.511905e+001,
5396875000, -4.508268e+001,
5398437500, -4.505400e+001,
5400000000, -4.503181e+001,
5401562500, -4.501308e+001,
5403125000, -4.499171e+001,
5404687500, -4.498188e+001,
5406250000, -4.495697e+001,
5407812500, -4.491391e+001,
5409375000, -4.489388e+001,
5410937500, -4.488434e+001,
5412500000, -4.487189e+001,
5414062500, -4.483881e+001,
5415625000, -4.484640e+001,
5417187500, -4.483130e+001,
5418750000, -4.480693e+001,
5420312500, -4.478172e+001,
5421875000, -4.477911e+001,
5423437500, -4.476981e+001,
5425000000, -4.475898e+001,
5426562500, -4.475163e+001,
5428125000, -4.473237e+001,
5429687500, -4.473232e+001,
5431250000, -4.471386e+001,
5432812500, -4.471738e+001,
5434375000, -4.470975e+001,
5435937500, -4.472728e+001,
5437500000, -4.473029e+001,
5439062500, -4.476563e+001,
5440625000, -4.477687e+001,
5442187500, -4.473614e+001,
5443750000, -4.473882e+001,
5445312500, -4.475140e+001,
5446875000, -4.475930e+001,
5448437500, -4.476562e+001,
5450000000, -4.479609e+001,
5451562500, -4.477321e+001,
5453125000, -4.480830e+001,
5454687500, -4.481672e+001,
5456250000, -4.483246e+001,
5457812500, -4.485810e+001,
5459375000, -4.484837e+001,
5460937500, -4.488115e+001,
5462500000, -4.493007e+001,
5464062500, -4.492246e+001,
5465625000, -4.492015e+001,
5467187500, -4.498932e+001,
5468750000, -4.498553e+001,
5470312500, -4.499144e+001,
5471875000, -4.498168e+001,
5473437500, -4.498313e+001,
5475000000, -4.501601e+001,
5476562500, -4.502063e+001,
5478125000, -4.505101e+001,
5479687500, -4.503205e+001,
5481250000, -4.501274e+001,
5482812500, -4.499641e+001,
5484375000, -4.496753e+001,
5485937500, -4.496375e+001,
5487500000, -4.498656e+001,
5489062500, -4.494301e+001,
5490625000, -4.493212e+001,
5492187500, -4.494472e+001,
5493750000, -4.488541e+001,
5495312500, -4.490520e+001,
5496875000, -4.487455e+001,
5498437500, -4.481988e+001,
5500000000, -4.484000e+001,
