"S21 Log Mag"
"Frequency (Hz)","dB",
3500000000, -4.691324e+001,
3501250000, -4.781112e+001,
3502500000, -4.787342e+001,
3503750000, -4.720155e+001,
3505000000, -4.652576e+001,
3506250000, -4.654615e+001,
3507500000, -4.724495e+001,
3508750000, -4.756513e+001,
3510000000, -4.748549e+001,
3511250000, -4.725558e+001,
3512500000, -4.718183e+001,
3513750000, -4.710925e+001,
3515000000, -4.684190e+001,
3516250000, -4.685947e+001,
3517500000, -4.734418e+001,
3518750000, -4.752736e+001,
3520000000, -4.768019e+001,
3521250000, -4.778125e+001,
3522500000, -4.732574e+001,
3523750000, -4.664526e+001,
3525000000, -4.667565e+001,
3526250000, -4.740085e+001,
3527500000, -4.839091e+001,
3528750000, -4.822499e+001,
3530000000, -4.750798e+001,
3531250000, -4.693989e+001,
3532500000, -4.706643e+001,
3533750000, -4.771906e+001,
3535000000, -4.816133e+001,
3536250000, -4.829784e+001,
3537500000, -4.803437e+001,
3538750000, -4.774641e+001,
3540000000, -4.760090e+001,
3541250000, -4.750415e+001,
3542500000, -4.765822e+001,
3543750000, -4.792846e+001,
3545000000, -4.810757e+001,
3546250000, -4.833991e+001,
3547500000, -4.843167e+001,
3548750000, -4.819270e+001,
3550000000, -4.754276e+001,
3551250000, -4.722581e+001,
3552500000, -4.767931e+001,
3553750000, -4.872906e+001,
3555000000, -4.912392e+001,
3556250000, -4.844595e+001,
3557500000, -4.776570e+001,
3558750000, -4.751940e+001,
3560000000, -4.764490e+001,
3561250000, -4.837328e+001,
3562500000, -4.900316e+001,
3563750000, -4.909081e+001,
3565000000, -4.888736e+001,
3566250000, -4.857564e+001,
3567500000, -4.795937e+001,
3568750000, -4.746374e+001,
3570000000, -4.785642e+001,
3571250000, -4.871315e+001,
3572500000, -4.928976e+001,
3573750000, -4.929104e+001,
3575000000, -4.894810e+001,
3576250000, -4.834516e+001,
3577500000, -4.775285e+001,
3578750000, -4.755729e+001,
3580000000, -4.821030e+001,
3581250000, -4.915574e+001,
3582500000, -4.976074e+001,
3583750000, -4.932788e+001,
3585000000, -4.853868e+001,
3586250000, -4.800444e+001,
3587500000, -4.782825e+001,
3588750000, -4.809901e+001,
3590000000, -4.871561e+001,
3591250000, -4.939553e+001,
3592500000, -4.987668e+001,
3593750000, -4.958143e+001,
3595000000, -4.884475e+001,
3596250000, -4.802721e+001,
3597500000, -4.753902e+001,
3598750000, -4.782591e+001,
3600000000, -4.870396e+001,
3601250000, -4.963093e+001,
3602500000, -4.987469e+001,
3603750000, -4.937196e+001,
3605000000, -4.838021e+001,
3606250000, -4.773901e+001,
3607500000, -4.750745e+001,
3608750000, -4.796589e+001,
3610000000, -4.885367e+001,
3611250000, -4.989778e+001,
3612500000, -4.966051e+001,
3613750000, -4.878931e+001,
3615000000, -4.826557e+001,
3616250000, -4.766710e+001,
3617500000, -4.774142e+001,
3618750000, -4.827631e+001,
3620000000, -4.888593e+001,
3621250000, -4.948410e+001,
3622500000, -4.980392e+001,
3623750000, -4.919663e+001,
3625000000, -4.846637e+001,
3626250000, -4.804549e+001,
3627500000, -4.779185e+001,
3628750000, -4.809682e+001,
3630000000, -4.876699e+001,
3631250000, -4.963892e+001,
3632500000, -4.983639e+001,
3633750000, -4.903518e+001,
3635000000, -4.811111e+001,
3636250000, -4.789867e+001,
3637500000, -4.794651e+001,
3638750000, -4.832261e+001,
3640000000, -4.952431e+001,
3641250000, -5.016389e+001,
3642500000, -4.967744e+001,
3643750000, -4.874347e+001,
3645000000, -4.818205e+001,
3646250000, -4.814463e+001,
3647500000, -4.822407e+001,
3648750000, -4.840320e+001,
3650000000, -4.925335e+001,
3651250000, -5.050015e+001,
3652500000, -5.058392e+001,
3653750000, -4.949340e+001,
3655000000, -4.861315e+001,
3656250000, -4.808264e+001,
3657500000, -4.758199e+001,
3658750000, -4.782746e+001,
3660000000, -4.905254e+001,
3661250000, -5.038176e+001,
3662500000, -5.138857e+001,
3663750000, -5.093484e+001,
3665000000, -4.899672e+001,
3666250000, -4.761282e+001,
3667500000, -4.716699e+001,
3668750000, -4.780478e+001,
3670000000, -4.874487e+001,
3671250000, -5.006145e+001,
3672500000, -5.181256e+001,
3673750000, -5.230244e+001,
3675000000, -5.002360e+001,
3676250000, -4.805983e+001,
3677500000, -4.745638e+001,
3678750000, -4.765466e+001,
3680000000, -4.835781e+001,
3681250000, -4.947244e+001,
3682500000, -5.136237e+001,
3683750000, -5.320676e+001,
3685000000, -5.267950e+001,
3686250000, -4.993593e+001,
3687500000, -4.817361e+001,
3688750000, -4.764808e+001,
3690000000, -4.786520e+001,
3691250000, -4.840577e+001,
3692500000, -4.989444e+001,
3693750000, -5.186654e+001,
3695000000, -5.342776e+001,
3696250000, -5.288344e+001,
3697500000, -5.064555e+001,
3698750000, -4.902993e+001,
3700000000, -4.807405e+001,
3701250000, -4.783504e+001,
3702500000, -4.827121e+001,
3703750000, -4.930587e+001,
3705000000, -5.132726e+001,
3706250000, -5.378940e+001,
3707500000, -5.306978e+001,
3708750000, -5.077308e+001,
3710000000, -4.878427e+001,
3711250000, -4.802391e+001,
3712500000, -4.817466e+001,
3713750000, -4.887805e+001,
3715000000, -5.035845e+001,
3716250000, -5.319703e+001,
3717500000, -5.456749e+001,
3718750000, -5.245610e+001,
3720000000, -4.960190e+001,
3721250000, -4.834156e+001,
3722500000, -4.855254e+001,
3723750000, -4.943603e+001,
3725000000, -5.049117e+001,
3726250000, -5.054869e+001,
3727500000, -5.122616e+001,
3728750000, -5.282064e+001,
3730000000, -5.278970e+001,
3731250000, -5.146098e+001,
3732500000, -5.003173e+001,
3733750000, -4.896627e+001,
3735000000, -4.866222e+001,
3736250000, -4.891297e+001,
3737500000, -5.006609e+001,
3738750000, -5.202705e+001,
3740000000, -5.355949e+001,
3741250000, -5.287114e+001,
3742500000, -5.024468e+001,
3743750000, -4.830526e+001,
3745000000, -4.775104e+001,
3746250000, -4.841096e+001,
3747500000, -4.974991e+001,
3748750000, -5.142307e+001,
3750000000, -5.363638e+001,
3751250000, -5.459570e+001,
3752500000, -5.209548e+001,
3753750000, -4.972572e+001,
3755000000, -4.820983e+001,
3756250000, -4.740535e+001,
3757500000, -4.790192e+001,
3758750000, -4.988811e+001,
3760000000, -5.359071e+001,
3761250000, -5.406476e+001,
3762500000, -5.197425e+001,
3763750000, -5.074292e+001,
3765000000, -5.037175e+001,
3766250000, -5.010524e+001,
3767500000, -4.890316e+001,
3768750000, -4.836221e+001,
3770000000, -4.867962e+001,
3771250000, -4.929770e+001,
3772500000, -5.048778e+001,
3773750000, -5.431596e+001,
3775000000, -5.743422e+001,
3776250000, -5.318584e+001,
3777500000, -4.906871e+001,
3778750000, -4.636657e+001,
3780000000, -4.544376e+001,
3781250000, -4.566676e+001,
3782500000, -4.725116e+001,
3783750000, -5.042058e+001,
3785000000, -5.601829e+001,
3786250000, -6.007809e+001,
3787500000, -5.331923e+001,
3788750000, -4.973995e+001,
3790000000, -4.770026e+001,
3791250000, -4.666531e+001,
3792500000, -4.645473e+001,
3793750000, -4.734402e+001,
3795000000, -4.941610e+001,
3796250000, -5.295152e+001,
3797500000, -5.578330e+001,
3798750000, -5.452739e+001,
3800000000, -5.232574e+001,
3801250000, -5.093033e+001,
3802500000, -4.913042e+001,
3803750000, -4.793752e+001,
3805000000, -4.777840e+001,
3806250000, -4.812210e+001,
3807500000, -4.880387e+001,
3808750000, -4.972512e+001,
3810000000, -5.200935e+001,
3811250000, -5.770850e+001,
3812500000, -6.182762e+001,
3813750000, -5.209383e+001,
3815000000, -4.780754e+001,
3816250000, -4.591446e+001,
3817500000, -4.538420e+001,
3818750000, -4.598478e+001,
3820000000, -4.802230e+001,
3821250000, -5.144332e+001,
3822500000, -5.578196e+001,
3823750000, -5.770459e+001,
3825000000, -5.704744e+001,
3826250000, -5.371047e+001,
3827500000, -4.984257e+001,
3828750000, -4.809475e+001,
3830000000, -4.798573e+001,
3831250000, -4.916215e+001,
3832500000, -5.119212e+001,
3833750000, -5.184915e+001,
3835000000, -5.150077e+001,
3836250000, -5.228775e+001,
3837500000, -5.333612e+001,
3838750000, -5.216795e+001,
3840000000, -5.196622e+001,
3841250000, -5.318630e+001,
3842500000, -5.277397e+001,
3843750000, -5.117802e+001,
3845000000, -5.000516e+001,
3846250000, -5.052337e+001,
3847500000, -5.147530e+001,
3848750000, -5.202384e+001,
3850000000, -5.387011e+001,
3851250000, -5.974598e+001,
3852500000, -5.634829e+001,
3853750000, -5.117827e+001,
3855000000, -4.939993e+001,
3856250000, -4.916452e+001,
3857500000, -4.972855e+001,
3858750000, -5.149583e+001,
3860000000, -5.339315e+001,
3861250000, -5.306271e+001,
3862500000, -5.480803e+001,
3863750000, -5.730294e+001,
3865000000, -5.553715e+001,
3866250000, -5.218325e+001,
3867500000, -5.048558e+001,
3868750000, -5.000721e+001,
3870000000, -5.129669e+001,
3871250000, -5.316411e+001,
3872500000, -5.442442e+001,
3873750000, -5.381594e+001,
3875000000, -5.253185e+001,
3876250000, -5.187990e+001,
3877500000, -5.197673e+001,
3878750000, -5.267183e+001,
3880000000, -5.317419e+001,
3881250000, -5.322295e+001,
3882500000, -5.399172e+001,
3883750000, -5.569835e+001,
3885000000, -5.477805e+001,
3886250000, -5.240517e+001,
3887500000, -5.145411e+001,
3888750000, -5.245715e+001,
3890000000, -5.577880e+001,
3891250000, -6.047523e+001,
3892500000, -5.476307e+001,
3893750000, -5.079217e+001,
3895000000, -4.965449e+001,
3896250000, -5.015963e+001,
3897500000, -5.161446e+001,
3898750000, -5.456315e+001,
3900000000, -6.014436e+001,
3901250000, -5.931939e+001,
3902500000, -5.721776e+001,
3903750000, -5.448812e+001,
3905000000, -5.177400e+001,
3906250000, -4.948637e+001,
3907500000, -4.853541e+001,
3908750000, -4.814090e+001,
3910000000, -4.926133e+001,
3911250000, -5.234970e+001,
3912500000, -5.830026e+001,
3913750000, -6.268005e+001,
3915000000, -6.009486e+001,
3916250000, -5.800775e+001,
3917500000, -5.386242e+001,
3918750000, -5.026748e+001,
3920000000, -4.831376e+001,
3921250000, -4.862192e+001,
3922500000, -4.923600e+001,
3923750000, -5.036099e+001,
3925000000, -5.220922e+001,
3926250000, -5.301760e+001,
3927500000, -5.303495e+001,
3928750000, -5.441112e+001,
3930000000, -5.815479e+001,
3931250000, -7.275095e+001,
3932500000, -5.872910e+001,
3933750000, -5.320665e+001,
3935000000, -4.987357e+001,
3936250000, -4.780155e+001,
3937500000, -4.690954e+001,
3938750000, -4.661640e+001,
3940000000, -4.677190e+001,
3941250000, -4.733522e+001,
3942500000, -4.873679e+001,
3943750000, -5.153695e+001,
3945000000, -5.515781e+001,
3946250000, -5.489439e+001,
3947500000, -5.031418e+001,
3948750000, -4.645140e+001,
3950000000, -4.470971e+001,
3951250000, -4.442770e+001,
3952500000, -4.550859e+001,
3953750000, -4.717689e+001,
3955000000, -4.833853e+001,
3956250000, -4.882940e+001,
3957500000, -4.768727e+001,
3958750000, -4.732259e+001,
3960000000, -4.928685e+001,
3961250000, -5.282251e+001,
3962500000, -5.445016e+001,
3963750000, -5.241162e+001,
3965000000, -5.130565e+001,
3966250000, -5.023686e+001,
3967500000, -4.786519e+001,
3968750000, -4.667110e+001,
3970000000, -4.628344e+001,
3971250000, -4.628668e+001,
3972500000, -4.640942e+001,
3973750000, -4.798183e+001,
3975000000, -5.070612e+001,
3976250000, -5.479875e+001,
3977500000, -5.490360e+001,
3978750000, -5.132428e+001,
3980000000, -4.867498e+001,
3981250000, -4.727646e+001,
3982500000, -4.607255e+001,
3983750000, -4.568304e+001,
3985000000, -4.638351e+001,
3986250000, -4.718156e+001,
3987500000, -4.853692e+001,
3988750000, -5.003784e+001,
3990000000, -5.141958e+001,
3991250000, -5.412650e+001,
3992500000, -5.450925e+001,
3993750000, -5.254854e+001,
3995000000, -5.076414e+001,
3996250000, -4.999726e+001,
3997500000, -4.973020e+001,
3998750000, -4.870173e+001,
4000000000, -4.627402e+001,
4001250000, -4.354437e+001,
4002500000, -4.164072e+001,
4003750000, -4.208667e+001,
4005000000, -4.338815e+001,
4006250000, -4.439759e+001,
4007500000, -4.436509e+001,
4008750000, -4.455409e+001,
4010000000, -4.600793e+001,
4011250000, -4.829473e+001,
4012500000, -5.027296e+001,
4013750000, -4.942968e+001,
4015000000, -4.641027e+001,
4016250000, -4.362713e+001,
4017500000, -4.304406e+001,
4018750000, -4.385228e+001,
4020000000, -4.482728e+001,
4021250000, -4.550911e+001,
4022500000, -4.648316e+001,
4023750000, -4.832147e+001,
4025000000, -5.031497e+001,
4026250000, -4.915828e+001,
4027500000, -4.786160e+001,
4028750000, -4.883437e+001,
4030000000, -4.921271e+001,
4031250000, -4.791586e+001,
4032500000, -4.543794e+001,
4033750000, -4.458695e+001,
4035000000, -4.491833e+001,
4036250000, -4.526509e+001,
4037500000, -4.653954e+001,
4038750000, -4.970248e+001,
4040000000, -5.301461e+001,
4041250000, -5.238076e+001,
4042500000, -4.885801e+001,
4043750000, -4.746722e+001,
4045000000, -4.645221e+001,
4046250000, -4.524665e+001,
4047500000, -4.407901e+001,
4048750000, -4.279029e+001,
4050000000, -4.185720e+001,
4051250000, -4.117975e+001,
4052500000, -4.083192e+001,
4053750000, -4.053307e+001,
4055000000, -4.090415e+001,
4056250000, -4.105784e+001,
4057500000, -4.102735e+001,
4058750000, -4.049477e+001,
4060000000, -4.006017e+001,
4061250000, -4.040096e+001,
4062500000, -4.197826e+001,
4063750000, -4.550563e+001,
4065000000, -5.004694e+001,
4066250000, -5.588492e+001,
4067500000, -6.825410e+001,
4068750000, -6.168417e+001,
4070000000, -5.519944e+001,
4071250000, -5.255199e+001,
4072500000, -5.281326e+001,
4073750000, -5.442855e+001,
4075000000, -5.529587e+001,
4076250000, -5.721889e+001,
4077500000, -6.136953e+001,
4078750000, -5.796326e+001,
4080000000, -5.045863e+001,
4081250000, -4.593328e+001,
4082500000, -4.354849e+001,
4083750000, -4.199811e+001,
4085000000, -4.095266e+001,
4086250000, -4.066508e+001,
4087500000, -4.169730e+001,
4088750000, -4.205239e+001,
4090000000, -4.160185e+001,
4091250000, -3.972945e+001,
4092500000, -3.881568e+001,
4093750000, -3.872255e+001,
4095000000, -3.954632e+001,
4096250000, -4.114619e+001,
4097500000, -4.152386e+001,
4098750000, -4.077844e+001,
4100000000, -3.982067e+001,
4101250000, -3.919706e+001,
4102500000, -3.987377e+001,
4103750000, -4.142449e+001,
4105000000, -4.213565e+001,
4106250000, -4.328395e+001,
4107500000, -4.505093e+001,
4108750000, -4.231388e+001,
4110000000, -4.000087e+001,
4111250000, -3.947128e+001,
4112500000, -4.019031e+001,
4113750000, -4.132052e+001,
4115000000, -4.129758e+001,
4116250000, -3.959161e+001,
4117500000, -3.832670e+001,
4118750000, -3.821516e+001,
4120000000, -3.902972e+001,
4121250000, -4.073482e+001,
4122500000, -4.360849e+001,
4123750000, -4.514760e+001,
4125000000, -4.486184e+001,
4126250000, -4.479171e+001,
4127500000, -4.521658e+001,
4128750000, -4.644687e+001,
4130000000, -5.073700e+001,
4131250000, -4.982289e+001,
4132500000, -4.555840e+001,
4133750000, -4.462225e+001,
4135000000, -4.387577e+001,
4136250000, -4.151534e+001,
4137500000, -3.950002e+001,
4138750000, -3.832112e+001,
4140000000, -3.679858e+001,
4141250000, -3.527895e+001,
4142500000, -3.442098e+001,
4143750000, -3.369072e+001,
4145000000, -3.369872e+001,
4146250000, -3.445979e+001,
4147500000, -3.507668e+001,
4148750000, -3.501476e+001,
4150000000, -3.470964e+001,
4151250000, -3.488078e+001,
4152500000, -3.485882e+001,
4153750000, -3.437418e+001,
4155000000, -3.448392e+001,
4156250000, -3.498768e+001,
4157500000, -3.506269e+001,
4158750000, -3.514795e+001,
4160000000, -3.506368e+001,
4161250000, -3.462565e+001,
4162500000, -3.446940e+001,
4163750000, -3.538155e+001,
4165000000, -3.693258e+001,
4166250000, -4.003278e+001,
4167500000, -4.186979e+001,
4168750000, -3.848624e+001,
4170000000, -3.545257e+001,
4171250000, -3.402398e+001,
4172500000, -3.382575e+001,
4173750000, -3.413100e+001,
4175000000, -3.381208e+001,
4176250000, -3.295500e+001,
4177500000, -3.220390e+001,
4178750000, -3.213387e+001,
4180000000, -3.230380e+001,
4181250000, -3.253568e+001,
4182500000, -3.298259e+001,
4183750000, -3.359474e+001,
4185000000, -3.425041e+001,
4186250000, -3.567571e+001,
4187500000, -3.896817e+001,
4188750000, -4.180521e+001,
4190000000, -3.952091e+001,
4191250000, -3.613746e+001,
4192500000, -3.450024e+001,
4193750000, -3.430828e+001,
4195000000, -3.538817e+001,
4196250000, -3.847408e+001,
4197500000, -4.269318e+001,
4198750000, -4.099738e+001,
4200000000, -3.809246e+001,
4201250000, -3.527834e+001,
4202500000, -3.201562e+001,
4203750000, -3.044595e+001,
4205000000, -3.075751e+001,
4206250000, -3.261921e+001,
4207500000, -3.332036e+001,
4208750000, -3.071628e+001,
4210000000, -2.875792e+001,
4211250000, -2.789851e+001,
4212500000, -2.725977e+001,
4213750000, -2.693099e+001,
4215000000, -2.680372e+001,
4216250000, -2.644221e+001,
4217500000, -2.648826e+001,
4218750000, -2.771070e+001,
4220000000, -2.919086e+001,
4221250000, -2.912592e+001,
4222500000, -2.854728e+001,
4223750000, -2.815155e+001,
4225000000, -2.779752e+001,
4226250000, -2.769086e+001,
4227500000, -2.690978e+001,
4228750000, -2.565820e+001,
4230000000, -2.511124e+001,
4231250000, -2.580543e+001,
4232500000, -2.710531e+001,
4233750000, -2.783427e+001,
4235000000, -2.751463e+001,
4236250000, -2.677955e+001,
4237500000, -2.680482e+001,
4238750000, -2.779291e+001,
4240000000, -2.811160e+001,
4241250000, -2.693637e+001,
4242500000, -2.665932e+001,
4243750000, -2.723065e+001,
4245000000, -2.835227e+001,
4246250000, -3.004272e+001,
4247500000, -3.266035e+001,
4248750000, -3.876905e+001,
4250000000, -3.197388e+001,
4251250000, -2.738574e+001,
4252500000, -2.523777e+001,
4253750000, -2.325483e+001,
4255000000, -2.205548e+001,
4256250000, -2.224833e+001,
4257500000, -2.329705e+001,
4258750000, -2.433742e+001,
4260000000, -2.476395e+001,
4261250000, -2.461072e+001,
4262500000, -2.415974e+001,
4263750000, -2.381623e+001,
4265000000, -2.407579e+001,
4266250000, -2.542618e+001,
4267500000, -2.865585e+001,
4268750000, -3.126765e+001,
4270000000, -2.789872e+001,
4271250000, -2.399562e+001,
4272500000, -2.313177e+001,
4273750000, -2.371401e+001,
4275000000, -2.440451e+001,
4276250000, -2.467390e+001,
4277500000, -2.482312e+001,
4278750000, -2.477687e+001,
4280000000, -2.508852e+001,
4281250000, -2.646498e+001,
4282500000, -3.006145e+001,
4283750000, -2.779152e+001,
4285000000, -2.277524e+001,
4286250000, -2.107590e+001,
4287500000, -2.165681e+001,
4288750000, -2.297530e+001,
4290000000, -2.413206e+001,
4291250000, -2.490086e+001,
4292500000, -2.605143e+001,
4293750000, -2.774752e+001,
4295000000, -2.998669e+001,
4296250000, -3.190216e+001,
4297500000, -3.286677e+001,
4298750000, -3.178789e+001,
4300000000, -2.920247e+001,
4301250000, -2.758746e+001,
4302500000, -2.705762e+001,
4303750000, -2.730673e+001,
4305000000, -2.875916e+001,
4306250000, -3.077042e+001,
4307500000, -3.315200e+001,
4308750000, -3.384506e+001,
4310000000, -3.241622e+001,
4311250000, -3.005258e+001,
4312500000, -2.757720e+001,
4313750000, -2.504353e+001,
4315000000, -2.321304e+001,
4316250000, -2.330628e+001,
4317500000, -2.420761e+001,
4318750000, -2.506532e+001,
4320000000, -2.635269e+001,
4321250000, -2.822985e+001,
4322500000, -2.968970e+001,
4323750000, -2.913674e+001,
4325000000, -2.914880e+001,
4326250000, -3.045650e+001,
4327500000, -3.211688e+001,
4328750000, -3.342840e+001,
4330000000, -3.291562e+001,
4331250000, -3.250257e+001,
4332500000, -2.936710e+001,
4333750000, -2.503135e+001,
4335000000, -2.151592e+001,
4336250000, -1.963205e+001,
4337500000, -1.950658e+001,
4338750000, -1.987481e+001,
4340000000, -2.087407e+001,
4341250000, -2.246058e+001,
4342500000, -2.277205e+001,
4343750000, -2.281856e+001,
4345000000, -2.274536e+001,
4346250000, -2.241046e+001,
4347500000, -2.229851e+001,
4348750000, -2.176496e+001,
4350000000, -2.052423e+001,
4351250000, -1.920528e+001,
4352500000, -1.858282e+001,
4353750000, -1.731376e+001,
4355000000, -1.652771e+001,
4356250000, -1.590910e+001,
4357500000, -1.519541e+001,
4358750000, -1.492493e+001,
4360000000, -1.493432e+001,
4361250000, -1.529736e+001,
4362500000, -1.579705e+001,
4363750000, -1.624976e+001,
4365000000, -1.624980e+001,
4366250000, -1.579172e+001,
4367500000, -1.527363e+001,
4368750000, -1.508483e+001,
4370000000, -1.465192e+001,
4371250000, -1.394853e+001,
4372500000, -1.327892e+001,
4373750000, -1.325346e+001,
4375000000, -1.401675e+001,
4376250000, -1.342703e+001,
4377500000, -1.095844e+001,
4378750000, -9.487152e+000,
4380000000, -9.311198e+000,
4381250000, -9.678503e+000,
4382500000, -1.027699e+001,
4383750000, -1.088775e+001,
4385000000, -1.136381e+001,
4386250000, -1.166828e+001,
4387500000, -1.178899e+001,
4388750000, -1.184623e+001,
4390000000, -1.197245e+001,
4391250000, -1.237512e+001,
4392500000, -1.322300e+001,
4393750000, -1.376487e+001,
4395000000, -1.247236e+001,
4396250000, -1.042427e+001,
4397500000, -9.238578e+000,
4398750000, -8.988963e+000,
4400000000, -9.344894e+000,
4401250000, -9.972650e+000,
4402500000, -1.061791e+001,
4403750000, -1.117961e+001,
4405000000, -1.155546e+001,
4406250000, -1.177384e+001,
4407500000, -1.196212e+001,
4408750000, -1.232462e+001,
4410000000, -1.315928e+001,
4411250000, -1.423741e+001,
4412500000, -1.387408e+001,
4413750000, -1.186590e+001,
4415000000, -1.041126e+001,
4416250000, -1.004115e+001,
4417500000, -1.041412e+001,
4418750000, -1.110157e+001,
4420000000, -1.180296e+001,
4421250000, -1.232929e+001,
4422500000, -1.261398e+001,
4423750000, -1.274361e+001,
4425000000, -1.284540e+001,
4426250000, -1.293141e+001,
4427500000, -1.322049e+001,
4428750000, -1.363905e+001,
4430000000, -1.332594e+001,
4431250000, -1.237158e+001,
4432500000, -1.192505e+001,
4433750000, -1.223204e+001,
4435000000, -1.297018e+001,
4436250000, -1.368271e+001,
4437500000, -1.412443e+001,
4438750000, -1.441825e+001,
4440000000, -1.456221e+001,
4441250000, -1.461242e+001,
4442500000, -1.454333e+001,
4443750000, -1.442515e+001,
4445000000, -1.435187e+001,
4446250000, -1.420776e+001,
4447500000, -1.400607e+001,
4448750000, -1.416336e+001,
4450000000, -1.469613e+001,
4451250000, -1.524633e+001,
4452500000, -1.562737e+001,
4453750000, -1.593959e+001,
4455000000, -1.623558e+001,
4456250000, -1.642038e+001,
4457500000, -1.628760e+001,
4458750000, -1.584376e+001,
4460000000, -1.532566e+001,
4461250000, -1.512393e+001,
4462500000, -1.530533e+001,
4463750000, -1.555090e+001,
4465000000, -1.589046e+001,
4466250000, -1.633358e+001,
4467500000, -1.674820e+001,
4468750000, -1.690658e+001,
4470000000, -1.685888e+001,
4471250000, -1.673804e+001,
4472500000, -1.672331e+001,
4473750000, -1.674563e+001,
4475000000, -1.686066e+001,
4476250000, -1.719757e+001,
4477500000, -1.769706e+001,
4478750000, -1.807723e+001,
4480000000, -1.841348e+001,
4481250000, -1.879510e+001,
4482500000, -1.881992e+001,
4483750000, -1.842013e+001,
4485000000, -1.795134e+001,
4486250000, -1.754706e+001,
4487500000, -1.742235e+001,
4488750000, -1.765410e+001,
4490000000, -1.811069e+001,
4491250000, -1.857026e+001,
4492500000, -1.899616e+001,
4493750000, -1.944143e+001,
4495000000, -1.975943e+001,
4496250000, -1.949437e+001,
4497500000, -1.868942e+001,
4498750000, -1.795646e+001,
4500000000, -1.742718e+001,
4501250000, -1.715916e+001,
4502500000, -1.707831e+001,
4503750000, -1.723511e+001,
4505000000, -1.747161e+001,
4506250000, -1.775610e+001,
4507500000, -1.805713e+001,
4508750000, -1.815423e+001,
4510000000, -1.778202e+001,
4511250000, -1.700792e+001,
4512500000, -1.620976e+001,
4513750000, -1.559300e+001,
4515000000, -1.521947e+001,
4516250000, -1.507586e+001,
4517500000, -1.506099e+001,
4518750000, -1.513071e+001,
4520000000, -1.526253e+001,
4521250000, -1.539838e+001,
4522500000, -1.549954e+001,
4523750000, -1.536153e+001,
4525000000, -1.485464e+001,
4526250000, -1.415366e+001,
4527500000, -1.354674e+001,
4528750000, -1.321414e+001,
4530000000, -1.322688e+001,
4531250000, -1.355741e+001,
4532500000, -1.405979e+001,
4533750000, -1.452878e+001,
4535000000, -1.481713e+001,
4536250000, -1.482937e+001,
4537500000, -1.455954e+001,
4538750000, -1.398445e+001,
4540000000, -1.320377e+001,
4541250000, -1.238702e+001,
4542500000, -1.179931e+001,
4543750000, -1.168227e+001,
4545000000, -1.207539e+001,
4546250000, -1.284507e+001,
4547500000, -1.355327e+001,
4548750000, -1.392574e+001,
4550000000, -1.402313e+001,
4551250000, -1.397139e+001,
4552500000, -1.374255e+001,
4553750000, -1.331321e+001,
4555000000, -1.277166e+001,
4556250000, -1.232358e+001,
4557500000, -1.217746e+001,
4558750000, -1.244118e+001,
4560000000, -1.299188e+001,
4561250000, -1.353308e+001,
4562500000, -1.389954e+001,
4563750000, -1.414540e+001,
4565000000, -1.427195e+001,
4566250000, -1.432268e+001,
4567500000, -1.427816e+001,
4568750000, -1.406641e+001,
4570000000, -1.364862e+001,
4571250000, -1.320685e+001,
4572500000, -1.307221e+001,
4573750000, -1.338418e+001,
4575000000, -1.396330e+001,
4576250000, -1.446935e+001,
4577500000, -1.474922e+001,
4578750000, -1.486627e+001,
4580000000, -1.492560e+001,
4581250000, -1.484988e+001,
4582500000, -1.447076e+001,
4583750000, -1.380573e+001,
4585000000, -1.328471e+001,
4586250000, -1.321855e+001,
4587500000, -1.365462e+001,
4588750000, -1.432886e+001,
4590000000, -1.488193e+001,
4591250000, -1.524475e+001,
4592500000, -1.541469e+001,
4593750000, -1.520038e+001,
4595000000, -1.453742e+001,
4596250000, -1.389703e+001,
4597500000, -1.360764e+001,
4598750000, -1.368277e+001,
4600000000, -1.406624e+001,
4601250000, -1.467427e+001,
4602500000, -1.531036e+001,
4603750000, -1.566345e+001,
4605000000, -1.543967e+001,
4606250000, -1.473166e+001,
4607500000, -1.400515e+001,
4608750000, -1.365739e+001,
4610000000, -1.375875e+001,
4611250000, -1.410475e+001,
4612500000, -1.457785e+001,
4613750000, -1.523094e+001,
4615000000, -1.585816e+001,
4616250000, -1.604379e+001,
4617500000, -1.569689e+001,
4618750000, -1.517539e+001,
4620000000, -1.491125e+001,
4621250000, -1.504964e+001,
4622500000, -1.535840e+001,
4623750000, -1.575665e+001,
4625000000, -1.648751e+001,
4626250000, -1.746134e+001,
4627500000, -1.816566e+001,
4628750000, -1.826695e+001,
4630000000, -1.795071e+001,
4631250000, -1.750325e+001,
4632500000, -1.704399e+001,
4633750000, -1.671378e+001,
4635000000, -1.680872e+001,
4636250000, -1.753422e+001,
4637500000, -1.862806e+001,
4638750000, -1.950341e+001,
4640000000, -1.978946e+001,
4641250000, -1.962001e+001,
4642500000, -1.919957e+001,
4643750000, -1.860936e+001,
4645000000, -1.806633e+001,
4646250000, -1.789524e+001,
4647500000, -1.828780e+001,
4648750000, -1.905845e+001,
4650000000, -1.970731e+001,
4651250000, -1.978788e+001,
4652500000, -1.934929e+001,
4653750000, -1.874938e+001,
4655000000, -1.826805e+001,
4656250000, -1.808486e+001,
4657500000, -1.821389e+001,
4658750000, -1.848182e+001,
4660000000, -1.858866e+001,
4661250000, -1.847747e+001,
4662500000, -1.819797e+001,
4663750000, -1.788363e+001,
4665000000, -1.766596e+001,
4666250000, -1.760328e+001,
4667500000, -1.757484e+001,
4668750000, -1.747800e+001,
4670000000, -1.725091e+001,
4671250000, -1.696544e+001,
4672500000, -1.671835e+001,
4673750000, -1.654811e+001,
4675000000, -1.658428e+001,
4676250000, -1.679528e+001,
4677500000, -1.706807e+001,
4678750000, -1.721319e+001,
4680000000, -1.720851e+001,
4681250000, -1.718726e+001,
4682500000, -1.718335e+001,
4683750000, -1.723504e+001,
4685000000, -1.736123e+001,
4686250000, -1.756665e+001,
4687500000, -1.781994e+001,
4688750000, -1.809970e+001,
4690000000, -1.843999e+001,
4691250000, -1.881112e+001,
4692500000, -1.914319e+001,
4693750000, -1.936386e+001,
4695000000, -1.947254e+001,
4696250000, -1.946820e+001,
4697500000, -1.940531e+001,
4698750000, -1.950575e+001,
4700000000, -1.985920e+001,
4701250000, -2.044123e+001,
4702500000, -2.103629e+001,
4703750000, -2.145246e+001,
4705000000, -2.156833e+001,
4706250000, -2.155951e+001,
4707500000, -2.167827e+001,
4708750000, -2.200486e+001,
4710000000, -2.250039e+001,
4711250000, -2.304057e+001,
4712500000, -2.340713e+001,
4713750000, -2.343960e+001,
4715000000, -2.332249e+001,
4716250000, -2.321510e+001,
4717500000, -2.318539e+001,
4718750000, -2.326370e+001,
4720000000, -2.331183e+001,
4721250000, -2.330456e+001,
4722500000, -2.322411e+001,
4723750000, -2.311861e+001,
4725000000, -2.297926e+001,
4726250000, -2.289538e+001,
4727500000, -2.292197e+001,
4728750000, -2.301137e+001,
4730000000, -2.315665e+001,
4731250000, -2.335532e+001,
4732500000, -2.349129e+001,
4733750000, -2.350852e+001,
4735000000, -2.337737e+001,
4736250000, -2.327997e+001,
4737500000, -2.327837e+001,
4738750000, -2.333652e+001,
4740000000, -2.337955e+001,
4741250000, -2.336415e+001,
4742500000, -2.324613e+001,
4743750000, -2.299234e+001,
4745000000, -2.270625e+001,
4746250000, -2.246636e+001,
4747500000, -2.237736e+001,
4748750000, -2.247006e+001,
4750000000, -2.266911e+001,
4751250000, -2.291214e+001,
4752500000, -2.316469e+001,
4753750000, -2.336809e+001,
4755000000, -2.355480e+001,
4756250000, -2.381982e+001,
4757500000, -2.417293e+001,
4758750000, -2.457698e+001,
4760000000, -2.494769e+001,
4761250000, -2.529920e+001,
4762500000, -2.543516e+001,
4763750000, -2.533018e+001,
4765000000, -2.514017e+001,
4766250000, -2.496191e+001,
4767500000, -2.488803e+001,
4768750000, -2.490163e+001,
4770000000, -2.490631e+001,
4771250000, -2.485022e+001,
4772500000, -2.480737e+001,
4773750000, -2.487536e+001,
4775000000, -2.501926e+001,
4776250000, -2.513291e+001,
4777500000, -2.518468e+001,
4778750000, -2.527806e+001,
4780000000, -2.545145e+001,
4781250000, -2.559785e+001,
4782500000, -2.566343e+001,
4783750000, -2.572865e+001,
4785000000, -2.579576e+001,
4786250000, -2.577585e+001,
4787500000, -2.565010e+001,
4788750000, -2.535125e+001,
4790000000, -2.495886e+001,
4791250000, -2.461348e+001,
4792500000, -2.444258e+001,
4793750000, -2.442766e+001,
4795000000, -2.447923e+001,
4796250000, -2.452525e+001,
4797500000, -2.461550e+001,
4798750000, -2.471900e+001,
4800000000, -2.481053e+001,
4801250000, -2.500200e+001,
4802500000, -2.501934e+001,
4803750000, -2.487616e+001,
4805000000, -2.471212e+001,
4806250000, -2.469523e+001,
4807500000, -2.473984e+001,
4808750000, -2.474738e+001,
4810000000, -2.460682e+001,
4811250000, -2.425836e+001,
4812500000, -2.383083e+001,
4813750000, -2.353213e+001,
4815000000, -2.351050e+001,
4816250000, -2.369260e+001,
4817500000, -2.394577e+001,
4818750000, -2.411263e+001,
4820000000, -2.416037e+001,
4821250000, -2.407817e+001,
4822500000, -2.389009e+001,
4823750000, -2.363766e+001,
4825000000, -2.336683e+001,
4826250000, -2.310938e+001,
4827500000, -2.289807e+001,
4828750000, -2.277924e+001,
4830000000, -2.271209e+001,
4831250000, -2.275288e+001,
4832500000, -2.290945e+001,
4833750000, -2.323834e+001,
4835000000, -2.366485e+001,
4836250000, -2.411447e+001,
4837500000, -2.449300e+001,
4838750000, -2.472066e+001,
4840000000, -2.475534e+001,
4841250000, -2.466397e+001,
4842500000, -2.461925e+001,
4843750000, -2.461680e+001,
4845000000, -2.466252e+001,
4846250000, -2.473789e+001,
4847500000, -2.490007e+001,
4848750000, -2.526215e+001,
4850000000, -2.573557e+001,
4851250000, -2.628628e+001,
4852500000, -2.682161e+001,
4853750000, -2.726341e+001,
4855000000, -2.756594e+001,
4856250000, -2.773298e+001,
4857500000, -2.781815e+001,
4858750000, -2.781696e+001,
4860000000, -2.773486e+001,
4861250000, -2.766846e+001,
4862500000, -2.775395e+001,
4863750000, -2.804478e+001,
4865000000, -2.851484e+001,
4866250000, -2.910186e+001,
4867500000, -2.968218e+001,
4868750000, -3.011094e+001,
4870000000, -3.032117e+001,
4871250000, -3.031936e+001,
4872500000, -3.009404e+001,
4873750000, -2.972803e+001,
4875000000, -2.938917e+001,
4876250000, -2.917803e+001,
4877500000, -2.909689e+001,
4878750000, -2.909863e+001,
4880000000, -2.926379e+001,
4881250000, -2.959758e+001,
4882500000, -3.002110e+001,
4883750000, -3.032798e+001,
4885000000, -3.032299e+001,
4886250000, -3.000647e+001,
4887500000, -2.952324e+001,
4888750000, -2.909573e+001,
4890000000, -2.890653e+001,
4891250000, -2.909183e+001,
4892500000, -2.959961e+001,
4893750000, -3.035941e+001,
4895000000, -3.125337e+001,
4896250000, -3.212659e+001,
4897500000, -3.275483e+001,
4898750000, -3.295765e+001,
4900000000, -3.286713e+001,
4901250000, -3.268658e+001,
4902500000, -3.266482e+001,
4903750000, -3.294778e+001,
4905000000, -3.345195e+001,
4906250000, -3.406821e+001,
4907500000, -3.458089e+001,
4908750000, -3.507235e+001,
4910000000, -3.548571e+001,
4911250000, -3.541566e+001,
4912500000, -3.469564e+001,
4913750000, -3.367906e+001,
4915000000, -3.286771e+001,
4916250000, -3.249116e+001,
4917500000, -3.259965e+001,
4918750000, -3.315550e+001,
4920000000, -3.408801e+001,
4921250000, -3.520456e+001,
4922500000, -3.599210e+001,
4923750000, -3.599834e+001,
4925000000, -3.536840e+001,
4926250000, -3.453985e+001,
4927500000, -3.386131e+001,
4928750000, -3.359180e+001,
4930000000, -3.388806e+001,
4931250000, -3.469120e+001,
4932500000, -3.564967e+001,
4933750000, -3.605471e+001,
4935000000, -3.552967e+001,
4936250000, -3.473400e+001,
4937500000, -3.425225e+001,
4938750000, -3.430435e+001,
4940000000, -3.503719e+001,
4941250000, -3.647671e+001,
4942500000, -3.842426e+001,
4943750000, -3.997755e+001,
4945000000, -3.996285e+001,
4946250000, -3.854566e+001,
4947500000, -3.706461e+001,
4948750000, -3.619535e+001,
4950000000, -3.613511e+001,
4951250000, -3.689456e+001,
4952500000, -3.812838e+001,
4953750000, -3.889587e+001,
4955000000, -3.817802e+001,
4956250000, -3.649714e+001,
4957500000, -3.513269e+001,
4958750000, -3.468903e+001,
4960000000, -3.539705e+001,
4961250000, -3.719387e+001,
4962500000, -3.921307e+001,
4963750000, -3.952716e+001,
4965000000, -3.814958e+001,
4966250000, -3.719548e+001,
4967500000, -3.738831e+001,
4968750000, -3.873360e+001,
4970000000, -4.137286e+001,
4971250000, -4.490376e+001,
4972500000, -4.540926e+001,
4973750000, -4.274597e+001,
4975000000, -4.036150e+001,
4976250000, -3.921856e+001,
4977500000, -3.982811e+001,
4978750000, -4.247368e+001,
4980000000, -4.600537e+001,
4981250000, -4.465211e+001,
4982500000, -4.156075e+001,
4983750000, -3.973320e+001,
4985000000, -3.953845e+001,
4986250000, -4.145539e+001,
4987500000, -4.478007e+001,
4988750000, -4.348280e+001,
4990000000, -4.097721e+001,
4991250000, -4.093268e+001,
4992500000, -4.299444e+001,
4993750000, -4.664584e+001,
4995000000, -5.148556e+001,
4996250000, -4.613894e+001,
4997500000, -4.204813e+001,
4998750000, -4.119698e+001,
5000000000, -4.353704e+001,
5001250000, -5.048802e+001,
5002500000, -4.803630e+001,
5003750000, -4.402173e+001,
5005000000, -4.398374e+001,
5006250000, -4.744641e+001,
5007500000, -5.763951e+001,
5008750000, -5.542864e+001,
5010000000, -4.757959e+001,
5011250000, -4.570692e+001,
5012500000, -4.781196e+001,
5013750000, -5.851120e+001,
5015000000, -5.240067e+001,
5016250000, -4.777473e+001,
5017500000, -4.820543e+001,
5018750000, -5.147992e+001,
5020000000, -5.527578e+001,
5021250000, -5.148965e+001,
5022500000, -4.907456e+001,
5023750000, -4.964627e+001,
5025000000, -5.322506e+001,
5026250000, -5.307799e+001,
5027500000, -4.958025e+001,
5028750000, -5.024206e+001,
5030000000, -5.263531e+001,
5031250000, -5.242756e+001,
5032500000, -5.056328e+001,
5033750000, -5.067011e+001,
5035000000, -5.198593e+001,
5036250000, -5.221560e+001,
5037500000, -5.090902e+001,
5038750000, -5.080057e+001,
5040000000, -5.226952e+001,
5041250000, -5.188198e+001,
5042500000, -5.066611e+001,
5043750000, -5.180816e+001,
5045000000, -5.210349e+001,
5046250000, -5.106661e+001,
5047500000, -5.169751e+001,
5048750000, -5.201007e+001,
5050000000, -5.131441e+001,
5051250000, -5.163987e+001,
5052500000, -5.185788e+001,
5053750000, -5.139534e+001,
5055000000, -5.182343e+001,
5056250000, -5.170188e+001,
5057500000, -5.150546e+001,
5058750000, -5.184442e+001,
5060000000, -5.165895e+001,
5061250000, -5.170609e+001,
5062500000, -5.165016e+001,
5063750000, -5.178079e+001,
5065000000, -5.175462e+001,
5066250000, -5.168028e+001,
5067500000, -5.173509e+001,
5068750000, -5.173071e+001,
5070000000, -5.172095e+001,
5071250000, -5.174974e+001,
5072500000, -5.170009e+001,
5073750000, -5.172038e+001,
5075000000, -5.167318e+001,
5076250000, -5.172332e+001,
5077500000, -5.163142e+001,
5078750000, -5.162339e+001,
5080000000, -5.160436e+001,
5081250000, -5.161410e+001,
5082500000, -5.164236e+001,
5083750000, -5.159390e+001,
5085000000, -5.153469e+001,
5086250000, -5.156544e+001,
5087500000, -5.156354e+001,
5088750000, -5.159470e+001,
5090000000, -5.162499e+001,
5091250000, -5.155821e+001,
5092500000, -5.158223e+001,
5093750000, -5.157862e+001,
5095000000, -5.156983e+001,
5096250000, -5.157996e+001,
5097500000, -5.153083e+001,
5098750000, -5.158032e+001,
5100000000, -5.159616e+001,
5101250000, -5.157163e+001,
5102500000, -5.161061e+001,
5103750000, -5.151545e+001,
5105000000, -5.161000e+001,
5106250000, -5.156511e+001,
5107500000, -5.159542e+001,
5108750000, -5.156652e+001,
5110000000, -5.148996e+001,
5111250000, -5.156336e+001,
5112500000, -5.155495e+001,
5113750000, -5.157316e+001,
5115000000, -5.157663e+001,
5116250000, -5.159154e+001,
5117500000, -5.169250e+001,
5118750000, -5.163121e+001,
5120000000, -5.168372e+001,
5121250000, -5.162895e+001,
5122500000, -5.166928e+001,
5123750000, -5.167107e+001,
5125000000, -5.167472e+001,
5126250000, -5.167376e+001,
5127500000, -5.173267e+001,
5128750000, -5.168725e+001,
5130000000, -5.173750e+001,
5131250000, -5.178668e+001,
5132500000, -5.181576e+001,
5133750000, -5.186997e+001,
5135000000, -5.183083e+001,
5136250000, -5.190095e+001,
5137500000, -5.184003e+001,
5138750000, -5.195042e+001,
5140000000, -5.191482e+001,
5141250000, -5.198934e+001,
5142500000, -5.203418e+001,
5143750000, -5.207168e+001,
5145000000, -5.213920e+001,
5146250000, -5.210777e+001,
5147500000, -5.209304e+001,
5148750000, -5.225744e+001,
5150000000, -5.231635e+001,
5151250000, -5.236884e+001,
5152500000, -5.241519e+001,
5153750000, -5.245071e+001,
5155000000, -5.253265e+001,
5156250000, -5.249948e+001,
5157500000, -5.260591e+001,
5158750000, -5.259030e+001,
5160000000, -5.260262e+001,
5161250000, -5.267041e+001,
5162500000, -5.274248e+001,
5163750000, -5.284085e+001,
5165000000, -5.283968e+001,
5166250000, -5.281340e+001,
5167500000, -5.287059e+001,
5168750000, -5.295649e+001,
5170000000, -5.308237e+001,
5171250000, -5.314893e+001,
5172500000, -5.315317e+001,
5173750000, -5.332037e+001,
5175000000, -5.318375e+001,
5176250000, -5.333067e+001,
5177500000, -5.331975e+001,
5178750000, -5.345791e+001,
5180000000, -5.351624e+001,
5181250000, -5.353387e+001,
5182500000, -5.357656e+001,
5183750000, -5.360476e+001,
5185000000, -5.367822e+001,
5186250000, -5.364905e+001,
5187500000, -5.383049e+001,
5188750000, -5.370866e+001,
5190000000, -5.380296e+001,
5191250000, -5.382501e+001,
5192500000, -5.382914e+001,
5193750000, -5.381669e+001,
5195000000, -5.391035e+001,
5196250000, -5.392240e+001,
5197500000, -5.393135e+001,
5198750000, -5.396215e+001,
5200000000, -5.402270e+001,
5201250000, -5.424875e+001,
5202500000, -5.421552e+001,
5203750000, -5.414474e+001,
5205000000, -5.429424e+001,
5206250000, -5.430836e+001,
5207500000, -5.440378e+001,
5208750000, -5.433249e+001,
5210000000, -5.440709e+001,
5211250000, -5.441434e+001,
5212500000, -5.443939e+001,
5213750000, -5.457772e+001,
5215000000, -5.450441e+001,
5216250000, -5.445324e+001,
5217500000, -5.457159e+001,
5218750000, -5.459753e+001,
5220000000, -5.468669e+001,
5221250000, -5.469116e+001,
5222500000, -5.466847e+001,
5223750000, -5.466639e+001,
5225000000, -5.472049e+001,
5226250000, -5.471268e+001,
5227500000, -5.479936e+001,
5228750000, -5.478502e+001,
5230000000, -5.478966e+001,
5231250000, -5.487001e+001,
5232500000, -5.482436e+001,
5233750000, -5.486351e+001,
5235000000, -5.489328e+001,
5236250000, -5.487145e+001,
5237500000, -5.490249e+001,
5238750000, -5.483157e+001,
5240000000, -5.489943e+001,
5241250000, -5.487524e+001,
5242500000, -5.494667e+001,
5243750000, -5.490001e+001,
5245000000, -5.494318e+001,
5246250000, -5.496022e+001,
5247500000, -5.491008e+001,
5248750000, -5.500338e+001,
5250000000, -5.496584e+001,
5251250000, -5.495660e+001,
5252500000, -5.497509e+001,
5253750000, -5.508212e+001,
5255000000, -5.511037e+001,
5256250000, -5.506861e+001,
5257500000, -5.514869e+001,
5258750000, -5.515722e+001,
5260000000, -5.514500e+001,
5261250000, -5.520948e+001,
5262500000, -5.523427e+001,
5263750000, -5.520752e+001,
5265000000, -5.525485e+001,
5266250000, -5.534517e+001,
5267500000, -5.525035e+001,
5268750000, -5.522650e+001,
5270000000, -5.532666e+001,
5271250000, -5.533076e+001,
5272500000, -5.536844e+001,
5273750000, -5.541332e+001,
5275000000, -5.550964e+001,
5276250000, -5.540258e+001,
5277500000, -5.541917e+001,
5278750000, -5.548565e+001,
5280000000, -5.536520e+001,
5281250000, -5.537093e+001,
5282500000, -5.532177e+001,
5283750000, -5.530055e+001,
5285000000, -5.526310e+001,
5286250000, -5.539419e+001,
5287500000, -5.530019e+001,
5288750000, -5.541560e+001,
5290000000, -5.543032e+001,
5291250000, -5.535751e+001,
5292500000, -5.540963e+001,
5293750000, -5.553429e+001,
5295000000, -5.558164e+001,
5296250000, -5.556576e+001,
5297500000, -5.546992e+001,
5298750000, -5.552352e+001,
5300000000, -5.549368e+001,
5301250000, -5.548280e+001,
5302500000, -5.552378e+001,
5303750000, -5.560699e+001,
5305000000, -5.560350e+001,
5306250000, -5.557924e+001,
5307500000, -5.568830e+001,
5308750000, -5.579160e+001,
5310000000, -5.573276e+001,
5311250000, -5.577586e+001,
5312500000, -5.591870e+001,
5313750000, -5.576680e+001,
5315000000, -5.578453e+001,
5316250000, -5.585564e+001,
5317500000, -5.583488e+001,
5318750000, -5.587215e+001,
5320000000, -5.578933e+001,
5321250000, -5.586272e+001,
5322500000, -5.581126e+001,
5323750000, -5.589531e+001,
5325000000, -5.594742e+001,
5326250000, -5.593902e+001,
5327500000, -5.596415e+001,
5328750000, -5.587920e+001,
5330000000, -5.599249e+001,
5331250000, -5.588116e+001,
5332500000, -5.592662e+001,
5333750000, -5.583489e+001,
5335000000, -5.583090e+001,
5336250000, -5.584754e+001,
5337500000, -5.572805e+001,
5338750000, -5.576877e+001,
5340000000, -5.573289e+001,
5341250000, -5.579834e+001,
5342500000, -5.571004e+001,
5343750000, -5.575265e+001,
5345000000, -5.575091e+001,
5346250000, -5.567311e+001,
5347500000, -5.569572e+001,
5348750000, -5.571786e+001,
5350000000, -5.561773e+001,
5351250000, -5.567714e+001,
5352500000, -5.571274e+001,
5353750000, -5.560888e+001,
5355000000, -5.563882e+001,
5356250000, -5.551448e+001,
5357500000, -5.539033e+001,
5358750000, -5.565268e+001,
5360000000, -5.546084e+001,
5361250000, -5.548862e+001,
5362500000, -5.548819e+001,
5363750000, -5.537327e+001,
5365000000, -5.539934e+001,
5366250000, -5.541946e+001,
5367500000, -5.530034e+001,
5368750000, -5.522020e+001,
5370000000, -5.518555e+001,
5371250000, -5.519555e+001,
5372500000, -5.519283e+001,
5373750000, -5.512294e+001,
5375000000, -5.514520e+001,
5376250000, -5.499215e+001,
5377500000, -5.503186e+001,
5378750000, -5.505550e+001,
5380000000, -5.498255e+001,
5381250000, -5.498780e+001,
5382500000, -5.492627e+001,
5383750000, -5.484342e+001,
5385000000, -5.483900e+001,
5386250000, -5.479402e+001,
5387500000, -5.476588e+001,
5388750000, -5.466792e+001,
5390000000, -5.468012e+001,
5391250000, -5.464765e+001,
5392500000, -5.457529e+001,
5393750000, -5.453814e+001,
5395000000, -5.454292e+001,
5396250000, -5.442534e+001,
5397500000, -5.434121e+001,
5398750000, -5.439307e+001,
5400000000, -5.428923e+001,
5401250000, -5.426132e+001,
5402500000, -5.420585e+001,
5403750000, -5.411626e+001,
5405000000, -5.404316e+001,
5406250000, -5.405635e+001,
5407500000, -5.401931e+001,
5408750000, -5.390253e+001,
5410000000, -5.393999e+001,
5411250000, -5.388324e+001,
5412500000, -5.385323e+001,
5413750000, -5.383831e+001,
5415000000, -5.373226e+001,
5416250000, -5.372034e+001,
5417500000, -5.373234e+001,
5418750000, -5.369329e+001,
5420000000, -5.358400e+001,
5421250000, -5.355912e+001,
5422500000, -5.355328e+001,
5423750000, -5.353013e+001,
5425000000, -5.355027e+001,
5426250000, -5.349251e+001,
5427500000, -5.339814e+001,
5428750000, -5.340859e+001,
5430000000, -5.336060e+001,
5431250000, -5.333390e+001,
5432500000, -5.336201e+001,
5433750000, -5.328544e+001,
5435000000, -5.324716e+001,
5436250000, -5.327977e+001,
5437500000, -5.324503e+001,
5438750000, -5.325190e+001,
5440000000, -5.323153e+001,
5441250000, -5.319256e+001,
5442500000, -5.309981e+001,
5443750000, -5.323708e+001,
5445000000, -5.327569e+001,
5446250000, -5.323420e+001,
5447500000, -5.330416e+001,
5448750000, -5.327739e+001,
5450000000, -5.324612e+001,
5451250000, -5.334908e+001,
5452500000, -5.331801e+001,
5453750000, -5.327945e+001,
5455000000, -5.334493e+001,
5456250000, -5.325736e+001,
5457500000, -5.324798e+001,
5458750000, -5.327713e+001,
5460000000, -5.329578e+001,
5461250000, -5.331536e+001,
5462500000, -5.329491e+001,
5463750000, -5.329651e+001,
5465000000, -5.329420e+001,
5466250000, -5.327223e+001,
5467500000, -5.331935e+001,
5468750000, -5.338846e+001,
5470000000, -5.339012e+001,
5471250000, -5.347203e+001,
5472500000, -5.341876e+001,
5473750000, -5.348571e+001,
5475000000, -5.352257e+001,
5476250000, -5.350683e+001,
5477500000, -5.351498e+001,
5478750000, -5.365960e+001,
5480000000, -5.350055e+001,
5481250000, -5.355591e+001,
5482500000, -5.352443e+001,
5483750000, -5.357243e+001,
5485000000, -5.370834e+001,
5486250000, -5.363981e+001,
5487500000, -5.352857e+001,
5488750000, -5.360452e+001,
5490000000, -5.358405e+001,
5491250000, -5.354209e+001,
5492500000, -5.362705e+001,
5493750000, -5.352950e+001,
5495000000, -5.352723e+001,
5496250000, -5.353082e+001,
5497500000, -5.358143e+001,
5498750000, -5.344252e+001,
5500000000, -5.349741e+001,
