"S21 Log Mag"
"Frequency (Hz)","dB",
3500000000, -4.620581e+001,
3501250000, -4.650309e+001,
3502500000, -4.650583e+001,
3503750000, -4.634301e+001,
3505000000, -4.630455e+001,
3506250000, -4.627682e+001,
3507500000, -4.633739e+001,
3508750000, -4.645452e+001,
3510000000, -4.660832e+001,
3511250000, -4.647197e+001,
3512500000, -4.635760e+001,
3513750000, -4.632843e+001,
3515000000, -4.651733e+001,
3516250000, -4.658887e+001,
3517500000, -4.657766e+001,
3518750000, -4.643920e+001,
3520000000, -4.641322e+001,
3521250000, -4.651672e+001,
3522500000, -4.664709e+001,
3523750000, -4.666667e+001,
3525000000, -4.674464e+001,
3526250000, -4.677606e+001,
3527500000, -4.674632e+001,
3528750000, -4.670037e+001,
3530000000, -4.682241e+001,
3531250000, -4.689250e+001,
3532500000, -4.696037e+001,
3533750000, -4.697439e+001,
3535000000, -4.691677e+001,
3536250000, -4.681035e+001,
3537500000, -4.700002e+001,
3538750000, -4.705112e+001,
3540000000, -4.713015e+001,
3541250000, -4.695199e+001,
3542500000, -4.692595e+001,
3543750000, -4.709740e+001,
3545000000, -4.718384e+001,
3546250000, -4.723178e+001,
3547500000, -4.731474e+001,
3548750000, -4.738563e+001,
3550000000, -4.730544e+001,
3551250000, -4.727689e+001,
3552500000, -4.743493e+001,
3553750000, -4.739643e+001,
3555000000, -4.743769e+001,
3556250000, -4.755750e+001,
3557500000, -4.752872e+001,
3558750000, -4.751126e+001,
3560000000, -4.757999e+001,
3561250000, -4.770725e+001,
3562500000, -4.760770e+001,
3563750000, -4.762074e+001,
3565000000, -4.765770e+001,
3566250000, -4.769050e+001,
3567500000, -4.769588e+001,
3568750000, -4.777713e+001,
3570000000, -4.792500e+001,
3571250000, -4.788384e+001,
3572500000, -4.780456e+001,
3573750000, -4.785207e+001,
3575000000, -4.795373e+001,
3576250000, -4.797943e+001,
3577500000, -4.791952e+001,
3578750000, -4.801204e+001,
3580000000, -4.785823e+001,
3581250000, -4.778303e+001,
3582500000, -4.789417e+001,
3583750000, -4.807349e+001,
3585000000, -4.816756e+001,
3586250000, -4.797725e+001,
3587500000, -4.792378e+001,
3588750000, -4.786171e+001,
3590000000, -4.776943e+001,
3591250000, -4.794785e+001,
3592500000, -4.821828e+001,
3593750000, -4.811393e+001,
3595000000, -4.807224e+001,
3596250000, -4.793840e+001,
3597500000, -4.812452e+001,
3598750000, -4.813555e+001,
3600000000, -4.800853e+001,
3601250000, -4.800519e+001,
3602500000, -4.816936e+001,
3603750000, -4.806594e+001,
3605000000, -4.790134e+001,
3606250000, -4.794896e+001,
3607500000, -4.806400e+001,
3608750000, -4.812774e+001,
3610000000, -4.808133e+001,
3611250000, -4.807205e+001,
3612500000, -4.793127e+001,
3613750000, -4.779395e+001,
3615000000, -4.786923e+001,
3616250000, -4.808867e+001,
3617500000, -4.810217e+001,
3618750000, -4.799672e+001,
3620000000, -4.785636e+001,
3621250000, -4.797750e+001,
3622500000, -4.807397e+001,
3623750000, -4.795959e+001,
3625000000, -4.790058e+001,
3626250000, -4.789986e+001,
3627500000, -4.790615e+001,
3628750000, -4.782001e+001,
3630000000, -4.780026e+001,
3631250000, -4.778999e+001,
3632500000, -4.794527e+001,
3633750000, -4.804541e+001,
3635000000, -4.789074e+001,
3636250000, -4.787995e+001,
3637500000, -4.778057e+001,
3638750000, -4.776812e+001,
3640000000, -4.792218e+001,
3641250000, -4.805971e+001,
3642500000, -4.792021e+001,
3643750000, -4.782591e+001,
3645000000, -4.771714e+001,
3646250000, -4.787603e+001,
3647500000, -4.812772e+001,
3648750000, -4.821498e+001,
3650000000, -4.807439e+001,
3651250000, -4.782144e+001,
3652500000, -4.776467e+001,
3653750000, -4.804967e+001,
3655000000, -4.816456e+001,
3656250000, -4.797138e+001,
3657500000, -4.792070e+001,
3658750000, -4.795429e+001,
3660000000, -4.807927e+001,
3661250000, -4.810775e+001,
3662500000, -4.814450e+001,
3663750000, -4.803677e+001,
3665000000, -4.805048e+001,
3666250000, -4.820947e+001,
3667500000, -4.842879e+001,
3668750000, -4.835226e+001,
3670000000, -4.816453e+001,
3671250000, -4.799362e+001,
3672500000, -4.808003e+001,
3673750000, -4.841603e+001,
3675000000, -4.877461e+001,
3676250000, -4.870725e+001,
3677500000, -4.822579e+001,
3678750000, -4.796264e+001,
3680000000, -4.801585e+001,
3681250000, -4.853962e+001,
3682500000, -4.859365e+001,
3683750000, -4.828809e+001,
3685000000, -4.823925e+001,
3686250000, -4.822956e+001,
3687500000, -4.832544e+001,
3688750000, -4.833745e+001,
3690000000, -4.841697e+001,
3691250000, -4.860113e+001,
3692500000, -4.853403e+001,
3693750000, -4.861350e+001,
3695000000, -4.871763e+001,
3696250000, -4.874356e+001,
3697500000, -4.851525e+001,
3698750000, -4.832262e+001,
3700000000, -4.851277e+001,
3701250000, -4.878875e+001,
3702500000, -4.916450e+001,
3703750000, -4.902044e+001,
3705000000, -4.861678e+001,
3706250000, -4.841425e+001,
3707500000, -4.848343e+001,
3708750000, -4.896828e+001,
3710000000, -4.896825e+001,
3711250000, -4.867845e+001,
3712500000, -4.863514e+001,
3713750000, -4.862952e+001,
3715000000, -4.843206e+001,
3716250000, -4.837635e+001,
3717500000, -4.881394e+001,
3718750000, -4.931437e+001,
3720000000, -4.913432e+001,
3721250000, -4.881058e+001,
3722500000, -4.869010e+001,
3723750000, -4.886803e+001,
3725000000, -4.882743e+001,
3726250000, -4.864722e+001,
3727500000, -4.876525e+001,
3728750000, -4.915901e+001,
3730000000, -4.927919e+001,
3731250000, -4.907262e+001,
3732500000, -4.870950e+001,
3733750000, -4.843360e+001,
3735000000, -4.870277e+001,
3736250000, -4.920178e+001,
3737500000, -4.922871e+001,
3738750000, -4.889231e+001,
3740000000, -4.902264e+001,
3741250000, -4.909990e+001,
3742500000, -4.852724e+001,
3743750000, -4.780999e+001,
3745000000, -4.781007e+001,
3746250000, -4.881213e+001,
3747500000, -4.991332e+001,
3748750000, -4.961570e+001,
3750000000, -4.919355e+001,
3751250000, -4.862504e+001,
3752500000, -4.824184e+001,
3753750000, -4.806445e+001,
3755000000, -4.815353e+001,
3756250000, -4.881089e+001,
3757500000, -4.991100e+001,
3758750000, -5.002181e+001,
3760000000, -4.906533e+001,
3761250000, -4.821084e+001,
3762500000, -4.773631e+001,
3763750000, -4.796129e+001,
3765000000, -4.879672e+001,
3766250000, -4.948662e+001,
3767500000, -4.930567e+001,
3768750000, -4.893776e+001,
3770000000, -4.878557e+001,
3771250000, -4.900922e+001,
3772500000, -4.818862e+001,
3773750000, -4.699754e+001,
3775000000, -4.724279e+001,
3776250000, -4.872364e+001,
3777500000, -4.991398e+001,
3778750000, -4.986509e+001,
3780000000, -4.947496e+001,
3781250000, -4.927795e+001,
3782500000, -4.846909e+001,
3783750000, -4.753096e+001,
3785000000, -4.731354e+001,
3786250000, -4.799615e+001,
3787500000, -4.974088e+001,
3788750000, -5.091322e+001,
3790000000, -4.970394e+001,
3791250000, -4.809734e+001,
3792500000, -4.754105e+001,
3793750000, -4.782035e+001,
3795000000, -4.855643e+001,
3796250000, -4.934673e+001,
3797500000, -4.919929e+001,
3798750000, -4.874398e+001,
3800000000, -4.877284e+001,
3801250000, -4.934829e+001,
3802500000, -4.917961e+001,
3803750000, -4.785786e+001,
3805000000, -4.715514e+001,
3806250000, -4.798277e+001,
3807500000, -4.956814e+001,
3808750000, -5.000538e+001,
3810000000, -4.943123e+001,
3811250000, -5.009038e+001,
3812500000, -5.008032e+001,
3813750000, -4.888314e+001,
3815000000, -4.810129e+001,
3816250000, -4.790666e+001,
3817500000, -4.831799e+001,
3818750000, -4.987629e+001,
3820000000, -5.120757e+001,
3821250000, -5.075383e+001,
3822500000, -4.928903e+001,
3823750000, -4.852149e+001,
3825000000, -4.859424e+001,
3826250000, -4.922737e+001,
3827500000, -4.961175e+001,
3828750000, -5.001408e+001,
3830000000, -5.007309e+001,
3831250000, -4.989251e+001,
3832500000, -5.000989e+001,
3833750000, -5.000676e+001,
3835000000, -4.967410e+001,
3836250000, -4.889310e+001,
3837500000, -4.885648e+001,
3838750000, -4.964056e+001,
3840000000, -5.058959e+001,
3841250000, -5.024665e+001,
3842500000, -5.073817e+001,
3843750000, -5.161255e+001,
3845000000, -5.119736e+001,
3846250000, -5.000448e+001,
3847500000, -4.898027e+001,
3848750000, -4.890184e+001,
3850000000, -4.931633e+001,
3851250000, -5.080552e+001,
3852500000, -5.288559e+001,
3853750000, -5.244688e+001,
3855000000, -5.049604e+001,
3856250000, -4.948397e+001,
3857500000, -4.930359e+001,
3858750000, -4.942958e+001,
3860000000, -4.989367e+001,
3861250000, -5.078553e+001,
3862500000, -5.169545e+001,
3863750000, -5.174146e+001,
3865000000, -5.127496e+001,
3866250000, -5.074874e+001,
3867500000, -5.008157e+001,
3868750000, -4.984326e+001,
3870000000, -4.987664e+001,
3871250000, -5.007367e+001,
3872500000, -5.043744e+001,
3873750000, -5.094714e+001,
3875000000, -5.126807e+001,
3876250000, -5.271701e+001,
3877500000, -5.330287e+001,
3878750000, -5.163643e+001,
3880000000, -4.987877e+001,
3881250000, -4.896499e+001,
3882500000, -4.914768e+001,
3883750000, -5.005177e+001,
3885000000, -5.205668e+001,
3886250000, -5.433937e+001,
3887500000, -5.343644e+001,
3888750000, -5.165244e+001,
3890000000, -5.074691e+001,
3891250000, -5.044586e+001,
3892500000, -4.967167e+001,
3893750000, -4.894131e+001,
3895000000, -4.925786e+001,
3896250000, -5.065634e+001,
3897500000, -5.253435e+001,
3898750000, -5.352777e+001,
3900000000, -5.240054e+001,
3901250000, -5.103553e+001,
3902500000, -4.998508e+001,
3903750000, -4.959539e+001,
3905000000, -4.977702e+001,
3906250000, -4.979240e+001,
3907500000, -4.979631e+001,
3908750000, -5.045285e+001,
3910000000, -5.228708e+001,
3911250000, -5.409041e+001,
3912500000, -5.328725e+001,
3913750000, -5.138337e+001,
3915000000, -4.992236e+001,
3916250000, -4.902843e+001,
3917500000, -4.851424e+001,
3918750000, -4.869073e+001,
3920000000, -5.008198e+001,
3921250000, -5.255147e+001,
3922500000, -5.445868e+001,
3923750000, -5.379783e+001,
3925000000, -5.282139e+001,
3926250000, -5.094847e+001,
3927500000, -4.861200e+001,
3928750000, -4.775549e+001,
3930000000, -4.794237e+001,
3931250000, -4.912111e+001,
3932500000, -5.057082e+001,
3933750000, -5.103031e+001,
3935000000, -5.099601e+001,
3936250000, -5.327580e+001,
3937500000, -5.262391e+001,
3938750000, -5.035607e+001,
3940000000, -4.935535e+001,
3941250000, -4.891735e+001,
3942500000, -4.851432e+001,
3943750000, -4.851619e+001,
3945000000, -4.954304e+001,
3946250000, -5.196217e+001,
3947500000, -5.410885e+001,
3948750000, -5.281518e+001,
3950000000, -5.091982e+001,
3951250000, -4.954113e+001,
3952500000, -4.912922e+001,
3953750000, -4.901524e+001,
3955000000, -4.860665e+001,
3956250000, -4.859583e+001,
3957500000, -4.932063e+001,
3958750000, -5.089285e+001,
3960000000, -5.319613e+001,
3961250000, -5.609377e+001,
3962500000, -5.381791e+001,
3963750000, -4.968013e+001,
3965000000, -4.787279e+001,
3966250000, -4.714764e+001,
3967500000, -4.745407e+001,
3968750000, -4.925434e+001,
3970000000, -5.027750e+001,
3971250000, -4.796587e+001,
3972500000, -4.910455e+001,
3973750000, -5.530846e+001,
3975000000, -5.627206e+001,
3976250000, -5.108482e+001,
3977500000, -4.823199e+001,
3978750000, -4.675717e+001,
3980000000, -4.690492e+001,
3981250000, -4.841308e+001,
3982500000, -5.090232e+001,
3983750000, -5.320398e+001,
3985000000, -5.496008e+001,
3986250000, -5.345035e+001,
3987500000, -5.043721e+001,
3988750000, -4.882502e+001,
3990000000, -4.938847e+001,
3991250000, -4.978484e+001,
3992500000, -5.007473e+001,
3993750000, -4.950816e+001,
3995000000, -4.878294e+001,
3996250000, -4.877425e+001,
3997500000, -4.973864e+001,
3998750000, -5.257453e+001,
4000000000, -6.092377e+001,
4001250000, -5.355490e+001,
4002500000, -4.884993e+001,
4003750000, -4.743114e+001,
4005000000, -4.675763e+001,
4006250000, -4.721206e+001,
4007500000, -4.875258e+001,
4008750000, -4.932319e+001,
4010000000, -5.046260e+001,
4011250000, -5.323206e+001,
4012500000, -5.930524e+001,
4013750000, -5.778522e+001,
4015000000, -4.979108e+001,
4016250000, -4.608794e+001,
4017500000, -4.446494e+001,
4018750000, -4.464342e+001,
4020000000, -4.621391e+001,
4021250000, -4.862365e+001,
4022500000, -5.325998e+001,
4023750000, -6.864210e+001,
4025000000, -5.716427e+001,
4026250000, -5.148932e+001,
4027500000, -4.924257e+001,
4028750000, -4.851258e+001,
4030000000, -4.761281e+001,
4031250000, -4.775883e+001,
4032500000, -4.845887e+001,
4033750000, -4.924754e+001,
4035000000, -5.027367e+001,
4036250000, -5.120803e+001,
4037500000, -5.263654e+001,
4038750000, -5.470630e+001,
4040000000, -5.684209e+001,
4041250000, -5.742270e+001,
4042500000, -5.200880e+001,
4043750000, -4.754557e+001,
4045000000, -4.549477e+001,
4046250000, -4.499295e+001,
4047500000, -4.539508e+001,
4048750000, -4.651146e+001,
4050000000, -4.849141e+001,
4051250000, -5.187087e+001,
4052500000, -6.204985e+001,
4053750000, -5.809715e+001,
4055000000, -5.124839e+001,
4056250000, -4.800177e+001,
4057500000, -4.630986e+001,
4058750000, -4.576808e+001,
4060000000, -4.608240e+001,
4061250000, -4.816035e+001,
4062500000, -5.272241e+001,
4063750000, -5.777776e+001,
4065000000, -5.867584e+001,
4066250000, -5.613080e+001,
4067500000, -5.166082e+001,
4068750000, -5.076166e+001,
4070000000, -4.954526e+001,
4071250000, -4.904379e+001,
4072500000, -4.916988e+001,
4073750000, -4.972554e+001,
4075000000, -5.240063e+001,
4076250000, -5.734250e+001,
4077500000, -5.682727e+001,
4078750000, -5.329701e+001,
4080000000, -5.136648e+001,
4081250000, -5.088839e+001,
4082500000, -5.203018e+001,
4083750000, -5.289114e+001,
4085000000, -5.187988e+001,
4086250000, -5.151691e+001,
4087500000, -4.921091e+001,
4088750000, -4.759513e+001,
4090000000, -4.682954e+001,
4091250000, -4.759163e+001,
4092500000, -5.054644e+001,
4093750000, -5.664399e+001,
4095000000, -6.577088e+001,
4096250000, -5.421359e+001,
4097500000, -5.017699e+001,
4098750000, -4.785954e+001,
4100000000, -4.640519e+001,
4101250000, -4.573690e+001,
4102500000, -4.630060e+001,
4103750000, -4.866215e+001,
4105000000, -5.286031e+001,
4106250000, -5.820296e+001,
4107500000, -6.059231e+001,
4108750000, -5.503742e+001,
4110000000, -5.202095e+001,
4111250000, -4.824421e+001,
4112500000, -4.553580e+001,
4113750000, -4.415231e+001,
4115000000, -4.375572e+001,
4116250000, -4.418983e+001,
4117500000, -4.576092e+001,
4118750000, -4.865726e+001,
4120000000, -5.350985e+001,
4121250000, -5.917646e+001,
4122500000, -5.570827e+001,
4123750000, -5.089705e+001,
4125000000, -4.868483e+001,
4126250000, -4.811531e+001,
4127500000, -4.928407e+001,
4128750000, -5.211718e+001,
4130000000, -5.192548e+001,
4131250000, -4.936454e+001,
4132500000, -5.001925e+001,
4133750000, -5.138265e+001,
4135000000, -5.223773e+001,
4136250000, -5.286218e+001,
4137500000, -5.482637e+001,
4138750000, -5.780968e+001,
4140000000, -5.653049e+001,
4141250000, -4.969023e+001,
4142500000, -4.618669e+001,
4143750000, -4.455547e+001,
4145000000, -4.401469e+001,
4146250000, -4.470319e+001,
4147500000, -4.558369e+001,
4148750000, -4.685290e+001,
4150000000, -4.924157e+001,
4151250000, -5.318741e+001,
4152500000, -5.836455e+001,
4153750000, -6.106996e+001,
4155000000, -5.464742e+001,
4156250000, -4.926073e+001,
4157500000, -4.679585e+001,
4158750000, -4.582492e+001,
4160000000, -4.597256e+001,
4161250000, -4.619525e+001,
4162500000, -4.659013e+001,
4163750000, -4.819217e+001,
4165000000, -5.210603e+001,
4166250000, -6.016604e+001,
4167500000, -8.424654e+001,
4168750000, -5.818438e+001,
4170000000, -5.092960e+001,
4171250000, -4.720139e+001,
4172500000, -4.542684e+001,
4173750000, -4.554654e+001,
4175000000, -4.705619e+001,
4176250000, -5.009655e+001,
4177500000, -5.285981e+001,
4178750000, -5.384844e+001,
4180000000, -5.309369e+001,
4181250000, -5.307349e+001,
4182500000, -5.640539e+001,
4183750000, -6.287197e+001,
4185000000, -6.239561e+001,
4186250000, -5.626283e+001,
4187500000, -5.297599e+001,
4188750000, -5.006125e+001,
4190000000, -4.738698e+001,
4191250000, -4.558329e+001,
4192500000, -4.488078e+001,
4193750000, -4.454121e+001,
4195000000, -4.528359e+001,
4196250000, -4.675583e+001,
4197500000, -4.832222e+001,
4198750000, -5.131640e+001,
4200000000, -5.608102e+001,
4201250000, -5.519294e+001,
4202500000, -5.182871e+001,
4203750000, -4.809747e+001,
4205000000, -4.589614e+001,
4206250000, -4.569736e+001,
4207500000, -4.512793e+001,
4208750000, -4.355172e+001,
4210000000, -4.234926e+001,
4211250000, -4.278302e+001,
4212500000, -4.396329e+001,
4213750000, -4.478386e+001,
4215000000, -4.355498e+001,
4216250000, -4.154704e+001,
4217500000, -4.002445e+001,
4218750000, -3.935686e+001,
4220000000, -3.963246e+001,
4221250000, -4.114021e+001,
4222500000, -4.238079e+001,
4223750000, -4.228766e+001,
4225000000, -4.206797e+001,
4226250000, -4.240645e+001,
4227500000, -4.401385e+001,
4228750000, -4.629522e+001,
4230000000, -5.033785e+001,
4231250000, -5.414665e+001,
4232500000, -5.096022e+001,
4233750000, -4.964432e+001,
4235000000, -4.929099e+001,
4236250000, -4.749883e+001,
4237500000, -4.584746e+001,
4238750000, -4.538106e+001,
4240000000, -4.524097e+001,
4241250000, -4.346907e+001,
4242500000, -4.162393e+001,
4243750000, -4.115619e+001,
4245000000, -4.229587e+001,
4246250000, -4.589209e+001,
4247500000, -5.422636e+001,
4248750000, -5.602070e+001,
4250000000, -5.008558e+001,
4251250000, -4.652787e+001,
4252500000, -4.298912e+001,
4253750000, -4.004986e+001,
4255000000, -3.809918e+001,
4256250000, -3.778246e+001,
4257500000, -3.890227e+001,
4258750000, -3.902451e+001,
4260000000, -3.850690e+001,
4261250000, -3.849371e+001,
4262500000, -3.943048e+001,
4263750000, -4.113710e+001,
4265000000, -4.418865e+001,
4266250000, -4.771371e+001,
4267500000, -4.776174e+001,
4268750000, -4.467363e+001,
4270000000, -4.280511e+001,
4271250000, -4.517170e+001,
4272500000, -4.721634e+001,
4273750000, -4.535870e+001,
4275000000, -4.327369e+001,
4276250000, -4.224784e+001,
4277500000, -4.314639e+001,
4278750000, -4.540461e+001,
4280000000, -4.417909e+001,
4281250000, -4.229636e+001,
4282500000, -4.210724e+001,
4283750000, -4.254764e+001,
4285000000, -4.593633e+001,
4286250000, -5.181507e+001,
4287500000, -5.445115e+001,
4288750000, -5.221931e+001,
4290000000, -4.896105e+001,
4291250000, -4.662777e+001,
4292500000, -4.464418e+001,
4293750000, -4.367822e+001,
4295000000, -4.468735e+001,
4296250000, -4.728588e+001,
4297500000, -5.151194e+001,
4298750000, -5.343212e+001,
4300000000, -5.310753e+001,
4301250000, -6.063034e+001,
4302500000, -5.340656e+001,
4303750000, -4.412307e+001,
4305000000, -4.132301e+001,
4306250000, -4.204403e+001,
4307500000, -4.298919e+001,
4308750000, -4.093754e+001,
4310000000, -3.967794e+001,
4311250000, -3.968251e+001,
4312500000, -3.948800e+001,
4313750000, -3.893235e+001,
4315000000, -3.935793e+001,
4316250000, -4.052953e+001,
4317500000, -3.936441e+001,
4318750000, -3.834128e+001,
4320000000, -3.982346e+001,
4321250000, -4.397473e+001,
4322500000, -4.817159e+001,
4323750000, -5.274882e+001,
4325000000, -6.204000e+001,
4326250000, -5.069899e+001,
4327500000, -4.794755e+001,
4328750000, -4.373684e+001,
4330000000, -3.941853e+001,
4331250000, -3.687693e+001,
4332500000, -3.667801e+001,
4333750000, -3.675958e+001,
4335000000, -3.790652e+001,
4336250000, -4.095615e+001,
4337500000, -4.307402e+001,
4338750000, -3.946627e+001,
4340000000, -3.559571e+001,
4341250000, -3.413067e+001,
4342500000, -3.467386e+001,
4343750000, -3.521847e+001,
4345000000, -3.578530e+001,
4346250000, -3.765690e+001,
4347500000, -4.270609e+001,
4348750000, -4.494255e+001,
4350000000, -4.195567e+001,
4351250000, -4.154576e+001,
4352500000, -3.972293e+001,
4353750000, -3.640693e+001,
4355000000, -3.429496e+001,
4356250000, -3.413387e+001,
4357500000, -3.395274e+001,
4358750000, -3.398876e+001,
4360000000, -3.459423e+001,
4361250000, -3.464222e+001,
4362500000, -3.352021e+001,
4363750000, -3.277740e+001,
4365000000, -3.249228e+001,
4366250000, -3.215016e+001,
4367500000, -3.196466e+001,
4368750000, -3.213626e+001,
4370000000, -3.247252e+001,
4371250000, -3.225291e+001,
4372500000, -3.062751e+001,
4373750000, -2.914089e+001,
4375000000, -2.997534e+001,
4376250000, -3.206485e+001,
4377500000, -3.459387e+001,
4378750000, -3.682916e+001,
4380000000, -3.798534e+001,
4381250000, -3.732288e+001,
4382500000, -3.669408e+001,
4383750000, -3.484941e+001,
4385000000, -3.174590e+001,
4386250000, -2.917920e+001,
4387500000, -2.843853e+001,
4388750000, -2.956730e+001,
4390000000, -3.069120e+001,
4391250000, -3.152718e+001,
4392500000, -3.269463e+001,
4393750000, -3.401968e+001,
4395000000, -3.449846e+001,
4396250000, -3.240370e+001,
4397500000, -2.842129e+001,
4398750000, -2.633638e+001,
4400000000, -2.573843e+001,
4401250000, -2.552357e+001,
4402500000, -2.601662e+001,
4403750000, -2.729212e+001,
4405000000, -2.875540e+001,
4406250000, -3.012548e+001,
4407500000, -3.115364e+001,
4408750000, -2.974982e+001,
4410000000, -2.726727e+001,
4411250000, -2.558512e+001,
4412500000, -2.518971e+001,
4413750000, -2.563132e+001,
4415000000, -2.574609e+001,
4416250000, -2.563679e+001,
4417500000, -2.652056e+001,
4418750000, -2.822794e+001,
4420000000, -2.919552e+001,
4421250000, -2.802910e+001,
4422500000, -2.690770e+001,
4423750000, -2.805477e+001,
4425000000, -2.859505e+001,
4426250000, -2.786521e+001,
4427500000, -2.755587e+001,
4428750000, -2.781132e+001,
4430000000, -2.843242e+001,
4431250000, -2.836242e+001,
4432500000, -2.771837e+001,
4433750000, -2.741651e+001,
4435000000, -2.693611e+001,
4436250000, -2.592987e+001,
4437500000, -2.488828e+001,
4438750000, -2.578847e+001,
4440000000, -2.754461e+001,
4441250000, -2.889749e+001,
4442500000, -2.883780e+001,
4443750000, -2.834172e+001,
4445000000, -2.854393e+001,
4446250000, -2.901007e+001,
4447500000, -2.898034e+001,
4448750000, -2.846515e+001,
4450000000, -2.850450e+001,
4451250000, -2.865749e+001,
4452500000, -2.834607e+001,
4453750000, -2.816212e+001,
4455000000, -2.935104e+001,
4456250000, -3.207582e+001,
4457500000, -3.855823e+001,
4458750000, -4.574394e+001,
4460000000, -3.317278e+001,
4461250000, -3.087760e+001,
4462500000, -3.123589e+001,
4463750000, -3.283883e+001,
4465000000, -3.507580e+001,
4466250000, -3.655838e+001,
4467500000, -3.811861e+001,
4468750000, -4.020947e+001,
4470000000, -4.353802e+001,
4471250000, -4.596618e+001,
4472500000, -3.404673e+001,
4473750000, -3.064030e+001,
4475000000, -2.685935e+001,
4476250000, -2.271253e+001,
4477500000, -2.030594e+001,
4478750000, -1.947500e+001,
4480000000, -1.970260e+001,
4481250000, -2.109967e+001,
4482500000, -2.296067e+001,
4483750000, -2.440388e+001,
4485000000, -2.556394e+001,
4486250000, -2.649706e+001,
4487500000, -2.772584e+001,
4488750000, -2.918089e+001,
4490000000, -2.971577e+001,
4491250000, -2.866125e+001,
4492500000, -2.472030e+001,
4493750000, -2.066291e+001,
4495000000, -1.815434e+001,
4496250000, -1.658504e+001,
4497500000, -1.511489e+001,
4498750000, -1.410449e+001,
4500000000, -1.403020e+001,
4501250000, -1.518152e+001,
4502500000, -1.678430e+001,
4503750000, -1.836546e+001,
4505000000, -1.965649e+001,
4506250000, -2.055281e+001,
4507500000, -2.115350e+001,
4508750000, -2.116220e+001,
4510000000, -1.999437e+001,
4511250000, -1.803562e+001,
4512500000, -1.647902e+001,
4513750000, -1.536805e+001,
4515000000, -1.413363e+001,
4516250000, -1.274174e+001,
4517500000, -1.140881e+001,
4518750000, -1.061607e+001,
4520000000, -1.069337e+001,
4521250000, -1.165592e+001,
4522500000, -1.299806e+001,
4523750000, -1.433772e+001,
4525000000, -1.550523e+001,
4526250000, -1.637679e+001,
4527500000, -1.661238e+001,
4528750000, -1.597459e+001,
4530000000, -1.501044e+001,
4531250000, -1.405178e+001,
4532500000, -1.311041e+001,
4533750000, -1.209720e+001,
4535000000, -1.100132e+001,
4536250000, -9.995015e+000,
4537500000, -9.331711e+000,
4538750000, -9.336102e+000,
4540000000, -1.022962e+001,
4541250000, -1.178823e+001,
4542500000, -1.347707e+001,
4543750000, -1.500226e+001,
4545000000, -1.604670e+001,
4546250000, -1.618414e+001,
4547500000, -1.544648e+001,
4548750000, -1.458289e+001,
4550000000, -1.377454e+001,
4551250000, -1.290504e+001,
4552500000, -1.188253e+001,
4553750000, -1.089827e+001,
4555000000, -1.008725e+001,
4556250000, -9.706654e+000,
4557500000, -9.994925e+000,
4558750000, -1.103794e+001,
4560000000, -1.256375e+001,
4561250000, -1.404992e+001,
4562500000, -1.486296e+001,
4563750000, -1.491234e+001,
4565000000, -1.451637e+001,
4566250000, -1.397694e+001,
4567500000, -1.332627e+001,
4568750000, -1.255775e+001,
4570000000, -1.175538e+001,
4571250000, -1.100886e+001,
4572500000, -1.037013e+001,
4573750000, -1.005288e+001,
4575000000, -1.013335e+001,
4576250000, -1.086328e+001,
4577500000, -1.198129e+001,
4578750000, -1.307012e+001,
4580000000, -1.378825e+001,
4581250000, -1.406340e+001,
4582500000, -1.386024e+001,
4583750000, -1.324294e+001,
4585000000, -1.242746e+001,
4586250000, -1.160213e+001,
4587500000, -1.091175e+001,
4588750000, -1.032963e+001,
4590000000, -9.886971e+000,
4591250000, -9.635519e+000,
4592500000, -9.689455e+000,
4593750000, -1.009312e+001,
4595000000, -1.075146e+001,
4596250000, -1.133549e+001,
4597500000, -1.175075e+001,
4598750000, -1.186486e+001,
4600000000, -1.164985e+001,
4601250000, -1.126342e+001,
4602500000, -1.075976e+001,
4603750000, -1.021714e+001,
4605000000, -9.742553e+000,
4606250000, -9.371430e+000,
4607500000, -9.084021e+000,
4608750000, -8.924035e+000,
4610000000, -8.958797e+000,
4611250000, -9.208519e+000,
4612500000, -9.643692e+000,
4613750000, -1.011345e+001,
4615000000, -1.046890e+001,
4616250000, -1.056794e+001,
4617500000, -1.039353e+001,
4618750000, -1.001792e+001,
4620000000, -9.620581e+000,
4621250000, -9.265917e+000,
4622500000, -9.047671e+000,
4623750000, -8.995273e+000,
4625000000, -9.096267e+000,
4626250000, -9.291120e+000,
4627500000, -9.455986e+000,
4628750000, -9.568100e+000,
4630000000, -9.710726e+000,
4631250000, -9.788198e+000,
4632500000, -9.751609e+000,
4633750000, -9.625124e+000,
4635000000, -9.437157e+000,
4636250000, -9.267281e+000,
4637500000, -9.162271e+000,
4638750000, -9.179089e+000,
4640000000, -9.359877e+000,
4641250000, -9.640389e+000,
4642500000, -9.911818e+000,
4643750000, -1.009354e+001,
4645000000, -1.016161e+001,
4646250000, -1.018921e+001,
4647500000, -1.014041e+001,
4648750000, -1.006911e+001,
4650000000, -9.941172e+000,
4651250000, -9.800840e+000,
4652500000, -9.674458e+000,
4653750000, -9.609297e+000,
4655000000, -9.724316e+000,
4656250000, -1.003456e+001,
4657500000, -1.048413e+001,
4658750000, -1.088981e+001,
4660000000, -1.119131e+001,
4661250000, -1.143304e+001,
4662500000, -1.156754e+001,
4663750000, -1.157750e+001,
4665000000, -1.146580e+001,
4666250000, -1.120840e+001,
4667500000, -1.088795e+001,
4668750000, -1.063309e+001,
4670000000, -1.058423e+001,
4671250000, -1.081049e+001,
4672500000, -1.124003e+001,
4673750000, -1.176758e+001,
4675000000, -1.233764e+001,
4676250000, -1.284822e+001,
4677500000, -1.314701e+001,
4678750000, -1.310096e+001,
4680000000, -1.275421e+001,
4681250000, -1.227766e+001,
4682500000, -1.183931e+001,
4683750000, -1.157334e+001,
4685000000, -1.161139e+001,
4686250000, -1.205893e+001,
4687500000, -1.286430e+001,
4688750000, -1.383135e+001,
4690000000, -1.469252e+001,
4691250000, -1.510935e+001,
4692500000, -1.487952e+001,
4693750000, -1.433578e+001,
4695000000, -1.384470e+001,
4696250000, -1.351263e+001,
4697500000, -1.340546e+001,
4698750000, -1.361420e+001,
4700000000, -1.409511e+001,
4701250000, -1.463721e+001,
4702500000, -1.506622e+001,
4703750000, -1.541259e+001,
4705000000, -1.558913e+001,
4706250000, -1.545988e+001,
4707500000, -1.514897e+001,
4708750000, -1.484163e+001,
4710000000, -1.465551e+001,
4711250000, -1.458138e+001,
4712500000, -1.461588e+001,
4713750000, -1.471471e+001,
4715000000, -1.476563e+001,
4716250000, -1.480646e+001,
4717500000, -1.489791e+001,
4718750000, -1.487450e+001,
4720000000, -1.465318e+001,
4721250000, -1.433221e+001,
4722500000, -1.413551e+001,
4723750000, -1.417252e+001,
4725000000, -1.440247e+001,
4726250000, -1.468458e+001,
4727500000, -1.485328e+001,
4728750000, -1.486870e+001,
4730000000, -1.480013e+001,
4731250000, -1.471465e+001,
4732500000, -1.450743e+001,
4733750000, -1.417690e+001,
4735000000, -1.393149e+001,
4736250000, -1.388882e+001,
4737500000, -1.404865e+001,
4738750000, -1.425712e+001,
4740000000, -1.436693e+001,
4741250000, -1.444754e+001,
4742500000, -1.464930e+001,
4743750000, -1.477852e+001,
4745000000, -1.464210e+001,
4746250000, -1.431308e+001,
4747500000, -1.411392e+001,
4748750000, -1.414587e+001,
4750000000, -1.431564e+001,
4751250000, -1.447556e+001,
4752500000, -1.466423e+001,
4753750000, -1.505012e+001,
4755000000, -1.552108e+001,
4756250000, -1.578781e+001,
4757500000, -1.579942e+001,
4758750000, -1.567986e+001,
4760000000, -1.553662e+001,
4761250000, -1.546230e+001,
4762500000, -1.546255e+001,
4763750000, -1.560921e+001,
4765000000, -1.598949e+001,
4766250000, -1.643754e+001,
4767500000, -1.685594e+001,
4768750000, -1.717183e+001,
4770000000, -1.723145e+001,
4771250000, -1.700127e+001,
4772500000, -1.655659e+001,
4773750000, -1.613206e+001,
4775000000, -1.596153e+001,
4776250000, -1.612255e+001,
4777500000, -1.651173e+001,
4778750000, -1.700303e+001,
4780000000, -1.739539e+001,
4781250000, -1.750070e+001,
4782500000, -1.724809e+001,
4783750000, -1.685095e+001,
4785000000, -1.656748e+001,
4786250000, -1.652091e+001,
4787500000, -1.669327e+001,
4788750000, -1.699181e+001,
4790000000, -1.726938e+001,
4791250000, -1.745048e+001,
4792500000, -1.742589e+001,
4793750000, -1.717628e+001,
4795000000, -1.684605e+001,
4796250000, -1.657092e+001,
4797500000, -1.651144e+001,
4798750000, -1.668497e+001,
4800000000, -1.690945e+001,
4801250000, -1.705692e+001,
4802500000, -1.691919e+001,
4803750000, -1.657176e+001,
4805000000, -1.622520e+001,
4806250000, -1.602049e+001,
4807500000, -1.603254e+001,
4808750000, -1.625366e+001,
4810000000, -1.653054e+001,
4811250000, -1.665233e+001,
4812500000, -1.654313e+001,
4813750000, -1.629682e+001,
4815000000, -1.608302e+001,
4816250000, -1.596004e+001,
4817500000, -1.596453e+001,
4818750000, -1.610658e+001,
4820000000, -1.633358e+001,
4821250000, -1.645060e+001,
4822500000, -1.632765e+001,
4823750000, -1.611252e+001,
4825000000, -1.594456e+001,
4826250000, -1.583506e+001,
4827500000, -1.576805e+001,
4828750000, -1.582672e+001,
4830000000, -1.599282e+001,
4831250000, -1.610778e+001,
4832500000, -1.606469e+001,
4833750000, -1.594901e+001,
4835000000, -1.586946e+001,
4836250000, -1.581016e+001,
4837500000, -1.582345e+001,
4838750000, -1.601461e+001,
4840000000, -1.634728e+001,
4841250000, -1.667060e+001,
4842500000, -1.692900e+001,
4843750000, -1.715688e+001,
4845000000, -1.726633e+001,
4846250000, -1.720245e+001,
4847500000, -1.708739e+001,
4848750000, -1.710897e+001,
4850000000, -1.724882e+001,
4851250000, -1.747135e+001,
4852500000, -1.773010e+001,
4853750000, -1.788404e+001,
4855000000, -1.775067e+001,
4856250000, -1.743804e+001,
4857500000, -1.729452e+001,
4858750000, -1.748252e+001,
4860000000, -1.790356e+001,
4861250000, -1.836063e+001,
4862500000, -1.855798e+001,
4863750000, -1.844618e+001,
4865000000, -1.827696e+001,
4866250000, -1.833965e+001,
4867500000, -1.853059e+001,
4868750000, -1.865497e+001,
4870000000, -1.857113e+001,
4871250000, -1.824866e+001,
4872500000, -1.789892e+001,
4873750000, -1.777890e+001,
4875000000, -1.788707e+001,
4876250000, -1.800706e+001,
4877500000, -1.798113e+001,
4878750000, -1.783173e+001,
4880000000, -1.772482e+001,
4881250000, -1.785162e+001,
4882500000, -1.818877e+001,
4883750000, -1.854062e+001,
4885000000, -1.870331e+001,
4886250000, -1.869013e+001,
4887500000, -1.867510e+001,
4888750000, -1.881346e+001,
4890000000, -1.918604e+001,
4891250000, -1.950863e+001,
4892500000, -1.950719e+001,
4893750000, -1.926822e+001,
4895000000, -1.900125e+001,
4896250000, -1.899811e+001,
4897500000, -1.929201e+001,
4898750000, -1.968750e+001,
4900000000, -1.988037e+001,
4901250000, -1.981253e+001,
4902500000, -1.979118e+001,
4903750000, -1.999621e+001,
4905000000, -2.044399e+001,
4906250000, -2.098970e+001,
4907500000, -2.130073e+001,
4908750000, -2.130207e+001,
4910000000, -2.118065e+001,
4911250000, -2.114220e+001,
4912500000, -2.126838e+001,
4913750000, -2.144877e+001,
4915000000, -2.149177e+001,
4916250000, -2.143550e+001,
4917500000, -2.148089e+001,
4918750000, -2.165079e+001,
4920000000, -2.182529e+001,
4921250000, -2.196075e+001,
4922500000, -2.211518e+001,
4923750000, -2.231952e+001,
4925000000, -2.252068e+001,
4926250000, -2.267400e+001,
4927500000, -2.272648e+001,
4928750000, -2.257550e+001,
4930000000, -2.233831e+001,
4931250000, -2.224367e+001,
4932500000, -2.229330e+001,
4933750000, -2.226472e+001,
4935000000, -2.217187e+001,
4936250000, -2.207775e+001,
4937500000, -2.210372e+001,
4938750000, -2.228653e+001,
4940000000, -2.258406e+001,
4941250000, -2.284704e+001,
4942500000, -2.296953e+001,
4943750000, -2.300291e+001,
4945000000, -2.299965e+001,
4946250000, -2.301129e+001,
4947500000, -2.289638e+001,
4948750000, -2.269960e+001,
4950000000, -2.252852e+001,
4951250000, -2.241677e+001,
4952500000, -2.237361e+001,
4953750000, -2.242773e+001,
4955000000, -2.262313e+001,
4956250000, -2.287529e+001,
4957500000, -2.314181e+001,
4958750000, -2.336859e+001,
4960000000, -2.351139e+001,
4961250000, -2.350405e+001,
4962500000, -2.339328e+001,
4963750000, -2.322454e+001,
4965000000, -2.301997e+001,
4966250000, -2.280080e+001,
4967500000, -2.263380e+001,
4968750000, -2.253963e+001,
4970000000, -2.250018e+001,
4971250000, -2.261596e+001,
4972500000, -2.287532e+001,
4973750000, -2.319334e+001,
4975000000, -2.337354e+001,
4976250000, -2.344608e+001,
4977500000, -2.346688e+001,
4978750000, -2.346469e+001,
4980000000, -2.343308e+001,
4981250000, -2.335027e+001,
4982500000, -2.331791e+001,
4983750000, -2.338341e+001,
4985000000, -2.356829e+001,
4986250000, -2.380418e+001,
4987500000, -2.402402e+001,
4988750000, -2.419745e+001,
4990000000, -2.433328e+001,
4991250000, -2.436975e+001,
4992500000, -2.427480e+001,
4993750000, -2.408495e+001,
4995000000, -2.389888e+001,
4996250000, -2.375648e+001,
4997500000, -2.367675e+001,
4998750000, -2.374182e+001,
5000000000, -2.390369e+001,
5001250000, -2.413094e+001,
5002500000, -2.436461e+001,
5003750000, -2.453835e+001,
5005000000, -2.457281e+001,
5006250000, -2.453486e+001,
5007500000, -2.437302e+001,
5008750000, -2.417332e+001,
5010000000, -2.400320e+001,
5011250000, -2.399179e+001,
5012500000, -2.413677e+001,
5013750000, -2.445544e+001,
5015000000, -2.479441e+001,
5016250000, -2.505096e+001,
5017500000, -2.516405e+001,
5018750000, -2.514322e+001,
5020000000, -2.499891e+001,
5021250000, -2.478746e+001,
5022500000, -2.462540e+001,
5023750000, -2.465613e+001,
5025000000, -2.487206e+001,
5026250000, -2.522522e+001,
5027500000, -2.563808e+001,
5028750000, -2.595800e+001,
5030000000, -2.608956e+001,
5031250000, -2.600996e+001,
5032500000, -2.584710e+001,
5033750000, -2.574858e+001,
5035000000, -2.580898e+001,
5036250000, -2.603707e+001,
5037500000, -2.646791e+001,
5038750000, -2.702442e+001,
5040000000, -2.752182e+001,
5041250000, -2.770877e+001,
5042500000, -2.756479e+001,
5043750000, -2.730656e+001,
5045000000, -2.716403e+001,
5046250000, -2.723934e+001,
5047500000, -2.760686e+001,
5048750000, -2.822110e+001,
5050000000, -2.886582e+001,
5051250000, -2.928417e+001,
5052500000, -2.931918e+001,
5053750000, -2.902835e+001,
5055000000, -2.870477e+001,
5056250000, -2.868879e+001,
5057500000, -2.913100e+001,
5058750000, -2.987605e+001,
5060000000, -3.059033e+001,
5061250000, -3.098104e+001,
5062500000, -3.076072e+001,
5063750000, -3.013706e+001,
5065000000, -2.954703e+001,
5066250000, -2.927343e+001,
5067500000, -2.952125e+001,
5068750000, -3.023584e+001,
5070000000, -3.115099e+001,
5071250000, -3.169210e+001,
5072500000, -3.152101e+001,
5073750000, -3.093857e+001,
5075000000, -3.055423e+001,
5076250000, -3.071049e+001,
5077500000, -3.137963e+001,
5078750000, -3.218872e+001,
5080000000, -3.257048e+001,
5081250000, -3.207316e+001,
5082500000, -3.113250e+001,
5083750000, -3.051953e+001,
5085000000, -3.052193e+001,
5086250000, -3.120516e+001,
5087500000, -3.208058e+001,
5088750000, -3.231603e+001,
5090000000, -3.170314e+001,
5091250000, -3.105692e+001,
5092500000, -3.099359e+001,
5093750000, -3.168324e+001,
5095000000, -3.292001e+001,
5096250000, -3.375261e+001,
5097500000, -3.325290e+001,
5098750000, -3.236636e+001,
5100000000, -3.205372e+001,
5101250000, -3.271428e+001,
5102500000, -3.422433e+001,
5103750000, -3.517111e+001,
5105000000, -3.438860e+001,
5106250000, -3.342225e+001,
5107500000, -3.343045e+001,
5108750000, -3.466772e+001,
5110000000, -3.644866e+001,
5111250000, -3.638225e+001,
5112500000, -3.481220e+001,
5113750000, -3.428529e+001,
5115000000, -3.556443e+001,
5116250000, -3.832446e+001,
5117500000, -3.937515e+001,
5118750000, -3.753716e+001,
5120000000, -3.666402e+001,
5121250000, -3.798166e+001,
5122500000, -4.151513e+001,
5123750000, -4.260225e+001,
5125000000, -3.942090e+001,
5126250000, -3.862007e+001,
5127500000, -4.077116e+001,
5128750000, -4.609687e+001,
5130000000, -4.499183e+001,
5131250000, -4.069246e+001,
5132500000, -4.023217e+001,
5133750000, -4.417088e+001,
5135000000, -4.925896e+001,
5136250000, -4.303019e+001,
5137500000, -4.129537e+001,
5138750000, -4.419982e+001,
5140000000, -5.321867e+001,
5141250000, -4.486215e+001,
5142500000, -4.239727e+001,
5143750000, -4.583422e+001,
5145000000, -5.951419e+001,
5146250000, -4.595509e+001,
5147500000, -4.430944e+001,
5148750000, -4.943729e+001,
5150000000, -5.628099e+001,
5151250000, -4.581093e+001,
5152500000, -4.653661e+001,
5153750000, -5.788438e+001,
5155000000, -5.013780e+001,
5156250000, -4.647659e+001,
5157500000, -5.120081e+001,
5158750000, -5.418821e+001,
5160000000, -4.691757e+001,
5161250000, -5.033836e+001,
5162500000, -5.369226e+001,
5163750000, -4.812659e+001,
5165000000, -5.160363e+001,
5166250000, -5.274700e+001,
5167500000, -4.927992e+001,
5168750000, -5.162189e+001,
5170000000, -5.212020e+001,
5171250000, -4.947612e+001,
5172500000, -5.339322e+001,
5173750000, -5.021724e+001,
5175000000, -5.139547e+001,
5176250000, -5.176475e+001,
5177500000, -5.069708e+001,
5178750000, -5.219010e+001,
5180000000, -5.085567e+001,
5181250000, -5.199666e+001,
5182500000, -5.117855e+001,
5183750000, -5.196777e+001,
5185000000, -5.136219e+001,
5186250000, -5.187879e+001,
5187500000, -5.147812e+001,
5188750000, -5.198878e+001,
5190000000, -5.154663e+001,
5191250000, -5.187828e+001,
5192500000, -5.178931e+001,
5193750000, -5.182328e+001,
5195000000, -5.197488e+001,
5196250000, -5.186707e+001,
5197500000, -5.188554e+001,
5198750000, -5.195817e+001,
5200000000, -5.198231e+001,
5201250000, -5.197021e+001,
5202500000, -5.203191e+001,
5203750000, -5.209538e+001,
5205000000, -5.218151e+001,
5206250000, -5.210447e+001,
5207500000, -5.212651e+001,
5208750000, -5.215287e+001,
5210000000, -5.221107e+001,
5211250000, -5.220823e+001,
5212500000, -5.230008e+001,
5213750000, -5.231646e+001,
5215000000, -5.237908e+001,
5216250000, -5.233585e+001,
5217500000, -5.234042e+001,
5218750000, -5.242444e+001,
5220000000, -5.237350e+001,
5221250000, -5.239880e+001,
5222500000, -5.245976e+001,
5223750000, -5.249494e+001,
5225000000, -5.243042e+001,
5226250000, -5.244416e+001,
5227500000, -5.247544e+001,
5228750000, -5.247383e+001,
5230000000, -5.244706e+001,
5231250000, -5.250187e+001,
5232500000, -5.247406e+001,
5233750000, -5.250719e+001,
5235000000, -5.250426e+001,
5236250000, -5.251132e+001,
5237500000, -5.254665e+001,
5238750000, -5.255552e+001,
5240000000, -5.248273e+001,
5241250000, -5.254146e+001,
5242500000, -5.255128e+001,
5243750000, -5.250642e+001,
5245000000, -5.255548e+001,
5246250000, -5.251767e+001,
5247500000, -5.254798e+001,
5248750000, -5.259488e+001,
5250000000, -5.252423e+001,
5251250000, -5.259855e+001,
5252500000, -5.251384e+001,
5253750000, -5.263259e+001,
5255000000, -5.259613e+001,
5256250000, -5.258080e+001,
5257500000, -5.260482e+001,
5258750000, -5.256852e+001,
5260000000, -5.255683e+001,
5261250000, -5.249462e+001,
5262500000, -5.248691e+001,
5263750000, -5.242159e+001,
5265000000, -5.243291e+001,
5266250000, -5.234040e+001,
5267500000, -5.234833e+001,
5268750000, -5.233857e+001,
5270000000, -5.240639e+001,
5271250000, -5.230471e+001,
5272500000, -5.236576e+001,
5273750000, -5.237735e+001,
5275000000, -5.233392e+001,
5276250000, -5.238910e+001,
5277500000, -5.238848e+001,
5278750000, -5.237091e+001,
5280000000, -5.245169e+001,
5281250000, -5.234263e+001,
5282500000, -5.240396e+001,
5283750000, -5.241312e+001,
5285000000, -5.245543e+001,
5286250000, -5.237971e+001,
5287500000, -5.237825e+001,
5288750000, -5.240162e+001,
5290000000, -5.242288e+001,
5291250000, -5.241224e+001,
5292500000, -5.244900e+001,
5293750000, -5.244544e+001,
5295000000, -5.250510e+001,
5296250000, -5.246906e+001,
5297500000, -5.253439e+001,
5298750000, -5.244020e+001,
5300000000, -5.245962e+001,
5301250000, -5.243693e+001,
5302500000, -5.244123e+001,
5303750000, -5.234558e+001,
5305000000, -5.243818e+001,
5306250000, -5.237522e+001,
5307500000, -5.243921e+001,
5308750000, -5.235088e+001,
5310000000, -5.240068e+001,
5311250000, -5.248115e+001,
5312500000, -5.234996e+001,
5313750000, -5.236863e+001,
5315000000, -5.237883e+001,
5316250000, -5.240336e+001,
5317500000, -5.232466e+001,
5318750000, -5.239223e+001,
5320000000, -5.244600e+001,
5321250000, -5.233807e+001,
5322500000, -5.239476e+001,
5323750000, -5.241262e+001,
5325000000, -5.244331e+001,
5326250000, -5.246792e+001,
5327500000, -5.247394e+001,
5328750000, -5.245296e+001,
5330000000, -5.245534e+001,
5331250000, -5.241611e+001,
5332500000, -5.246206e+001,
5333750000, -5.244219e+001,
5335000000, -5.243359e+001,
5336250000, -5.244518e+001,
5337500000, -5.243934e+001,
5338750000, -5.249986e+001,
5340000000, -5.247781e+001,
5341250000, -5.245588e+001,
5342500000, -5.245839e+001,
5343750000, -5.254031e+001,
5345000000, -5.247366e+001,
5346250000, -5.257104e+001,
5347500000, -5.253035e+001,
5348750000, -5.259332e+001,
5350000000, -5.250127e+001,
5351250000, -5.255913e+001,
5352500000, -5.253988e+001,
5353750000, -5.257356e+001,
5355000000, -5.261293e+001,
5356250000, -5.259189e+001,
5357500000, -5.253516e+001,
5358750000, -5.256818e+001,
5360000000, -5.252401e+001,
5361250000, -5.257150e+001,
5362500000, -5.249265e+001,
5363750000, -5.257600e+001,
5365000000, -5.264550e+001,
5366250000, -5.257812e+001,
5367500000, -5.257628e+001,
5368750000, -5.258060e+001,
5370000000, -5.253497e+001,
5371250000, -5.253363e+001,
5372500000, -5.250845e+001,
5373750000, -5.256873e+001,
5375000000, -5.252336e+001,
5376250000, -5.251202e+001,
5377500000, -5.260641e+001,
5378750000, -5.256829e+001,
5380000000, -5.258821e+001,
5381250000, -5.258739e+001,
5382500000, -5.256883e+001,
5383750000, -5.254472e+001,
5385000000, -5.254813e+001,
5386250000, -5.257343e+001,
5387500000, -5.251154e+001,
5388750000, -5.248172e+001,
5390000000, -5.242981e+001,
5391250000, -5.247254e+001,
5392500000, -5.245853e+001,
5393750000, -5.246815e+001,
5395000000, -5.240874e+001,
5396250000, -5.242670e+001,
5397500000, -5.240358e+001,
5398750000, -5.236518e+001,
5400000000, -5.241401e+001,
5401250000, -5.235970e+001,
5402500000, -5.234238e+001,
5403750000, -5.226731e+001,
5405000000, -5.224227e+001,
5406250000, -5.216911e+001,
5407500000, -5.218290e+001,
5408750000, -5.212316e+001,
5410000000, -5.211414e+001,
5411250000, -5.205237e+001,
5412500000, -5.203212e+001,
5413750000, -5.199957e+001,
5415000000, -5.197795e+001,
5416250000, -5.196334e+001,
5417500000, -5.196870e+001,
5418750000, -5.201973e+001,
5420000000, -5.196179e+001,
5421250000, -5.191813e+001,
5422500000, -5.191751e+001,
5423750000, -5.192038e+001,
5425000000, -5.192547e+001,
5426250000, -5.187816e+001,
5427500000, -5.188437e+001,
5428750000, -5.183157e+001,
5430000000, -5.181298e+001,
5431250000, -5.184977e+001,
5432500000, -5.179305e+001,
5433750000, -5.175928e+001,
5435000000, -5.183651e+001,
5436250000, -5.180512e+001,
5437500000, -5.179471e+001,
5438750000, -5.176727e+001,
5440000000, -5.178024e+001,
5441250000, -5.172441e+001,
5442500000, -5.182895e+001,
5443750000, -5.183785e+001,
5445000000, -5.184439e+001,
5446250000, -5.182997e+001,
5447500000, -5.178674e+001,
5448750000, -5.177462e+001,
5450000000, -5.187222e+001,
5451250000, -5.192730e+001,
5452500000, -5.184466e+001,
5453750000, -5.191699e+001,
5455000000, -5.192308e+001,
5456250000, -5.194781e+001,
5457500000, -5.194695e+001,
5458750000, -5.193418e+001,
5460000000, -5.201439e+001,
5461250000, -5.203143e+001,
5462500000, -5.196471e+001,
5463750000, -5.203222e+001,
5465000000, -5.205484e+001,
5466250000, -5.207687e+001,
5467500000, -5.210549e+001,
5468750000, -5.210598e+001,
5470000000, -5.222834e+001,
5471250000, -5.225684e+001,
5472500000, -5.218729e+001,
5473750000, -5.230445e+001,
5475000000, -5.226489e+001,
5476250000, -5.229684e+001,
5477500000, -5.231886e+001,
5478750000, -5.234388e+001,
5480000000, -5.238837e+001,
5481250000, -5.234948e+001,
5482500000, -5.236611e+001,
5483750000, -5.235314e+001,
5485000000, -5.235310e+001,
5486250000, -5.234869e+001,
5487500000, -5.236217e+001,
5488750000, -5.242116e+001,
5490000000, -5.230407e+001,
5491250000, -5.234542e+001,
5492500000, -5.233553e+001,
5493750000, -5.231659e+001,
5495000000, -5.227983e+001,
5496250000, -5.224400e+001,
5497500000, -5.221546e+001,
5498750000, -5.232725e+001,
5500000000, -5.228715e+001,
